0 0.346875 0.5439814814814815 0.04895833333333333 0.2657407407407407
0 0.55859375 0.4981481481481482 0.019270833333333334 0.10185185185185185
0 0.57578125 0.5009259259259259 0.0171875 0.10555555555555556
0 0.6653645833333334 0.4601851851851852 0.0171875 0.09259259259259259
0 0.5333333333333333 0.46111111111111114 0.020833333333333332 0.10555555555555556
0 0.5809895833333333 0.4564814814814815 0.0203125 0.1
0 0.4940104166666667 0.45555555555555555 0.022395833333333334 0.10555555555555556
0 0.2947916666666667 0.5587962962962963 0.06770833333333333 0.2972222222222222
0 0.3815104166666667 0.5226851851851851 0.03802083333333333 0.20277777777777778
0 0.815625 0.45555555555555555 0.026041666666666668 0.11666666666666667
0 0.2565104166666667 0.4777777777777778 0.015104166666666667 0.09074074074074075
0 0.22864583333333333 0.4638888888888889 0.019791666666666666 0.07777777777777778
0 0.55 0.45601851851851855 0.016666666666666666 0.0712962962962963
0 0.3067708333333333 0.4125 0.010416666666666666 0.03981481481481482
0 0.3145833333333333 0.4111111111111111 0.009375 0.03888888888888889
