0 0.91640625 0.6726851851851852 0.043229166666666666 0.19722222222222222
0 0.93203125 0.5736111111111111 0.0234375 0.09907407407407408
0 0.8828125 0.5578703703703703 0.017708333333333333 0.10092592592592593
0 0.059375 0.6046296296296296 0.028125 0.13518518518518519
0 0.09375 0.6134259259259259 0.03333333333333333 0.13240740740740742
0 0.175 0.5921296296296297 0.022916666666666665 0.11018518518518519
0 0.1515625 0.5981481481481481 0.020833333333333332 0.1037037037037037
0 0.221875 0.5662037037037037 0.017708333333333333 0.09907407407407408
0 0.20442708333333334 0.5925925925925926 0.022395833333333334 0.12037037037037036
0 0.7856770833333333 0.5189814814814815 0.013020833333333334 0.049074074074074076
0 0.7033854166666667 0.5263888888888889 0.013020833333333334 0.06388888888888888
0 0.7705729166666667 0.5189814814814815 0.0109375 0.05462962962962963
0 0.46640625 0.48518518518518516 0.0067708333333333336 0.02962962962962963
0 0.16640625 0.5513888888888889 0.0140625 0.08611111111111111
0 0.32838541666666665 0.5050925925925925 0.008854166666666666 0.04351851851851852
0 0.15755208333333334 0.5773148148148148 0.024479166666666666 0.1175925925925926
0 0.59453125 0.49074074074074076 0.008854166666666666 0.03888888888888889
0 0.3450520833333333 0.5120370370370371 0.009895833333333333 0.05740740740740741
0 0.3567708333333333 0.5171296296296296 0.010416666666666666 0.05648148148148148
0 0.31640625 0.5111111111111111 0.009895833333333333 0.05740740740740741
0 0.3380208333333333 0.5041666666666667 0.010416666666666666 0.05462962962962963
0 0.76875 0.5125 0.011458333333333333 0.05648148148148148
0 0.77578125 0.5097222222222222 0.0109375 0.05462962962962963
0 0.62109375 0.5009259259259259 0.009895833333333333 0.044444444444444446
0 0.6291666666666667 0.5013888888888889 0.010416666666666666 0.04537037037037037
0 0.6643229166666667 0.5078703703703704 0.0109375 0.04722222222222222
0 0.7052083333333333 0.5078703703703704 0.011458333333333333 0.049074074074074076
0 0.6979166666666666 0.5152777777777777 0.013541666666666667 0.05092592592592592
0 0.13125 0.5888888888888889 0.015625 0.09259259259259259
0 0.81015625 0.5125 0.0109375 0.05648148148148148
0 0.78984375 0.5148148148148148 0.011979166666666667 0.05185185185185185
0 0.7138020833333333 0.5037037037037037 0.0109375 0.04814814814814815
