0 0.5677083333333334 0.5944444444444444 0.08333333333333333 0.4166666666666667
0 0.5520833333333334 0.6694444444444444 0.07916666666666666 0.5907407407407408
0 0.7934895833333333 0.5944444444444444 0.08177083333333333 0.3888888888888889
0 0.4708333333333333 0.625462962962963 0.07916666666666666 0.4564814814814815
0 0.21328125 0.48333333333333334 0.0203125 0.1037037037037037
0 0.27447916666666666 0.47129629629629627 0.016666666666666666 0.1
0 0.24322916666666666 0.4722222222222222 0.015625 0.0962962962962963
0 0.22473958333333333 0.48194444444444445 0.024479166666666666 0.09351851851851851
0 0.39609375 0.5050925925925925 0.049479166666666664 0.18055555555555555
0 0.77421875 0.5592592592592592 0.0765625 0.34444444444444444
0 0.8356770833333333 0.5416666666666666 0.0921875 0.2962962962962963
0 0.7041666666666667 0.46064814814814814 0.021875 0.09722222222222222
0 0.6010416666666667 0.4638888888888889 0.025 0.1
0 0.4239583333333333 0.45 0.014583333333333334 0.06481481481481481
0 0.41875 0.44907407407407407 0.013541666666666667 0.07037037037037037
0 0.32760416666666664 0.4532407407407407 0.010416666666666666 0.05462962962962963
0 0.3424479166666667 0.45185185185185184 0.011979166666666667 0.05555555555555555
0 0.26796875 0.4666666666666667 0.011979166666666667 0.07407407407407407
0 0.30911458333333336 0.4546296296296296 0.0109375 0.05740740740740741
0 0.29791666666666666 0.4550925925925926 0.013541666666666667 0.05648148148148148
0 0.2942708333333333 0.45 0.010416666666666666 0.05740740740740741
0 0.31640625 0.45 0.011979166666666667 0.05185185185185185
0 0.2830729166666667 0.45092592592592595 0.0109375 0.05555555555555555
0 0.3151041666666667 0.425462962962963 0.010416666666666666 0.03981481481481482
