0 0.48723958333333334 0.4449074074074074 0.013020833333333334 0.058333333333333334
0 0.31614583333333335 0.8032407407407407 0.2 0.8953703703703704
0 0.5630208333333333 0.4564814814814815 0.019791666666666666 0.10185185185185185
0 0.52734375 0.4587962962962963 0.018229166666666668 0.09166666666666666
0 0.6768229166666667 0.6837962962962963 0.14635416666666667 0.6194444444444445
0 0.6005208333333333 0.6388888888888888 0.090625 0.4962962962962963
0 0.21015625 0.48148148148148145 0.0265625 0.10555555555555556
0 0.44973958333333336 0.5171296296296296 0.0453125 0.28055555555555556
0 0.4390625 0.5226851851851851 0.052083333333333336 0.24351851851851852
0 0.753125 0.5541666666666667 0.07083333333333333 0.325
0 0.5416666666666666 0.45694444444444443 0.015625 0.075
