0 0.5669270833333333 0.5986111111111111 0.08385416666666666 0.4212962962962963
0 0.5588541666666667 0.6694444444444444 0.07916666666666666 0.5907407407407408
0 0.8369791666666667 0.5986111111111111 0.11666666666666667 0.3990740740740741
0 0.48671875 0.625462962962963 0.0890625 0.4546296296296296
0 0.21067708333333332 0.48194444444444445 0.021354166666666667 0.10277777777777777
0 0.27395833333333336 0.47129629629629627 0.016666666666666666 0.1
0 0.240625 0.4722222222222222 0.015625 0.0962962962962963
0 0.22473958333333333 0.48148148148148145 0.024479166666666666 0.09444444444444444
0 0.40078125 0.5018518518518519 0.03802083333333333 0.18518518518518517
0 0.8114583333333333 0.5615740740740741 0.08020833333333334 0.35648148148148145
0 0.7916666666666666 0.5282407407407408 0.06770833333333333 0.2824074074074074
0 0.7161458333333334 0.4587962962962963 0.025 0.09907407407407408
0 0.6114583333333333 0.4638888888888889 0.025 0.1
0 0.4322916666666667 0.45 0.011458333333333333 0.06481481481481481
0 0.42135416666666664 0.44907407407407407 0.013541666666666667 0.07037037037037037
0 0.3296875 0.4532407407407407 0.010416666666666666 0.05462962962962963
0 0.34453125 0.45092592592592595 0.011979166666666667 0.05555555555555555
0 0.26796875 0.4666666666666667 0.011979166666666667 0.07407407407407407
0 0.30807291666666664 0.45416666666666666 0.0109375 0.05648148148148148
0 0.29765625 0.4546296296296296 0.016145833333333335 0.05555555555555555
0 0.31640625 0.45 0.011979166666666667 0.05185185185185185
0 0.2830729166666667 0.45046296296296295 0.0109375 0.05462962962962963
0 0.3151041666666667 0.4263888888888889 0.010416666666666666 0.03981481481481482
