0 0.6244791666666667 0.6138888888888889 0.08854166666666667 0.4648148148148148
0 0.4921875 0.44907407407407407 0.013541666666666667 0.06481481481481481
0 0.6026041666666667 0.6537037037037037 0.1 0.562962962962963
0 0.5497395833333333 0.6300925925925925 0.06927083333333334 0.4787037037037037
0 0.22578125 0.4810185185185185 0.022395833333333334 0.09537037037037037
0 0.38723958333333336 0.5273148148148148 0.06510416666666667 0.30462962962962964
0 0.3221354166666667 0.5324074074074074 0.049479166666666664 0.2611111111111111
0 0.2716145833333333 0.5606481481481481 0.0796875 0.30277777777777776
0 0.18880208333333334 0.5555555555555556 0.07760416666666667 0.3111111111111111
0 0.46432291666666664 0.4837962962962963 0.0296875 0.16018518518518518
0 0.51796875 0.45555555555555555 0.0140625 0.07222222222222222
0 0.50703125 0.4513888888888889 0.013020833333333334 0.0712962962962963
