0 0.3455729166666667 0.5439814814814815 0.049479166666666664 0.2675925925925926
0 0.5583333333333333 0.4981481481481482 0.019791666666666666 0.10185185185185185
0 0.57578125 0.5009259259259259 0.0171875 0.10555555555555556
0 0.6653645833333334 0.4601851851851852 0.0171875 0.09259259259259259
0 0.5333333333333333 0.46064814814814814 0.020833333333333332 0.10462962962962963
0 0.5807291666666666 0.4564814814814815 0.019791666666666666 0.1
0 0.49375 0.45555555555555555 0.021875 0.10555555555555556
0 0.3 0.5606481481481481 0.065625 0.29907407407407405
0 0.384375 0.5222222222222223 0.03958333333333333 0.20185185185185187
0 0.8208333333333333 0.4550925925925926 0.026041666666666668 0.11574074074074074
0 0.28567708333333336 0.55 0.04635416666666667 0.2611111111111111
0 0.2552083333333333 0.47824074074074074 0.015625 0.09351851851851851
0 0.22864583333333333 0.4638888888888889 0.019791666666666666 0.07777777777777778
0 0.5515625 0.45601851851851855 0.016666666666666666 0.0712962962962963
0 0.3072916666666667 0.4125 0.010416666666666666 0.03981481481481482
0 0.3145833333333333 0.4111111111111111 0.009375 0.03888888888888889
