0 0.7333333333333333 0.6370370370370371 0.053125 0.22407407407407406
0 0.23880208333333333 0.2986111111111111 0.0390625 0.20092592592592592
0 0.07291666666666667 0.6212962962962963 0.05 0.22962962962962963
0 0.9158854166666667 0.5199074074074074 0.04010416666666667 0.1935185185185185
0 0.521875 0.975462962962963 0.035416666666666666 0.2490740740740741
0 0.3536458333333333 0.8208333333333333 0.052083333333333336 0.2324074074074074
0 0.42942708333333335 0.21851851851851853 0.030729166666666665 0.16111111111111112
0 0.7901041666666667 0.13148148148148148 0.027083333333333334 0.13703703703703704
0 0.6440104166666667 0.21064814814814814 0.03177083333333333 0.1527777777777778
0 0.61875 0.21435185185185185 0.030208333333333334 0.16944444444444445
0 0.2869791666666667 0.19814814814814816 0.03125 0.15
0 0.48072916666666665 0.2310185185185185 0.036458333333333336 0.17314814814814813
0 0.06927083333333334 0.41064814814814815 0.025 0.17314814814814813
0 0.07864583333333333 0.3921296296296296 0.028125 0.18611111111111112
0 0.409375 0.36574074074074076 0.03333333333333333 0.18888888888888888
0 0.4361979166666667 0.3699074074074074 0.0359375 0.17685185185185184
0 0.55390625 0.20185185185185187 0.027604166666666666 0.14814814814814814
0 0.4713541666666667 0.18611111111111112 0.03125 0.15555555555555556
0 0.3809895833333333 0.07222222222222222 0.027604166666666666 0.15
0 0.29635416666666664 0.021296296296296296 0.021875 0.12407407407407407
0 0.13489583333333333 0.5976851851851852 0.030208333333333334 0.19537037037037036
0 0.3299479166666667 0.37962962962962965 0.030729166666666665 0.17222222222222222
0 0.28541666666666665 0.39166666666666666 0.040625 0.19814814814814816
0 0.25364583333333335 0.011574074074074073 0.026041666666666668 0.13796296296296295
0 0.22109375 0.013425925925925926 0.0234375 0.14722222222222223
0 0.29348958333333336 0.13657407407407407 0.024479166666666666 0.15462962962962962
0 0.21927083333333333 0.11342592592592593 0.03333333333333333 0.14907407407407408
0 0.19895833333333332 0.17824074074074073 0.027083333333333334 0.16203703703703703
0 0.29791666666666666 0.30833333333333335 0.028125 0.1537037037037037
0 0.1640625 0.19537037037037036 0.027083333333333334 0.1574074074074074
0 0.1875 0.16342592592592592 0.022916666666666665 0.16018518518518518
0 0.12447916666666667 0.1935185185185185 0.028125 0.15185185185185185
0 0.14791666666666667 0.17407407407407408 0.025 0.1685185185185185
0 0.16015625 0.1574074074074074 0.028645833333333332 0.15555555555555556
0 0.15260416666666668 0.1425925925925926 0.028125 0.1537037037037037
0 0.1171875 0.17407407407407408 0.020833333333333332 0.15925925925925927
0 0.47994791666666664 0 0.024479166666666666 0.11851851851851852
0 0.19322916666666667 0.03425925925925926 0.028125 0.14814814814814814
0 0.23125 0.6782407407407407 0.04791666666666667 0.2324074074074074
0 0.81796875 0.03611111111111111 0.028645833333333332 0.1259259259259259
0 0.062239583333333334 0.7125 0.059895833333333336 0.23055555555555557
0 0 0.663425925925926 0.049479166666666664 0.21574074074074073
