0 0.8294270833333334 0.6648148148148149 0.03697916666666667 0.22407407407407406
0 0.25338541666666664 0.09074074074074075 0.0390625 0.16666666666666666
0 0.4479166666666667 0.6824074074074075 0.03854166666666667 0.23703703703703705
0 0.91640625 0.5199074074074074 0.04010416666666667 0.18981481481481483
0 0.5606770833333333 0.9796296296296296 0.044270833333333336 0.23703703703703705
0 0.35104166666666664 0.8166666666666667 0.036458333333333336 0.23148148148148148
0 0.42578125 0.21342592592592594 0.0296875 0.15833333333333333
0 0.5333333333333333 0.043055555555555555 0.027083333333333334 0.13796296296296295
0 0.49973958333333335 0.03796296296296296 0.028645833333333332 0.14814814814814814
0 0.30390625 0.13287037037037036 0.0203125 0.14351851851851852
0 0.09635416666666667 0.3907407407407407 0.03229166666666667 0.17407407407407408
0 0.06692708333333333 0.36944444444444446 0.024479166666666666 0.19444444444444445
0 0.5177083333333333 0.7601851851851852 0.06354166666666666 0.23703703703703705
0 0.5533854166666666 0.7657407407407407 0.04010416666666667 0.21666666666666667
0 0.40651041666666665 0.1537037037037037 0.025520833333333333 0.12222222222222222
0 0.39453125 0.1625 0.033854166666666664 0.15462962962962962
0 0.29713541666666665 0.022222222222222223 0.021354166666666667 0.12222222222222222
0 0.18515625 0.2388888888888889 0.025520833333333333 0.15555555555555556
0 0.16979166666666667 0.8537037037037037 0.03854166666666667 0.24074074074074073
0 0.12916666666666668 0.8310185185185185 0.04583333333333333 0.25092592592592594
0 0.28229166666666666 0.16620370370370371 0.030208333333333334 0.15833333333333333
0 0.1734375 0.125 0.022916666666666665 0.15185185185185185
0 0.20052083333333334 0.18287037037037038 0.027083333333333334 0.16203703703703703
0 0.8994791666666667 0.6712962962962963 0.04375 0.19814814814814816
0 0.16354166666666667 0.19444444444444445 0.027083333333333334 0.1574074074074074
0 0.20260416666666667 0.16342592592592592 0.025 0.1638888888888889
0 0.12890625 0.2 0.03177083333333333 0.14629629629629629
0 0.13359375 0.1824074074074074 0.028645833333333332 0.16111111111111112
0 0.16197916666666667 0.16157407407407406 0.029166666666666667 0.1638888888888889
0 0.14947916666666666 0.14166666666666666 0.026041666666666668 0.15
0 0.11770833333333333 0.17407407407407408 0.020833333333333332 0.15925925925925927
0 0.47213541666666664 0.03981481481481482 0.024479166666666666 0.15
0 0.22421875 0.2513888888888889 0.03177083333333333 0.1675925925925926
0 0.25833333333333336 0.21481481481481482 0.03854166666666667 0.17222222222222222
0 0.91796875 0.4046296296296296 0.04635416666666667 0.19814814814814816
0 0.8567708333333334 0.37222222222222223 0.03333333333333333 0.17962962962962964
0 0.7934895833333333 0.055092592592592596 0.0296875 0.1361111111111111
0 0.9247395833333333 0.2657407407407407 0.030729166666666665 0.15925925925925927
0 0.8869791666666667 0.10092592592592593 0.027083333333333334 0.1537037037037037
0 0.8559895833333333 0.09768518518518518 0.028645833333333332 0.16203703703703703
0 0.97890625 0.2689814814814815 0.04010416666666667 0.175
0 0.21953125 0.09444444444444444 0.0234375 0.14629629629629629
0 0.19453125 0.10185185185185185 0.0296875 0.13518518518518519
0 0.23567708333333334 0 0.024479166666666666 0.1259259259259259
