0 0.7903645833333334 0.6625 0.04635416666666667 0.22870370370370371
0 0.2557291666666667 0.21342592592592594 0.0375 0.18796296296296297
0 0.15989583333333332 0.6546296296296297 0.05416666666666667 0.23703703703703705
0 0.915625 0.5199074074074074 0.040625 0.1935185185185185
0 0.5049479166666667 0.9722222222222222 0.03802083333333333 0.25555555555555554
0 0.35 0.8217592592592593 0.036458333333333336 0.23055555555555557
0 0.42942708333333335 0.21851851851851853 0.030729166666666665 0.16111111111111112
0 0.7734375 0.08564814814814815 0.025 0.13240740740740742
0 0.5736979166666667 0.15138888888888888 0.0265625 0.14722222222222223
0 0.540625 0.16527777777777777 0.03125 0.1675925925925926
0 0.27838541666666666 0.1763888888888889 0.022395833333333334 0.16203703703703703
0 0.5041666666666667 0.13796296296296295 0.03333333333333333 0.15925925925925927
0 0.06953125 0.41064814814814815 0.025520833333333333 0.17314814814814813
0 0.05260416666666667 0.3925925925925926 0.040625 0.18703703703703703
0 0.44921875 0.4708333333333333 0.04739583333333333 0.20277777777777778
0 0.4796875 0.48009259259259257 0.035416666666666666 0.18425925925925926
0 0.4432291666666667 0.17083333333333334 0.022916666666666665 0.14166666666666666
0 0.396875 0.1726851851851852 0.022916666666666665 0.15648148148148147
0 0.38046875 0.07268518518518519 0.0265625 0.14907407407407408
0 0.29713541666666665 0.022685185185185187 0.021354166666666667 0.12314814814814815
0 0.1390625 0.45416666666666666 0.030208333333333334 0.18055555555555555
0 0.29583333333333334 0.5143518518518518 0.03333333333333333 0.20092592592592592
0 0.25625 0.49953703703703706 0.03229166666666667 0.2101851851851852
0 0.25026041666666665 0 0.0234375 0.1175925925925926
0 0.29401041666666666 0.13657407407407407 0.0234375 0.15462962962962962
0 0.17760416666666667 0.12268518518518519 0.027083333333333334 0.14907407407407408
0 0.19895833333333332 0.1824074074074074 0.027083333333333334 0.16296296296296298
0 0.44296875 0.41944444444444445 0.03697916666666667 0.17037037037037037
0 0.1609375 0.20092592592592592 0.027083333333333334 0.1574074074074074
0 0.19036458333333334 0.16527777777777777 0.022395833333333334 0.16203703703703703
0 0.12838541666666667 0.19537037037037036 0.028645833333333332 0.14814814814814814
0 0.13958333333333334 0.17777777777777778 0.023958333333333335 0.17037037037037037
0 0.15833333333333333 0.16527777777777777 0.028125 0.14166666666666666
0 0.15208333333333332 0.1425925925925926 0.028125 0.1537037037037037
0 0.1171875 0.17407407407407408 0.020833333333333332 0.15925925925925927
0 0.46067708333333335 0 0.018229166666666668 0.1398148148148148
0 0.22734375 0.10324074074074074 0.0265625 0.15462962962962962
0 0.2203125 0.4976851851851852 0.042708333333333334 0.2101851851851852
0 0.9794270833333333 0.6064814814814815 0.033854166666666664 0.19814814814814816
0 0.8911458333333333 0.11157407407407408 0.029166666666666667 0.14166666666666666
0 0.8203125 0.00787037037037037 0.028125 0.13055555555555556
0 0.18567708333333333 0.9138888888888889 0.050520833333333334 0.25555555555555554
0 0.20234375 0.8398148148148148 0.0390625 0.24814814814814815
0 0.22708333333333333 0 0.021875 0.12407407407407407
0 0.20260416666666667 0 0.022916666666666665 0.12407407407407407
0 0.7177083333333333 0 0.028125 0.13055555555555556
