0 0.4981770833333333 0.449537037037037 0.0140625 0.06944444444444445
0 0.6140625 0.6560185185185186 0.11041666666666666 0.562037037037037
0 0.5348958333333333 0.6287037037037037 0.07083333333333333 0.4759259259259259
0 0.20911458333333333 0.48148148148148145 0.0265625 0.1037037037037037
0 0.2552083333333333 0.47129629629629627 0.01875 0.10185185185185185
0 0.22916666666666666 0.4722222222222222 0.015625 0.1
0 0.22552083333333334 0.4810185185185185 0.022916666666666665 0.09537037037037037
0 0.30078125 0.5416666666666666 0.0640625 0.3388888888888889
0 0.1796875 0.5523148148148148 0.078125 0.2935185185185185
0 0.13333333333333333 0.5851851851851851 0.103125 0.34814814814814815
0 0.0109375 0.5763888888888888 0.08541666666666667 0.3472222222222222
0 0.6635416666666667 0.45740740740740743 0.021875 0.08888888888888889
0 0.49973958333333335 0.4527777777777778 0.011979166666666667 0.06481481481481481
0 0.3338541666666667 0.45601851851851855 0.014583333333333334 0.06574074074074074
0 0.37395833333333334 0.4513888888888889 0.0125 0.062037037037037036
0 0.2640625 0.4625 0.011458333333333333 0.07685185185185185
