0 0.6184895833333334 0.3648148148148148 0.03177083333333333 0.1388888888888889
0 0.453125 0.3537037037037037 0.029166666666666667 0.14074074074074075
0 0.3611979166666667 0.39490740740740743 0.059895833333333336 0.275
0 0.97734375 0.6064814814814815 0.13177083333333334 0.737037037037037
0 0.20130208333333333 0.38796296296296295 0.06302083333333333 0.26296296296296295
0 0.4901041666666667 0.362962962962963 0.030208333333333334 0.1259259259259259
0 0.5263020833333333 0.32592592592592595 0.013020833333333334 0.05555555555555555
0 0.5682291666666667 0.3523148148148148 0.026041666666666668 0.1527777777777778
0 0.5739583333333333 0.3578703703703704 0.025 0.1361111111111111
0 0.6533854166666667 0.3458333333333333 0.019270833333333334 0.11018518518518519
0 0.31197916666666664 0.3509259259259259 0.019791666666666666 0.11666666666666667
0 0.2955729166666667 0.3449074074074074 0.0234375 0.11203703703703703
0 0.30494791666666665 0.3560185185185185 0.022395833333333334 0.12685185185185185
0 0.01796875 0.36018518518518516 0.027604166666666666 0.1425925925925926
0 0.5028645833333333 0.3282407407407407 0.009895833333333333 0.03425925925925926
