0 0.8388020833333333 0.6592592592592592 0.0328125 0.22037037037037038
0 0.2518229166666667 0.07777777777777778 0.034895833333333334 0.16296296296296298
0 0.44453125 0.6796296296296296 0.0390625 0.24074074074074073
0 0.91640625 0.5208333333333334 0.04010416666666667 0.19722222222222222
0 0.5591145833333333 0.9805555555555555 0.043229166666666666 0.23703703703703705
0 0.35104166666666664 0.8166666666666667 0.036458333333333336 0.23148148148148148
0 0.42161458333333335 0.21296296296296297 0.028645833333333332 0.1574074074074074
0 0.53125 0.033796296296296297 0.027083333333333334 0.13796296296296295
0 0.4986979166666667 0.025925925925925925 0.028645833333333332 0.14814814814814814
0 0.31536458333333334 0.13055555555555556 0.018229166666666668 0.1388888888888889
0 0.10416666666666667 0.38287037037037036 0.034375 0.1787037037037037
0 0.07630208333333334 0.3597222222222222 0.030729166666666665 0.18981481481481483
0 0.5307291666666667 0.7962962962962963 0.0625 0.24074074074074073
0 0.56484375 0.7962962962962963 0.0421875 0.20925925925925926
0 0.4080729166666667 0.16064814814814815 0.028645833333333332 0.15462962962962962
0 0.29713541666666665 0.022222222222222223 0.021354166666666667 0.12222222222222222
0 0.20416666666666666 0.22314814814814815 0.027083333333333334 0.15185185185185185
0 0.15885416666666666 0.887962962962963 0.041666666666666664 0.24074074074074073
0 0.12526041666666668 0.8597222222222223 0.049479166666666664 0.2564814814814815
0 0.28411458333333334 0.1763888888888889 0.0296875 0.16018518518518518
0 0.16822916666666668 0.1175925925925926 0.021875 0.15185185185185185
0 0.20052083333333334 0.18287037037037038 0.027083333333333334 0.16203703703703703
0 0.9453125 0.7060185185185185 0.034375 0.19907407407407407
0 0.16380208333333332 0.1935185185185185 0.0265625 0.1574074074074074
0 0.19921875 0.16574074074074074 0.0234375 0.1648148148148148
0 0.12864583333333332 0.2 0.03125 0.14629629629629629
0 0.1296875 0.1824074074074074 0.028125 0.16111111111111112
0 0.1609375 0.16296296296296298 0.029166666666666667 0.16111111111111112
0 0.1453125 0.14537037037037037 0.026041666666666668 0.14629629629629629
0 0.11770833333333333 0.17407407407407408 0.020833333333333332 0.15925925925925927
0 0.47317708333333336 0.03333333333333333 0.025520833333333333 0.15
0 0.21770833333333334 0.26990740740740743 0.03125 0.175
0 0.2596354166666667 0.19814814814814816 0.03177083333333333 0.1685185185185185
0 0.9049479166666666 0.3787037037037037 0.0390625 0.18518518518518517
0 0.8440104166666667 0.35462962962962963 0.0296875 0.17777777777777778
0 0.7885416666666667 0.0625 0.029166666666666667 0.13055555555555556
0 0.9369791666666667 0.2800925925925926 0.035416666666666666 0.15833333333333333
0 0.8828125 0.08796296296296297 0.027083333333333334 0.15185185185185185
0 0.8510416666666667 0.08009259259259259 0.028125 0.15833333333333333
0 0.9932291666666667 0.29907407407407405 0.035416666666666666 0.17592592592592593
0 0.22109375 0.10555555555555556 0.0234375 0.14629629629629629
0 0.19713541666666667 0.11157407407407408 0.028645833333333332 0.1361111111111111
0 0.20130208333333333 0 0.0234375 0.1175925925925926
0 0.22291666666666668 0 0.026041666666666668 0.14074074074074075
0 0.27734375 0 0.0234375 0.13333333333333333
