0 0.9111979166666667 0.662962962962963 0.04114583333333333 0.19074074074074074
0 0.934375 0.5740740740740741 0.023958333333333335 0.09814814814814815
0 0.8880208333333334 0.5606481481481481 0.020833333333333332 0.09537037037037037
0 0.07864583333333333 0.6023148148148149 0.028125 0.13240740740740742
0 0.10833333333333334 0.6092592592592593 0.03125 0.12962962962962962
0 0.190625 0.5902777777777778 0.021875 0.10833333333333334
0 0.16875 0.5953703703703703 0.019791666666666666 0.10185185185185185
0 0.23541666666666666 0.5675925925925925 0.017708333333333333 0.1
0 0.2203125 0.5875 0.021875 0.1175925925925926
0 0.7927083333333333 0.5171296296296296 0.0125 0.049074074074074076
0 0.7078125 0.5254629629629629 0.0125 0.06018518518518518
0 0.7778645833333333 0.5148148148148148 0.0109375 0.05185185185185185
0 0.47604166666666664 0.48657407407407405 0.00625 0.028703703703703703
0 0.18151041666666667 0.5486111111111112 0.0140625 0.08611111111111111
0 0.33880208333333334 0.5041666666666667 0.008854166666666666 0.04351851851851852
0 0.17265625 0.5800925925925926 0.028645833333333332 0.10833333333333334
0 0.6020833333333333 0.48935185185185187 0.007291666666666667 0.041666666666666664
0 0.35442708333333334 0.512962962962963 0.009895833333333333 0.05555555555555555
0 0.36666666666666664 0.5175925925925926 0.010416666666666666 0.05555555555555555
0 0.3263020833333333 0.512962962962963 0.009895833333333333 0.05740740740740741
0 0.3494791666666667 0.5055555555555555 0.010416666666666666 0.05555555555555555
0 0.7783854166666667 0.5111111111111111 0.011979166666666667 0.05555555555555555
0 0.7841145833333333 0.5083333333333333 0.0109375 0.053703703703703705
0 0.6278645833333333 0.5009259259259259 0.0109375 0.044444444444444446
0 0.6356770833333333 0.5018518518518519 0.009895833333333333 0.044444444444444446
0 0.67265625 0.5069444444444444 0.011979166666666667 0.04722222222222222
0 0.7135416666666666 0.5078703703703704 0.011458333333333333 0.049074074074074076
0 0.7052083333333333 0.5143518518518518 0.0125 0.05092592592592592
0 0.14895833333333333 0.5847222222222223 0.015625 0.08981481481481482
0 0.8177083333333334 0.5125 0.011458333333333333 0.05648148148148148
0 0.7984375 0.5152777777777777 0.011458333333333333 0.05092592592592592
0 0.721875 0.5074074074074074 0.010416666666666666 0.04814814814814815
