0 0.6166666666666667 0.6560185185185186 0.11354166666666667 0.562037037037037
0 0.540625 0.6291666666666667 0.06770833333333333 0.47685185185185186
0 0.25390625 0.4708333333333333 0.018229166666666668 0.10092592592592593
0 0.31953125 0.5449074074074074 0.07447916666666667 0.33240740740740743
0 0.21614583333333334 0.5467592592592593 0.06041666666666667 0.2824074074074074
0 0.15703125 0.5805555555555556 0.08177083333333333 0.3351851851851852
0 0.051041666666666666 0.5745370370370371 0.1125 0.3416666666666667
0 0.5088541666666667 0.4925925925925926 0.035416666666666666 0.17777777777777778
0 0.37552083333333336 0.4513888888888889 0.0125 0.062037037037037036
0 0.28203125 0.45416666666666666 0.013020833333333334 0.06018518518518518
0 0.2734375 0.45601851851851855 0.0125 0.062037037037037036
0 0.2638020833333333 0.462037037037037 0.011979166666666667 0.07592592592592592
