0 0.5390625 0.40370370370370373 0.036458333333333336 0.15925925925925927
0 0.4817708333333333 0.38333333333333336 0.026041666666666668 0.12222222222222222
0 0.4359375 0.37453703703703706 0.020833333333333332 0.11574074074074074
0 0.9893229166666667 0.5662037037037037 0.10052083333333334 0.5509259259259259
0 0.059375 0.4337962962962963 0.057291666666666664 0.23055555555555557
0 0.32786458333333335 0.39537037037037037 0.03802083333333333 0.14074074074074075
0 0.4744791666666667 0.3824074074074074 0.021875 0.10925925925925926
0 0.015104166666666667 0.4462962962962963 0.042708333333333334 0.17962962962962964
0 0.49505208333333334 0.37453703703703706 0.015104166666666667 0.09537037037037037
0 0.19401041666666666 0.399537037037037 0.025520833333333333 0.12129629629629629
0 0.5950520833333334 0.3888888888888889 0.0296875 0.15925925925925927
0 0.28958333333333336 0.38425925925925924 0.016666666666666666 0.0962962962962963
0 0.2794270833333333 0.38472222222222224 0.0140625 0.0787037037037037
0 0.29401041666666666 0.3726851851851852 0.016145833333333335 0.05462962962962963
0 0.44453125 0.36342592592592593 0.013020833333333334 0.06388888888888888
0 0.10911458333333333 0.37453703703703706 0.0109375 0.062037037037037036
0 0.13255208333333332 0.39444444444444443 0.0171875 0.09444444444444444
0 0.30494791666666665 0.3731481481481482 0.013020833333333334 0.04814814814814815
