0 0.6442708333333333 0.3509259259259259 0.03229166666666667 0.14629629629629629
0 0.46197916666666666 0.3435185185185185 0.030208333333333334 0.14629629629629629
0 0.19869791666666667 0.39351851851851855 0.0890625 0.35
0 0.509375 0.35185185185185186 0.029166666666666667 0.13703703703703704
0 0.5723958333333333 0.32314814814814813 0.015625 0.06666666666666667
0 0.6299479166666667 0.3592592592592593 0.0265625 0.18333333333333332
0 0.3385416666666667 0.32685185185185184 0.020833333333333332 0.09444444444444444
0 0.5247395833333334 0.32175925925925924 0.0140625 0.058333333333333334
0 0.30026041666666664 0.3472222222222222 0.0265625 0.14444444444444443
0 0.540625 0.3148148148148148 0.009375 0.03888888888888889
0 0.5315104166666667 0.3148148148148148 0.0078125 0.044444444444444446
0 0.39088541666666665 0.31574074074074077 0.015104166666666667 0.06666666666666667
0 0.37109375 0.3125 0.015104166666666667 0.075
0 0.384375 0.31805555555555554 0.011458333333333333 0.058333333333333334
