0 0.5244791666666667 0.5041666666666667 0.11770833333333333 0.6268518518518519
0 0.24557291666666667 0.49953703703703706 0.07447916666666667 0.4009259259259259
0 0.3380208333333333 0.4847222222222222 0.071875 0.3972222222222222
0 0.425 0.4310185185185185 0.020833333333333332 0.125
0 0.4505208333333333 0.4217592592592593 0.026041666666666668 0.1361111111111111
0 0.80625 0.4046296296296296 0.023958333333333335 0.1259259259259259
0 0.6135416666666667 0.4726851851851852 0.08854166666666667 0.3972222222222222
0 0.953125 0.40694444444444444 0.015625 0.09351851851851851
0 0.9395833333333333 0.40694444444444444 0.01875 0.08611111111111111
0 0.7393229166666667 0.4111111111111111 0.0203125 0.1037037037037037
0 0.7466145833333333 0.4148148148148148 0.016145833333333335 0.09259259259259259
0 0.7567708333333333 0.7143518518518519 0.013541666666666667 0.04722222222222222
