0 0.6036458333333333 0.3787037037037037 0.03229166666666667 0.1388888888888889
0 0.4322916666666667 0.38055555555555554 0.03125 0.1537037037037037
0 0.17864583333333334 0.47824074074074074 0.13229166666666667 0.4935185185185185
0 0.490625 0.38055555555555554 0.029166666666666667 0.1425925925925926
0 0.5838541666666667 0.3537037037037037 0.017708333333333333 0.07777777777777778
0 0.6684895833333333 0.40046296296296297 0.0390625 0.262037037037037
0 0.33619791666666665 0.3699074074074074 0.0203125 0.09722222222222222
0 0.6549479166666666 0.4 0.03802083333333333 0.22962962962962963
0 0.5213541666666667 0.3523148148148148 0.014583333333333334 0.06018518518518518
0 0.5455729166666666 0.3486111111111111 0.0109375 0.03796296296296296
0 0.5283854166666667 0.34444444444444444 0.0109375 0.04259259259259259
0 0.3645833333333333 0.35509259259259257 0.0125 0.06018518518518518
0 0.3734375 0.3560185185185185 0.011458333333333333 0.058333333333333334
