0 0.7911458333333333 0.5583333333333333 0.025 0.11481481481481481
0 0.8643229166666667 0.5430555555555555 0.021354166666666667 0.0824074074074074
0 0.97890625 0.6680555555555555 0.04114583333333333 0.1675925925925926
0 0.8361979166666667 0.5222222222222223 0.0171875 0.08148148148148149
0 0.23046875 0.5615740740740741 0.019270833333333334 0.10462962962962963
0 0.25494791666666666 0.5643518518518519 0.0203125 0.10462962962962963
0 0.325 0.5337962962962963 0.014583333333333334 0.075
0 0.3098958333333333 0.5393518518518519 0.0125 0.06944444444444445
0 0.346875 0.524074074074074 0.015625 0.07592592592592592
0 0.32708333333333334 0.5337962962962963 0.014583333333333334 0.0787037037037037
0 0.8276041666666667 0.49166666666666664 0.010416666666666666 0.04259259259259259
0 0.7125 0.4925925925925926 0.010416666666666666 0.05
0 0.8208333333333333 0.4935185185185185 0.008333333333333333 0.044444444444444446
0 0.55625 0.47129629629629627 0.00625 0.025925925925925925
0 0.30520833333333336 0.5199074074074074 0.010416666666666666 0.07314814814814814
0 0.31744791666666666 0.5208333333333334 0.009895833333333333 0.075
0 0.6390625 0.4722222222222222 0.008333333333333333 0.037037037037037035
0 0.4166666666666667 0.49212962962962964 0.009375 0.04722222222222222
0 0.4356770833333333 0.49583333333333335 0.009895833333333333 0.049074074074074076
0 0.40260416666666665 0.4898148148148148 0.011458333333333333 0.044444444444444446
0 0.8377604166666667 0.4930555555555556 0.011979166666666667 0.04537037037037037
0 0.7776041666666667 0.4861111111111111 0.010416666666666666 0.04814814814814815
