0 0.8872395833333333 0.9027777777777778 0.09635416666666667 0.3888888888888889
0 0.2515625 0.5898148148148148 0.041666666666666664 0.14814814814814814
0 0.18854166666666666 0.6097222222222223 0.023958333333333335 0.16018518518518518
0 0.12864583333333332 0.575 0.023958333333333335 0.11481481481481481
0 0.21041666666666667 0.6032407407407407 0.03333333333333333 0.14166666666666666
0 0.4609375 0.6828703703703703 0.03958333333333333 0.21203703703703702
0 0.07942708333333333 0.5884259259259259 0.030729166666666665 0.12129629629629629
0 0.11119791666666666 0.5888888888888889 0.022395833333333334 0.12222222222222222
0 0.35859375 0.7875 0.044270833333333336 0.2861111111111111
0 0.45338541666666665 0.7111111111111111 0.04635416666666667 0.20925925925925926
0 0.41380208333333335 0.6953703703703704 0.050520833333333334 0.21481481481481482
0 0.17161458333333332 0.6083333333333333 0.0234375 0.15
