0 0.5888020833333333 0.4740740740740741 0.019270833333333334 0.14444444444444443
0 0.5755208333333334 0.49444444444444446 0.021875 0.11296296296296296
0 0.078125 0.8092592592592592 0.21666666666666667 0.8814814814814815
0 0.5546875 0.45787037037037037 0.019791666666666666 0.10092592592592593
0 0.5263020833333333 0.45925925925925926 0.018229166666666668 0.09074074074074075
0 0.7348958333333333 0.6875 0.096875 0.6398148148148148
0 0.6375 0.6620370370370371 0.08020833333333334 0.5425925925925926
0 0.21119791666666668 0.48148148148148145 0.0265625 0.10555555555555556
0 0.22682291666666668 0.48055555555555557 0.022395833333333334 0.09444444444444444
0 0.45755208333333336 0.5180555555555556 0.044270833333333336 0.27870370370370373
0 0.46953125 0.5148148148148148 0.0453125 0.23703703703703705
0 0.41328125 0.5407407407407407 0.049479166666666664 0.2759259259259259
0 0.33958333333333335 0.5287037037037037 0.03958333333333333 0.25555555555555554
0 0.8106770833333333 0.562037037037037 0.06197916666666667 0.3592592592592593
0 0.5440104166666667 0.45555555555555555 0.016145833333333335 0.07777777777777778
0 0.38697916666666665 0.45601851851851855 0.014583333333333334 0.075
0 0.30130208333333336 0.4546296296296296 0.016145833333333335 0.07037037037037037
0 0.28151041666666665 0.4587962962962963 0.013020833333333334 0.06574074074074074
0 0.24973958333333332 0.46111111111111114 0.0140625 0.07037037037037037
0 0.31145833333333334 0.449537037037037 0.009375 0.04537037037037037
0 0.31171875 0.4439814814814815 0.009895833333333333 0.04537037037037037
