0 0.8447916666666667 0.6546296296296297 0.04895833333333333 0.21481481481481482
0 0.26119791666666664 0.6092592592592593 0.0453125 0.2222222222222222
0 0.9158854166666667 0.5189814814814815 0.050520833333333334 0.1935185185185185
0 0.4921875 0.9787037037037037 0.03854166666666667 0.2388888888888889
0 0.35104166666666664 0.8166666666666667 0.036458333333333336 0.23148148148148148
0 0.43359375 0.21388888888888888 0.0328125 0.1574074074074074
0 0.5067708333333333 0 0.025 0.1287037037037037
0 0.33619791666666665 0.1259259259259259 0.0203125 0.12962962962962962
0 0.1546875 0.30324074074074076 0.030208333333333334 0.16944444444444445
0 0.12682291666666667 0.29814814814814816 0.027604166666666666 0.18703703703703703
0 0.6096354166666667 0.9986111111111111 0.05260416666666667 0.20462962962962963
0 0.6361979166666667 1 0.04114583333333333 0.19074074074074074
0 0.40338541666666666 0.14814814814814814 0.021354166666666667 0.14074074074074075
0 0.40338541666666666 0.12222222222222222 0.0265625 0.1574074074074074
0 0.29791666666666666 0.020370370370370372 0.022916666666666665 0.12222222222222222
0 0.26640625 0.12916666666666668 0.0234375 0.14351851851851852
0 0.1921875 1 0.052083333333333336 0.125
0 0.30026041666666664 0.18564814814814815 0.03177083333333333 0.16018518518518518
0 0.16171875 0.06620370370370371 0.0265625 0.1398148148148148
0 0.20026041666666666 0.18333333333333332 0.025520833333333333 0.15925925925925927
0 0.16302083333333334 0.19305555555555556 0.025 0.15648148148148147
0 0.196875 0.1638888888888889 0.026041666666666668 0.15925925925925927
0 0.13203125 0.1986111111111111 0.024479166666666666 0.14722222222222223
0 0.12265625 0.18101851851851852 0.0265625 0.1675925925925926
0 0.15130208333333334 0.16620370370370371 0.028645833333333332 0.16203703703703703
0 0.15703125 0.14351851851851852 0.027604166666666666 0.15185185185185185
0 0.47161458333333334 0 0.025520833333333333 0.14907407407407408
0 0.1921875 0.39444444444444443 0.034375 0.19074074074074074
0 0.25885416666666666 0.07916666666666666 0.03125 0.15462962962962962
0 0.7861979166666667 0.975 0.0453125 0.22592592592592592
0 0.7421875 0.9898148148148148 0.042708333333333334 0.21296296296296297
0 0.8591145833333333 0.25324074074074077 0.0328125 0.1675925925925926
0 0.8 0.24444444444444444 0.028125 0.16296296296296298
0 0.7864583333333334 0.0712962962962963 0.030208333333333334 0.13148148148148148
0 0.8231770833333333 0.000925925925925926 0.027604166666666666 0.14074074074074075
0 0.2559895833333333 0.17592592592592593 0.0234375 0.16111111111111112
0 0.23463541666666668 0.18101851851851852 0.027604166666666666 0.14166666666666666
0 0.18203125 0.034722222222222224 0.024479166666666666 0.13055555555555556
0 0.22890625 0.06898148148148148 0.0296875 0.14351851851851852
0 0.19791666666666666 0.059722222222222225 0.026041666666666668 0.14166666666666666
0 0.8463541666666666 0 0.015625 0.07592592592592592
0 0.6328125 0.04722222222222222 0.03333333333333333 0.13518518518518519
