0 0.4427083333333333 0.5046296296296297 0.013541666666666667 0.05925925925925926
0 0.5791666666666667 0.5643518518518519 0.020833333333333332 0.11944444444444445
0 0.5270833333333333 0.5726851851851852 0.016666666666666666 0.11018518518518519
0 0.540625 0.575 0.01875 0.12407407407407407
0 0.3807291666666667 1 0.07083333333333333 0.3824074074074074
0 0.33098958333333334 0.9652777777777778 0.07864583333333333 0.3731481481481482
0 0.41484375 0.5 0.011979166666666667 0.06111111111111111
0 0.22916666666666666 0.7930555555555555 0.08541666666666667 0.27314814814814814
0 0.5583333333333333 0.5722222222222222 0.022916666666666665 0.11851851851851852
0 0.8463541666666666 0.6375 0.0375 0.18611111111111112
0 0.23645833333333333 0.8175925925925925 0.071875 0.30925925925925923
0 0.4552083333333333 0.5708333333333333 0.021875 0.11203703703703703
0 0.49114583333333334 0.5657407407407408 0.03125 0.10925925925925926
0 0.7453125 0.6847222222222222 0.04479166666666667 0.19166666666666668
0 0.3575520833333333 0.8902777777777777 0.04114583333333333 0.33055555555555555
0 0.7739583333333333 0.6509259259259259 0.04375 0.17037037037037037
0 0.73828125 0.638425925925926 0.0328125 0.16018518518518518
0 0.46510416666666665 0.5597222222222222 0.025 0.10833333333333334
