0 0.5890625 0.3296296296296296 0.034375 0.15185185185185185
0 0.45208333333333334 0.3148148148148148 0.029166666666666667 0.14074074074074075
0 0.4278645833333333 0.3314814814814815 0.0390625 0.19074074074074074
0 0.8388020833333333 0.5481481481481482 0.10677083333333333 0.7037037037037037
0 0.97890625 0.5652777777777778 0.15677083333333333 0.7601851851851852
0 0.23828125 0.32685185185185184 0.0390625 0.21666666666666667
0 0.48802083333333335 0.3101851851851852 0.023958333333333335 0.12407407407407407
0 0.5080729166666667 0.28564814814814815 0.013020833333333334 0.04722222222222222
0 0.5416666666666666 0.31342592592592594 0.022916666666666665 0.13240740740740742
0 0.26666666666666666 0.3055555555555556 0.025 0.10555555555555556
0 0.5473958333333333 0.3162037037037037 0.020833333333333332 0.12129629629629629
0 0.6106770833333334 0.3060185185185185 0.0171875 0.11018518518518519
0 0.13697916666666668 0.33240740740740743 0.03854166666666667 0.20185185185185187
0 0.11692708333333333 0.3425925925925926 0.028645833333333332 0.17777777777777778
0 0.37916666666666665 0.3111111111111111 0.025 0.10555555555555556
0 0.36770833333333336 0.30787037037037035 0.019791666666666666 0.11203703703703703
0 0.3125 0.32083333333333336 0.022916666666666665 0.12129629629629629
0 0.01953125 0.2962962962962963 0.018229166666666668 0.08703703703703704
0 0.05807291666666667 0.3138888888888889 0.0265625 0.12777777777777777
0 0.33229166666666665 0.29212962962962963 0.011458333333333333 0.05462962962962963
0 0.34609375 0.287962962962963 0.013020833333333334 0.05555555555555555
