0 0.7346354166666667 0.6370370370370371 0.05364583333333333 0.22407407407407406
0 0.24036458333333333 0.36064814814814816 0.0390625 0.20092592592592592
0 0.07369791666666667 0.6226851851851852 0.043229166666666666 0.23055555555555557
0 0.9161458333333333 0.5199074074074074 0.03958333333333333 0.1935185185185185
0 0.5932291666666667 0.975925925925926 0.042708333333333334 0.2388888888888889
0 0.3536458333333333 0.8208333333333333 0.052083333333333336 0.2324074074074074
0 0.4296875 0.21851851851851853 0.03125 0.16111111111111112
0 0.7893229166666667 0.13194444444444445 0.027604166666666666 0.1361111111111111
0 0.73125 0.24212962962962964 0.027083333333333334 0.15092592592592594
0 0.7143229166666667 0.2518518518518518 0.03177083333333333 0.1685185185185185
0 0.3575520833333333 0.2412037037037037 0.022395833333333334 0.15092592592592594
0 0.49244791666666665 0.2828703703703704 0.0359375 0.175
0 0.06901041666666667 0.41064814814814815 0.024479166666666666 0.17314814814814813
0 0.07864583333333333 0.39305555555555555 0.028125 0.18796296296296297
0 0.4239583333333333 0.2875 0.03333333333333333 0.17314814814814813
0 0.4453125 0.29583333333333334 0.026041666666666668 0.15833333333333333
0 0.64765625 0.24074074074074073 0.022395833333333334 0.15
0 0.5901041666666667 0.2125 0.036458333333333336 0.16018518518518518
0 0.38046875 0.0712962962962963 0.027604166666666666 0.15
0 0.29583333333333334 0.020370370370370372 0.021875 0.1259259259259259
0 0.0671875 0.7046296296296296 0.03125 0.2037037037037037
0 0.30546875 0.30694444444444446 0.027604166666666666 0.1712962962962963
0 0.290625 0.32175925925925924 0.036458333333333336 0.18796296296296297
0 0.24609375 0.06342592592592593 0.0265625 0.1398148148148148
0 0.20833333333333334 0.05925925925925926 0.023958333333333335 0.14814814814814814
0 0.29322916666666665 0.13657407407407407 0.025 0.15462962962962962
0 0.26484375 0.11203703703703703 0.0296875 0.14814814814814814
0 0.19947916666666668 0.1787037037037037 0.028125 0.16296296296296298
0 0.2635416666666667 0.23425925925925925 0.029166666666666667 0.1537037037037037
0 0.1640625 0.1935185185185185 0.027083333333333334 0.1574074074074074
0 0.18958333333333333 0.16342592592592592 0.022916666666666665 0.16203703703703703
0 0.12578125 0.1935185185185185 0.025520833333333333 0.15185185185185185
0 0.14739583333333334 0.16898148148148148 0.027083333333333334 0.16944444444444445
0 0.15651041666666668 0.15092592592592594 0.028645833333333332 0.15555555555555556
0 0.1171875 0.17407407407407408 0.020833333333333332 0.15925925925925927
0 0.23255208333333333 0.8402777777777778 0.049479166666666664 0.2490740740740741
0 0.7864583333333334 0 0.025 0.12685185185185185
