0 0.44427083333333334 0.4425925925925926 0.036458333333333336 0.15925925925925927
0 0.3802083333333333 0.412962962962963 0.025 0.11851851851851852
0 0.29375 0.4097222222222222 0.01875 0.09351851851851851
0 0.94375 0.6083333333333333 0.128125 0.49444444444444446
0 0.19895833333333332 0.4199074074074074 0.023958333333333335 0.12685185185185185
0 0.35989583333333336 0.4222222222222222 0.021875 0.10740740740740741
0 0.39505208333333336 0.4134259259259259 0.016145833333333335 0.10277777777777777
0 0.16822916666666668 0.4101851851851852 0.017708333333333333 0.08703703703703704
0 0.15755208333333334 0.41805555555555557 0.0140625 0.06944444444444445
0 0.19114583333333332 0.41805555555555557 0.017708333333333333 0.08796296296296297
0 0.14765625 0.4046296296296296 0.015104166666666667 0.05555555555555555
0 0.3151041666666667 0.39861111111111114 0.013541666666666667 0.06388888888888888
