0 0.8361979166666667 0.6620370370370371 0.03177083333333333 0.2222222222222222
0 0.25286458333333334 0.08009259259259259 0.03697916666666667 0.1638888888888889
0 0.4466145833333333 0.6796296296296296 0.03697916666666667 0.2388888888888889
0 0.91640625 0.5189814814814815 0.04010416666666667 0.19537037037037036
0 0.5598958333333334 0.9805555555555555 0.04375 0.23703703703703705
0 0.35104166666666664 0.8166666666666667 0.036458333333333336 0.23148148148148148
0 0.4231770833333333 0.21296296296296297 0.028645833333333332 0.1574074074074074
0 0.53125 0.0375 0.027083333333333334 0.13796296296296295
0 0.4986979166666667 0.027777777777777776 0.028645833333333332 0.14814814814814814
0 0.3138020833333333 0.1310185185185185 0.019270833333333334 0.14166666666666666
0 0.10260416666666666 0.38472222222222224 0.034375 0.17685185185185184
0 0.07552083333333333 0.362962962962963 0.034375 0.1925925925925926
0 0.5286458333333334 0.7893518518518519 0.06145833333333333 0.23981481481481481
0 0.5614583333333333 0.7921296296296296 0.040625 0.21203703703703702
0 0.4036458333333333 0.16203703703703703 0.03125 0.15555555555555556
0 0.29713541666666665 0.022222222222222223 0.021354166666666667 0.12222222222222222
0 0.19973958333333333 0.225 0.025520833333333333 0.15185185185185185
0 0.16041666666666668 0.8796296296296297 0.041666666666666664 0.24074074074074073
0 0.12526041666666668 0.8537037037037037 0.0484375 0.2537037037037037
0 0.28359375 0.17453703703703705 0.028645833333333332 0.16018518518518518
0 0.16979166666666667 0.12037037037037036 0.021875 0.15185185185185185
0 0.20052083333333334 0.18287037037037038 0.027083333333333334 0.16203703703703703
0 0.9369791666666667 0.6986111111111111 0.034375 0.19907407407407407
0 0.16380208333333332 0.1935185185185185 0.0265625 0.1574074074074074
0 0.2 0.16527777777777777 0.023958333333333335 0.1638888888888889
0 0.12890625 0.2 0.03177083333333333 0.14629629629629629
0 0.13072916666666667 0.1824074074074074 0.028125 0.16111111111111112
0 0.16119791666666666 0.16203703703703703 0.0296875 0.16296296296296298
0 0.14557291666666666 0.14444444444444443 0.0265625 0.14814814814814814
0 0.11770833333333333 0.17407407407407408 0.020833333333333332 0.15925925925925927
0 0.4739583333333333 0.03518518518518519 0.025 0.15
0 0.21822916666666667 0.2638888888888889 0.03125 0.17222222222222222
0 0.25807291666666665 0.20092592592592592 0.0328125 0.1685185185185185
0 0.90859375 0.3824074074074074 0.04114583333333333 0.18518518518518517
0 0.8463541666666666 0.3587962962962963 0.030208333333333334 0.1787037037037037
0 0.7895833333333333 0.062037037037037036 0.029166666666666667 0.13333333333333333
0 0.9354166666666667 0.2759259259259259 0.03229166666666667 0.15925925925925927
0 0.8833333333333333 0.08981481481481482 0.027083333333333334 0.15185185185185185
0 0.8515625 0.08287037037037037 0.028125 0.15833333333333333
0 0.98984375 0.2935185185185185 0.034895833333333334 0.17592592592592593
0 0.22057291666666667 0.10462962962962963 0.0234375 0.14629629629629629
0 0.19661458333333334 0.11018518518518519 0.0296875 0.13518518518518519
0 0.20130208333333333 0 0.0234375 0.1175925925925926
0 0.225 0 0.026041666666666668 0.1361111111111111
0 0.2794270833333333 0 0.0234375 0.13333333333333333
