0 0.7721354166666666 0.649074074074074 0.0484375 0.22777777777777777
0 0.2559895833333333 0.22824074074074074 0.03802083333333333 0.18981481481481483
0 0.128125 0.6509259259259259 0.04479166666666667 0.23333333333333334
0 0.915625 0.5199074074074074 0.040625 0.1935185185185185
0 0.5125 0.975 0.04791666666666667 0.2462962962962963
0 0.35052083333333334 0.8189814814814815 0.042708333333333334 0.23055555555555557
0 0.42942708333333335 0.21851851851851853 0.030729166666666665 0.16111111111111112
0 0.7794270833333333 0.1 0.0265625 0.13518518518518519
0 0.58828125 0.16018518518518518 0.025520833333333333 0.14814814814814814
0 0.5510416666666667 0.1763888888888889 0.03125 0.1675925925925926
0 0.28072916666666664 0.18287037037037038 0.026041666666666668 0.16203703703703703
0 0.50625 0.15462962962962962 0.03229166666666667 0.16111111111111112
0 0.06953125 0.41064814814814815 0.025520833333333333 0.17314814814814813
0 0.05182291666666667 0.39305555555555555 0.0421875 0.18796296296296297
0 0.44583333333333336 0.4439814814814815 0.046875 0.1935185185185185
0 0.48020833333333335 0.45185185185185184 0.03854166666666667 0.17962962962962964
0 0.45416666666666666 0.17546296296296296 0.019791666666666666 0.14351851851851852
0 0.403125 0.17314814814814813 0.021875 0.1574074074074074
0 0.38046875 0.07268518518518519 0.0265625 0.14907407407407408
0 0.29739583333333336 0.023148148148148147 0.021875 0.12407407407407407
0 0.13697916666666668 0.4759259259259259 0.030208333333333334 0.1814814814814815
0 0.3059895833333333 0.4842592592592593 0.033854166666666664 0.19444444444444445
0 0.26015625 0.4740740740740741 0.033854166666666664 0.20185185185185187
0 0.2760416666666667 0 0.026041666666666668 0.12407407407407407
0 0.24817708333333333 0 0.0234375 0.13240740740740742
0 0.29401041666666666 0.13657407407407407 0.0234375 0.15462962962962962
0 0.17916666666666667 0.12453703703703704 0.027083333333333334 0.14907407407407408
0 0.19791666666666666 0.1824074074074074 0.026041666666666668 0.16111111111111112
0 0.40989583333333335 0.4041666666666667 0.035416666666666666 0.175
0 0.1640625 0.19722222222222222 0.027083333333333334 0.1574074074074074
0 0.1890625 0.16620370370370371 0.022916666666666665 0.1638888888888889
0 0.13020833333333334 0.19583333333333333 0.026041666666666668 0.14907407407407408
0 0.14114583333333333 0.17592592592592593 0.023958333333333335 0.17037037037037037
0 0.16015625 0.1648148148148148 0.028645833333333332 0.14444444444444443
0 0.15208333333333332 0.1425925925925926 0.028125 0.1537037037037037
0 0.1171875 0.17407407407407408 0.020833333333333332 0.15925925925925927
0 0.4635416666666667 0 0.01875 0.13518518518518519
0 0.221875 0.09259259259259259 0.029166666666666667 0.15
0 0.22604166666666667 0.5268518518518519 0.04375 0.21481481481481482
0 0.98359375 0.6351851851851852 0.034895833333333334 0.2111111111111111
0 0.8739583333333333 0.09722222222222222 0.028125 0.1388888888888889
0 0.803125 0 0.025 0.12037037037037036
0 0.16744791666666667 0.8671296296296296 0.04635416666666667 0.2564814814814815
0 0.18046875 0.7976851851851852 0.0515625 0.24351851851851852
0 0.2265625 0 0.021875 0.12407407407407407
0 0.20442708333333334 0 0.0234375 0.12129629629629629
0 0.7171875 0 0.029166666666666667 0.12962962962962962
