0 0.94453125 0.6513888888888889 0.13802083333333334 0.7546296296296297
0 0.4625 0.4583333333333333 0.0375 0.16111111111111112
0 0.3885416666666667 0.4361111111111111 0.025 0.11666666666666667
0 0.28567708333333336 0.4273148148148148 0.019270833333333334 0.08981481481481482
0 0.2265625 0.4351851851851852 0.03229166666666667 0.12407407407407407
0 0.36614583333333334 0.42777777777777776 0.021875 0.10740740740740741
0 0.4401041666666667 0.43194444444444446 0.020833333333333332 0.11388888888888889
0 0.39453125 0.43148148148148147 0.0171875 0.1037037037037037
0 0.17734375 0.425462962962963 0.018229166666666668 0.08425925925925926
0 0.16614583333333333 0.4310185185185185 0.014583333333333334 0.075
0 0.15546875 0.4236111111111111 0.009895833333333333 0.05462962962962963
0 0.3182291666666667 0.41712962962962963 0.013541666666666667 0.06388888888888888
