0 0.6401041666666667 0.6162037037037037 0.090625 0.475
0 0.4901041666666667 0.44907407407407407 0.013541666666666667 0.06481481481481481
0 0.9841145833333333 0.7791666666666667 0.25885416666666666 0.9287037037037037
0 0.60390625 0.6782407407407407 0.10260416666666666 0.6138888888888889
0 0.55703125 0.6333333333333333 0.07447916666666667 0.48518518518518516
0 0.40989583333333335 0.5273148148148148 0.059375 0.29907407407407405
0 0.35651041666666666 0.5305555555555556 0.0703125 0.25555555555555554
0 0.30520833333333336 0.5550925925925926 0.05625 0.2953703703703704
0 0.22473958333333333 0.5509259259259259 0.059895833333333336 0.2962962962962963
0 0.44895833333333335 0.4787037037037037 0.028125 0.14814814814814814
0 0.51328125 0.45231481481481484 0.013020833333333334 0.0712962962962963
0 0.27708333333333335 0.45601851851851855 0.0125 0.062037037037037036
0 0.2565104166666667 0.46111111111111114 0.0140625 0.07407407407407407
