0 0.8309895833333333 0.5800925925925926 0.027604166666666666 0.13240740740740742
0 0.90234375 0.5504629629629629 0.0234375 0.08796296296296297
0 0.8744791666666667 0.5337962962962963 0.019791666666666666 0.08425925925925926
0 0.20911458333333333 0.5708333333333333 0.021354166666666667 0.10648148148148148
0 0.23463541666666668 0.5736111111111111 0.0234375 0.11203703703703703
0 0.31015625 0.5467592592592593 0.0171875 0.0824074074074074
0 0.296875 0.5527777777777778 0.015625 0.07962962962962963
0 0.3375 0.5351851851851852 0.016666666666666666 0.07962962962962963
0 0.321875 0.5421296296296296 0.013541666666666667 0.08055555555555556
0 0.7252604166666666 0.5023148148148148 0.0109375 0.05648148148148148
0 0.55 0.4759259259259259 0.007291666666666667 0.027777777777777776
0 0.28958333333333336 0.5296296296296297 0.011458333333333333 0.07777777777777778
0 0.29973958333333334 0.5365740740740741 0.0140625 0.08981481481481482
0 0.6447916666666667 0.47962962962962963 0.008333333333333333 0.037037037037037035
0 0.875 0.49953703703703706 0.016666666666666666 0.05092592592592592
0 0.41380208333333335 0.4986111111111111 0.008854166666666666 0.04722222222222222
0 0.4322916666666667 0.5013888888888889 0.009375 0.049074074074074076
0 0.3971354166666667 0.49398148148148147 0.0109375 0.04537037037037037
0 0.7276041666666667 0.4930555555555556 0.011458333333333333 0.04351851851851852
0 0.28567708333333336 0.5449074074074074 0.015104166666666667 0.06759259259259259
0 0.7799479166666666 0.4962962962962963 0.009895833333333333 0.04814814814814815
