0 0.9596354166666666 0.7328703703703704 0.059895833333333336 0.25462962962962965
0 0.9109375 0.5736111111111111 0.028125 0.10462962962962963
0 0.8473958333333333 0.5601851851851852 0.025 0.10555555555555556
0 0.046875 0.6310185185185185 0.027083333333333334 0.13055555555555556
0 0.0171875 0.6319444444444444 0.027083333333333334 0.12129629629629629
0 0.125 0.5875 0.021875 0.11574074074074074
0 0.08151041666666667 0.625462962962963 0.0265625 0.14722222222222223
0 0.7276041666666667 0.5203703703703704 0.014583333333333334 0.05
0 0.6705729166666666 0.5291666666666667 0.015104166666666667 0.07314814814814814
0 0.725 0.5157407407407407 0.010416666666666666 0.053703703703703705
0 0.40182291666666664 0.48935185185185187 0.0078125 0.028703703703703703
0 0.065625 0.5800925925925926 0.021875 0.11574074074074074
0 0.2591145833333333 0.5162037037037037 0.0078125 0.05092592592592592
0 0.03515625 0.6166666666666667 0.025520833333333333 0.1425925925925926
0 0.5494791666666666 0.48842592592592593 0.008333333333333333 0.03981481481481482
0 0.75234375 0.5115740740740741 0.009895833333333333 0.06574074074074074
0 0.2872395833333333 0.5185185185185185 0.009895833333333333 0.05925925925925926
0 0.2942708333333333 0.524074074074074 0.011458333333333333 0.06111111111111111
0 0.24895833333333334 0.5175925925925926 0.010416666666666666 0.05925925925925926
0 0.27239583333333334 0.512962962962963 0.010416666666666666 0.05555555555555555
0 0.5770833333333333 0.5023148148148148 0.010416666666666666 0.04537037037037037
0 0.5864583333333333 0.5050925925925925 0.011458333333333333 0.049074074074074076
0 0.65546875 0.5083333333333333 0.0109375 0.05
0 0.64609375 0.5092592592592593 0.0109375 0.05185185185185185
0 0.7552083333333334 0.5138888888888888 0.011458333333333333 0.06111111111111111
0 0.7140625 0.5092592592592593 0.0125 0.05740740740740741
0 0.7393229166666667 0.5143518518518518 0.009895833333333333 0.05462962962962963
0 0.6088541666666667 0.5064814814814815 0.009375 0.04259259259259259
0 0.6630208333333333 0.5060185185185185 0.0125 0.04722222222222222
