0 0.8528645833333334 0.5717592592592593 0.03177083333333333 0.11944444444444445
0 0.7125 0.562962962962963 0.025 0.11666666666666667
0 0.12239583333333333 0.5564814814814815 0.014583333333333334 0.06666666666666667
0 0.615625 0.5509259259259259 0.020833333333333332 0.09814814814814815
0 0.5908854166666667 0.5282407407407408 0.011979166666666667 0.06388888888888888
0 0.23671875 0.5032407407407408 0.0078125 0.03425925925925926
0 0.4427083333333333 0.49722222222222223 0.009375 0.04259259259259259
0 0.11666666666666667 0.5574074074074075 0.010416666666666666 0.07222222222222222
0 0.11927083333333334 0.5643518518518519 0.0125 0.06759259259259259
0 0.06145833333333333 0.5615740740740741 0.0125 0.0712962962962963
0 0.07838541666666667 0.5532407407407407 0.0140625 0.075
0 0.4783854166666667 0.5171296296296296 0.016145833333333335 0.06018518518518518
0 0.5302083333333333 0.512962962962963 0.013541666666666667 0.05555555555555555
0 0.5192708333333333 0.5143518518518518 0.011458333333333333 0.06018518518518518
0 0.5072916666666667 0.5125 0.008333333333333333 0.05277777777777778
0 0.559375 0.5115740740740741 0.015625 0.062037037037037036
0 0.57109375 0.5097222222222222 0.015104166666666667 0.058333333333333334
0 0.49270833333333336 0.5157407407407407 0.011458333333333333 0.06111111111111111
