0 0.6049479166666667 0.37037037037037035 0.03177083333333333 0.14074074074074075
0 0.5317708333333333 0.35648148148148145 0.030208333333333334 0.13333333333333333
0 0.5109375 0.35509259259259257 0.028125 0.15092592592592594
0 0.7979166666666667 0.6060185185185185 0.115625 0.6787037037037037
0 0.9565104166666667 0.6111111111111112 0.1421875 0.7166666666666667
0 0.37838541666666664 0.362962962962963 0.0328125 0.18333333333333332
0 0.5419270833333333 0.35509259259259257 0.022395833333333334 0.11944444444444445
0 0.5583333333333333 0.32592592592592595 0.010416666666666666 0.04259259259259259
0 0.03958333333333333 0.37407407407407406 0.0375 0.17962962962962964
0 0.5875 0.3486111111111111 0.021875 0.12314814814814815
0 0.9244791666666666 0.4587962962962963 0.103125 0.475
0 0.6489583333333333 0.3476851851851852 0.017708333333333333 0.10648148148148148
0 0.2994791666666667 0.34675925925925927 0.027083333333333334 0.14166666666666666
0 0.28489583333333335 0.3537037037037037 0.020833333333333332 0.12037037037037036
0 0.159375 0.32314814814814813 0.016666666666666666 0.07777777777777778
0 0.16588541666666667 0.34444444444444444 0.0203125 0.10925925925925926
0 0.17734375 0.32083333333333336 0.0171875 0.0712962962962963
0 0.44166666666666665 0.3263888888888889 0.011458333333333333 0.05648148148148148
0 0.42682291666666666 0.3314814814814815 0.008854166666666666 0.06111111111111111
0 0.39453125 0.32314814814814813 0.0109375 0.05185185185185185
0 0 0.37777777777777777 0.036458333333333336 0.18703703703703703
0 0.4088541666666667 0.3287037037037037 0.011458333333333333 0.04814814814814815
