0 0.5578125 0.49722222222222223 0.020833333333333332 0.09814814814814815
0 0.6015625 0.6550925925925926 0.09895833333333333 0.5638888888888889
0 0.50703125 0.6347222222222222 0.0765625 0.4898148148148148
0 0.209375 0.48055555555555557 0.022916666666666665 0.10185185185185185
0 0.26484375 0.47175925925925927 0.019270833333333334 0.10277777777777777
0 0.23177083333333334 0.4722222222222222 0.015625 0.1
0 0.22526041666666666 0.48148148148148145 0.0234375 0.09444444444444444
0 0.14713541666666666 0.5671296296296297 0.0765625 0.38981481481481484
0 0.47291666666666665 0.5064814814814815 0.03958333333333333 0.2
0 0.9828125 0.5819444444444445 0.11666666666666667 0.41944444444444445
0 0.7744791666666667 0.45787037037037037 0.022916666666666665 0.10277777777777777
0 0.44479166666666664 0.44722222222222224 0.013541666666666667 0.07037037037037037
0 0.33567708333333335 0.4546296296296296 0.011979166666666667 0.06111111111111111
0 0.36015625 0.4513888888888889 0.011979166666666667 0.05648148148148148
0 0.26953125 0.46296296296296297 0.0140625 0.07407407407407407
0 0.28151041666666665 0.449537037037037 0.008854166666666666 0.04722222222222222
0 0.3078125 0.45185185185185184 0.010416666666666666 0.053703703703703705
0 0.29635416666666664 0.4527777777777778 0.009375 0.053703703703703705
0 0.29661458333333335 0.4486111111111111 0.009895833333333333 0.05462962962962963
0 0.31666666666666665 0.4486111111111111 0.011458333333333333 0.049074074074074076
0 0.30807291666666664 0.44722222222222224 0.0109375 0.053703703703703705
0 0.2875 0.449537037037037 0.010416666666666666 0.05277777777777778
