0 0.6372395833333333 0.3560185185185185 0.028645833333333332 0.1361111111111111
0 0.4625 0.34629629629629627 0.029166666666666667 0.1425925925925926
0 0.28203125 0.425462962962963 0.07552083333333333 0.3861111111111111
0 1 0.6847222222222222 0.15729166666666666 0.7453703703703703
0 0.2296875 0.387037037037037 0.059375 0.28703703703703703
0 0.503125 0.3509259259259259 0.029166666666666667 0.12962962962962962
0 0.5502604166666667 0.325 0.0140625 0.05740740740740741
0 0.59609375 0.35324074074074074 0.025520833333333333 0.1638888888888889
0 0.3216145833333333 0.3375 0.021354166666666667 0.10092592592592593
0 0.6020833333333333 0.35555555555555557 0.025 0.15
0 0.7067708333333333 0.34305555555555556 0.022916666666666665 0.11388888888888889
0 0.00078125 0.3587962962962963 0.0265625 0.15648148148148147
0 0.5177083333333333 0.3296296296296296 0.009375 0.037037037037037035
0 0.39427083333333335 0.324537037037037 0.015625 0.06388888888888888
0 0.3723958333333333 0.3199074074074074 0.015625 0.07314814814814814
0 0.3567708333333333 0.324537037037037 0.0125 0.06018518518518518
