0 0.66484375 0.5217592592592593 0.013020833333333334 0.06018518518518518
0 0.7140625 0.5199074074074074 0.009375 0.05648148148148148
0 0.8265625 0.5652777777777778 0.020833333333333332 0.10462962962962963
0 0.8002604166666667 0.562037037037037 0.019270833333333334 0.08703703703703704
0 0.7799479166666666 0.5703703703703704 0.013020833333333334 0.09259259259259259
0 0.7927083333333333 0.5708333333333333 0.021875 0.09722222222222222
0 0.7026041666666667 0.524074074074074 0.010416666666666666 0.05740740740740741
0 0.7723958333333333 0.812962962962963 0.046875 0.2574074074074074
0 0.8057291666666667 0.7620370370370371 0.05520833333333333 0.23333333333333334
0 0.6697916666666667 0.7 0.0375 0.2
0 0.8174479166666667 0.5736111111111111 0.0171875 0.09351851851851851
0 0.6973958333333333 0.7064814814814815 0.026041666666666668 0.20925925925925926
0 0.734375 0.5777777777777777 0.019791666666666666 0.09259259259259259
0 0.76015625 0.5699074074074074 0.022395833333333334 0.08796296296296297
0 0.9200520833333333 0.6319444444444444 0.0359375 0.14351851851851852
0 0.9401041666666666 0.6240740740740741 0.029166666666666667 0.13518518518518519
0 0.9145833333333333 0.6134259259259259 0.030208333333333334 0.14166666666666666
0 0.7190104166666667 0.5722222222222222 0.025520833333333333 0.09814814814814815
