0 0.54453125 0.5953703703703703 0.08697916666666666 0.40185185185185185
0 0.5276041666666667 0.6708333333333333 0.084375 0.5879629629629629
0 0.6966145833333334 0.5796296296296296 0.1015625 0.35
0 0.4546875 0.6171296296296296 0.06875 0.4305555555555556
0 0.22395833333333334 0.48055555555555557 0.020833333333333332 0.10185185185185185
0 0.275 0.4703703703703704 0.016666666666666666 0.1
0 0.2520833333333333 0.47175925925925927 0.015625 0.09537037037037037
0 0.22447916666666667 0.48194444444444445 0.025 0.09351851851851851
0 0.3580729166666667 0.5023148148148148 0.0328125 0.17314814814814813
0 0.9700520833333334 0.5476851851851852 0.09427083333333333 0.3453703703703704
0 0.5872395833333334 0.4652777777777778 0.03177083333333333 0.10648148148148148
0 0.40729166666666666 0.45231481481481484 0.0125 0.06574074074074074
0 0.4088541666666667 0.449537037037037 0.013541666666666667 0.06759259259259259
0 0.32083333333333336 0.45231481481481484 0.010416666666666666 0.05462962962962963
0 0.32916666666666666 0.45092592592592595 0.009375 0.05555555555555555
0 0.26640625 0.4666666666666667 0.011979166666666667 0.07592592592592592
0 0.31223958333333335 0.4546296296296296 0.0109375 0.05740740740740741
0 0.29921875 0.4564814814814815 0.009895833333333333 0.05740740740740741
0 0.29296875 0.45092592592592595 0.011979166666666667 0.05925925925925926
0 0.30572916666666666 0.45 0.011458333333333333 0.05925925925925926
0 0.2791666666666667 0.45231481481481484 0.014583333333333334 0.05648148148148148
0 0.31302083333333336 0.4217592592592593 0.010416666666666666 0.03981481481481482
0 0.31875 0.4185185185185185 0.009375 0.03888888888888889
