0 0.7375 0.4925925925925926 0.04583333333333333 0.2518518518518518
0 0.3296875 0.4935185185185185 0.04895833333333333 0.20185185185185187
0 0.615625 0.44166666666666665 0.025 0.11296296296296296
0 0.21822916666666667 0.4842592592592593 0.040625 0.17222222222222222
0 0.25677083333333334 0.4898148148148148 0.03229166666666667 0.1648148148148148
0 0.4708333333333333 0.4486111111111111 0.021875 0.10648148148148148
0 0.5838541666666667 0.44814814814814813 0.019791666666666666 0.1
0 0.284375 0.4861111111111111 0.03333333333333333 0.1685185185185185
0 0.5552083333333333 0.4393518518518518 0.016666666666666666 0.07685185185185185
0 0.16223958333333333 0.4375 0.015104166666666667 0.06388888888888888
0 0.3020833333333333 0.46805555555555556 0.027083333333333334 0.125
0 0.5942708333333333 0.4412037037037037 0.015625 0.09166666666666666
0 0.4075520833333333 0.4388888888888889 0.0109375 0.06111111111111111
0 0.40182291666666664 0.4393518518518518 0.0109375 0.05277777777777778
0 0.4192708333333333 0.44583333333333336 0.010416666666666666 0.06574074074074074
0 0.38984375 0.4393518518518518 0.0109375 0.05277777777777778
0 0.37552083333333336 0.43703703703703706 0.011458333333333333 0.05740740740740741
0 0.35989583333333336 0.44305555555555554 0.010416666666666666 0.05092592592592592
