0 0.85234375 0.6847222222222222 0.05260416666666667 0.225
0 0.25885416666666666 0.15046296296296297 0.035416666666666666 0.17685185185185184
0 0.38671875 0.625462962962963 0.04739583333333333 0.21944444444444444
0 0.9153645833333334 0.5199074074074074 0.04114583333333333 0.1935185185185185
0 0.5309895833333333 0.9763888888888889 0.04635416666666667 0.24722222222222223
0 0.35104166666666664 0.8166666666666667 0.036458333333333336 0.23148148148148148
0 0.42890625 0.21851851851851853 0.028645833333333332 0.15925925925925927
0 0.7721354166666666 0.001388888888888889 0.0265625 0.12129629629629629
0 0.5372395833333333 0.10555555555555556 0.027604166666666666 0.14814814814814814
0 0.5080729166666667 0.09351851851851851 0.030729166666666665 0.1574074074074074
0 0.49114583333333334 0.03425925925925926 0.030208333333333334 0.14074074074074075
0 0.07005208333333333 0.41064814814814815 0.0265625 0.17314814814814813
0 0.05807291666666667 0.39166666666666666 0.0296875 0.18518518518518517
0 0.47239583333333335 0.6013888888888889 0.05416666666666667 0.2175925925925926
0 0.5049479166666667 0.6032407407407407 0.0421875 0.19907407407407407
0 0.40598958333333335 0.16018518518518518 0.030729166666666665 0.11666666666666667
0 0.38619791666666664 0.1625 0.0328125 0.15462962962962962
0 0.38671875 0.055092592592592596 0.025520833333333333 0.1361111111111111
0 0.29713541666666665 0.022685185185185187 0.021354166666666667 0.12314814814814815
0 0.1203125 0.33425925925925926 0.028125 0.16296296296296298
0 0.23333333333333334 0.6736111111111112 0.03854166666666667 0.21944444444444444
0 0.17760416666666667 0.6541666666666667 0.041666666666666664 0.23055555555555557
0 0.30130208333333336 0.1388888888888889 0.0296875 0.15185185185185185
0 0.18255208333333334 0.12824074074074074 0.030729166666666665 0.15092592592592594
0 0.20052083333333334 0.1814814814814815 0.027083333333333334 0.16296296296296298
0 0.6434895833333333 0.5449074074074074 0.028645833333333332 0.18796296296296297
0 0.1625 0.19537037037037036 0.027083333333333334 0.1574074074074074
0 0.19192708333333333 0.16203703703703703 0.0265625 0.15925925925925927
0 0.13151041666666666 0.2037037037037037 0.034895833333333334 0.1425925925925926
0 0.13541666666666666 0.1875 0.036458333333333336 0.15462962962962962
0 0.15442708333333333 0.15648148148148147 0.028645833333333332 0.16111111111111112
0 0.14765625 0.14166666666666666 0.025520833333333333 0.15185185185185185
0 0.11770833333333333 0.17407407407407408 0.020833333333333332 0.15925925925925927
0 0.4466145833333333 0.04212962962962963 0.027604166666666666 0.14907407407407408
0 0.23489583333333333 0.16296296296296298 0.026041666666666668 0.16111111111111112
0 0.2598958333333333 0.33796296296296297 0.0375 0.18703703703703703
0 0.9234375 0.47175925925925927 0.034375 0.19166666666666668
0 0.8098958333333334 0.006481481481481481 0.029166666666666667 0.13703703703703704
0 0.9380208333333333 0.18981481481481483 0.03125 0.1537037037037037
0 0.946875 0.14074074074074075 0.035416666666666666 0.1537037037037037
0 0.9903645833333333 0.1439814814814815 0.04010416666666667 0.16018518518518518
0 0.8765625 0.12916666666666668 0.034375 0.15462962962962962
0 0.32057291666666665 1 0.0453125 0.11851851851851852
0 0.2328125 0.03611111111111111 0.020833333333333332 0.12962962962962962
0 0.20416666666666666 0.043055555555555555 0.03333333333333333 0.1287037037037037
0 0.7216145833333333 0 0.03177083333333333 0.12777777777777777
