0 0.13671875 0.6194444444444445 0.019270833333333334 0.10925925925925926
0 0.5825520833333333 0.5009259259259259 0.011979166666666667 0.05
0 0.12682291666666667 0.6273148148148148 0.0171875 0.09722222222222222
0 0.1203125 0.637962962962963 0.016666666666666666 0.10185185185185185
0 0.04348958333333333 0.6319444444444444 0.022395833333333334 0.10462962962962963
0 0.6940104166666666 0.5814814814814815 0.025520833333333333 0.1111111111111111
0 0.6950520833333333 0.5583333333333333 0.021354166666666667 0.10740740740740741
0 0.8161458333333333 0.5296296296296297 0.01875 0.09444444444444444
0 0.7177083333333333 0.5615740740740741 0.035416666666666666 0.12129629629629629
0 0.03723958333333333 0.6347222222222222 0.0265625 0.11203703703703703
0 0.66875 0.5217592592592593 0.013541666666666667 0.0712962962962963
0 0.6768229166666667 0.5365740740740741 0.016145833333333335 0.0824074074074074
0 0.7307291666666667 0.5583333333333333 0.020833333333333332 0.10555555555555556
0 0.6322916666666667 0.5226851851851851 0.01875 0.0712962962962963
0 0.6205729166666667 0.5111111111111111 0.011979166666666667 0.046296296296296294
0 0.6575520833333334 0.5254629629629629 0.015104166666666667 0.07314814814814814
0 0.646875 0.5222222222222223 0.0125 0.06666666666666667
