0 0.5234375 0.41759259259259257 0.036458333333333336 0.1537037037037037
0 0.47291666666666665 0.39444444444444443 0.027083333333333334 0.12962962962962962
0 0.44765625 0.39675925925925926 0.024479166666666666 0.13425925925925927
0 0.7848958333333333 0.6370370370370371 0.11770833333333333 0.6370370370370371
0 0.9260416666666667 0.6268518518518519 0.14583333333333334 0.6574074074074074
0 0.33255208333333336 0.4050925925925926 0.043229166666666666 0.16203703703703703
0 0.5072916666666667 0.39351851851851855 0.025 0.11666666666666667
0 0.20963541666666666 0.3925925925925926 0.0265625 0.11666666666666667
0 0.6682291666666667 0.44027777777777777 0.046875 0.25833333333333336
0 0.559375 0.3921296296296296 0.017708333333333333 0.10648148148148148
0 0.2677083333333333 0.3875 0.023958333333333335 0.12129629629629629
0 0.25286458333333334 0.3939814814814815 0.0171875 0.10092592592592593
0 0.49635416666666665 0.39166666666666666 0.021875 0.0962962962962963
0 0.09817708333333333 0.3699074074074074 0.013020833333333334 0.06574074074074074
0 0.11458333333333333 0.38796296296296295 0.020833333333333332 0.10555555555555556
0 0.125 0.36898148148148147 0.014583333333333334 0.06388888888888888
0 0.365625 0.37222222222222223 0.0125 0.05555555555555555
