0 0.8453125 0.6546296296296297 0.05 0.21481481481481482
0 0.21848958333333332 0.6138888888888889 0.033854166666666664 0.22962962962962963
0 0.91640625 0.5185185185185185 0.049479166666666664 0.1925925925925926
0 0.4552083333333333 0.9824074074074074 0.042708333333333334 0.2351851851851852
0 0.35104166666666664 0.8166666666666667 0.036458333333333336 0.23148148148148148
0 0.43072916666666666 0.21157407407407408 0.022916666666666665 0.16203703703703703
0 0.33697916666666666 0.1259259259259259 0.020833333333333332 0.12962962962962962
0 0.1734375 0.27824074074074073 0.029166666666666667 0.16574074074074074
0 0.14817708333333332 0.2726851851851852 0.0296875 0.1824074074074074
0 0.40286458333333336 0.14583333333333334 0.024479166666666666 0.1398148148148148
0 0.4041666666666667 0.12407407407407407 0.028125 0.1574074074074074
0 0.2989583333333333 0.01990740740740741 0.023958333333333335 0.12129629629629629
0 0.2596354166666667 0.08518518518518518 0.022395833333333334 0.12777777777777777
0 0.3067708333333333 0.18333333333333332 0.027083333333333334 0.16296296296296298
0 0.18359375 0.04953703703703704 0.0265625 0.1398148148148148
0 0.2 0.1824074074074074 0.025 0.15925925925925927
0 0.16302083333333334 0.1935185185185185 0.025 0.15555555555555556
0 0.19375 0.1648148148148148 0.025 0.16111111111111112
0 0.13098958333333333 0.1986111111111111 0.025520833333333333 0.15092592592592594
0 0.121875 0.18009259259259258 0.026041666666666668 0.16944444444444445
0 0.14921875 0.16805555555555557 0.028645833333333332 0.16203703703703703
0 0.15755208333333334 0.14166666666666666 0.027604166666666666 0.15185185185185185
0 0.47265625 0 0.025520833333333333 0.14907407407407408
0 0.17369791666666667 0.45092592592592595 0.0390625 0.1925925925925926
0 0.25546875 0.027777777777777776 0.030729166666666665 0.14814814814814814
0 0.70703125 0.8648148148148148 0.04739583333333333 0.25
0 0.6619791666666667 0.8837962962962963 0.04583333333333333 0.24166666666666667
0 0.85234375 0.21388888888888888 0.0359375 0.17037037037037037
0 0.7825520833333334 0.20416666666666666 0.027604166666666666 0.15648148148148147
0 0.7377604166666667 0 0.022395833333333334 0.11666666666666667
0 0.7861979166666667 0.07222222222222222 0.0296875 0.13148148148148148
0 0.26484375 0.21574074074074073 0.024479166666666666 0.16296296296296298
0 0.23489583333333333 0.21805555555555556 0.034375 0.14907407407407408
0 0.14713541666666666 0.04675925925925926 0.024479166666666666 0.13055555555555556
0 0.228125 0.0962962962962963 0.028125 0.14814814814814814
0 0.19791666666666666 0.09305555555555556 0.027083333333333334 0.14166666666666666
0 0.8395833333333333 0 0.020833333333333332 0.08055555555555556
0 0.5484375 0.01990740740740741 0.03229166666666667 0.13055555555555556
