0 0.84140625 0.5782407407407407 0.027604166666666666 0.1361111111111111
0 0.9114583333333334 0.55 0.023958333333333335 0.08888888888888889
0 0.8825520833333333 0.5342592592592592 0.0203125 0.08703703703703704
0 0.20130208333333333 0.5689814814814815 0.022395833333333334 0.10833333333333334
0 0.22942708333333334 0.5722222222222222 0.0234375 0.11481481481481481
0 0.30494791666666665 0.5467592592592593 0.0171875 0.08425925925925926
0 0.2908854166666667 0.55 0.016145833333333335 0.07777777777777778
0 0.3341145833333333 0.5337962962962963 0.016145833333333335 0.0824074074074074
0 0.31927083333333334 0.5398148148148149 0.014583333333333334 0.08518518518518518
0 0.7283854166666667 0.49722222222222223 0.011979166666666667 0.053703703703703705
0 0.82578125 0.5018518518518519 0.0109375 0.05185185185185185
0 0.5463541666666667 0.47175925925925927 0.007291666666666667 0.028703703703703703
0 0.2833333333333333 0.5296296296296297 0.011458333333333333 0.07777777777777778
0 0.29375 0.5342592592592592 0.015625 0.08888888888888889
0 0.6447916666666667 0.47453703703703703 0.009375 0.03611111111111111
0 0.8747395833333333 0.49074074074074076 0.008854166666666666 0.04814814814814815
0 0.4127604166666667 0.4949074074074074 0.008854166666666666 0.04722222222222222
0 0.43072916666666666 0.49953703703703706 0.009375 0.049074074074074076
0 0.39609375 0.49212962962962964 0.0109375 0.04537037037037037
0 0.6658854166666667 0.48148148148148145 0.0109375 0.046296296296296294
0 0.6770833333333334 0.48657407407407405 0.009375 0.04351851851851852
0 0.7268229166666667 0.49212962962962964 0.011979166666666667 0.04537037037037037
0 0.27838541666666666 0.5435185185185185 0.015104166666666667 0.06851851851851852
0 0.7799479166666666 0.4888888888888889 0.009895833333333333 0.04814814814814815
