0 0.8268229166666666 0.6648148148148149 0.04114583333333333 0.22407407407407406
0 0.25286458333333334 0.09583333333333334 0.03802083333333333 0.1675925925925926
0 0.4471354166666667 0.6819444444444445 0.0390625 0.23796296296296296
0 0.91875 0.5212962962962963 0.035416666666666666 0.19074074074074074
0 0.5552083333333333 0.9842592592592593 0.046875 0.23148148148148148
0 0.35104166666666664 0.8166666666666667 0.036458333333333336 0.23148148148148148
0 0.42682291666666666 0.21388888888888888 0.030729166666666665 0.15925925925925927
0 0.534375 0.04953703703703704 0.027083333333333334 0.13796296296296295
0 0.49973958333333335 0.046296296296296294 0.028645833333333332 0.14814814814814814
0 0.29973958333333334 0.12916666666666668 0.0203125 0.14351851851851852
0 0.090625 0.39444444444444443 0.03125 0.17962962962962964
0 0.061197916666666664 0.3768518518518518 0.021354166666666667 0.20185185185185187
0 0.5138020833333333 0.7486111111111111 0.06510416666666667 0.23425925925925925
0 0.5513020833333333 0.7532407407407408 0.0390625 0.2175925925925926
0 0.40651041666666665 0.1574074074074074 0.025520833333333333 0.12222222222222222
0 0.38828125 0.16296296296296298 0.033854166666666664 0.1537037037037037
0 0.3890625 0 0.025 0.1287037037037037
0 0.29713541666666665 0.022222222222222223 0.021354166666666667 0.12222222222222222
0 0.17890625 0.24722222222222223 0.025520833333333333 0.15555555555555556
0 0.17395833333333333 0.8351851851851851 0.03854166666666667 0.24074074074074073
0 0.134375 0.8111111111111111 0.04791666666666667 0.2462962962962963
0 0.2799479166666667 0.16620370370370371 0.030729166666666665 0.15833333333333333
0 0.17682291666666666 0.12731481481481483 0.0265625 0.1527777777777778
0 0.20052083333333334 0.18287037037037038 0.027083333333333334 0.16203703703703703
0 0.88359375 0.6574074074074074 0.0328125 0.19444444444444445
0 0.16354166666666667 0.19444444444444445 0.027083333333333334 0.1574074074074074
0 0.20286458333333332 0.1638888888888889 0.025520833333333333 0.16296296296296298
0 0.12916666666666668 0.2 0.03229166666666667 0.14629629629629629
0 0.13489583333333333 0.18287037037037038 0.029166666666666667 0.16203703703703703
0 0.16171875 0.16157407407407406 0.0296875 0.1638888888888889
0 0.15 0.14166666666666666 0.026041666666666668 0.15
0 0.11770833333333333 0.17407407407407408 0.020833333333333332 0.15925925925925927
0 0.4705729166666667 0.04259259259259259 0.024479166666666666 0.15
0 0.22552083333333334 0.24074074074074073 0.03125 0.16666666666666666
0 0.26067708333333334 0.2263888888888889 0.0328125 0.175
0 0.9263020833333333 0.41203703703703703 0.0390625 0.19814814814814816
0 0.8606770833333334 0.38101851851851853 0.030729166666666665 0.1824074074074074
0 0.7934895833333333 0.05416666666666667 0.0296875 0.1361111111111111
0 0.9208333333333333 0.2601851851851852 0.035416666666666666 0.16111111111111112
0 0.8908854166666667 0.10925925925925926 0.0265625 0.15185185185185185
0 0.8583333333333333 0.10555555555555556 0.029166666666666667 0.16296296296296298
0 0.97265625 0.2564814814814815 0.0421875 0.17407407407407408
0 0.22083333333333333 0.09074074074074075 0.022916666666666665 0.14629629629629629
0 0.19427083333333334 0.09768518518518518 0.029166666666666667 0.1361111111111111
0 0.26614583333333336 0 0.025 0.12777777777777777
0 0.23828125 0 0.0234375 0.1175925925925926
