0 0.5411458333333333 0.5907407407407408 0.08854166666666667 0.39814814814814814
0 0.5916666666666667 0.4625 0.019791666666666666 0.09166666666666666
0 0.5203125 0.6689814814814815 0.08229166666666667 0.5842592592592593
0 0.6885416666666667 0.5768518518518518 0.103125 0.3425925925925926
0 0.4505208333333333 0.6111111111111112 0.07083333333333333 0.4185185185185185
0 0.22526041666666666 0.48055555555555557 0.019270833333333334 0.10185185185185185
0 0.2755208333333333 0.4699074074074074 0.016666666666666666 0.10092592592592593
0 0.253125 0.47175925925925927 0.015625 0.09537037037037037
0 0.22447916666666667 0.48194444444444445 0.025 0.09351851851851851
0 0.23125 0.4648148148148148 0.015625 0.07592592592592592
0 0.3546875 0.5013888888888889 0.03125 0.17314814814814813
0 0.9984375 0.55 0.09479166666666666 0.34629629629629627
0 0.5833333333333334 0.4652777777777778 0.029166666666666667 0.10648148148148148
0 0.40729166666666666 0.45 0.013541666666666667 0.06666666666666667
0 0.31979166666666664 0.4513888888888889 0.010416666666666666 0.05462962962962963
0 0.32760416666666664 0.45092592592592595 0.009375 0.05555555555555555
0 0.26640625 0.4666666666666667 0.011979166666666667 0.07592592592592592
0 0.31276041666666665 0.4546296296296296 0.0109375 0.05740740740740741
0 0.29921875 0.4564814814814815 0.009895833333333333 0.05740740740740741
0 0.29296875 0.45092592592592595 0.011979166666666667 0.05925925925925926
0 0.30572916666666666 0.45 0.011458333333333333 0.05925925925925926
0 0.2791666666666667 0.45231481481481484 0.014583333333333334 0.05648148148148148
0 0.3125 0.42083333333333334 0.010416666666666666 0.03981481481481482
0 0.3182291666666667 0.41759259259259257 0.009375 0.03888888888888889
