0 0.014322916666666666 0.7546296296296297 0.024479166666666666 0.1685185185185185
0 0.6731770833333334 0.5435185185185185 0.009895833333333333 0.053703703703703705
0 0.7244791666666667 0.5365740740740741 0.011458333333333333 0.058333333333333334
0 0.8309895833333333 0.5740740740740741 0.019270833333333334 0.09074074074074075
0 0.8067708333333333 0.5773148148148148 0.01875 0.08796296296296297
0 0.7861979166666667 0.5824074074074074 0.013020833333333334 0.08703703703703704
0 0.7955729166666666 0.5777777777777777 0.018229166666666668 0.09074074074074075
0 0.7145833333333333 0.5365740740740741 0.010416666666666666 0.05462962962962963
0 0.7791666666666667 0.7773148148148148 0.04375 0.22314814814814815
0 0.8372395833333334 0.7449074074074075 0.0640625 0.19907407407407407
0 0.7072916666666667 0.6939814814814815 0.035416666666666666 0.18611111111111112
0 0.8205729166666667 0.5847222222222223 0.0171875 0.09351851851851851
0 0.7252604166666666 0.7078703703703704 0.03802083333333333 0.2064814814814815
0 0.7484375 0.5861111111111111 0.017708333333333333 0.08518518518518518
0 0.7697916666666667 0.5833333333333334 0.022916666666666665 0.08518518518518518
0 0.8947916666666667 0.6328703703703704 0.025 0.13240740740740742
0 0.83984375 0.7263888888888889 0.0515625 0.20277777777777778
0 0.9205729166666666 0.6273148148148148 0.025520833333333333 0.12314814814814815
0 0.89453125 0.6152777777777778 0.027604166666666666 0.12129629629629629
0 0.7299479166666667 0.5879629629629629 0.025520833333333333 0.09814814814814815
