0 0.45026041666666666 0.5148148148148148 0.1078125 0.6018518518518519
0 0.37604166666666666 0.4444444444444444 0.035416666666666666 0.1685185185185185
0 0.86328125 0.39861111111111114 0.0296875 0.125
0 0.6229166666666667 0.49722222222222223 0.09583333333333334 0.44074074074074077
0 0.23203125 0.49074074074074076 0.06197916666666667 0.36666666666666664
0 0.5296875 0.45185185185185184 0.05 0.3111111111111111
0 0.5513020833333333 0.4388888888888889 0.04114583333333333 0.2111111111111111
0 0.68046875 0.41898148148148145 0.0234375 0.11018518518518519
0 0.69765625 0.41805555555555557 0.019270833333333334 0.10462962962962963
0 0.7651041666666667 0.7240740740740741 0.013541666666666667 0.04814814814814815
