0 0.540625 0.3976851851851852 0.03333333333333333 0.14907407407407408
0 0.47552083333333334 0.37962962962962965 0.021875 0.12037037037037036
0 0.4354166666666667 0.37916666666666665 0.020833333333333332 0.11944444444444445
0 0.9515625 0.5791666666666667 0.12395833333333334 0.5805555555555556
0 0.04401041666666667 0.43194444444444446 0.059895833333333336 0.23425925925925925
0 0.33932291666666664 0.3875 0.033854166666666664 0.1398148148148148
0 0.005729166666666666 0.4439814814814815 0.0375 0.18055555555555555
0 0.4921875 0.37083333333333335 0.017708333333333333 0.09722222222222222
0 0.18619791666666666 0.39675925925925926 0.025520833333333333 0.12129629629629629
0 0.5989583333333334 0.3851851851851852 0.03125 0.1648148148148148
0 0.28802083333333334 0.37916666666666665 0.019791666666666666 0.09907407407407408
0 0.27369791666666665 0.3819444444444444 0.0140625 0.0824074074074074
0 0.31328125 0.3837962962962963 0.0171875 0.09907407407407408
0 0.446875 0.36018518518518516 0.013541666666666667 0.06296296296296296
0 0.10598958333333333 0.37083333333333335 0.0109375 0.062037037037037036
0 0.12916666666666668 0.3875 0.017708333333333333 0.09537037037037037
0 0.29739583333333336 0.36944444444444446 0.0125 0.04814814814814815
