0 0.734375 0.6370370370370371 0.053125 0.22407407407407406
0 0.2390625 0.3398148148148148 0.03854166666666667 0.2037037037037037
0 0.07421875 0.6203703703703703 0.043229166666666666 0.23333333333333334
0 0.9161458333333333 0.5199074074074074 0.03958333333333333 0.1935185185185185
0 0.565625 0.9722222222222222 0.0375 0.2518518518518518
0 0.3536458333333333 0.8208333333333333 0.052083333333333336 0.2324074074074074
0 0.4296875 0.21851851851851853 0.03125 0.16111111111111112
0 0.7895833333333333 0.13194444444444445 0.027083333333333334 0.1361111111111111
0 0.69765625 0.23657407407407408 0.025520833333333333 0.14537037037037037
0 0.6856770833333333 0.24212962962962964 0.03177083333333333 0.16574074074074074
0 0.3268229166666667 0.23657407407407408 0.03177083333333333 0.14722222222222223
0 0.4671875 0.27685185185185185 0.035416666666666666 0.17777777777777778
0 0.06901041666666667 0.41064814814814815 0.024479166666666666 0.17314814814814813
0 0.07916666666666666 0.39305555555555555 0.029166666666666667 0.18796296296296297
0 0.4122395833333333 0.3138888888888889 0.034895833333333334 0.17407407407407408
0 0.4361979166666667 0.32037037037037036 0.03177083333333333 0.16666666666666666
0 0.6208333333333333 0.22685185185185186 0.025 0.14814814814814814
0 0.55234375 0.20046296296296295 0.0296875 0.15648148148148147
0 0.38046875 0.0712962962962963 0.027604166666666666 0.15
0 0.2981770833333333 0.020370370370370372 0.022395833333333334 0.12407407407407407
0 0.10989583333333333 0.6712962962962963 0.035416666666666666 0.2
0 0.32109375 0.32731481481481484 0.0296875 0.17685185185185184
0 0.2916666666666667 0.34120370370370373 0.028125 0.18981481481481483
0 0.2513020833333333 0.04490740740740741 0.0265625 0.1398148148148148
0 0.2109375 0.04212962962962963 0.022916666666666665 0.14722222222222223
0 0.29322916666666665 0.13657407407407407 0.025 0.15462962962962962
0 0.253125 0.10925925925925926 0.023958333333333335 0.14814814814814814
0 0.19921875 0.17916666666666667 0.027604166666666666 0.16203703703703703
0 0.2682291666666667 0.25925925925925924 0.029166666666666667 0.15555555555555556
0 0.1640625 0.19444444444444445 0.027083333333333334 0.1574074074074074
0 0.190625 0.16203703703703703 0.022916666666666665 0.15925925925925927
0 0.12630208333333334 0.19212962962962962 0.0265625 0.1527777777777778
0 0.14765625 0.1712962962962963 0.027604166666666666 0.17037037037037037
0 0.16041666666666668 0.15185185185185185 0.029166666666666667 0.15555555555555556
0 0.1171875 0.17407407407407408 0.020833333333333332 0.15925925925925927
0 0.20052083333333334 0.009259259259259259 0.022916666666666665 0.1425925925925926
0 0.2328125 0.7837962962962963 0.046875 0.24166666666666667
0 0.8002604166666667 0.0032407407407407406 0.024479166666666666 0.12685185185185185
