0 0.48984375 0.625 0.11822916666666666 0.6240740740740741
0 0.10026041666666667 0.6967592592592593 0.1296875 0.6546296296296297
0 0.2877604166666667 0.6523148148148148 0.10989583333333333 0.6138888888888889
0 0.40208333333333335 0.5361111111111111 0.027083333333333334 0.13148148148148148
0 0.4309895833333333 0.5268518518518519 0.027604166666666666 0.15185185185185185
0 0.8098958333333334 0.4962962962962963 0.023958333333333335 0.1259259259259259
0 0.6104166666666667 0.5907407407407408 0.096875 0.4148148148148148
0 0.95703125 0.49722222222222223 0.0171875 0.09814814814814815
0 0.9442708333333333 0.4949074074074074 0.020833333333333332 0.08796296296296297
0 0.5466145833333333 0.5467592592592593 0.0484375 0.2935185185185185
0 0.70703125 0.5092592592592593 0.021354166666666667 0.10555555555555556
0 0.7192708333333333 0.5106481481481482 0.016666666666666666 0.09907407407407408
0 0.7549479166666667 0.8078703703703703 0.0140625 0.04722222222222222
