0 0.6442708333333333 0.3537037037037037 0.03229166666666667 0.14444444444444443
0 0.4630208333333333 0.3472222222222222 0.030208333333333334 0.14629629629629629
0 0.19817708333333334 0.40370370370370373 0.0921875 0.35555555555555557
0 0.509375 0.3537037037037037 0.029166666666666667 0.13703703703703704
0 0.57421875 0.3282407407407407 0.013020833333333334 0.06574074074074074
0 0.6356770833333333 0.3662037037037037 0.0265625 0.18796296296296297
0 0.3385416666666667 0.33240740740740743 0.020833333333333332 0.09444444444444444
0 0.6307291666666667 0.36203703703703705 0.026041666666666668 0.1685185185185185
0 0.153125 0.34814814814814815 0.03125 0.1425925925925926
0 0.52578125 0.3263888888888889 0.0140625 0.058333333333333334
0 0.29973958333333334 0.3574074074074074 0.022395833333333334 0.14629629629629629
0 0.5421875 0.3194444444444444 0.009375 0.03888888888888889
0 0.53125 0.3189814814814815 0.008333333333333333 0.04351851851851852
0 0.3893229166666667 0.32314814814814813 0.015104166666666667 0.06666666666666667
0 0.3690104166666667 0.31712962962962965 0.015104166666666667 0.075
0 0.3729166666666667 0.32546296296296295 0.0125 0.06018518518518518
0 0.3848958333333333 0.32175925925925924 0.011458333333333333 0.058333333333333334
