0 0.7361979166666667 0.6375 0.05364583333333333 0.22314814814814815
0 0.21666666666666667 0.48148148148148145 0.042708333333333334 0.22037037037037038
0 0.07473958333333333 0.6240740740740741 0.043229166666666666 0.23148148148148148
0 0.9190104166666667 0.5203703703703704 0.0390625 0.19444444444444445
0 0.60546875 1 0.04010416666666667 0.19814814814814816
0 0.3546875 0.8208333333333333 0.052083333333333336 0.2324074074074074
0 0.4296875 0.21851851851851853 0.03125 0.16111111111111112
0 0.9536458333333333 0.2814814814814815 0.03333333333333333 0.16666666666666666
0 0.78828125 0.13240740740740742 0.027604166666666666 0.13518518518518519
0 0.8630208333333333 0.32546296296296295 0.03125 0.16944444444444445
0 0.8208333333333333 0.31851851851851853 0.03125 0.17777777777777778
0 0.5736979166666667 0.27546296296296297 0.0484375 0.16574074074074074
0 0.5557291666666667 0.2101851851851852 0.0375 0.1648148148148148
0 0.12864583333333332 0.45185185185185184 0.03333333333333333 0.1814814814814815
0 0.14557291666666666 0.42824074074074076 0.0296875 0.19907407407407407
0 0.47265625 0.20046296296296295 0.03177083333333333 0.16574074074074074
0 0.4890625 0.2023148148148148 0.026041666666666668 0.14722222222222223
0 0.553125 0.016666666666666666 0.023958333333333335 0.11296296296296296
0 0.5325520833333334 0.013425925925925926 0.024479166666666666 0.11203703703703703
0 0.7635416666666667 0.30324074074074076 0.026041666666666668 0.15648148148148147
0 0.7453125 0.25787037037037036 0.023958333333333335 0.15833333333333333
0 0.38046875 0.07083333333333333 0.027604166666666666 0.15092592592592594
0 0.4036458333333333 0 0.020833333333333332 0.10092592592592593
0 0.296875 0.020833333333333332 0.019791666666666666 0.12129629629629629
0 0.0036458333333333334 0.9180555555555555 0.0375 0.23425925925925925
0 0.28984375 0.22453703703703703 0.05260416666666667 0.175
0 0.25416666666666665 0.14907407407407408 0.026041666666666668 0.15925925925925927
0 0.23098958333333333 0.16018518518518518 0.027604166666666666 0.1574074074074074
0 0.2921875 0.13657407407407407 0.021875 0.15462962962962962
0 0.2682291666666667 0.11296296296296296 0.026041666666666668 0.14814814814814814
0 0.19895833333333332 0.17962962962962964 0.027083333333333334 0.1648148148148148
0 0.20442708333333334 0.1425925925925926 0.024479166666666666 0.1425925925925926
0 0.16276041666666666 0.1925925925925926 0.027604166666666666 0.1574074074074074
0 0.18776041666666668 0.16018518518518518 0.025520833333333333 0.16111111111111112
0 0.12578125 0.19490740740740742 0.0234375 0.1527777777777778
0 0.14973958333333334 0.17037037037037037 0.030729166666666665 0.16666666666666666
0 0.1515625 0.1425925925925926 0.028125 0.1537037037037037
0 0.11953125 0.17175925925925925 0.021354166666666667 0.1638888888888889
0 0.6486979166666667 0.05462962962962963 0.03802083333333333 0.13518518518518519
