0 0.39375 0.5324074074074074 0.08125 0.37592592592592594
0 0.37265625 0.549537037037037 0.08072916666666667 0.3861111111111111
0 0.5815104166666667 0.5180555555555556 0.09322916666666667 0.41944444444444445
0 0.5122395833333333 0.5481481481481482 0.08802083333333334 0.34814814814814815
0 0.029166666666666667 0.6013888888888889 0.16666666666666666 0.7212962962962963
0 0.8296875 0.5027777777777778 0.06145833333333333 0.21481481481481482
0 0.20885416666666667 0.5370370370370371 0.35208333333333336 1
0 0.7559895833333333 0.5703703703703704 0.034895833333333334 0.15
0 0.7734375 0.5185185185185185 0.053125 0.24444444444444444
0 0.8919270833333334 0.4824074074074074 0.059895833333333336 0.22777777777777777
