0 0.5588541666666667 0.4 0.036458333333333336 0.15185185185185185
0 0.49895833333333334 0.38981481481481484 0.027083333333333334 0.13148148148148148
0 0.47708333333333336 0.37916666666666665 0.023958333333333335 0.13796296296296295
0 0.7770833333333333 0.6157407407407407 0.11666666666666667 0.6388888888888888
0 0.9197916666666667 0.6222222222222222 0.15208333333333332 0.6888888888888889
0 0.3528645833333333 0.38333333333333336 0.043229166666666666 0.17407407407407408
0 0.509375 0.37777777777777777 0.022916666666666665 0.11851851851851852
0 0.013020833333333334 0.39861111111111114 0.03854166666666667 0.1787037037037037
0 0.5447916666666667 0.38472222222222224 0.026041666666666668 0.12129629629629629
0 0.25390625 0.3712962962962963 0.025520833333333333 0.1111111111111111
0 0.6 0.37916666666666665 0.017708333333333333 0.10648148148148148
0 0.28619791666666666 0.3699074074074074 0.024479166666666666 0.12129629629629629
0 0.27395833333333336 0.375 0.021875 0.1111111111111111
0 0.5236979166666667 0.37777777777777777 0.0203125 0.09259259259259259
0 0.12916666666666668 0.34074074074074073 0.0125 0.07037037037037037
0 0.14270833333333333 0.3638888888888889 0.020833333333333332 0.10555555555555556
0 0.15677083333333333 0.3486111111111111 0.014583333333333334 0.06388888888888888
0 0.40130208333333334 0.35555555555555557 0.011979166666666667 0.05925925925925926
0 0.39166666666666666 0.35 0.009375 0.05740740740740741
0 0.37005208333333334 0.35138888888888886 0.011979166666666667 0.04722222222222222
