0 0.8497395833333333 0.5699074074074074 0.033854166666666664 0.11944444444444445
0 0.715625 0.562962962962963 0.026041666666666668 0.11296296296296296
0 0.13229166666666667 0.5527777777777778 0.013541666666666667 0.06851851851851852
0 0.6177083333333333 0.549074074074074 0.020833333333333332 0.0962962962962963
0 0.24401041666666667 0.5013888888888889 0.008854166666666666 0.03425925925925926
0 0.07395833333333333 0.5518518518518518 0.010416666666666666 0.06296296296296296
0 0.4466145833333333 0.49537037037037035 0.009895833333333333 0.044444444444444446
0 0.12526041666666668 0.5532407407407407 0.009895833333333333 0.0712962962962963
0 0.12760416666666666 0.5601851851851852 0.0125 0.06666666666666667
0 0.07083333333333333 0.5583333333333333 0.0125 0.06851851851851852
0 0.08880208333333334 0.5486111111111112 0.0140625 0.07314814814814814
0 0.4822916666666667 0.5152777777777777 0.014583333333333334 0.058333333333333334
0 0.534375 0.5120370370370371 0.0125 0.05555555555555555
0 0.5236979166666667 0.513425925925926 0.0109375 0.06018518518518518
0 0.6122395833333333 0.5222222222222223 0.0140625 0.07407407407407407
0 0.56484375 0.5106481481481482 0.015104166666666667 0.06388888888888888
0 0.57734375 0.5083333333333333 0.015104166666666667 0.05740740740740741
0 0.4953125 0.5138888888888888 0.0125 0.05925925925925926
