0 0.47578125 0.38564814814814813 0.030729166666666665 0.14537037037037037
0 0.4203125 0.36712962962962964 0.021875 0.11944444444444445
0 0.3809895833333333 0.3699074074074074 0.022395833333333334 0.12314814814814815
0 0.8440104166666667 0.5726851851851852 0.09427083333333333 0.5879629629629629
0 0.95 0.5546296296296296 0.1 0.6055555555555555
0 0.2864583333333333 0.37777777777777777 0.03854166666666667 0.15
0 0.44192708333333336 0.3574074074074074 0.018229166666666668 0.10185185185185185
0 0.12838541666666667 0.38564814814814813 0.025520833333333333 0.12129629629629629
0 0.5606770833333333 0.3787037037037037 0.033854166666666664 0.18888888888888888
0 0.44921875 0.3578703703703704 0.0171875 0.09351851851851851
0 0.48489583333333336 0.3597222222222222 0.017708333333333333 0.10648148148148148
0 0.2203125 0.3731481481481482 0.020833333333333332 0.1111111111111111
0 0.20807291666666666 0.3699074074074074 0.016145833333333335 0.08796296296296297
0 0.5 0.35694444444444445 0.020833333333333332 0.08611111111111111
0 0.25807291666666665 0.3773148148148148 0.0171875 0.10092592592592593
0 0.24322916666666666 0.35648148148148145 0.0125 0.05740740740740741
0 0.39609375 0.35185185185185186 0.013020833333333334 0.06481481481481481
0 0.028645833333333332 0.3611111111111111 0.011458333333333333 0.06666666666666667
0 0.05416666666666667 0.38657407407407407 0.020833333333333332 0.09907407407407408
0 0.06276041666666667 0.36435185185185187 0.0140625 0.062037037037037036
