0 0.09375 0.6902777777777778 0.021875 0.14537037037037037
0 0.075 0.6912037037037037 0.019791666666666666 0.1361111111111111
0 0.07604166666666666 0.7060185185185185 0.017708333333333333 0.1361111111111111
0 0.06328125 0.7134259259259259 0.019270833333333334 0.13425925925925927
0 0.7182291666666667 0.5023148148148148 0.0125 0.05092592592592592
0 0.8046875 0.5439814814814815 0.016666666666666666 0.09351851851851851
0 0.7825520833333334 0.5375 0.018229166666666668 0.0787037037037037
0 0.70546875 0.5037037037037037 0.015104166666666667 0.05185185185185185
0 0.696875 0.5050925925925925 0.015625 0.05648148148148148
0 0.7716145833333333 0.6787037037037037 0.033854166666666664 0.17222222222222222
0 0.8466145833333333 0.6574074074074074 0.04635416666666667 0.1648148148148148
0 0.71796875 0.6407407407407407 0.0359375 0.16111111111111112
0 0.7971354166666667 0.5402777777777777 0.0171875 0.08055555555555556
0 0.9989583333333333 0.5708333333333333 0.023958333333333335 0.12685185185185185
0 0.75078125 0.6416666666666667 0.05572916666666667 0.17777777777777778
0 0.7466145833333333 0.5444444444444444 0.018229166666666668 0.07037037037037037
0 0.7677083333333333 0.5435185185185185 0.020833333333333332 0.07407407407407407
0 0.83515625 0.5685185185185185 0.022395833333333334 0.08518518518518518
0 0.8575520833333333 0.5685185185185185 0.021354166666666667 0.08888888888888889
0 0.7184895833333333 0.5430555555555555 0.0234375 0.0824074074074074
0 0.7364583333333333 0.5435185185185185 0.013541666666666667 0.06851851851851852
