0 0.7614583333333333 0.6393518518518518 0.05 0.22685185185185186
0 0.25494791666666666 0.2388888888888889 0.03802083333333333 0.1925925925925926
0 0.11171875 0.6444444444444445 0.044270833333333336 0.23148148148148148
0 0.9158854166666667 0.5199074074074074 0.04010416666666667 0.1935185185185185
0 0.51328125 0.9736111111111111 0.043229166666666666 0.25092592592592594
0 0.35078125 0.8189814814814815 0.044270833333333336 0.23055555555555557
0 0.42942708333333335 0.21851851851851853 0.030729166666666665 0.16111111111111112
0 0.78203125 0.10833333333333334 0.0265625 0.13518518518518519
0 0.596875 0.16712962962962963 0.030208333333333334 0.15092592592592594
0 0.56015625 0.18101851851851852 0.030729166666666665 0.16944444444444445
0 0.2799479166666667 0.18888888888888888 0.0265625 0.1648148148148148
0 0.5072916666666667 0.16805555555555557 0.035416666666666666 0.1638888888888889
0 0.06953125 0.41064814814814815 0.025520833333333333 0.17314814814814813
0 0.05130208333333333 0.39305555555555555 0.043229166666666666 0.18796296296296297
0 0.44192708333333336 0.4351851851851852 0.043229166666666666 0.2
0 0.47578125 0.4375 0.0390625 0.1787037037037037
0 0.4635416666666667 0.1726851851851852 0.020833333333333332 0.1398148148148148
0 0.4046875 0.1712962962962963 0.023958333333333335 0.15925925925925927
0 0.38046875 0.07268518518518519 0.0265625 0.14907407407407408
0 0.296875 0.023148148148148147 0.021875 0.12407407407407407
0 0.13567708333333334 0.49583333333333335 0.030729166666666665 0.18611111111111112
0 0.31145833333333334 0.46944444444444444 0.03229166666666667 0.19444444444444445
0 0.26614583333333336 0.4652777777777778 0.0375 0.20833333333333334
0 0.2755208333333333 0 0.026041666666666668 0.1361111111111111
0 0.240625 0 0.025 0.13425925925925927
0 0.29401041666666666 0.13657407407407407 0.0234375 0.15462962962962962
0 0.18072916666666666 0.12453703703703704 0.027083333333333334 0.14907407407407408
0 0.1984375 0.1814814814814815 0.026041666666666668 0.16111111111111112
0 0.38307291666666665 0.38796296296296295 0.033854166666666664 0.16666666666666666
0 0.16458333333333333 0.19490740740740742 0.027083333333333334 0.15648148148148147
0 0.18828125 0.16574074074074074 0.0234375 0.16296296296296298
0 0.12604166666666666 0.19305555555555556 0.030208333333333334 0.15092592592592594
0 0.14192708333333334 0.175 0.0234375 0.17037037037037037
0 0.16067708333333333 0.16342592592592592 0.028645833333333332 0.14722222222222223
0 0.15208333333333332 0.1425925925925926 0.028125 0.1537037037037037
0 0.1171875 0.17407407407407408 0.020833333333333332 0.15925925925925927
0 0.465625 0 0.01875 0.13148148148148148
0 0.21328125 0.0824074074074074 0.0296875 0.14629629629629629
0 0.21848958333333332 0.5513888888888889 0.04739583333333333 0.2212962962962963
0 0.9885416666666667 0.6444444444444445 0.03958333333333333 0.21481481481481482
0 0.8666666666666667 0.08518518518518518 0.030208333333333334 0.13518518518518519
0 0.7916666666666666 0 0.022916666666666665 0.11851851851851852
0 0.15442708333333333 0.8375 0.0453125 0.2490740740740741
0 0.15625 0.7689814814814815 0.046875 0.23981481481481481
0 0.7143229166666667 0 0.030729166666666665 0.12962962962962962
