0 0.4393229166666667 0.5194444444444445 0.1015625 0.5851851851851851
0 0.3645833333333333 0.46574074074074073 0.046875 0.19814814814814816
0 0.8721354166666667 0.3990740740740741 0.025520833333333333 0.1259259259259259
0 0.6192708333333333 0.5106481481481482 0.09791666666666667 0.4583333333333333
0 0.18489583333333334 0.5273148148148148 0.08333333333333333 0.4527777777777778
0 0.5122395833333333 0.4597222222222222 0.0515625 0.3175925925925926
0 0.5552083333333333 0.4532407407407407 0.041666666666666664 0.2101851851851852
0 0.6671875 0.42685185185185187 0.023958333333333335 0.11296296296296296
0 0.6794270833333333 0.42314814814814816 0.019270833333333334 0.10740740740740741
0 0.76328125 0.7342592592592593 0.013020833333333334 0.05185185185185185
