0 0.3151041666666667 0.5106481481481482 0.013541666666666667 0.06018518518518518
0 0.44895833333333335 0.5824074074074074 0.026041666666666668 0.12407407407407407
0 0.39140625 0.5879629629629629 0.019270833333333334 0.11666666666666667
0 0.4088541666666667 0.5981481481481481 0.027083333333333334 0.1425925925925926
0 0.0765625 1 0.051041666666666666 0.30185185185185187
0 0.29401041666666666 0.5069444444444444 0.0140625 0.06388888888888888
0 0.4265625 0.5921296296296297 0.020833333333333332 0.12685185185185185
0 0.7005208333333334 0.6601851851851852 0.042708333333333334 0.1962962962962963
0 0.31354166666666666 0.5847222222222223 0.025 0.11203703703703703
0 0.3489583333333333 0.5777777777777777 0.022916666666666665 0.12407407407407407
0 0.6127604166666667 0.7240740740740741 0.050520833333333334 0.20925925925925926
0 0.06380208333333333 0.9953703703703703 0.04739583333333333 0.38333333333333336
0 0.6572916666666667 0.6791666666666667 0.04583333333333333 0.1824074074074074
0 0.6145833333333334 0.6564814814814814 0.03333333333333333 0.17407407407407408
0 0.3302083333333333 0.5652777777777778 0.025 0.10833333333333334
