0 0.5916666666666667 0.3388888888888889 0.035416666666666666 0.15185185185185185
0 0.48020833333333335 0.33055555555555555 0.03125 0.1388888888888889
0 0.4671875 0.3388888888888889 0.036458333333333336 0.16666666666666666
0 0.8140625 0.5648148148148148 0.12604166666666666 0.7037037037037037
0 0.94453125 0.5634259259259259 0.14739583333333334 0.7453703703703703
0 0.31171875 0.34444444444444444 0.0515625 0.20555555555555555
0 0.5 0.3277777777777778 0.022916666666666665 0.12222222222222222
0 0.5229166666666667 0.2972222222222222 0.011458333333333333 0.044444444444444446
0 0.5557291666666667 0.31851851851851853 0.023958333333333335 0.12962962962962962
0 0.27447916666666666 0.32592592592592595 0.025 0.10555555555555556
0 0.5638020833333334 0.3175925925925926 0.021354166666666667 0.12037037037037036
0 0.615625 0.31712962962962965 0.017708333333333333 0.10648148148148148
0 0.21796875 0.34074074074074073 0.0328125 0.16666666666666666
0 0.20026041666666666 0.34629629629629627 0.0265625 0.14629629629629629
0 0.44140625 0.3199074074074074 0.0203125 0.09907407407407408
0 0.43203125 0.32314814814814813 0.027604166666666666 0.10555555555555556
0 0.3338541666666667 0.33194444444444443 0.022916666666666665 0.12129629629629629
0 0.07760416666666667 0.3111111111111111 0.015625 0.07777777777777778
0 0.09765625 0.33564814814814814 0.022395833333333334 0.1175925925925926
0 0.11171875 0.3087962962962963 0.0171875 0.0712962962962963
0 0.3997395833333333 0.3074074074074074 0.0109375 0.05740740740740741
0 0.3875 0.30694444444444446 0.009375 0.06018518518518518
0 0.35625 0.30462962962962964 0.011458333333333333 0.053703703703703705
0 0.3802083333333333 0.29814814814814816 0.0125 0.05
