0 0.7359375 0.6375 0.053125 0.22314814814814815
0 0.22473958333333333 0.44907407407407407 0.044270833333333336 0.21666666666666667
0 0.07473958333333333 0.6236111111111111 0.043229166666666666 0.23055555555555557
0 0.91640625 0.5199074074074074 0.0390625 0.1935185185185185
0 0.6364583333333333 1 0.03958333333333333 0.1925925925925926
0 0.3546875 0.8208333333333333 0.052083333333333336 0.2324074074074074
0 0.4296875 0.21851851851851853 0.03125 0.16111111111111112
0 0.9755208333333333 0.32037037037037036 0.036458333333333336 0.17592592592592593
0 0.78828125 0.13240740740740742 0.027604166666666666 0.13518518518518519
0 0.8372395833333334 0.2986111111111111 0.028645833333333332 0.16574074074074074
0 0.7963541666666667 0.2962962962962963 0.03125 0.17777777777777778
0 0.5096354166666667 0.2657407407407407 0.04635416666666667 0.16296296296296298
0 0.54609375 0.2310185185185185 0.04010416666666667 0.1675925925925926
0 0.11197916666666667 0.4310185185185185 0.034375 0.1787037037037037
0 0.11640625 0.4101851851851852 0.0328125 0.19444444444444445
0 0.4661458333333333 0.21898148148148147 0.029166666666666667 0.1675925925925926
0 0.48776041666666664 0.22314814814814815 0.025520833333333333 0.15185185185185185
0 0.5520833333333334 0 0.023958333333333335 0.11296296296296296
0 0.5328125 0 0.021875 0.11018518518518519
0 0.7393229166666667 0.28564814814814815 0.024479166666666666 0.15648148148148147
0 0.7174479166666666 0.25 0.0265625 0.15555555555555556
0 0.38046875 0.07083333333333333 0.027604166666666666 0.15092592592592594
0 0.29635416666666664 0.021296296296296296 0.019791666666666666 0.12037037037037036
0 0.01484375 0.8583333333333333 0.03697916666666667 0.22037037037037038
0 0.2747395833333333 0.24166666666666667 0.04635416666666667 0.17407407407407408
0 0.24713541666666666 0.12453703703703704 0.025520833333333333 0.1527777777777778
0 0.22630208333333332 0.13657407407407407 0.0265625 0.1527777777777778
0 0.29244791666666664 0.13657407407407407 0.022395833333333334 0.15462962962962962
0 0.2677083333333333 0.11296296296296296 0.027083333333333334 0.14814814814814814
0 0.19921875 0.17916666666666667 0.027604166666666666 0.1638888888888889
0 0.21510416666666668 0.1527777777777778 0.026041666666666668 0.1425925925925926
0 0.16145833333333334 0.1925925925925926 0.027083333333333334 0.1574074074074074
0 0.18932291666666667 0.16203703703703703 0.025520833333333333 0.16111111111111112
0 0.12395833333333334 0.19444444444444445 0.025 0.15185185185185185
0 0.14427083333333332 0.1699074074074074 0.023958333333333335 0.1675925925925926
0 0.15208333333333332 0.1425925925925926 0.028125 0.1537037037037037
0 0.11875 0.17407407407407408 0.020833333333333332 0.15925925925925927
0 0.22421875 1 0.04739583333333333 0.17592592592592593
