0 0.5927083333333333 0.3314814814814815 0.035416666666666666 0.15185185185185185
0 0.475 0.3175925925925926 0.03125 0.1388888888888889
0 0.46458333333333335 0.3347222222222222 0.036458333333333336 0.175
0 0.821875 0.5375 0.11354166666666667 0.6694444444444444
0 0.9575520833333333 0.5310185185185186 0.13177083333333334 0.7268518518518519
0 0.30026041666666664 0.34074074074074073 0.050520833333333334 0.2074074074074074
0 0.49583333333333335 0.3148148148148148 0.022916666666666665 0.12222222222222222
0 0.5231770833333333 0.2875 0.011979166666666667 0.04537037037037037
0 0.5546875 0.30972222222222223 0.019791666666666666 0.1287037037037037
0 0.27395833333333336 0.3212962962962963 0.025 0.10555555555555556
0 0.56171875 0.30694444444444446 0.021354166666666667 0.12129629629629629
0 0.61796875 0.30324074074074076 0.019270833333333334 0.10648148148148148
0 0.2046875 0.3300925925925926 0.034375 0.1712962962962963
0 0.18671875 0.3435185185185185 0.028645833333333332 0.15
0 0.4317708333333333 0.30972222222222223 0.019791666666666666 0.09907407407407408
0 0.42213541666666665 0.3175925925925926 0.027604166666666666 0.10555555555555556
0 0.3333333333333333 0.3226851851851852 0.022916666666666665 0.12129629629629629
0 0.07213541666666666 0.3 0.0171875 0.07962962962962963
0 0.09427083333333333 0.3263888888888889 0.023958333333333335 0.11944444444444445
0 0.10390625 0.3013888888888889 0.0171875 0.0712962962962963
0 0.39921875 0.29444444444444445 0.0109375 0.05925925925925926
0 0.38515625 0.3 0.009895833333333333 0.06111111111111111
0 0.353125 0.2935185185185185 0.011458333333333333 0.053703703703703705
0 0.37213541666666666 0.2916666666666667 0.013020833333333334 0.05
