0 0.7403645833333333 0.5625 0.08697916666666666 0.3509259259259259
0 0.32734375 0.5356481481481481 0.044270833333333336 0.24351851851851852
0 0.7854166666666667 0.5546296296296296 0.09583333333333334 0.3111111111111111
0 0.559375 0.49907407407407406 0.01875 0.10185185185185185
0 0.5763020833333333 0.5013888888888889 0.016145833333333335 0.10648148148148148
0 0.6622395833333333 0.4601851851851852 0.0171875 0.09259259259259259
0 0.5395833333333333 0.45185185185185184 0.020833333333333332 0.10740740740740741
0 0.5833333333333334 0.4583333333333333 0.019791666666666666 0.1
0 0.4979166666666667 0.4564814814814815 0.021875 0.10555555555555556
0 0.25755208333333335 0.5439814814814815 0.0546875 0.262037037037037
0 0.34713541666666664 0.5106481481481482 0.03177083333333333 0.17314814814814813
0 0.26953125 0.5412037037037037 0.04635416666666667 0.23055555555555557
0 0.29453125 0.4736111111111111 0.018229166666666668 0.08611111111111111
0 0.228125 0.4638888888888889 0.020833333333333332 0.07777777777777778
0 0.31223958333333335 0.4837962962962963 0.018229166666666668 0.12314814814814815
0 0.5145833333333333 0.45787037037037037 0.016666666666666666 0.0712962962962963
0 0.30625 0.4199074074074074 0.010416666666666666 0.03981481481481482
0 0.3151041666666667 0.4166666666666667 0.009375 0.03888888888888889
