0 0.50078125 0.6333333333333333 0.1109375 0.6240740740740741
0 0.1375 0.6643518518518519 0.125 0.549074074074074
0 0.29192708333333334 0.6444444444444445 0.0921875 0.5444444444444444
0 0.40234375 0.5439814814814815 0.027604166666666666 0.1287037037037037
0 0.4309895833333333 0.5361111111111111 0.027604166666666666 0.15185185185185185
0 0.803125 0.5037037037037037 0.023958333333333335 0.1259259259259259
0 0.6002604166666666 0.5884259259259259 0.08385416666666666 0.4101851851851852
0 0.9489583333333333 0.5060185185185185 0.014583333333333334 0.09907407407407408
0 0.93671875 0.5046296296296297 0.021354166666666667 0.08888888888888889
0 0.7104166666666667 0.5157407407407407 0.020833333333333332 0.10555555555555556
0 0.72109375 0.5157407407407407 0.016145833333333335 0.09814814814814815
0 0.7471354166666667 0.8203703703703704 0.0140625 0.04814814814814815
