0 0.4388020833333333 0.5166666666666667 0.1109375 0.6037037037037037
0 0.37213541666666666 0.4449074074074074 0.034895833333333334 0.175
0 0.8578125 0.4 0.025 0.1259259259259259
0 0.6182291666666667 0.49722222222222223 0.09583333333333334 0.44074074074074077
0 0.21796875 0.49722222222222223 0.0671875 0.3814814814814815
0 0.5265625 0.45231481481481484 0.05 0.31203703703703706
0 0.5479166666666667 0.44166666666666665 0.040625 0.2111111111111111
0 0.6770833333333334 0.4203703703703704 0.023958333333333335 0.1111111111111111
0 0.6880208333333333 0.4222222222222222 0.01875 0.10555555555555556
0 0.4856770833333333 0.4263888888888889 0.027604166666666666 0.1398148148148148
0 0.7572916666666667 0.7263888888888889 0.013541666666666667 0.049074074074074076
