0 0.80625 0.5731481481481482 0.041666666666666664 0.15
0 0.08567708333333333 0.600462962962963 0.018229166666666668 0.09166666666666666
0 0.48541666666666666 0.5018518518518519 0.011458333333333333 0.046296296296296294
0 0.6690104166666667 0.513425925925926 0.013020833333333334 0.0712962962962963
0 0.07760416666666667 0.6027777777777777 0.014583333333333334 0.08888888888888889
0 0.07682291666666667 0.6143518518518518 0.015104166666666667 0.08981481481481482
0 0.0109375 0.6106481481481482 0.016666666666666666 0.08981481481481482
0 0.60234375 0.549074074074074 0.019270833333333334 0.08888888888888889
0 0.2296875 0.5171296296296296 0.008333333333333333 0.03425925925925926
0 0.6138020833333333 0.5421296296296296 0.025520833333333333 0.10092592592592593
0 0.62890625 0.537962962962963 0.018229166666666668 0.1
0 0.0033854166666666668 0.6101851851851852 0.0171875 0.09444444444444444
0 0.5138020833333333 0.5226851851851851 0.013020833333333334 0.062037037037037036
