0 0.12760416666666666 0.6430555555555556 0.019791666666666666 0.13240740740740742
0 0.6510416666666666 0.4976851851851852 0.0125 0.05277777777777778
0 0.11223958333333334 0.6486111111111111 0.0203125 0.1287037037037037
0 0.11588541666666667 0.6615740740740741 0.0171875 0.12685185185185185
0 0.10546875 0.6671296296296296 0.0171875 0.12129629629629629
0 0.013541666666666667 0.6606481481481481 0.026041666666666668 0.12314814814814815
0 0.7052083333333333 0.4861111111111111 0.013541666666666667 0.05185185185185185
0 0.7815104166666667 0.5217592592592593 0.016145833333333335 0.0824074074074074
0 0.7697916666666667 0.5226851851851851 0.017708333333333333 0.075
0 0.6924479166666667 0.4949074074074074 0.011979166666666667 0.05277777777777778
0 0.68125 0.4912037037037037 0.015625 0.05277777777777778
0 0.7583333333333333 0.6273148148148148 0.034375 0.14907407407407408
0 0.83359375 0.611574074074074 0.0234375 0.14907407407407408
0 0.7244791666666667 0.6027777777777777 0.042708333333333334 0.14814814814814814
0 0.7755208333333333 0.5259259259259259 0.013541666666666667 0.07962962962962963
0 0.95546875 0.5513888888888889 0.0203125 0.11388888888888889
0 0.7533854166666667 0.600925925925926 0.03802083333333333 0.15555555555555556
0 0.00078125 0.663425925925926 0.03177083333333333 0.13240740740740742
0 0.7393229166666667 0.5291666666666667 0.015104166666666667 0.06944444444444445
0 0.7580729166666667 0.5217592592592593 0.015104166666666667 0.062037037037037036
0 0.7940104166666667 0.549537037037037 0.018229166666666668 0.08611111111111111
0 0.8270833333333333 0.6 0.0375 0.14629629629629629
0 0.8213541666666667 0.5453703703703704 0.015625 0.08148148148148149
0 0.7067708333333333 0.5259259259259259 0.022916666666666665 0.06851851851851852
0 0.7317708333333334 0.5217592592592593 0.013541666666666667 0.058333333333333334
0 0.7223958333333333 0.5259259259259259 0.013541666666666667 0.05925925925925926
