0 0.4375 0.5472222222222223 0.115625 0.6203703703703703
0 0.10546875 0.675 0.21927083333333333 1
0 0.353125 0.4652777777777778 0.03125 0.14537037037037037
0 0.3924479166666667 0.45185185185185184 0.03802083333333333 0.1685185185185185
0 0.790625 0.42314814814814816 0.023958333333333335 0.1259259259259259
0 0.5768229166666666 0.5032407407407408 0.09322916666666667 0.42314814814814816
0 0.93203125 0.4263888888888889 0.018229166666666668 0.08611111111111111
0 0.91875 0.43194444444444446 0.017708333333333333 0.08796296296296297
0 0.24192708333333332 0.4986111111111111 0.049479166666666664 0.2972222222222222
0 0.5015625 0.4685185185185185 0.05 0.30185185185185187
0 0.65546875 0.4398148148148148 0.022395833333333334 0.10925925925925926
0 0.66875 0.4439814814814815 0.017708333333333333 0.10277777777777777
0 0.7140625 0.7402777777777778 0.013541666666666667 0.04722222222222222
0 0.37083333333333335 0.45046296296296295 0.019791666666666666 0.09907407407407408
