0 0.8453125 0.6546296296296297 0.05 0.21481481481481482
0 0.22109375 0.6162037037037037 0.0328125 0.225
0 0.9158854166666667 0.5180555555555556 0.0484375 0.19166666666666668
0 0.4622395833333333 0.9824074074074074 0.043229166666666666 0.2351851851851852
0 0.35104166666666664 0.8166666666666667 0.036458333333333336 0.23148148148148148
0 0.4296875 0.2111111111111111 0.021875 0.16111111111111112
0 0.33697916666666666 0.12546296296296297 0.020833333333333332 0.1287037037037037
0 0.17395833333333333 0.2722222222222222 0.028125 0.16111111111111112
0 0.14921875 0.2708333333333333 0.0296875 0.1824074074074074
0 0.40286458333333336 0.14583333333333334 0.024479166666666666 0.1398148148148148
0 0.4041666666666667 0.12314814814814815 0.028125 0.1574074074074074
0 0.2989583333333333 0.01990740740740741 0.023958333333333335 0.12129629629629629
0 0.25755208333333335 0.08518518518518518 0.022395833333333334 0.12777777777777777
0 0.3046875 0.18425925925925926 0.028125 0.16296296296296298
0 0.18307291666666667 0.04953703703703704 0.0265625 0.1398148148148148
0 0.2 0.1824074074074074 0.025 0.15925925925925927
0 0.16302083333333334 0.1935185185185185 0.025 0.15555555555555556
0 0.19479166666666667 0.16574074074074074 0.025 0.16296296296296298
0 0.13307291666666668 0.19768518518518519 0.025520833333333333 0.15092592592592594
0 0.121875 0.17962962962962964 0.026041666666666668 0.17037037037037037
0 0.1484375 0.16527777777777777 0.029166666666666667 0.16203703703703703
0 0.15755208333333334 0.14166666666666666 0.027604166666666666 0.15185185185185185
0 0.47161458333333334 0 0.025520833333333333 0.14907407407407408
0 0.17239583333333333 0.46574074074074073 0.03854166666666667 0.2
0 0.2559895833333333 0.016666666666666666 0.030729166666666665 0.14814814814814814
0 0.6966145833333334 0.8481481481481481 0.044270833333333336 0.25
0 0.6505208333333333 0.8699074074074075 0.04583333333333333 0.2490740740740741
0 0.8518229166666667 0.20092592592592592 0.033854166666666664 0.16666666666666666
0 0.7802083333333333 0.19490740740740742 0.025 0.16018518518518518
0 0.7442708333333333 0 0.021875 0.1175925925925926
0 0.7859375 0.07222222222222222 0.030208333333333334 0.13148148148148148
0 0.26458333333333334 0.22314814814814815 0.025 0.16296296296296298
0 0.23333333333333334 0.22546296296296298 0.03854166666666667 0.15092592592592594
0 0.14713541666666666 0.04675925925925926 0.024479166666666666 0.13055555555555556
0 0.2296875 0.10138888888888889 0.03125 0.14722222222222223
0 0.20104166666666667 0.09907407407407408 0.027083333333333334 0.14074074074074075
0 0.8380208333333333 0 0.020833333333333332 0.07962962962962963
0 0.5338541666666666 0.014814814814814815 0.036458333333333336 0.12962962962962962
