0 0.75390625 0.5453703703703704 0.0203125 0.0962962962962963
0 0.81953125 0.5365740740740741 0.019270833333333334 0.07685185185185185
0 0.8830729166666667 0.6157407407407407 0.0296875 0.13518518518518519
0 0.9330729166666667 0.6185185185185185 0.0328125 0.13148148148148148
0 0.7950520833333333 0.5189814814814815 0.016145833333333335 0.075
0 0.052083333333333336 0.6435185185185185 0.03125 0.1574074074074074
0 0.25286458333333334 0.5532407407407407 0.018229166666666668 0.08981481481481482
0 0.2760416666666667 0.5583333333333333 0.019791666666666666 0.09074074074074075
0 0.3372395833333333 0.5282407407407408 0.0140625 0.06944444444444445
0 0.32578125 0.5296296296296297 0.011979166666666667 0.06666666666666667
0 0.35625 0.5199074074074074 0.014583333333333334 0.062037037037037036
0 0.8203125 0.49166666666666664 0.009375 0.046296296296296294
0 0.6986979166666667 0.49212962962962964 0.009895833333333333 0.04537037037037037
0 0.8125 0.48703703703703705 0.00625 0.03518518518518519
0 0.5619791666666667 0.4703703703703704 0.009375 0.027777777777777776
0 0.31979166666666664 0.5194444444444445 0.007291666666666667 0.07037037037037037
0 0.33229166666666665 0.5171296296296296 0.008333333333333333 0.062037037037037036
0 0.6309895833333333 0.47453703703703703 0.0078125 0.03425925925925926
0 0.6802083333333333 0.48194444444444445 0.007291666666666667 0.041666666666666664
0 0.4166666666666667 0.4912037037037037 0.008333333333333333 0.041666666666666664
0 0.4359375 0.49722222222222223 0.008333333333333333 0.04259259259259259
0 0.40572916666666664 0.49444444444444446 0.009375 0.04259259259259259
0 0.771875 0.4847222222222222 0.009375 0.03981481481481482
