0 0.8171875 0.9097222222222222 0.09583333333333334 0.39166666666666666
0 0.18645833333333334 0.5995370370370371 0.046875 0.14722222222222223
0 0.12604166666666666 0.6180555555555556 0.03125 0.1638888888888889
0 0.059375 0.5819444444444445 0.023958333333333335 0.11018518518518519
0 0.14895833333333333 0.6129629629629629 0.035416666666666666 0.1425925925925926
0 0.38385416666666666 0.6861111111111111 0.03854166666666667 0.1962962962962963
0 0.04010416666666667 0.5949074074074074 0.028125 0.1287037037037037
0 0.27291666666666664 0.8268518518518518 0.052083333333333336 0.3074074074074074
0 0.38776041666666666 0.7268518518518519 0.050520833333333334 0.22037037037037038
0 0.34817708333333336 0.7111111111111111 0.0484375 0.22037037037037038
0 0.14010416666666667 0.6074074074074074 0.027083333333333334 0.1574074074074074
0 0.10755208333333334 0.6162037037037037 0.0359375 0.15092592592592594
