0 0.4518229166666667 0.5120370370370371 0.10885416666666667 0.6018518518518519
0 0.37395833333333334 0.45 0.035416666666666666 0.16111111111111112
0 0.40598958333333335 0.4356481481481482 0.03697916666666667 0.18055555555555555
0 0.8348958333333333 0.4027777777777778 0.023958333333333335 0.1259259259259259
0 0.6109375 0.5 0.096875 0.43333333333333335
0 0.9783854166666667 0.40370370370370373 0.018229166666666668 0.08518518518518518
0 0.24869791666666666 0.49537037037037035 0.0515625 0.3296296296296296
0 0.52109375 0.45925925925925926 0.049479166666666664 0.3074074074074074
0 0.5390625 0.44722222222222224 0.042708333333333334 0.2111111111111111
0 0.6736979166666667 0.4222222222222222 0.0234375 0.10925925925925926
0 0.68671875 0.4212962962962963 0.018229166666666668 0.1037037037037037
0 0.7484375 0.725925925925926 0.013541666666666667 0.04814814814814815
