0 0.14348958333333334 0.6449074074074074 0.019270833333333334 0.12314814814814815
0 0.6276041666666666 0.5162037037037037 0.0125 0.05277777777777778
0 0.13307291666666668 0.6578703703703703 0.0171875 0.11388888888888889
0 0.12421875 0.6643518518518519 0.016145833333333335 0.11018518518518519
0 0.03828125 0.6601851851851852 0.025520833333333333 0.11296296296296296
0 0.6802083333333333 0.5074074074074074 0.009375 0.04814814814814815
0 0.6666666666666666 0.5092592592592593 0.011458333333333333 0.053703703703703705
0 0.6526041666666667 0.5041666666666667 0.013541666666666667 0.049074074074074076
0 0.7380208333333333 0.6194444444444445 0.028125 0.12407407407407407
0 0.7955729166666666 0.6018518518518519 0.028645833333333332 0.1259259259259259
0 0.7171875 0.6027777777777777 0.036458333333333336 0.13333333333333333
0 0.740625 0.5333333333333333 0.014583333333333334 0.06481481481481481
0 0.8979166666666667 0.5527777777777778 0.016666666666666666 0.0962962962962963
0 0.7471354166666667 0.5967592592592592 0.027604166666666666 0.13240740740740742
0 0.029427083333333333 0.6587962962962963 0.025520833333333333 0.12129629629629629
0 0.7169270833333333 0.5444444444444444 0.0171875 0.08333333333333333
0 0.7348958333333333 0.5370370370370371 0.015625 0.06666666666666667
0 0.7846354166666667 0.5939814814814814 0.018229166666666668 0.11388888888888889
0 0.7768229166666667 0.562962962962963 0.015104166666666667 0.09444444444444444
0 0.6783854166666666 0.5347222222222222 0.018229166666666668 0.058333333333333334
0 0.7049479166666667 0.5398148148148149 0.0140625 0.05925925925925926
0 0.6958333333333333 0.537962962962963 0.0125 0.05925925925925926
