0 0.8453125 0.6546296296296297 0.05 0.21481481481481482
0 0.23541666666666666 0.6236111111111111 0.04791666666666667 0.225
0 0.915625 0.5180555555555556 0.046875 0.19166666666666668
0 0.46119791666666665 0.986574074074074 0.043229166666666666 0.22685185185185186
0 0.35104166666666664 0.8166666666666667 0.036458333333333336 0.23148148148148148
0 0.42161458333333335 0.20833333333333334 0.025520833333333333 0.16296296296296298
0 0.33697916666666666 0.12546296296296297 0.020833333333333332 0.1287037037037037
0 0.18229166666666666 0.2662037037037037 0.030208333333333334 0.1638888888888889
0 0.14947916666666666 0.2657407407407407 0.029166666666666667 0.18518518518518517
0 0.40338541666666666 0.14583333333333334 0.024479166666666666 0.1398148148148148
0 0.4044270833333333 0.12175925925925926 0.027604166666666666 0.15833333333333333
0 0.29921875 0.019444444444444445 0.024479166666666666 0.12222222222222222
0 0.2526041666666667 0.07083333333333333 0.021875 0.13055555555555556
0 0.3020833333333333 0.1865740740740741 0.029166666666666667 0.16203703703703703
0 0.17890625 0.049074074074074076 0.024479166666666666 0.1388888888888889
0 0.2 0.1814814814814815 0.025 0.15925925925925927
0 0.16328125 0.1925925925925926 0.025520833333333333 0.15555555555555556
0 0.19453125 0.1648148148148148 0.025520833333333333 0.1648148148148148
0 0.13671875 0.20046296296296295 0.025520833333333333 0.15092592592592594
0 0.12161458333333333 0.17916666666666667 0.025520833333333333 0.1712962962962963
0 0.14791666666666667 0.16527777777777777 0.029166666666666667 0.16203703703703703
0 0.16015625 0.14166666666666666 0.027604166666666666 0.15185185185185185
0 0.46953125 0 0.025520833333333333 0.14907407407407408
0 0.17447916666666666 0.49166666666666664 0.0375 0.20185185185185187
0 0.2526041666666667 0.009722222222222222 0.03125 0.14722222222222223
0 0.6651041666666667 0.8027777777777778 0.05 0.2462962962962963
0 0.625 0.8222222222222222 0.041666666666666664 0.24074074074074073
0 0.8466145833333333 0.18425925925925926 0.0296875 0.1648148148148148
0 0.7791666666666667 0.17916666666666667 0.028125 0.15648148148148147
0 0.76640625 0 0.0234375 0.12685185185185185
0 0.7854166666666667 0.07222222222222222 0.030208333333333334 0.13148148148148148
0 0.2609375 0.24027777777777778 0.023958333333333335 0.1675925925925926
0 0.23151041666666666 0.24351851851851852 0.033854166666666664 0.15
0 0.14713541666666666 0.04675925925925926 0.024479166666666666 0.13055555555555556
0 0.23697916666666666 0.11342592592592593 0.030208333333333334 0.14722222222222223
0 0.20677083333333332 0.11388888888888889 0.027083333333333334 0.14814814814814814
0 0.8330729166666667 0 0.0203125 0.07777777777777778
0 0.5049479166666667 0.010648148148148148 0.0359375 0.1287037037037037
