0 0.7361979166666667 0.6375 0.05364583333333333 0.22314814814814815
0 0.21536458333333333 0.48564814814814816 0.0421875 0.2212962962962963
0 0.07473958333333333 0.6240740740740741 0.043229166666666666 0.23148148148148148
0 0.9208333333333333 0.5208333333333334 0.03958333333333333 0.19537037037037036
0 0.5986979166666667 1 0.04010416666666667 0.19537037037037036
0 0.3546875 0.8208333333333333 0.052083333333333336 0.2324074074074074
0 0.4296875 0.21851851851851853 0.03125 0.16111111111111112
0 0.9510416666666667 0.27870370370370373 0.03333333333333333 0.1685185185185185
0 0.78828125 0.13240740740740742 0.027604166666666666 0.13518518518518519
0 0.8658854166666666 0.32685185185185184 0.0328125 0.1685185185185185
0 0.8234375 0.3212962962962963 0.03125 0.17777777777777778
0 0.5815104166666667 0.2777777777777778 0.0390625 0.16666666666666666
0 0.5567708333333333 0.20879629629629629 0.03958333333333333 0.1675925925925926
0 0.13177083333333334 0.4583333333333333 0.03333333333333333 0.18518518518518517
0 0.14921875 0.43425925925925923 0.030729166666666665 0.20185185185185187
0 0.4708333333333333 0.19814814814814816 0.03125 0.16666666666666666
0 0.48828125 0.19814814814814816 0.025520833333333333 0.14814814814814814
0 0.553125 0.018518518518518517 0.023958333333333335 0.11296296296296296
0 0.5315104166666667 0.01574074074074074 0.024479166666666666 0.1111111111111111
0 0.7661458333333333 0.3074074074074074 0.027083333333333334 0.1574074074074074
0 0.7484375 0.25972222222222224 0.023958333333333335 0.15833333333333333
0 0.38046875 0.07083333333333333 0.027604166666666666 0.15092592592592594
0 0.4046875 0 0.020833333333333332 0.10092592592592593
0 0.29661458333333335 0.020833333333333332 0.019270833333333334 0.12129629629629629
0 0.003125 0.9208333333333333 0.0375 0.22870370370370371
0 0.27682291666666664 0.20694444444444443 0.028645833333333332 0.16018518518518518
0 0.29010416666666666 0.2222222222222222 0.04895833333333333 0.17037037037037037
0 0.25442708333333336 0.1537037037037037 0.0265625 0.15925925925925927
0 0.23125 0.16157407407407406 0.028125 0.15648148148148147
0 0.2921875 0.13657407407407407 0.021875 0.15462962962962962
0 0.2682291666666667 0.11296296296296296 0.026041666666666668 0.14814814814814814
0 0.19895833333333332 0.17962962962962964 0.027083333333333334 0.1648148148148148
0 0.20546875 0.1425925925925926 0.024479166666666666 0.1425925925925926
0 0.16276041666666666 0.1925925925925926 0.027604166666666666 0.1574074074074074
0 0.18776041666666668 0.16018518518518518 0.025520833333333333 0.16111111111111112
0 0.12682291666666667 0.19490740740740742 0.0234375 0.1527777777777778
0 0.15130208333333334 0.16944444444444445 0.0296875 0.16666666666666666
0 0.11953125 0.1712962962962963 0.021354166666666667 0.1648148148148148
0 0.65 0.055092592592592596 0.035416666666666666 0.1361111111111111
