0 0.14401041666666667 0.6425925925925926 0.019270833333333334 0.12037037037037036
0 0.6192708333333333 0.5152777777777777 0.0125 0.05277777777777778
0 0.128125 0.6430555555555556 0.019791666666666666 0.11203703703703703
0 0.13359375 0.6541666666666667 0.0171875 0.11018518518518519
0 0.12447916666666667 0.6606481481481481 0.016666666666666666 0.10833333333333334
0 0.0421875 0.6569444444444444 0.026041666666666668 0.10833333333333334
0 0.6583333333333333 0.5092592592592593 0.011458333333333333 0.053703703703703705
0 0.6432291666666666 0.5027777777777778 0.013541666666666667 0.046296296296296294
0 0.7296875 0.6125 0.028125 0.12314814814814815
0 0.7817708333333333 0.5962962962962963 0.027083333333333334 0.12222222222222222
0 0.7190104166666667 0.5990740740740741 0.022395833333333334 0.12962962962962962
0 0.8809895833333333 0.5555555555555556 0.018229166666666668 0.10185185185185185
0 0.7395833333333334 0.5879629629629629 0.022916666666666665 0.12037037037037036
0 0.032552083333333336 0.6560185185185186 0.0265625 0.12129629629629629
0 0.7109375 0.5398148148148149 0.01875 0.07592592592592592
0 0.7260416666666667 0.5356481481481481 0.014583333333333334 0.06759259259259259
0 0.76328125 0.5625 0.013020833333333334 0.10092592592592593
0 0.6697916666666667 0.5370370370370371 0.017708333333333333 0.05925925925925926
0 0.6947916666666667 0.5407407407407407 0.011458333333333333 0.06851851851851852
0 0.6869791666666667 0.5365740740740741 0.0125 0.06018518518518518
