0 0.5950520833333334 0.5319444444444444 0.0859375 0.4101851851851852
0 0.16302083333333334 0.5671296296296297 0.17916666666666667 0.6287037037037037
0 0.9109375 0.5027777777777778 0.04895833333333333 0.21296296296296297
0 0.9388020833333334 0.5074074074074074 0.034895833333333334 0.18703703703703703
0 0.78359375 0.5013888888888889 0.050520833333333334 0.2657407407407407
0 0.8619791666666666 0.5138888888888888 0.06666666666666667 0.27037037037037037
0 0.7973958333333333 0.5138888888888888 0.06354166666666666 0.2574074074074074
0 0.9752604166666666 0.5837962962962963 0.05572916666666667 0.21203703703703702
0 0.9760416666666667 0.5101851851851852 0.06875 0.31666666666666665
0 0.8747395833333333 0.4962962962962963 0.06197916666666667 0.27037037037037037
