0 0.51953125 0.5851851851851851 0.07135416666666666 0.3907407407407407
0 0.5575520833333333 0.49953703703703706 0.0203125 0.09722222222222222
0 0.57578125 0.5 0.0203125 0.1037037037037037
0 0.5916666666666667 0.4625 0.019791666666666666 0.09166666666666666
0 0.48463541666666665 0.6486111111111111 0.1140625 0.5416666666666666
0 0.6408854166666667 0.5736111111111111 0.0640625 0.33425925925925926
0 0.43697916666666664 0.6083333333333333 0.08125 0.4074074074074074
0 0.22890625 0.48194444444444445 0.018229166666666668 0.10277777777777777
0 0.2760416666666667 0.4699074074074074 0.016666666666666666 0.10092592592592593
0 0.25546875 0.47175925925925927 0.016145833333333335 0.09537037037037037
0 0.22447916666666667 0.48194444444444445 0.025 0.09351851851851851
0 0.24583333333333332 0.4638888888888889 0.015625 0.07592592592592592
0 0.34713541666666664 0.5023148148148148 0.04010416666666667 0.1675925925925926
0 0.65546875 0.5458333333333333 0.06822916666666666 0.29907407407407405
0 0.5708333333333333 0.46574074074074073 0.021875 0.10740740740740741
0 0.3971354166666667 0.45185185185185184 0.009895833333333333 0.06481481481481481
0 0.3223958333333333 0.45092592592592595 0.009375 0.05555555555555555
0 0.2669270833333333 0.4666666666666667 0.0109375 0.07592592592592592
0 0.31328125 0.4546296296296296 0.0109375 0.05740740740740741
0 0.30026041666666664 0.4564814814814815 0.009895833333333333 0.05740740740740741
0 0.29244791666666664 0.4513888888888889 0.011979166666666667 0.06018518518518518
0 0.3067708333333333 0.45 0.011458333333333333 0.05925925925925926
0 0.2786458333333333 0.4527777777777778 0.014583333333333334 0.05740740740740741
0 0.31145833333333334 0.41898148148148145 0.010416666666666666 0.03981481481481482
0 0.3171875 0.41574074074074074 0.009375 0.03888888888888889
