0 0.578125 0.387037037037037 0.035416666666666666 0.15185185185185185
0 0.5177083333333333 0.37222222222222223 0.027083333333333334 0.13333333333333333
0 0.4940104166666667 0.3699074074074074 0.0265625 0.14537037037037037
0 0.7786458333333334 0.600925925925926 0.121875 0.6537037037037037
0 0.9229166666666667 0.6361111111111111 0.15208333333333332 0.7018518518518518
0 0.365625 0.36944444444444446 0.03229166666666667 0.17592592592592593
0 0.5260416666666666 0.3675925925925926 0.022916666666666665 0.12037037037037036
0 0.020833333333333332 0.3824074074074074 0.04791666666666667 0.17777777777777778
0 0.5635416666666667 0.36342592592592593 0.023958333333333335 0.11944444444444445
0 0.8216145833333334 0.4601851851851852 0.0734375 0.40370370370370373
0 0.621875 0.36435185185185187 0.017708333333333333 0.10648148148148148
0 0.2921875 0.3537037037037037 0.025 0.1259259259259259
0 0.27786458333333336 0.35694444444444445 0.021354166666666667 0.11018518518518519
0 0.14114583333333333 0.32407407407407407 0.013541666666666667 0.07037037037037037
0 0.15572916666666667 0.3472222222222222 0.020833333333333332 0.10555555555555556
0 0.1671875 0.33101851851851855 0.015625 0.06759259259259259
0 0.4203125 0.3398148148148148 0.011458333333333333 0.05740740740740741
0 0.40989583333333335 0.3384259259259259 0.009375 0.058333333333333334
0 0.38723958333333336 0.3375 0.011979166666666667 0.04722222222222222
