0 0.3528645833333333 0.5444444444444444 0.0515625 0.2740740740740741
0 0.5583333333333333 0.4981481481481482 0.019791666666666666 0.10185185185185185
0 0.5760416666666667 0.5009259259259259 0.017708333333333333 0.10555555555555556
0 0.6653645833333334 0.4601851851851852 0.0171875 0.09259259259259259
0 0.5330729166666667 0.4597222222222222 0.0203125 0.10092592592592593
0 0.58046875 0.4564814814814815 0.0203125 0.1
0 0.49453125 0.45555555555555555 0.022395833333333334 0.10555555555555556
0 0.3138020833333333 0.5680555555555555 0.0578125 0.31574074074074077
0 0.40078125 0.525 0.0453125 0.20925925925925926
0 0.29583333333333334 0.5523148148148148 0.04895833333333333 0.27314814814814814
0 0.26640625 0.4703703703703704 0.015104166666666667 0.0962962962962963
0 0.25078125 0.47824074074074074 0.0203125 0.09351851851851851
0 0.23125 0.4615740740740741 0.01875 0.07685185185185185
0 0.5604166666666667 0.45601851851851855 0.016666666666666666 0.0712962962962963
0 0.3078125 0.4115740740740741 0.010416666666666666 0.03981481481481482
0 0.3145833333333333 0.4111111111111111 0.009375 0.03888888888888889
