0 0.62421875 0.6138888888888889 0.0921875 0.4648148148148148
0 0.5578125 0.49722222222222223 0.020833333333333332 0.09814814814814815
0 0.6052083333333333 0.6569444444444444 0.09895833333333333 0.5638888888888889
0 0.5098958333333333 0.6347222222222222 0.07604166666666666 0.4898148148148148
0 0.26145833333333335 0.47129629629629627 0.016666666666666666 0.1037037037037037
0 0.190625 0.5648148148148148 0.1 0.37962962962962965
0 0.048177083333333336 0.5657407407407408 0.07552083333333333 0.31851851851851853
0 0.7901041666666667 0.4564814814814815 0.027083333333333334 0.10185185185185185
0 0.4546875 0.44814814814814813 0.013541666666666667 0.07037037037037037
0 0.3359375 0.4550925925925926 0.0125 0.062037037037037036
0 0.365625 0.45046296296296295 0.011458333333333333 0.06018518518518518
0 0.26953125 0.46296296296296297 0.0140625 0.07407407407407407
0 0.28072916666666664 0.449537037037037 0.008333333333333333 0.04722222222222222
0 0.3078125 0.45185185185185184 0.010416666666666666 0.053703703703703705
0 0.296875 0.45185185185185184 0.009375 0.053703703703703705
0 0.29713541666666665 0.4486111111111111 0.009895833333333333 0.05462962962962963
0 0.31666666666666665 0.44814814814814813 0.011458333333333333 0.04814814814814815
0 0.30859375 0.44675925925925924 0.0109375 0.05277777777777778
0 0.28802083333333334 0.45 0.010416666666666666 0.053703703703703705
