0 0.4671875 0.5726851851851852 0.08125 0.3472222222222222
0 0.6015625 0.4625 0.019791666666666666 0.09166666666666666
0 0.38828125 0.6425925925925926 0.0890625 0.4962962962962963
0 0.5346354166666667 0.5569444444444445 0.05364583333333333 0.2935185185185185
0 0.24765625 0.48148148148148145 0.019270833333333334 0.1
0 0.27421875 0.4708333333333333 0.016145833333333335 0.09907407407407408
0 0.26067708333333334 0.4726851851851852 0.016145833333333335 0.09537037037037037
0 0.22421875 0.48148148148148145 0.025520833333333333 0.09814814814814815
0 0.3151041666666667 0.49583333333333335 0.035416666666666666 0.1527777777777778
0 0.5671875 0.5351851851851852 0.052083333333333336 0.25925925925925924
0 0.6263020833333334 0.46111111111111114 0.015104166666666667 0.08888888888888889
0 0.29140625 0.4513888888888889 0.013020833333333334 0.06388888888888888
0 0.27682291666666664 0.4537037037037037 0.015104166666666667 0.05925925925925926
0 0.3098958333333333 0.4115740740740741 0.010416666666666666 0.03981481481481482
0 0.315625 0.4111111111111111 0.009375 0.03888888888888889
