0 0.49296875 0.6032407407407407 0.11822916666666666 0.6231481481481481
0 0.054427083333333334 0.6976851851851852 0.1359375 0.7490740740740741
0 0.28072916666666664 0.6513888888888889 0.12916666666666668 0.7157407407407408
0 0.40625 0.5143518518518518 0.027083333333333334 0.13240740740740742
0 0.43723958333333335 0.5018518518518519 0.027604166666666666 0.15185185185185185
0 0.825 0.47685185185185186 0.023958333333333335 0.1259259259259259
0 0.6234375 0.5625 0.096875 0.41944444444444445
0 0.9729166666666667 0.47638888888888886 0.01875 0.09907407407407408
0 0.95859375 0.4791666666666667 0.0203125 0.08796296296296297
0 0.5533854166666666 0.5263888888888889 0.0484375 0.2953703703703704
0 0.7114583333333333 0.48842592592592593 0.021875 0.10648148148148148
0 0.7223958333333333 0.49166666666666664 0.016666666666666666 0.1
0 0.7619791666666667 0.7916666666666666 0.013541666666666667 0.04814814814814815
