0 0.7546875 0.6333333333333333 0.051041666666666666 0.22592592592592592
0 0.2546875 0.2462962962962963 0.03854166666666667 0.1925925925925926
0 0.10078125 0.6402777777777777 0.044270833333333336 0.23055555555555557
0 0.9158854166666667 0.5199074074074074 0.04010416666666667 0.1935185185185185
0 0.51015625 0.9699074074074074 0.04114583333333333 0.2564814814814815
0 0.35130208333333335 0.8194444444444444 0.0453125 0.23148148148148148
0 0.42942708333333335 0.21851851851851853 0.030729166666666665 0.16111111111111112
0 0.7841145833333333 0.11296296296296296 0.0265625 0.13518518518518519
0 0.6052083333333333 0.1675925925925926 0.026041666666666668 0.15185185185185185
0 0.5666666666666667 0.1865740740740741 0.028125 0.17314814814814813
0 0.28151041666666665 0.19027777777777777 0.0296875 0.16574074074074074
0 0.5059895833333333 0.1736111111111111 0.034895833333333334 0.16203703703703703
0 0.06953125 0.41064814814814815 0.025520833333333333 0.17314814814814813
0 0.05026041666666667 0.39305555555555555 0.0453125 0.18796296296296297
0 0.43828125 0.42083333333333334 0.0421875 0.1935185185185185
0 0.47265625 0.425462962962963 0.04114583333333333 0.175
0 0.471875 0.17314814814814813 0.025 0.14074074074074075
0 0.40651041666666665 0.17037037037037037 0.024479166666666666 0.1574074074074074
0 0.38046875 0.07268518518518519 0.0265625 0.14907407407407408
0 0.29635416666666664 0.023148148148148147 0.021875 0.12407407407407407
0 0.13463541666666667 0.5106481481481482 0.030729166666666665 0.18611111111111112
0 0.3143229166666667 0.4546296296296296 0.0328125 0.18703703703703703
0 0.2713541666666667 0.45416666666666666 0.035416666666666666 0.20833333333333334
0 0.2734375 0 0.026041666666666668 0.13796296296296295
0 0.2359375 0 0.03229166666666667 0.1361111111111111
0 0.29375 0.13657407407407407 0.023958333333333335 0.15462962962962962
0 0.18489583333333334 0.11990740740740741 0.027083333333333334 0.14907407407407408
0 0.1984375 0.1814814814814815 0.026041666666666668 0.16111111111111112
0 0.37161458333333336 0.37407407407407406 0.0265625 0.16111111111111112
0 0.16458333333333333 0.19490740740740742 0.027083333333333334 0.15648148148148147
0 0.18828125 0.16527777777777777 0.0234375 0.16203703703703703
0 0.12447916666666667 0.1935185185185185 0.028125 0.15185185185185185
0 0.14140625 0.17407407407407408 0.022395833333333334 0.1685185185185185
0 0.1609375 0.16157407407407406 0.029166666666666667 0.15092592592592594
0 0.15208333333333332 0.1425925925925926 0.028125 0.1537037037037037
0 0.1171875 0.17407407407407408 0.020833333333333332 0.15925925925925927
0 0.465625 0 0.01875 0.13425925925925927
0 0.20859375 0.07916666666666666 0.030729166666666665 0.14722222222222223
0 0.22213541666666667 0.5592592592592592 0.044270833333333336 0.21851851851851853
0 0.990625 0.662962962962963 0.03958333333333333 0.21481481481481482
0 0.8635416666666667 0.08472222222222223 0.03229166666666667 0.1361111111111111
0 0.7872395833333333 0 0.022395833333333334 0.1175925925925926
0 0.14765625 0.8222222222222222 0.04635416666666667 0.25
0 0.14088541666666668 0.7490740740740741 0.044270833333333336 0.2351851851851852
0 0.7109375 0 0.028125 0.13148148148148148
