0 0.8643229166666667 0.5828703703703704 0.03177083333333333 0.1638888888888889
0 0.10572916666666667 0.5981481481481481 0.01875 0.0962962962962963
0 0.8575520833333333 0.6458333333333334 0.0359375 0.18981481481481483
0 0.5184895833333333 0.5018518518518519 0.013020833333333334 0.044444444444444446
0 0.71484375 0.5263888888888889 0.015104166666666667 0.08055555555555556
0 0.09322916666666667 0.5986111111111111 0.015625 0.09166666666666666
0 0.09401041666666667 0.611574074074074 0.015104166666666667 0.09351851851851851
0 0.023697916666666666 0.6074074074074074 0.016145833333333335 0.09259259259259259
0 0.25755208333333335 0.512962962962963 0.0078125 0.03888888888888889
0 0.5981770833333333 0.5087962962962963 0.0140625 0.062037037037037036
0 0.015625 0.6055555555555555 0.020833333333333332 0.09444444444444444
0 0.56953125 0.524074074074074 0.019270833333333334 0.07037037037037037
0 0.54765625 0.5231481481481481 0.011979166666666667 0.06481481481481481
0 0.5833333333333334 0.5259259259259259 0.011458333333333333 0.06666666666666667
