0 0.59140625 0.6523148148148148 0.11302083333333333 0.5638888888888889
0 0.94609375 0.6314814814814815 0.13489583333333333 0.4740740740740741
0 0.5013020833333334 0.6333333333333333 0.06927083333333334 0.48703703703703705
0 0.20963541666666666 0.4810185185185185 0.022395833333333334 0.10277777777777777
0 0.26927083333333335 0.47129629629629627 0.023958333333333335 0.1
0 0.23489583333333333 0.4722222222222222 0.015625 0.1
0 0.225 0.48148148148148145 0.023958333333333335 0.09444444444444444
0 0.03723958333333333 0.5810185185185185 0.08385416666666666 0.4212962962962963
0 0.43515625 0.5087962962962963 0.033854166666666664 0.20092592592592592
0 0.9020833333333333 0.5810185185185185 0.115625 0.3972222222222222
0 0.69140625 0.5185185185185185 0.058854166666666666 0.24814814814814815
0 0.74609375 0.45925925925925926 0.027604166666666666 0.1
0 0.4546875 0.44814814814814813 0.011458333333333333 0.06481481481481481
0 0.3341145833333333 0.45231481481481484 0.009895833333333333 0.05648148148148148
0 0.35651041666666666 0.45 0.011979166666666667 0.05555555555555555
0 0.30755208333333334 0.4527777777777778 0.0109375 0.053703703703703705
0 0.29583333333333334 0.4527777777777778 0.009375 0.053703703703703705
0 0.29609375 0.44907407407407407 0.009895833333333333 0.05555555555555555
0 0.31640625 0.44907407407407407 0.011979166666666667 0.05
0 0.30755208333333334 0.4476851851851852 0.0109375 0.05462962962962963
0 0.28567708333333336 0.4513888888888889 0.0109375 0.05648148148148148
0 0.315625 0.4300925925925926 0.010416666666666666 0.03981481481481482
