0 0.5986979166666667 0.3490740740740741 0.0296875 0.13703703703703704
0 0.5026041666666666 0.33564814814814814 0.021875 0.1361111111111111
0 0.48880208333333336 0.3476851851851852 0.033854166666666664 0.1638888888888889
0 0.8002604166666667 0.5574074074074075 0.12552083333333333 0.6481481481481481
0 0.95390625 0.5486111111111112 0.13489583333333333 0.7435185185185185
0 0.34348958333333335 0.35324074074074074 0.03802083333333333 0.19907407407407407
0 0.5166666666666667 0.3388888888888889 0.022916666666666665 0.12222222222222222
0 0.5419270833333333 0.31157407407407406 0.0109375 0.04351851851851852
0 0.5700520833333333 0.33101851851851855 0.0234375 0.12685185185185185
0 0.290625 0.33055555555555555 0.025 0.10555555555555556
0 0.6296875 0.3300925925925926 0.017708333333333333 0.10648148148148148
0 0.24869791666666666 0.3402777777777778 0.030729166666666665 0.16018518518518518
0 0.23151041666666666 0.34953703703703703 0.021354166666666667 0.1398148148148148
0 0.4765625 0.33240740740740743 0.020833333333333332 0.0962962962962963
0 0.45807291666666666 0.33287037037037037 0.021354166666666667 0.10462962962962963
0 0.35703125 0.3425925925925926 0.022395833333333334 0.11851851851851852
0 0.1109375 0.3138888888888889 0.014583333333333334 0.07592592592592592
0 0.13385416666666666 0.33611111111111114 0.022916666666666665 0.11481481481481481
0 0.42239583333333336 0.31157407407407406 0.011458333333333333 0.05648148148148148
0 0.41015625 0.31203703703703706 0.008854166666666666 0.06111111111111111
0 0.37552083333333336 0.31666666666666665 0.011458333333333333 0.053703703703703705
0 0.39609375 0.3106481481481482 0.011979166666666667 0.049074074074074076
