0 0.8442708333333333 0.6513888888888889 0.04375 0.21944444444444444
0 0.2557291666666667 0.044444444444444446 0.03125 0.16296296296296298
0 0.3921875 0.6504629629629629 0.041666666666666664 0.22870370370370371
0 0.91484375 0.5194444444444445 0.043229166666666666 0.19444444444444445
0 0.54453125 0.975925925925926 0.04114583333333333 0.24074074074074073
0 0.35104166666666664 0.8166666666666667 0.036458333333333336 0.23148148148148148
0 0.43203125 0.21296296296296297 0.033854166666666664 0.1574074074074074
0 0.5234375 0.008796296296296297 0.026041666666666668 0.13240740740740742
0 0.4942708333333333 0.004629629629629629 0.028125 0.14444444444444443
0 0.3328125 0.12731481481481483 0.021875 0.13240740740740742
0 0.12630208333333334 0.3476851851851852 0.03177083333333333 0.17314814814814813
0 0.09427083333333333 0.3333333333333333 0.03125 0.19074074074074074
0 0.5734375 0.8851851851851852 0.06770833333333333 0.2462962962962963
0 0.6104166666666667 0.8851851851851852 0.05 0.22962962962962963
0 0.40390625 0.14537037037037037 0.021354166666666667 0.14074074074074075
0 0.44140625 0.1375 0.027604166666666666 0.1527777777777778
0 0.29713541666666665 0.021296296296296296 0.021354166666666667 0.12222222222222222
0 0.24921875 0.18518518518518517 0.025520833333333333 0.14629629629629629
0 0.15052083333333333 0.9787037037037037 0.042708333333333334 0.23148148148148148
0 0.17760416666666667 0.9314814814814815 0.05416666666666667 0.25555555555555554
0 0.30182291666666666 0.18518518518518517 0.024479166666666666 0.1574074074074074
0 0.17213541666666668 0.09537037037037037 0.028645833333333332 0.14814814814814814
0 0.20052083333333334 0.18333333333333332 0.027083333333333334 0.16111111111111112
0 0.16328125 0.19305555555555556 0.025520833333333333 0.15648148148148147
0 0.19609375 0.16342592592592592 0.024479166666666666 0.1638888888888889
0 0.12604166666666666 0.20092592592592592 0.025 0.14814814814814814
0 0.121875 0.18009259259259258 0.027083333333333334 0.16574074074074074
0 0.16302083333333334 0.16620370370370371 0.028125 0.15462962962962962
0 0.15703125 0.1449074074074074 0.0265625 0.14722222222222223
0 0.46796875 0.02175925925925926 0.025520833333333333 0.14907407407407408
0 0.21354166666666666 0.31666666666666665 0.034375 0.17777777777777778
0 0.25885416666666666 0.15046296296296297 0.030208333333333334 0.16574074074074074
0 0.8799479166666667 0.32592592592592595 0.03802083333333333 0.18518518518518517
0 0.8286458333333333 0.30972222222222223 0.030208333333333334 0.1712962962962963
0 0.7864583333333334 0.07037037037037037 0.030208333333333334 0.13148148148148148
0 0.9747395833333333 0.3226851851851852 0.034895833333333334 0.16574074074074074
0 0.87265625 0.053703703703703705 0.027604166666666666 0.14074074074074075
0 0.8283854166666667 0.041666666666666664 0.027604166666666666 0.1537037037037037
0 0.23177083333333334 0.13194444444444445 0.022916666666666665 0.15462962962962962
0 0.2078125 0.1388888888888889 0.027083333333333334 0.1388888888888889
0 0.24010416666666667 0.012037037037037037 0.027083333333333334 0.14629629629629629
0 0.20520833333333333 0.011574074074074073 0.026041666666666668 0.14166666666666666
