0 0.634375 0.3574074074074074 0.03125 0.14074074074074075
0 0.4640625 0.35185185185185186 0.030208333333333334 0.14444444444444443
0 0.21328125 0.4398148148148148 0.10572916666666667 0.45740740740740743
0 1 0.6759259259259259 0.16354166666666667 0.75
0 0.5020833333333333 0.35185185185185186 0.029166666666666667 0.13333333333333333
0 0.5549479166666667 0.32916666666666666 0.015104166666666667 0.058333333333333334
0 0.603125 0.3611111111111111 0.029166666666666667 0.1685185185185185
0 0.32526041666666666 0.3375 0.021354166666666667 0.10092592592592593
0 0.6078125 0.35833333333333334 0.026041666666666668 0.15555555555555556
0 0.7247395833333333 0.35648148148148145 0.019270833333333334 0.11296296296296296
0 0.5122395833333333 0.32731481481481484 0.0140625 0.05648148148148148
0 0.30833333333333335 0.3587962962962963 0.021875 0.1361111111111111
0 0.5255208333333333 0.32546296296296295 0.009375 0.03796296296296296
0 0.39609375 0.3296296296296296 0.015104166666666667 0.06666666666666667
0 0.37265625 0.32685185185185184 0.015104166666666667 0.07407407407407407
0 0.35989583333333336 0.3263888888888889 0.0125 0.06018518518518518
