0 0.8356770833333333 0.6898148148148148 0.04635416666666667 0.2222222222222222
0 0.24895833333333334 0.175 0.036458333333333336 0.1814814814814815
0 0.28203125 0.6425925925925926 0.0515625 0.2222222222222222
0 0.915625 0.5199074074074074 0.040625 0.1935185185185185
0 0.5182291666666666 0.975462962962963 0.040625 0.24166666666666667
0 0.35104166666666664 0.8166666666666667 0.036458333333333336 0.23148148148148148
0 0.42942708333333335 0.21851851851851853 0.030729166666666665 0.16111111111111112
0 0.7614583333333333 0.03657407407407407 0.025 0.12314814814814815
0 0.5497395833333333 0.13148148148148148 0.027604166666666666 0.14814814814814814
0 0.5158854166666667 0.1287037037037037 0.0328125 0.1648148148148148
0 0.2786458333333333 0.1625 0.021875 0.15648148148148147
0 0.49713541666666666 0.08194444444444444 0.03177083333333333 0.15092592592592594
0 0.06979166666666667 0.4111111111111111 0.026041666666666668 0.17407407407407408
0 0.05390625 0.3921296296296296 0.03802083333333333 0.18611111111111112
0 0.46067708333333335 0.5347222222222222 0.043229166666666666 0.2064814814814815
0 0.4921875 0.5388888888888889 0.041666666666666664 0.19074074074074074
0 0.4088541666666667 0.1537037037037037 0.020833333333333332 0.13518518518518519
0 0.38333333333333336 0.1675925925925926 0.029166666666666667 0.15555555555555556
0 0.3802083333333333 0.07731481481481481 0.026041666666666668 0.14166666666666666
0 0.29713541666666665 0.022685185185185187 0.021354166666666667 0.12314814814814815
0 0.1296875 0.3875 0.028125 0.16944444444444445
0 0.26614583333333336 0.5884259259259259 0.03333333333333333 0.2064814814814815
0 0.22291666666666668 0.575462962962963 0.04583333333333333 0.2175925925925926
0 0.29453125 0.13564814814814816 0.025520833333333333 0.1527777777777778
0 0.18541666666666667 0.12361111111111112 0.028125 0.15092592592592594
0 0.20364583333333333 0.17962962962962964 0.027083333333333334 0.16296296296296298
0 0.5494791666666666 0.4828703703703704 0.03333333333333333 0.18055555555555555
0 0.16302083333333334 0.19907407407407407 0.027083333333333334 0.1574074074074074
0 0.196875 0.16574074074074074 0.025 0.15555555555555556
0 0.12239583333333333 0.2023148148148148 0.03125 0.14537037037037037
0 0.12994791666666666 0.18333333333333332 0.025520833333333333 0.17037037037037037
0 0.14765625 0.15555555555555556 0.028645833333333332 0.16111111111111112
0 0.45 0.021296296296296296 0.026041666666666668 0.14444444444444443
0 0.23671875 0.1425925925925926 0.0296875 0.15925925925925927
0 0.24296875 0.4083333333333333 0.0421875 0.2
0 0.9661458333333334 0.5365740740740741 0.034375 0.1935185185185185
0 0.8338541666666667 0 0.025 0.12962962962962962
0 0.9268229166666667 0.15324074074074073 0.03177083333333333 0.14722222222222223
0 0.97890625 0.13055555555555556 0.0265625 0.15185185185185185
0 0.86171875 0.07175925925925926 0.03802083333333333 0.14537037037037037
0 0.2552083333333333 1 0.053125 0.17407407407407408
0 0.2734375 0.9703703703703703 0.04583333333333333 0.24259259259259258
0 0.23125 0.011574074074074073 0.023958333333333335 0.1287037037037037
0 0.20833333333333334 0.015277777777777777 0.021875 0.12685185185185185
0 0.7213541666666666 0 0.03125 0.12962962962962962
