0 0.8453125 0.6546296296296297 0.05 0.21481481481481482
0 0.23072916666666668 0.6217592592592592 0.052083333333333336 0.22870370370370371
0 0.9158854166666667 0.5180555555555556 0.04739583333333333 0.19166666666666668
0 0.46510416666666665 0.9837962962962963 0.042708333333333334 0.2324074074074074
0 0.35104166666666664 0.8166666666666667 0.036458333333333336 0.23148148148148148
0 0.42213541666666665 0.20879629629629629 0.025520833333333333 0.15833333333333333
0 0.33697916666666666 0.12546296296296297 0.020833333333333332 0.1287037037037037
0 0.17942708333333332 0.26805555555555555 0.0359375 0.16018518518518518
0 0.14947916666666666 0.26944444444444443 0.029166666666666667 0.18518518518518517
0 0.40338541666666666 0.14583333333333334 0.024479166666666666 0.1398148148148148
0 0.4044270833333333 0.12268518518518519 0.027604166666666666 0.15833333333333333
0 0.29921875 0.019444444444444445 0.024479166666666666 0.12222222222222222
0 0.2546875 0.07824074074074074 0.021875 0.13055555555555556
0 0.3020833333333333 0.1865740740740741 0.029166666666666667 0.16203703703703703
0 0.18203125 0.04953703703703704 0.0265625 0.1398148148148148
0 0.2 0.1814814814814815 0.025 0.15925925925925927
0 0.16302083333333334 0.1935185185185185 0.025 0.15555555555555556
0 0.19453125 0.16666666666666666 0.025520833333333333 0.16111111111111112
0 0.13567708333333334 0.20046296296296295 0.025520833333333333 0.15092592592592594
0 0.121875 0.17916666666666667 0.026041666666666668 0.1712962962962963
0 0.14791666666666667 0.16527777777777777 0.029166666666666667 0.16203703703703703
0 0.15911458333333334 0.14166666666666666 0.027604166666666666 0.15185185185185185
0 0.4708333333333333 0 0.026041666666666668 0.14907407407407408
0 0.17473958333333334 0.47638888888888886 0.03802083333333333 0.19722222222222222
0 0.25807291666666665 0.012962962962962963 0.030729166666666665 0.14814814814814814
0 0.6760416666666667 0.825925925925926 0.051041666666666666 0.2537037037037037
0 0.634375 0.8388888888888889 0.042708333333333334 0.24259259259259258
0 0.8479166666666667 0.19444444444444445 0.03229166666666667 0.1648148148148148
0 0.7817708333333333 0.1875 0.025 0.15833333333333333
0 0.7575520833333333 0 0.022395833333333334 0.12314814814814815
0 0.7854166666666667 0.07222222222222222 0.030208333333333334 0.13148148148148148
0 0.26119791666666664 0.23194444444444445 0.024479166666666666 0.16574074074074074
0 0.23203125 0.23657407407407408 0.033854166666666664 0.15092592592592594
0 0.14713541666666666 0.04675925925925926 0.024479166666666666 0.13055555555555556
0 0.2328125 0.10787037037037037 0.03125 0.14722222222222223
0 0.20364583333333333 0.10462962962962963 0.027083333333333334 0.14074074074074075
0 0.8348958333333333 0 0.020833333333333332 0.0787037037037037
0 0.5158854166666667 0.010648148148148148 0.0328125 0.1287037037037037
