0 0.8411458333333334 0.6569444444444444 0.03333333333333333 0.21944444444444444
0 0.25104166666666666 0.075 0.03333333333333333 0.16296296296296298
0 0.44192708333333336 0.6777777777777778 0.04010416666666667 0.24074074074074073
0 0.9158854166666667 0.5212962962962963 0.04010416666666667 0.19814814814814816
0 0.55859375 0.9814814814814815 0.043229166666666666 0.23703703703703705
0 0.35104166666666664 0.8166666666666667 0.036458333333333336 0.23148148148148148
0 0.42109375 0.21388888888888888 0.0296875 0.1574074074074074
0 0.5307291666666667 0.031018518518518518 0.027083333333333334 0.13796296296296295
0 0.4981770833333333 0.02361111111111111 0.028645833333333332 0.14722222222222223
0 0.31744791666666666 0.12962962962962962 0.018229166666666668 0.13703703703703704
0 0.10546875 0.3800925925925926 0.033854166666666664 0.1787037037037037
0 0.07708333333333334 0.35694444444444445 0.028125 0.18981481481481483
0 0.5338541666666666 0.8027777777777778 0.06354166666666666 0.24074074074074073
0 0.56796875 0.8032407407407407 0.0421875 0.21203703703703702
0 0.40520833333333334 0.1476851851851852 0.023958333333333335 0.13425925925925927
0 0.4122395833333333 0.1587962962962963 0.027604166666666666 0.15462962962962962
0 0.29713541666666665 0.022222222222222223 0.021354166666666667 0.12222222222222222
0 0.20859375 0.2222222222222222 0.027604166666666666 0.15185185185185185
0 0.1578125 0.8953703703703704 0.041666666666666664 0.24074074074074073
0 0.12604166666666666 0.8662037037037037 0.05 0.25833333333333336
0 0.28463541666666664 0.17731481481481481 0.030729166666666665 0.16018518518518518
0 0.16692708333333334 0.11574074074074074 0.022395833333333334 0.15185185185185185
0 0.20052083333333334 0.18287037037037038 0.027083333333333334 0.16203703703703703
0 0.9528645833333333 0.7125 0.0359375 0.19907407407407407
0 0.16380208333333332 0.1935185185185185 0.0265625 0.1574074074074074
0 0.19921875 0.16620370370370371 0.0234375 0.1638888888888889
0 0.12864583333333332 0.2 0.03125 0.14629629629629629
0 0.12864583333333332 0.1824074074074074 0.028125 0.16111111111111112
0 0.16145833333333334 0.16342592592592592 0.029166666666666667 0.16018518518518518
0 0.14583333333333334 0.14675925925925926 0.026041666666666668 0.14537037037037037
0 0.11770833333333333 0.17407407407407408 0.020833333333333332 0.15925925925925927
0 0.47239583333333335 0.03148148148148148 0.025 0.15
0 0.21770833333333334 0.274537037037037 0.03125 0.17685185185185184
0 0.25755208333333335 0.19212962962962962 0.0328125 0.1675925925925926
0 0.9010416666666666 0.3736111111111111 0.03854166666666667 0.18425925925925926
0 0.8421875 0.35 0.029166666666666667 0.17592592592592593
0 0.7885416666666667 0.06342592592592593 0.029166666666666667 0.13055555555555556
0 0.9385416666666667 0.28425925925925927 0.036458333333333336 0.15925925925925927
0 0.8807291666666667 0.08287037037037037 0.027083333333333334 0.15092592592592594
0 0.85 0.0763888888888889 0.028125 0.15833333333333333
0 0.9963541666666667 0.3055555555555556 0.036458333333333336 0.17777777777777778
0 0.221875 0.10787037037037037 0.023958333333333335 0.14722222222222223
0 0.19765625 0.11296296296296296 0.027604166666666666 0.13703703703703704
0 0.20130208333333333 0 0.0234375 0.11851851851851852
0 0.22109375 0 0.0265625 0.14166666666666666
0 0.2752604166666667 0 0.0234375 0.13333333333333333
