0 0.5130208333333334 0.4185185185185185 0.036458333333333336 0.15925925925925927
0 0.45260416666666664 0.40185185185185185 0.026041666666666668 0.12222222222222222
0 0.39791666666666664 0.3888888888888889 0.019791666666666666 0.10740740740740741
0 0.9864583333333333 0.5740740740740741 0.13125 0.5314814814814814
0 0.041666666666666664 0.4393518518518518 0.053125 0.2212962962962963
0 0.27630208333333334 0.4013888888888889 0.030729166666666665 0.13240740740740742
0 0.44635416666666666 0.4 0.021875 0.10740740740740741
0 0.1484375 0.41064814814814815 0.029166666666666667 0.12685185185185185
0 0.5481770833333334 0.39305555555555555 0.027604166666666666 0.14351851851851852
0 0.49192708333333335 0.38472222222222224 0.016145833333333335 0.10277777777777777
0 0.26119791666666664 0.3907407407407407 0.0171875 0.0962962962962963
0 0.24713541666666666 0.38935185185185184 0.013020833333333334 0.08055555555555556
0 0.4083333333333333 0.37453703703703706 0.013541666666666667 0.06388888888888888
0 0.07421875 0.3800925925925926 0.0109375 0.062037037037037036
0 0.09557291666666666 0.3990740740740741 0.0171875 0.09444444444444444
