0 0.5645833333333333 0.3907407407407407 0.034375 0.1388888888888889
0 0.5083333333333333 0.37453703703703706 0.022916666666666665 0.13055555555555556
0 0.4822916666666667 0.375 0.026041666666666668 0.1425925925925926
0 0.7752604166666667 0.6037037037037037 0.10364583333333334 0.6425925925925926
0 0.9171875 0.6106481481481482 0.1375 0.6805555555555556
0 0.35833333333333334 0.3787037037037037 0.03854166666666667 0.17407407407407408
0 0.5200520833333333 0.3726851851851852 0.021354166666666667 0.1175925925925926
0 0.016927083333333332 0.39166666666666666 0.04114583333333333 0.17962962962962964
0 0.5544270833333333 0.3699074074074074 0.019270833333333334 0.11388888888888889
0 0.26328125 0.3638888888888889 0.025520833333333333 0.1111111111111111
0 0.6083333333333333 0.3699074074074074 0.017708333333333333 0.10648148148148148
0 0.28958333333333336 0.362962962962963 0.025 0.12222222222222222
0 0.27734375 0.36712962962962964 0.021354166666666667 0.11018518518518519
0 0.5236979166666667 0.37037037037037035 0.0203125 0.09259259259259259
0 0.1328125 0.3333333333333333 0.013541666666666667 0.06851851851851852
0 0.14791666666666667 0.3574074074074074 0.020833333333333332 0.10555555555555556
0 0.16197916666666667 0.3402777777777778 0.014583333333333334 0.06388888888888888
0 0.40963541666666664 0.34814814814814815 0.011979166666666667 0.05925925925925926
0 0.4 0.3458333333333333 0.009375 0.058333333333333334
0 0.37890625 0.3449074074074074 0.011979166666666667 0.04722222222222222
