0 0.7783854166666667 0.5935185185185186 0.09010416666666667 0.5462962962962963
0 0.48333333333333334 0.4740740740740741 0.0375 0.16296296296296298
0 0.4036458333333333 0.4425925925925926 0.023958333333333335 0.11481481481481481
0 0.017708333333333333 0.49166666666666664 0.03958333333333333 0.1925925925925926
0 0.28177083333333336 0.4375 0.017708333333333333 0.08425925925925926
0 0.04114583333333333 0.47638888888888886 0.041666666666666664 0.19166666666666668
0 0.259375 0.44907407407407407 0.026041666666666668 0.11851851851851852
0 0.3765625 0.44722222222222224 0.021875 0.10555555555555556
0 0.3697916666666667 0.43287037037037035 0.017708333333333333 0.08796296296296297
0 0.06458333333333334 0.4699074074074074 0.028125 0.13240740740740742
0 0.44088541666666664 0.4375 0.021354166666666667 0.10833333333333334
0 0.3255208333333333 0.42916666666666664 0.013541666666666667 0.06388888888888888
