0 0.8276041666666667 0.6833333333333333 0.042708333333333334 0.22407407407407406
0 0.2513020833333333 0.1875 0.03697916666666667 0.18425925925925926
0 0.24583333333333332 0.6462962962962963 0.05416666666666667 0.2351851851851852
0 0.915625 0.5199074074074074 0.040625 0.1935185185185185
0 0.5125 0.975 0.0375 0.25
0 0.35104166666666664 0.8166666666666667 0.036458333333333336 0.23148148148148148
0 0.42942708333333335 0.21851851851851853 0.030729166666666665 0.16111111111111112
0 0.7677083333333333 0.05138888888888889 0.029166666666666667 0.125
0 0.5541666666666667 0.1398148148148148 0.026041666666666668 0.15
0 0.5234375 0.14212962962962963 0.03125 0.1675925925925926
0 0.28177083333333336 0.16898148148148148 0.020833333333333332 0.15648148148148147
0 0.49947916666666664 0.09537037037037037 0.03125 0.15185185185185185
0 0.07005208333333333 0.4111111111111111 0.0265625 0.17407407407407408
0 0.053385416666666664 0.3921296296296296 0.0390625 0.18611111111111112
0 0.46015625 0.5208333333333334 0.044270833333333336 0.20833333333333334
0 0.4864583333333333 0.5217592592592593 0.034375 0.18796296296296297
0 0.4114583333333333 0.1574074074074074 0.019791666666666666 0.14074074074074075
0 0.38619791666666664 0.16666666666666666 0.027604166666666666 0.1574074074074074
0 0.38229166666666664 0.07731481481481481 0.026041666666666668 0.14166666666666666
0 0.29713541666666665 0.022685185185185187 0.021354166666666667 0.12314814814814815
0 0.134375 0.40046296296296297 0.030208333333333334 0.1712962962962963
0 0.27838541666666666 0.562037037037037 0.033854166666666664 0.2
0 0.23125 0.5601851851851852 0.04375 0.21481481481481482
0 0.2942708333333333 0.1361111111111111 0.025 0.1537037037037037
0 0.1828125 0.12175925925925926 0.027083333333333334 0.14907407407407408
0 0.20416666666666666 0.18009259259259258 0.028125 0.1638888888888889
0 0.5252604166666667 0.4634259259259259 0.0328125 0.1824074074074074
0 0.1625 0.2 0.027083333333333334 0.1574074074074074
0 0.19661458333333334 0.1675925925925926 0.025520833333333333 0.1574074074074074
0 0.12369791666666667 0.20324074074074075 0.027604166666666666 0.14722222222222223
0 0.12994791666666666 0.1814814814814815 0.0234375 0.17407407407407408
0 0.14869791666666668 0.15555555555555556 0.028645833333333332 0.16111111111111112
0 0.45208333333333334 0.011574074074074073 0.023958333333333335 0.14351851851851852
0 0.23541666666666666 0.12916666666666668 0.030208333333333334 0.15462962962962962
0 0.24244791666666668 0.42777777777777776 0.04114583333333333 0.19814814814814816
0 0.9700520833333334 0.5546296296296296 0.034895833333333334 0.1925925925925926
0 0.9153645833333334 0.14027777777777778 0.028645833333333332 0.14351851851851852
0 0.99921875 0.1337962962962963 0.0296875 0.14722222222222223
0 0.84609375 0.050462962962962966 0.0265625 0.14166666666666666
0 0.23255208333333333 0.9893518518518518 0.049479166666666664 0.2212962962962963
0 0.25885416666666666 0.9342592592592592 0.05520833333333333 0.2462962962962963
0 0.22942708333333334 0.005092592592592593 0.022395833333333334 0.12685185185185185
0 0.20572916666666666 0.005092592592592593 0.021875 0.12685185185185185
0 0.7203125 0 0.029166666666666667 0.12962962962962962
