0 0.6731770833333334 0.5314814814814814 0.009895833333333333 0.05740740740740741
0 0.7221354166666667 0.5324074074074074 0.0109375 0.05740740740740741
0 0.8307291666666666 0.5763888888888888 0.01875 0.10092592592592593
0 0.8041666666666667 0.5712962962962963 0.016666666666666666 0.08888888888888889
0 0.7856770833333333 0.5768518518518518 0.013020833333333334 0.08703703703703704
0 0.7979166666666667 0.5782407407407407 0.020833333333333332 0.09351851851851851
0 0.7125 0.5310185185185186 0.010416666666666666 0.05462962962962963
0 0.7802083333333333 0.788425925925926 0.04479166666666667 0.23425925925925925
0 0.8348958333333333 0.7481481481481481 0.052083333333333336 0.21296296296296297
0 0.69453125 0.6888888888888889 0.028645833333333332 0.18333333333333332
0 0.8205729166666667 0.5782407407407407 0.0171875 0.09351851851851851
0 0.7229166666666667 0.7111111111111111 0.040625 0.20925925925925926
0 0.7463541666666667 0.587037037037037 0.017708333333333333 0.08703703703703704
0 0.7700520833333333 0.5800925925925926 0.021354166666666667 0.08611111111111111
0 0.903125 0.6300925925925925 0.026041666666666668 0.14166666666666666
0 0.8408854166666667 0.7328703703703704 0.04739583333333333 0.2101851851851852
0 0.92890625 0.6240740740740741 0.027604166666666666 0.12777777777777777
0 0.7268229166666667 0.5814814814814815 0.025520833333333333 0.09814814814814815
