0 0.5145833333333333 0.5055555555555555 0.011458333333333333 0.05740740740740741
0 0.6541666666666667 0.5625 0.023958333333333335 0.11944444444444445
0 0.6315104166666666 0.5652777777777778 0.0234375 0.11574074074074074
0 0.6072916666666667 0.5685185185185185 0.0125 0.11296296296296296
0 0.6192708333333333 0.5685185185185185 0.022916666666666665 0.11296296296296296
0 0.521875 0.9555555555555556 0.065625 0.34814814814814815
0 0.48151041666666666 0.8875 0.0640625 0.3101851851851852
0 0.49114583333333334 0.49907407407407406 0.013541666666666667 0.06296296296296296
0 0.9302083333333333 0.6328703703703704 0.03333333333333333 0.1824074074074074
0 0.37838541666666664 0.7833333333333333 0.0703125 0.29074074074074074
0 0.5380208333333333 0.5689814814814815 0.022916666666666665 0.11203703703703703
0 0.5729166666666666 0.5680555555555555 0.027083333333333334 0.11944444444444445
0 0.8135416666666667 0.6662037037037037 0.041666666666666664 0.1787037037037037
0 0.509375 0.85 0.034375 0.3074074074074074
0 0.84765625 0.6444444444444445 0.04010416666666667 0.16111111111111112
0 0.5427083333333333 0.5550925925925926 0.025 0.10648148148148148
