0 0.46067708333333335 0.7666666666666667 0.19947916666666668 0.9092592592592592
0 0.6580729166666667 0.6805555555555556 0.12552083333333333 0.6185185185185185
0 0.5848958333333333 0.6356481481481482 0.08541666666666667 0.4842592592592593
0 0.21015625 0.48148148148148145 0.0265625 0.10555555555555556
0 0.23255208333333333 0.47314814814814815 0.018229166666666668 0.10185185185185185
0 0.22630208333333332 0.48055555555555557 0.022395833333333334 0.09444444444444444
0 0.35078125 0.5467592592592593 0.0421875 0.27870370370370373
0 0.28567708333333336 0.537962962962963 0.0515625 0.2740740740740741
0 0.7231770833333333 0.5472222222222223 0.07447916666666667 0.3111111111111111
0 0.25338541666666664 0.4615740740740741 0.0140625 0.0712962962962963
0 0.3109375 0.4476851851851852 0.009375 0.04537037037037037
