0 0.6307291666666667 0.6148148148148148 0.08958333333333333 0.4685185185185185
0 0.49166666666666664 0.44907407407407407 0.013541666666666667 0.06481481481481481
0 0.5984375 0.6541666666666667 0.1 0.5657407407407408
0 0.5518229166666667 0.6314814814814815 0.07239583333333334 0.48148148148148145
0 0.3963541666666667 0.5273148148148148 0.059375 0.30092592592592593
0 0.34010416666666665 0.5333333333333333 0.05416666666666667 0.25925925925925924
0 0.27786458333333336 0.5592592592592592 0.0734375 0.30185185185185187
0 0.20104166666666667 0.5550925925925926 0.09375 0.30648148148148147
0 0.4578125 0.4824074074074074 0.029166666666666667 0.1574074074074074
0 0.5091145833333334 0.4513888888888889 0.013020833333333334 0.0712962962962963
