0 0.5265625 0.4027777777777778 0.036458333333333336 0.1574074074074074
0 0.4635416666666667 0.3787037037037037 0.027083333333333334 0.12407407407407407
0 0.4244791666666667 0.3800925925925926 0.021875 0.1175925925925926
0 0.9348958333333334 0.5638888888888889 0.11354166666666667 0.5648148148148148
0 0.020833333333333332 0.4361111111111111 0.06041666666666667 0.23703703703703705
0 0.32708333333333334 0.38935185185185184 0.03854166666666667 0.14537037037037037
0 0.48072916666666665 0.3680555555555556 0.017708333333333333 0.09722222222222222
0 0.17630208333333333 0.399537037037037 0.025520833333333333 0.12129629629629629
0 0.5901041666666667 0.38425925925925924 0.03229166666666667 0.1685185185185185
0 0.48776041666666664 0.3699074074074074 0.0171875 0.08981481481481482
0 0.2734375 0.37916666666666665 0.019791666666666666 0.10277777777777777
0 0.2604166666666667 0.3824074074074074 0.014583333333333334 0.08518518518518518
0 0.30703125 0.38564814814814813 0.0171875 0.10092592592592593
0 0.2864583333333333 0.3699074074074074 0.015625 0.05462962962962963
0 0.434375 0.36018518518518516 0.013541666666666667 0.06296296296296296
0 0.09244791666666667 0.3726851851851852 0.0109375 0.062037037037037036
0 0.11119791666666666 0.38842592592592595 0.019270833333333334 0.09722222222222222
0 0.12005208333333334 0.37592592592592594 0.011979166666666667 0.05925925925925926
0 0.28958333333333336 0.36944444444444446 0.0125 0.04814814814814815
