0 0.8450520833333334 0.6546296296296297 0.049479166666666664 0.21481481481481482
0 0.22291666666666668 0.6050925925925926 0.05416666666666667 0.22870370370370371
0 0.9169270833333333 0.5185185185185185 0.0515625 0.1925925925925926
0 0.4596354166666667 0.9768518518518519 0.0390625 0.2388888888888889
0 0.35104166666666664 0.8166666666666667 0.036458333333333336 0.23148148148148148
0 0.43333333333333335 0.21388888888888888 0.03229166666666667 0.1574074074074074
0 0.49895833333333334 0 0.025 0.12129629629629629
0 0.3385416666666667 0.1259259259259259 0.020833333333333332 0.12962962962962962
0 0.16354166666666667 0.28888888888888886 0.029166666666666667 0.1648148148148148
0 0.13723958333333333 0.2851851851851852 0.03177083333333333 0.1814814814814815
0 0.58828125 1 0.05260416666666667 0.14166666666666666
0 0.6354166666666666 1 0.04895833333333333 0.1361111111111111
0 0.40286458333333336 0.14537037037037037 0.024479166666666666 0.14074074074074075
0 0.4036458333333333 0.12407407407407407 0.027083333333333334 0.1574074074074074
0 0.2984375 0.020370370370370372 0.023958333333333335 0.12222222222222222
0 0.2630208333333333 0.1050925925925926 0.022916666666666665 0.13425925925925927
0 0.30572916666666666 0.18333333333333332 0.025 0.16296296296296298
0 0.16953125 0.050462962962962966 0.0265625 0.1398148148148148
0 0.2 0.18333333333333332 0.025 0.15925925925925927
0 0.16302083333333334 0.1935185185185185 0.025 0.15555555555555556
0 0.19453125 0.16898148148148148 0.0265625 0.15648148148148147
0 0.1296875 0.19907407407407407 0.028125 0.14814814814814814
0 0.12213541666666666 0.18101851851851852 0.0265625 0.1675925925925926
0 0.15 0.16805555555555557 0.029166666666666667 0.16203703703703703
0 0.15677083333333333 0.14166666666666666 0.027083333333333334 0.15185185185185185
0 0.47291666666666665 0 0.026041666666666668 0.14907407407407408
0 0.18151041666666667 0.425 0.0359375 0.1962962962962963
0 0.2565104166666667 0.05740740740740741 0.027604166666666666 0.14814814814814814
0 0.7442708333333333 0.9120370370370371 0.051041666666666666 0.23333333333333334
0 0.6973958333333333 0.9314814814814815 0.04375 0.22777777777777777
0 0.86328125 0.22962962962962963 0.03802083333333333 0.17037037037037037
0 0.7901041666666667 0.22870370370370371 0.027083333333333334 0.15925925925925927
0 0.7864583333333334 0.0712962962962963 0.030208333333333334 0.13148148148148148
0 0.8130208333333333 0 0.027083333333333334 0.13703703703703704
0 0.7700520833333333 0 0.025520833333333333 0.1388888888888889
0 0.2630208333333333 0.19768518518518519 0.022916666666666665 0.1638888888888889
0 0.23489583333333333 0.2023148148148148 0.036458333333333336 0.15092592592592594
0 0.15807291666666667 0.04212962962962963 0.027604166666666666 0.13055555555555556
0 0.225 0.08148148148148149 0.028125 0.14814814814814814
0 0.19661458333333334 0.07731481481481481 0.025520833333333333 0.14166666666666666
0 0.2296875 0.0699074074074074 0.022916666666666665 0.14166666666666666
0 0.8424479166666666 0 0.021354166666666667 0.0787037037037037
0 0.5869791666666667 0.027314814814814816 0.035416666666666666 0.13240740740740742
