0 0.8453125 0.6546296296296297 0.05 0.21481481481481482
0 0.215625 0.611574074074074 0.04479166666666667 0.2324074074074074
0 0.91640625 0.5185185185185185 0.050520833333333334 0.1925925925925926
0 0.4518229166666667 0.9787037037037037 0.043229166666666666 0.24259259259259258
0 0.35104166666666664 0.8166666666666667 0.036458333333333336 0.23148148148148148
0 0.4315104166666667 0.2111111111111111 0.025520833333333333 0.16111111111111112
0 0.3375 0.1259259259259259 0.020833333333333332 0.12962962962962962
0 0.17135416666666667 0.2800925925925926 0.029166666666666667 0.16574074074074074
0 0.14505208333333333 0.27546296296296297 0.0296875 0.1824074074074074
0 0.40286458333333336 0.14537037037037037 0.024479166666666666 0.14074074074074075
0 0.4041666666666667 0.12453703703703704 0.028125 0.15833333333333333
0 0.2986979166666667 0.01990740740740741 0.0234375 0.12129629629629629
0 0.26197916666666665 0.09583333333333334 0.022916666666666665 0.13240740740740742
0 0.30625 0.18333333333333332 0.026041666666666668 0.16296296296296298
0 0.17786458333333333 0.050462962962962966 0.0265625 0.1398148148148148
0 0.2 0.1824074074074074 0.025 0.15925925925925927
0 0.16302083333333334 0.1935185185185185 0.025 0.15555555555555556
0 0.19453125 0.16712962962962963 0.025520833333333333 0.15833333333333333
0 0.13020833333333334 0.19907407407407407 0.027083333333333334 0.15
0 0.121875 0.18009259259259258 0.026041666666666668 0.16944444444444445
0 0.14921875 0.16805555555555557 0.028645833333333332 0.16203703703703703
0 0.15703125 0.14166666666666666 0.027604166666666666 0.15185185185185185
0 0.47265625 0 0.025520833333333333 0.14907407407407408
0 0.17708333333333334 0.4439814814814815 0.034375 0.1935185185185185
0 0.25807291666666665 0.043055555555555555 0.030729166666666665 0.14722222222222223
0 0.7161458333333334 0.8870370370370371 0.05416666666666667 0.25
0 0.67265625 0.8939814814814815 0.0453125 0.2324074074074074
0 0.8559895833333333 0.21805555555555556 0.034895833333333334 0.1675925925925926
0 0.78671875 0.20833333333333334 0.027604166666666666 0.1574074074074074
0 0.72890625 0 0.0203125 0.11574074074074074
0 0.7864583333333334 0.07222222222222222 0.030208333333333334 0.13148148148148148
0 0.7604166666666666 0 0.025 0.13055555555555556
0 0.26588541666666665 0.20601851851851852 0.0234375 0.1638888888888889
0 0.23541666666666666 0.2111111111111111 0.030208333333333334 0.14814814814814814
0 0.15078125 0.044444444444444446 0.0265625 0.13148148148148148
0 0.2265625 0.09351851851851851 0.028125 0.14814814814814814
0 0.1953125 0.08564814814814815 0.026041666666666668 0.14166666666666666
0 0.22838541666666667 0.07314814814814814 0.0234375 0.14074074074074075
0 0.8403645833333333 0 0.022395833333333334 0.08055555555555556
0 0.5588541666666667 0.02175925925925926 0.03229166666666667 0.13055555555555556
