0 0.8338541666666667 0.6648148148148149 0.03125 0.22407407407407406
0 0.25416666666666665 0.08333333333333333 0.03958333333333333 0.1648148148148148
0 0.44869791666666664 0.6800925925925926 0.034895833333333334 0.23796296296296296
0 0.9166666666666666 0.5175925925925926 0.040625 0.19444444444444445
0 0.5606770833333333 0.9800925925925926 0.043229166666666666 0.23796296296296296
0 0.35104166666666664 0.8166666666666667 0.036458333333333336 0.23148148148148148
0 0.42473958333333334 0.21296296296296297 0.028645833333333332 0.1574074074074074
0 0.53125 0.04212962962962963 0.027083333333333334 0.13796296296296295
0 0.49921875 0.030555555555555555 0.028645833333333332 0.14814814814814814
0 0.31223958333333335 0.13194444444444445 0.0203125 0.14351851851851852
0 0.10130208333333333 0.387037037037037 0.034895833333333334 0.17407407407407408
0 0.07473958333333333 0.3662037037037037 0.03802083333333333 0.19537037037037036
0 0.5268229166666667 0.7824074074074074 0.0609375 0.2388888888888889
0 0.5583333333333333 0.788425925925926 0.03854166666666667 0.21574074074074073
0 0.39947916666666666 0.16342592592592592 0.03333333333333333 0.15648148148148147
0 0.29713541666666665 0.022222222222222223 0.021354166666666667 0.12222222222222222
0 0.19557291666666668 0.22685185185185186 0.0234375 0.15185185185185185
0 0.16197916666666667 0.8712962962962963 0.041666666666666664 0.24074074074074073
0 0.12526041666666668 0.8481481481481481 0.04739583333333333 0.25
0 0.2833333333333333 0.17314814814814813 0.027083333333333334 0.16111111111111112
0 0.17135416666666667 0.12314814814814815 0.021875 0.15185185185185185
0 0.20052083333333334 0.18287037037037038 0.027083333333333334 0.16203703703703703
0 0.9286458333333333 0.6912037037037037 0.034375 0.19907407407407407
0 0.1640625 0.19444444444444445 0.027083333333333334 0.1574074074074074
0 0.20104166666666667 0.1648148148148148 0.023958333333333335 0.1648148148148148
0 0.12890625 0.2 0.03177083333333333 0.14629629629629629
0 0.13229166666666667 0.1824074074074074 0.028125 0.16111111111111112
0 0.16171875 0.16157407407407406 0.0296875 0.1638888888888889
0 0.14609375 0.14351851851851852 0.0265625 0.15
0 0.11770833333333333 0.17407407407407408 0.020833333333333332 0.15925925925925927
0 0.475 0.037037037037037035 0.025 0.15
0 0.21901041666666668 0.25833333333333336 0.03177083333333333 0.1685185185185185
0 0.25677083333333334 0.20416666666666666 0.034375 0.16944444444444445
0 0.91171875 0.38564814814814813 0.043229166666666666 0.18611111111111112
0 0.8484375 0.3625 0.03125 0.1787037037037037
0 0.7903645833333334 0.06111111111111111 0.0296875 0.13518518518518519
0 0.9341145833333333 0.2722222222222222 0.0296875 0.15925925925925927
0 0.884375 0.09166666666666666 0.027083333333333334 0.15185185185185185
0 0.8526041666666667 0.08564814814814815 0.028125 0.15833333333333333
0 0.9856770833333334 0.28888888888888886 0.034895833333333334 0.17592592592592593
0 0.22005208333333334 0.10277777777777777 0.0234375 0.14629629629629629
0 0.19661458333333334 0.10833333333333334 0.0296875 0.13518518518518519
0 0.20130208333333333 0 0.0234375 0.11666666666666667
0 0.22708333333333333 0 0.026041666666666668 0.13148148148148148
