0 0.4544270833333333 0.5643518518518519 0.10572916666666667 0.5416666666666666
0 0.04088541666666667 0.6361111111111111 0.13802083333333334 0.6425925925925926
0 0.15677083333333333 0.5921296296296297 0.190625 0.7768518518518519
0 0.9609375 0.4912037037037037 0.034375 0.1935185185185185
0 0.6315104166666666 0.5851851851851851 0.11510416666666666 0.5518518518518518
0 0.2916666666666667 0.5449074074074074 0.06458333333333334 0.3453703703703704
0 0.5018229166666667 0.5217592592592593 0.0546875 0.36018518518518516
0 0.5356770833333333 0.5092592592592593 0.04010416666666667 0.2111111111111111
0 0.38776041666666666 0.4930555555555556 0.021354166666666667 0.12314814814814815
0 0.8283854166666667 0.9384259259259259 0.0140625 0.06388888888888888
0 0.9190104166666667 0.975462962962963 0.019270833333333334 0.09537037037037037
0 0.3609375 0.5347222222222222 0.065625 0.33240740740740743
