0 0.5328125 0.4074074074074074 0.036458333333333336 0.15925925925925927
0 0.47760416666666666 0.387037037037037 0.026041666666666668 0.12222222222222222
0 0.42734375 0.37824074074074077 0.0203125 0.11388888888888889
0 0.9848958333333333 0.5699074074074074 0.10104166666666667 0.5435185185185185
0 0.0625 0.44074074074074077 0.05520833333333333 0.22037037037037038
0 0.31927083333333334 0.39490740740740743 0.03125 0.13055555555555556
0 0.4703125 0.3851851851851852 0.021875 0.1111111111111111
0 0.010416666666666666 0.4546296296296296 0.036458333333333336 0.18333333333333332
0 0.48723958333333334 0.3763888888888889 0.019270833333333334 0.09537037037037037
0 0.184375 0.40555555555555556 0.026041666666666668 0.12222222222222222
0 0.5856770833333333 0.3888888888888889 0.03177083333333333 0.15555555555555556
0 0.28411458333333334 0.38796296296296295 0.016145833333333335 0.0962962962962963
0 0.27239583333333334 0.38935185185185184 0.014583333333333334 0.0824074074074074
0 0.43671875 0.3699074074074074 0.013020833333333334 0.06388888888888888
0 0.10078125 0.3800925925925926 0.0109375 0.062037037037037036
0 0.12890625 0.4 0.0171875 0.09444444444444444
0 0.12578125 0.37592592592592594 0.011979166666666667 0.05925925925925926
0 0.29765625 0.3800925925925926 0.013020833333333334 0.049074074074074076
