0 0.8302083333333333 0.6861111111111111 0.046875 0.2222222222222222
0 0.25026041666666665 0.18101851851851852 0.03697916666666667 0.1824074074074074
0 0.2677083333333333 0.6453703703703704 0.04791666666666667 0.22592592592592592
0 0.915625 0.5199074074074074 0.040625 0.1935185185185185
0 0.5161458333333333 0.975925925925926 0.040625 0.24444444444444444
0 0.35104166666666664 0.8166666666666667 0.036458333333333336 0.23148148148148148
0 0.42942708333333335 0.21851851851851853 0.030729166666666665 0.16111111111111112
0 0.7651041666666667 0.043055555555555555 0.027083333333333334 0.12314814814814815
0 0.5526041666666667 0.13333333333333333 0.027083333333333334 0.14814814814814814
0 0.5200520833333333 0.13240740740740742 0.030729166666666665 0.1648148148148148
0 0.2791666666666667 0.16620370370370371 0.01875 0.15833333333333333
0 0.4973958333333333 0.09074074074074075 0.03125 0.15185185185185185
0 0.06979166666666667 0.4111111111111111 0.026041666666666668 0.17407407407407408
0 0.05364583333333333 0.3921296296296296 0.03854166666666667 0.18611111111111112
0 0.46015625 0.5226851851851851 0.044270833333333336 0.20462962962962963
0 0.4864583333333333 0.5310185185185186 0.03854166666666667 0.19166666666666668
0 0.40989583333333335 0.15555555555555556 0.019791666666666666 0.14074074074074075
0 0.3848958333333333 0.16620370370370371 0.030208333333333334 0.15648148148148147
0 0.38125 0.07731481481481481 0.026041666666666668 0.14166666666666666
0 0.29713541666666665 0.022685185185185187 0.021354166666666667 0.12314814814814815
0 0.13203125 0.3962962962962963 0.0296875 0.17037037037037037
0 0.2721354166666667 0.575462962962963 0.033854166666666664 0.20092592592592592
0 0.22760416666666666 0.5625 0.04479166666666667 0.21388888888888888
0 0.2942708333333333 0.13564814814814816 0.025 0.1527777777777778
0 0.18489583333333334 0.12175925925925926 0.027083333333333334 0.14907407407407408
0 0.20390625 0.17962962962962964 0.027604166666666666 0.16296296296296298
0 0.5369791666666667 0.4703703703703704 0.030208333333333334 0.1814814814814815
0 0.16354166666666667 0.2 0.027083333333333334 0.1574074074074074
0 0.19713541666666667 0.16712962962962963 0.024479166666666666 0.15648148148148147
0 0.12239583333333333 0.20277777777777778 0.029166666666666667 0.14629629629629629
0 0.12994791666666666 0.1824074074074074 0.0234375 0.17407407407407408
0 0.14817708333333332 0.15555555555555556 0.028645833333333332 0.16111111111111112
0 0.45208333333333334 0.016203703703703703 0.023958333333333335 0.14351851851851852
0 0.23723958333333334 0.13657407407407407 0.0296875 0.15833333333333333
0 0.24557291666666667 0.41574074074074074 0.03697916666666667 0.19444444444444445
0 0.9700520833333334 0.5421296296296296 0.034895833333333334 0.1935185185185185
0 0.8401041666666667 0 0.025 0.12962962962962962
0 0.9216145833333333 0.1449074074074074 0.028645833333333332 0.14351851851851852
0 0.9880208333333333 0.13333333333333333 0.029166666666666667 0.14629629629629629
0 0.853125 0.0587962962962963 0.029166666666666667 0.14166666666666666
0 0.24401041666666667 0.9986111111111111 0.05260416666666667 0.20277777777777778
0 0.26510416666666664 0.9490740740740741 0.046875 0.2462962962962963
0 0.23020833333333332 0.008796296296296297 0.022916666666666665 0.1287037037037037
0 0.20729166666666668 0.006944444444444444 0.021875 0.12685185185185185
0 0.7208333333333333 0 0.030208333333333334 0.12962962962962962
