0 0.9283854166666666 0.6930555555555555 0.0484375 0.21388888888888888
0 0.9276041666666667 0.5726851851851852 0.026041666666666668 0.09722222222222222
0 0.8713541666666667 0.5597222222222222 0.01875 0.10277777777777777
0 0.025 0.6087962962962963 0.028125 0.13796296296296295
0 0.054947916666666666 0.6134259259259259 0.0328125 0.1361111111111111
0 0.13411458333333334 0.6018518518518519 0.024479166666666666 0.11851851851851852
0 0.10963541666666667 0.6041666666666666 0.021354166666666667 0.11018518518518519
0 0.19088541666666667 0.5694444444444444 0.0203125 0.1
0 0.16640625 0.5958333333333333 0.0234375 0.12685185185185185
0 0.76875 0.5208333333333334 0.0125 0.05092592592592592
0 0.6927083333333334 0.5287037037037037 0.014583333333333334 0.06481481481481481
0 0.7549479166666667 0.5180555555555556 0.009895833333333333 0.05277777777777778
0 0.4466145833333333 0.4842592592592593 0.0067708333333333336 0.02962962962962963
0 0.13541666666666666 0.5509259259259259 0.014583333333333334 0.08518518518518518
0 0.30807291666666664 0.5050925925925925 0.008854166666666666 0.04351851851851852
0 0.12291666666666666 0.5879629629629629 0.019791666666666666 0.1259259259259259
0 0.58046875 0.487962962962963 0.008854166666666666 0.040740740740740744
0 0.7911458333333333 0.5143518518518518 0.016666666666666666 0.062037037037037036
0 0.3268229166666667 0.5120370370370371 0.009895833333333333 0.05925925925925926
0 0.33697916666666666 0.5171296296296296 0.010416666666666666 0.058333333333333334
0 0.2955729166666667 0.5101851851851852 0.009895833333333333 0.05740740740740741
0 0.3177083333333333 0.5037037037037037 0.010416666666666666 0.05555555555555555
0 0.7486979166666666 0.5120370370370371 0.011979166666666667 0.05740740740740741
0 0.6075520833333333 0.5023148148148148 0.009895833333333333 0.04351851851851852
0 0.6151041666666667 0.5055555555555555 0.010416666666666666 0.044444444444444446
0 0.6888020833333334 0.5078703703703704 0.011979166666666667 0.049074074074074076
0 0.6825520833333333 0.5125 0.011979166666666667 0.05092592592592592
0 0.09192708333333334 0.5986111111111111 0.016145833333333335 0.09722222222222222
0 0.7729166666666667 0.5148148148148148 0.011458333333333333 0.053703703703703705
0 0.696875 0.5027777777777778 0.011458333333333333 0.04814814814814815
