0 0.4591145833333333 0.5703703703703704 0.07239583333333334 0.34444444444444444
0 0.6036458333333333 0.4615740740740741 0.019791666666666666 0.09166666666666666
0 0.5817708333333333 0.4550925925925926 0.019791666666666666 0.10092592592592593
0 0.3807291666666667 0.637962962962963 0.0875 0.49074074074074076
0 0.5263020833333333 0.5578703703703703 0.059895833333333336 0.2953703703703704
0 0.24817708333333333 0.48148148148148145 0.019270833333333334 0.1
0 0.27395833333333336 0.4708333333333333 0.016666666666666666 0.09907407407407408
0 0.2609375 0.4726851851851852 0.015625 0.09537037037037037
0 0.22421875 0.48148148148148145 0.025520833333333333 0.09814814814814815
0 0.31197916666666664 0.49444444444444446 0.030208333333333334 0.15
0 0.5598958333333334 0.5300925925925926 0.05 0.25462962962962965
0 0.6221354166666667 0.46064814814814814 0.018229166666666668 0.08796296296296297
0 0.29140625 0.4513888888888889 0.013020833333333334 0.06388888888888888
0 0.27682291666666664 0.45416666666666666 0.015104166666666667 0.06018518518518518
0 0.3098958333333333 0.4115740740740741 0.010416666666666666 0.03981481481481482
0 0.315625 0.4111111111111111 0.009375 0.03888888888888889
