0 0.8450520833333334 0.6546296296296297 0.049479166666666664 0.21481481481481482
0 0.25338541666666664 0.6064814814814815 0.04010416666666667 0.22592592592592592
0 0.9161458333333333 0.5189814814814815 0.051041666666666666 0.1935185185185185
0 0.4817708333333333 0.9791666666666666 0.03854166666666667 0.23981481481481481
0 0.35104166666666664 0.8166666666666667 0.036458333333333336 0.23148148148148148
0 0.43359375 0.21388888888888888 0.0328125 0.1574074074074074
0 0.5052083333333334 0 0.025 0.12685185185185185
0 0.3385416666666667 0.1259259259259259 0.020833333333333332 0.12962962962962962
0 0.15677083333333333 0.29953703703703705 0.030208333333333334 0.16944444444444445
0 0.1296875 0.29583333333333334 0.028125 0.18425925925925926
0 0.6028645833333334 1 0.05260416666666667 0.18888888888888888
0 0.6395833333333333 1 0.04583333333333333 0.17777777777777778
0 0.40338541666666666 0.14675925925925926 0.022395833333333334 0.14166666666666666
0 0.40338541666666666 0.12129629629629629 0.027604166666666666 0.15925925925925927
0 0.2981770833333333 0.020370370370370372 0.0234375 0.12222222222222222
0 0.26458333333333334 0.12175925925925926 0.022916666666666665 0.13796296296296295
0 0.3020833333333333 0.18472222222222223 0.029166666666666667 0.16203703703703703
0 0.16380208333333332 0.06342592592592593 0.0265625 0.1398148148148148
0 0.2 0.18333333333333332 0.025 0.15925925925925927
0 0.16302083333333334 0.19305555555555556 0.025 0.15648148148148147
0 0.19713541666666667 0.1648148148148148 0.0265625 0.1574074074074074
0 0.13020833333333334 0.19907407407407407 0.025 0.14814814814814814
0 0.12265625 0.18101851851851852 0.0265625 0.1675925925925926
0 0.1515625 0.16712962962962963 0.029166666666666667 0.16203703703703703
0 0.15703125 0.14166666666666666 0.027604166666666666 0.15185185185185185
0 0.47265625 0 0.025520833333333333 0.14907407407407408
0 0.18854166666666666 0.40185185185185185 0.035416666666666666 0.19074074074074074
0 0.2591145833333333 0.07268518518518519 0.028645833333333332 0.1527777777777778
0 0.7723958333333333 0.9555555555555556 0.046875 0.2351851851851852
0 0.7286458333333333 0.975 0.04583333333333333 0.22037037037037038
0 0.8591145833333333 0.24583333333333332 0.03802083333333333 0.1712962962962963
0 0.7955729166666666 0.24074074074074073 0.0296875 0.16296296296296298
0 0.7864583333333334 0.0712962962962963 0.030208333333333334 0.13148148148148148
0 0.8184895833333333 0 0.027604166666666666 0.14074074074074075
0 0.25859375 0.1824074074074074 0.0234375 0.16111111111111112
0 0.2375 0.1865740740740741 0.027083333333333334 0.14722222222222223
0 0.17369791666666667 0.03518518518518519 0.0296875 0.12962962962962962
0 0.22760416666666666 0.06944444444444445 0.028125 0.1425925925925926
0 0.196875 0.06620370370370371 0.026041666666666668 0.14166666666666666
0 0.8450520833333334 0 0.016145833333333335 0.07592592592592592
0 0.61953125 0.04212962962962963 0.03802083333333333 0.13425925925925927
