0 0.8286458333333333 0.6847222222222222 0.04479166666666667 0.22314814814814815
0 0.25078125 0.18425925925925926 0.03697916666666667 0.18333333333333332
0 0.25677083333333334 0.6458333333333334 0.051041666666666666 0.23055555555555557
0 0.915625 0.5199074074074074 0.040625 0.1935185185185185
0 0.5143229166666666 0.975462962962963 0.0390625 0.24722222222222223
0 0.35104166666666664 0.8166666666666667 0.036458333333333336 0.23148148148148148
0 0.42942708333333335 0.21851851851851853 0.030729166666666665 0.16111111111111112
0 0.76640625 0.047685185185185185 0.028645833333333332 0.125
0 0.5533854166666666 0.13657407407407407 0.0265625 0.14907407407407408
0 0.5216145833333333 0.13703703703703704 0.030729166666666665 0.16666666666666666
0 0.28020833333333334 0.1675925925925926 0.019791666666666666 0.1574074074074074
0 0.4984375 0.09259259259259259 0.03125 0.15185185185185185
0 0.06979166666666667 0.4111111111111111 0.026041666666666668 0.17407407407407408
0 0.053385416666666664 0.3921296296296296 0.0390625 0.18611111111111112
0 0.46015625 0.5217592592592593 0.044270833333333336 0.2064814814814815
0 0.4864583333333333 0.5263888888888889 0.036458333333333336 0.18981481481481483
0 0.41041666666666665 0.15648148148148147 0.019791666666666666 0.14074074074074075
0 0.3854166666666667 0.16620370370370371 0.029166666666666667 0.15648148148148147
0 0.38177083333333334 0.07731481481481481 0.026041666666666668 0.14166666666666666
0 0.29713541666666665 0.022685185185185187 0.021354166666666667 0.12314814814814815
0 0.13307291666666668 0.39814814814814814 0.0296875 0.17037037037037037
0 0.2752604166666667 0.5685185185185185 0.033854166666666664 0.2
0 0.22942708333333334 0.5611111111111111 0.044270833333333336 0.21481481481481482
0 0.2942708333333333 0.1361111111111111 0.025 0.1537037037037037
0 0.18385416666666668 0.12175925925925926 0.027083333333333334 0.14907407407407408
0 0.20390625 0.17962962962962964 0.027604166666666666 0.16296296296296298
0 0.5309895833333333 0.4666666666666667 0.03177083333333333 0.1814814814814815
0 0.16302083333333334 0.2 0.027083333333333334 0.1574074074074074
0 0.196875 0.16712962962962963 0.025 0.15648148148148147
0 0.12291666666666666 0.20277777777777778 0.028125 0.14629629629629629
0 0.12994791666666666 0.1814814814814815 0.0234375 0.17407407407407408
0 0.14817708333333332 0.15555555555555556 0.028645833333333332 0.16111111111111112
0 0.45208333333333334 0.013425925925925926 0.023958333333333335 0.14351851851851852
0 0.23619791666666667 0.13287037037037036 0.0296875 0.15648148148148147
0 0.24401041666666667 0.4212962962962963 0.0390625 0.1962962962962963
0 0.9700520833333334 0.5486111111111112 0.034895833333333334 0.1935185185185185
0 0.9184895833333333 0.14212962962962963 0.028645833333333332 0.14351851851851852
0 0.9934895833333334 0.13333333333333333 0.0296875 0.14629629629629629
0 0.84921875 0.05416666666666667 0.0265625 0.14166666666666666
0 0.23828125 0.9939814814814815 0.0515625 0.21203703703703702
0 0.26197916666666665 0.9416666666666667 0.051041666666666666 0.2462962962962963
0 0.22994791666666667 0.006944444444444444 0.022395833333333334 0.12685185185185185
0 0.20677083333333332 0.005092592592592593 0.021875 0.12685185185185185
0 0.7205729166666667 0 0.0296875 0.12962962962962962
