0 0.8432291666666667 0.6532407407407408 0.04583333333333333 0.2175925925925926
0 0.2578125 0.03935185185185185 0.03125 0.1638888888888889
0 0.3770833333333333 0.6365740740740741 0.051041666666666666 0.23796296296296296
0 0.9158854166666667 0.5194444444444445 0.04114583333333333 0.19444444444444445
0 0.54140625 0.9787037037037037 0.0390625 0.24259259259259258
0 0.35104166666666664 0.8166666666666667 0.036458333333333336 0.23148148148148148
0 0.43307291666666664 0.21296296296296297 0.030729166666666665 0.1574074074074074
0 0.52109375 0.005555555555555556 0.025520833333333333 0.13148148148148148
0 0.49322916666666666 0.000462962962962963 0.028125 0.14351851851851852
0 0.3333333333333333 0.12685185185185185 0.020833333333333332 0.13148148148148148
0 0.13046875 0.3421296296296296 0.03177083333333333 0.17314814814814813
0 0.09739583333333333 0.3296296296296296 0.030208333333333334 0.19074074074074074
0 0.5815104166666667 0.8981481481481481 0.0640625 0.24444444444444444
0 0.6190104166666667 0.8976851851851851 0.0515625 0.22870370370370371
0 0.40338541666666666 0.14537037037037037 0.021354166666666667 0.14074074074074075
0 0.4401041666666667 0.13333333333333333 0.025 0.15185185185185185
0 0.29713541666666665 0.021296296296296296 0.021354166666666667 0.12222222222222222
0 0.25494791666666666 0.17824074074074073 0.025520833333333333 0.14537037037037037
0 0.15078125 0.9907407407407407 0.043229166666666666 0.21481481481481482
0 0.18125 0.9472222222222222 0.051041666666666666 0.2537037037037037
0 0.30364583333333334 0.18472222222222223 0.025 0.16018518518518518
0 0.16953125 0.09166666666666666 0.0296875 0.14814814814814814
0 0.20052083333333334 0.18333333333333332 0.027083333333333334 0.16111111111111112
0 0.16302083333333334 0.19305555555555556 0.025 0.15648148148148147
0 0.19609375 0.1625 0.025520833333333333 0.1638888888888889
0 0.12526041666666668 0.2 0.0265625 0.14814814814814814
0 0.12005208333333334 0.17916666666666667 0.0265625 0.1675925925925926
0 0.16302083333333334 0.16666666666666666 0.028125 0.1537037037037037
0 0.15703125 0.14444444444444443 0.0265625 0.14814814814814814
0 0.46796875 0.01898148148148148 0.025520833333333333 0.14907407407407408
0 0.21145833333333333 0.325 0.034375 0.17777777777777778
0 0.2640625 0.1398148148148148 0.03125 0.16296296296296298
0 0.8796875 0.31805555555555554 0.040625 0.18425925925925926
0 0.8270833333333333 0.3023148148148148 0.029166666666666667 0.1712962962962963
0 0.7864583333333334 0.07037037037037037 0.030208333333333334 0.13148148148148148
0 0.9815104166666667 0.32916666666666666 0.034895833333333334 0.1638888888888889
0 0.8705729166666667 0.04537037037037037 0.027604166666666666 0.14074074074074075
0 0.8236979166666667 0.03564814814814815 0.027604166666666666 0.1527777777777778
0 0.23333333333333334 0.13657407407407407 0.022916666666666665 0.15462962962962962
0 0.20885416666666667 0.14351851851851852 0.027083333333333334 0.1388888888888889
0 0.23645833333333333 0.01990740740740741 0.028125 0.14537037037037037
0 0.20286458333333332 0.013425925925925926 0.0265625 0.14166666666666666
