0 0.5463541666666667 0.40925925925925927 0.036458333333333336 0.15185185185185185
0 0.4864583333333333 0.3972222222222222 0.027083333333333334 0.13148148148148148
0 0.46171875 0.39166666666666666 0.027604166666666666 0.13518518518518519
0 0.7796875 0.6314814814814815 0.11770833333333333 0.6407407407407407
0 0.9229166666666667 0.625 0.15 0.6759259259259259
0 0.34010416666666665 0.40046296296296297 0.03958333333333333 0.16203703703703703
0 0.4984375 0.3851851851851852 0.021875 0.11851851851851852
0 0.53125 0.3907407407407407 0.022916666666666665 0.11666666666666667
0 0.23567708333333334 0.38472222222222224 0.025520833333333333 0.11203703703703703
0 0.7145833333333333 0.4527777777777778 0.052083333333333336 0.30185185185185187
0 0.584375 0.3939814814814815 0.017708333333333333 0.10648148148148148
0 0.2796875 0.3814814814814815 0.023958333333333335 0.12037037037037036
0 0.26640625 0.3875 0.021354166666666667 0.10833333333333334
0 0.5205729166666667 0.3824074074074074 0.0203125 0.09074074074074075
0 0.5041666666666667 0.3824074074074074 0.021875 0.0962962962962963
0 0.11223958333333334 0.35 0.013020833333333334 0.06666666666666667
0 0.1296875 0.38055555555555554 0.020833333333333332 0.10555555555555556
0 0.14479166666666668 0.3587962962962963 0.014583333333333334 0.06388888888888888
0 0.38307291666666665 0.36666666666666664 0.011979166666666667 0.05925925925925926
0 0.37265625 0.3611111111111111 0.009895833333333333 0.05555555555555555
