0 0.4557291666666667 0.5268518518518519 0.103125 0.5685185185185185
0 0.31588541666666664 0.4875 0.05364583333333333 0.2638888888888889
0 0.3796875 0.46944444444444444 0.07395833333333333 0.30185185185185187
0 0.9033854166666667 0.4046296296296296 0.03177083333333333 0.15
0 0.6296875 0.5101851851851852 0.10520833333333333 0.48703703703703705
0 0 0.6375 0.18333333333333332 0.8787037037037037
0 0.5002604166666667 0.4666666666666667 0.0546875 0.3314814814814815
0 0.5528645833333333 0.4532407407407407 0.0453125 0.20833333333333334
0 0.52734375 0.4375 0.0171875 0.11574074074074074
0 0.7666666666666667 0.7379629629629629 0.013541666666666667 0.05185185185185185
