0 0.72265625 0.5236111111111111 0.0171875 0.08796296296296297
0 0.7791666666666667 0.5157407407407407 0.019791666666666666 0.07037037037037037
0 0.8057291666666667 0.5763888888888888 0.027083333333333334 0.10092592592592593
0 0.8528645833333334 0.5712962962962963 0.0296875 0.10925925925925926
0 0.7611979166666667 0.5092592592592593 0.0171875 0.07222222222222222
0 0.009895833333333333 0.7166666666666667 0.03333333333333333 0.2074074074074074
0 0.07630208333333334 0.7032407407407407 0.025520833333333333 0.08981481481481482
0 0.11354166666666667 0.6037037037037037 0.023958333333333335 0.1425925925925926
0 0.15416666666666667 0.6101851851851852 0.023958333333333335 0.13703703703703704
0 0.2713541666666667 0.5513888888888889 0.017708333333333333 0.08611111111111111
0 0.2908854166666667 0.5513888888888889 0.016145833333333335 0.08796296296296297
0 0.34661458333333334 0.5212962962962963 0.0140625 0.06481481481481481
0 0.3375 0.5231481481481481 0.011458333333333333 0.053703703703703705
0 0.35859375 0.5092592592592593 0.011979166666666667 0.053703703703703705
0 0.5625 0.4708333333333333 0.008333333333333333 0.026851851851851852
0 0.3299479166666667 0.5138888888888888 0.0109375 0.06481481481481481
0 0.61953125 0.4699074074074074 0.0067708333333333336 0.032407407407407406
0 0.66484375 0.4722222222222222 0.008854166666666666 0.03333333333333333
0 0.4166666666666667 0.49212962962962964 0.008333333333333333 0.041666666666666664
0 0.4354166666666667 0.49444444444444446 0.008333333333333333 0.03888888888888889
0 0.4080729166666667 0.49166666666666664 0.0078125 0.04259259259259259
0 0.76171875 0.4791666666666667 0.0078125 0.03981481481481482
