0 0.34427083333333336 0.5435185185185185 0.05 0.26851851851851855
0 0.5583333333333333 0.4981481481481482 0.019791666666666666 0.10185185185185185
0 0.57578125 0.5009259259259259 0.0171875 0.10555555555555556
0 0.6653645833333334 0.4601851851851852 0.0171875 0.09259259259259259
0 0.5330729166666667 0.46064814814814814 0.0203125 0.10277777777777777
0 0.5807291666666666 0.4564814814814815 0.019791666666666666 0.1
0 0.4934895833333333 0.45555555555555555 0.022395833333333334 0.10555555555555556
0 0.30442708333333335 0.5611111111111111 0.0609375 0.30185185185185187
0 0.3875 0.5236111111111111 0.041666666666666664 0.19907407407407407
0 0.8260416666666667 0.4546296296296296 0.026041666666666668 0.11481481481481481
0 0.2903645833333333 0.5481481481481482 0.04739583333333333 0.26296296296296295
0 0.26588541666666665 0.4699074074074074 0.015104166666666667 0.09537037037037037
0 0.25416666666666665 0.47824074074074074 0.016666666666666666 0.09351851851851851
0 0.22864583333333333 0.4638888888888889 0.019791666666666666 0.07777777777777778
0 0.553125 0.45601851851851855 0.016666666666666666 0.0712962962962963
0 0.3072916666666667 0.4115740740740741 0.010416666666666666 0.03981481481481482
0 0.3145833333333333 0.4111111111111111 0.009375 0.03888888888888889
