0 0.7346354166666667 0.6370370370370371 0.05364583333333333 0.22407407407407406
0 0.24114583333333334 0.37037037037037035 0.03958333333333333 0.20555555555555555
0 0.07421875 0.6226851851851852 0.043229166666666666 0.23055555555555557
0 0.9161458333333333 0.5199074074074074 0.03958333333333333 0.1935185185185185
0 0.6041666666666666 0.9791666666666666 0.042708333333333334 0.23796296296296296
0 0.3536458333333333 0.8208333333333333 0.052083333333333336 0.2324074074074074
0 0.4296875 0.21851851851851853 0.03125 0.16111111111111112
0 0.7893229166666667 0.13194444444444445 0.027604166666666666 0.1361111111111111
0 0.7427083333333333 0.24537037037037038 0.027083333333333334 0.1537037037037037
0 0.7239583333333334 0.25462962962962965 0.034375 0.17037037037037037
0 0.36822916666666666 0.2449074074074074 0.022916666666666665 0.15648148148148147
0 0.5002604166666667 0.2810185185185185 0.034895833333333334 0.175
0 0.06875 0.41064814814814815 0.025 0.17314814814814813
0 0.07838541666666667 0.3925925925925926 0.027604166666666666 0.18703703703703703
0 0.428125 0.27870370370370373 0.03333333333333333 0.17407407407407408
0 0.44973958333333336 0.2875 0.0265625 0.15648148148148147
0 0.65703125 0.2462962962962963 0.022395833333333334 0.15
0 0.60390625 0.2152777777777778 0.03697916666666667 0.15833333333333333
0 0.38046875 0.0712962962962963 0.027604166666666666 0.15
0 0.29583333333333334 0.020370370370370372 0.021875 0.1259259259259259
0 0.05520833333333333 0.7171296296296297 0.0375 0.20462962962962963
0 0.30130208333333336 0.29907407407407405 0.0265625 0.17222222222222222
0 0.28802083333333334 0.3125 0.036458333333333336 0.18425925925925926
0 0.24557291666666667 0.06759259259259259 0.027604166666666666 0.14074074074074075
0 0.20807291666666666 0.06851851851851852 0.024479166666666666 0.14814814814814814
0 0.29296875 0.13657407407407407 0.024479166666666666 0.15462962962962962
0 0.26640625 0.11296296296296296 0.0296875 0.14814814814814814
0 0.19947916666666668 0.1787037037037037 0.028125 0.16296296296296298
0 0.2638020833333333 0.22546296296296298 0.027604166666666666 0.14907407407407408
0 0.16510416666666666 0.1935185185185185 0.027083333333333334 0.1574074074074074
0 0.1890625 0.16203703703703703 0.022916666666666665 0.16111111111111112
0 0.12317708333333334 0.19444444444444445 0.025520833333333333 0.15185185185185185
0 0.14973958333333334 0.16944444444444445 0.03177083333333333 0.1685185185185185
0 0.1171875 0.17407407407407408 0.020833333333333332 0.15925925925925927
0 0.23151041666666666 0.8583333333333333 0.0515625 0.25
0 0.7794270833333333 0 0.024479166666666666 0.12685185185185185
