0 0.81953125 0.6736111111111112 0.03802083333333333 0.22870370370370371
0 0.2515625 0.11388888888888889 0.036458333333333336 0.17037037037037037
0 0.4466145833333333 0.6625 0.050520833333333334 0.23425925925925925
0 0.9072916666666667 0.5194444444444445 0.057291666666666664 0.1925925925925926
0 0.5552083333333333 0.975462962962963 0.046875 0.24351851851851852
0 0.35104166666666664 0.8166666666666667 0.036458333333333336 0.23148148148148148
0 0.43046875 0.21435185185185185 0.024479166666666666 0.16018518518518518
0 0.53671875 0.06851851851851852 0.0265625 0.1425925925925926
0 0.5015625 0.059722222222222225 0.030208333333333334 0.14907407407407408
0 0.28671875 0.125 0.022395833333333334 0.14814814814814814
0 0.07786458333333333 0.4060185185185185 0.028645833333333332 0.17685185185185184
0 0.062239583333333334 0.38472222222222224 0.027604166666666666 0.18981481481481483
0 0.5028645833333333 0.6962962962962963 0.0609375 0.22777777777777777
0 0.5359375 0.7055555555555556 0.041666666666666664 0.20555555555555555
0 0.40598958333333335 0.1537037037037037 0.025520833333333333 0.1259259259259259
0 0.3848958333333333 0.16203703703703703 0.027083333333333334 0.15555555555555556
0 0.39895833333333336 0 0.025 0.13425925925925927
0 0.29713541666666665 0.022222222222222223 0.021354166666666667 0.12222222222222222
0 0.16171875 0.2726851851851852 0.027604166666666666 0.16018518518518518
0 0.1890625 0.7819444444444444 0.0375 0.22870370370370371
0 0.14296875 0.762962962962963 0.04739583333333333 0.24444444444444444
0 0.2830729166666667 0.15601851851851853 0.03177083333333333 0.15462962962962962
0 0.18541666666666667 0.12731481481481483 0.029166666666666667 0.15092592592592594
0 0.20052083333333334 0.1824074074074074 0.027083333333333334 0.16296296296296298
0 0.8106770833333333 0.6194444444444445 0.03697916666666667 0.19074074074074074
0 0.16354166666666667 0.19444444444444445 0.027083333333333334 0.1574074074074074
0 0.2 0.1648148148148148 0.029166666666666667 0.15925925925925927
0 0.12942708333333333 0.2 0.0328125 0.14629629629629629
0 0.13567708333333334 0.18055555555555555 0.030729166666666665 0.15925925925925927
0 0.15 0.16018518518518518 0.030208333333333334 0.16111111111111112
0 0.11770833333333333 0.17407407407407408 0.020833333333333332 0.15925925925925927
0 0.46927083333333336 0.04583333333333333 0.027083333333333334 0.15092592592592594
0 0.2359375 0.2162037037037037 0.030208333333333334 0.16574074074074074
0 0.25390625 0.25833333333333336 0.03697916666666667 0.17592592592592593
0 0.9546875 0.4361111111111111 0.046875 0.1962962962962963
0 0.87109375 0.40694444444444444 0.033854166666666664 0.18425925925925926
0 0.7986979166666667 0.0375 0.0296875 0.1361111111111111
0 0.91328125 0.23657407407407408 0.0359375 0.1527777777777778
0 0.9057291666666667 0.12962962962962962 0.025 0.15555555555555556
0 0.8802083333333334 0.12268518518518519 0.028125 0.16018518518518518
0 0.9421875 0.21296296296296297 0.041666666666666664 0.16296296296296298
0 0.22630208333333332 0.07314814814814814 0.0234375 0.14629629629629629
0 0.19973958333333333 0.07361111111111111 0.028645833333333332 0.125
0 0.7203125 0 0.027083333333333334 0.12314814814814815
