0 0.46197916666666666 0.35462962962962963 0.030208333333333334 0.15
0 0.21067708333333332 0.4199074074074074 0.09739583333333333 0.375
0 0.5104166666666666 0.3592592592592593 0.029166666666666667 0.13703703703703704
0 0.5796875 0.3337962962962963 0.015625 0.06388888888888888
0 0.6453125 0.3731481481481482 0.030208333333333334 0.2
0 0.3458333333333333 0.3472222222222222 0.020833333333333332 0.09444444444444444
0 0.6354166666666666 0.3675925925925926 0.026041666666666668 0.18333333333333332
0 0.15 0.37083333333333335 0.03333333333333333 0.13425925925925927
0 0.11041666666666666 0.375 0.046875 0.14814814814814814
0 0.5263020833333333 0.33101851851851855 0.0140625 0.058333333333333334
0 0.28671875 0.3699074074074074 0.025520833333333333 0.15462962962962962
0 0.546875 0.33055555555555555 0.009375 0.03888888888888889
0 0.5359375 0.3282407407407407 0.009375 0.041666666666666664
0 0.38567708333333334 0.34074074074074073 0.015104166666666667 0.06666666666666667
0 0.36770833333333336 0.33240740740740743 0.014583333333333334 0.07777777777777778
0 0.3723958333333333 0.33564814814814814 0.0125 0.06018518518518518
0 0.3880208333333333 0.33101851851851855 0.011458333333333333 0.058333333333333334
