0 0.73515625 0.6375 0.05364583333333333 0.22314814814814815
0 0.23567708333333334 0.4097222222222222 0.0421875 0.21203703703703702
0 0.07473958333333333 0.6231481481481481 0.043229166666666666 0.22962962962962963
0 0.91640625 0.5199074074074074 0.0390625 0.1935185185185185
0 0.6364583333333333 0.9949074074074075 0.04375 0.2064814814814815
0 0.3541666666666667 0.8208333333333333 0.052083333333333336 0.2324074074074074
0 0.4296875 0.21851851851851853 0.03125 0.16111111111111112
0 1 0.3773148148148148 0.03697916666666667 0.17685185185185184
0 0.7888020833333333 0.13240740740740742 0.027604166666666666 0.13518518518518519
0 0.79375 0.27037037037037037 0.026041666666666668 0.16111111111111112
0 0.76328125 0.275 0.03802083333333333 0.17592592592592593
0 0.4203125 0.25787037037037036 0.03229166666666667 0.16203703703703703
0 0.5296875 0.25925925925925924 0.035416666666666666 0.16666666666666666
0 0.08203125 0.4166666666666667 0.025520833333333333 0.17777777777777778
0 0.08619791666666667 0.39490740740740743 0.034895833333333334 0.18796296296296297
0 0.45234375 0.24444444444444444 0.027604166666666666 0.17037037037037037
0 0.4739583333333333 0.25277777777777777 0.028125 0.15555555555555556
0 0.5515625 0 0.023958333333333335 0.11203703703703703
0 0.7041666666666667 0.26342592592592595 0.020833333333333332 0.15092592592592594
0 0.66640625 0.23148148148148148 0.0359375 0.15
0 0.38046875 0.07083333333333333 0.027604166666666666 0.15092592592592594
0 0.29609375 0.022685185185185187 0.0203125 0.11944444444444445
0 0.0234375 0.7847222222222222 0.034375 0.21388888888888888
0 0.2752604166666667 0.27546296296296297 0.04010416666666667 0.18055555555555555
0 0.23984375 0.09398148148148149 0.0265625 0.14722222222222223
0 0.21223958333333334 0.10092592592592593 0.027604166666666666 0.15
0 0.29270833333333335 0.13657407407407407 0.023958333333333335 0.15462962962962962
0 0.2669270833333333 0.11296296296296296 0.028645833333333332 0.14814814814814814
0 0.19947916666666668 0.1787037037037037 0.028125 0.16296296296296298
0 0.26145833333333335 0.1824074074074074 0.030208333333333334 0.1425925925925926
0 0.16458333333333333 0.1925925925925926 0.027083333333333334 0.1574074074074074
0 0.1875 0.16018518518518518 0.023958333333333335 0.16296296296296298
0 0.12265625 0.1962962962962963 0.025520833333333333 0.15185185185185185
0 0.14661458333333333 0.1699074074074074 0.025520833333333333 0.1712962962962963
0 0.15182291666666667 0.15092592592592594 0.0296875 0.15555555555555556
0 0.11770833333333333 0.17407407407407408 0.020833333333333332 0.15925925925925927
0 0.18515625 0 0.022395833333333334 0.12129629629629629
0 0.22760416666666666 0.950462962962963 0.05 0.2490740740740741
