0 0.47213541666666664 0.5800925925925926 0.09322916666666667 0.5361111111111111
0 0.028125 0.6375 0.24375 1
0 0.428125 0.5166666666666667 0.042708333333333334 0.2074074074074074
0 0.99296875 0.4875 0.034895833333333334 0.19907407407407407
0 0.6552083333333333 0.5902777777777778 0.11145833333333334 0.5675925925925925
0 0.2552083333333333 0.5740740740740741 0.08020833333333334 0.42592592592592593
0 0.51171875 0.5337962962962963 0.0546875 0.3675925925925926
0 0.5510416666666667 0.5472222222222223 0.06458333333333334 0.337037037037037
0 0.3893229166666667 0.5013888888888889 0.022395833333333334 0.125
0 0.8419270833333333 0.9412037037037037 0.0140625 0.06388888888888888
0 0.93671875 0.986574074074074 0.019270833333333334 0.09537037037037037
0 0.334375 0.5578703703703703 0.09166666666666666 0.4083333333333333
