0 0.7354166666666667 0.6375 0.053125 0.22314814814814815
0 0.23333333333333334 0.41759259259259257 0.042708333333333334 0.21296296296296297
0 0.07473958333333333 0.6236111111111111 0.043229166666666666 0.23055555555555557
0 0.91640625 0.5199074074074074 0.0390625 0.1935185185185185
0 0.6401041666666667 0.9972222222222222 0.04375 0.20185185185185187
0 0.3541666666666667 0.8208333333333333 0.052083333333333336 0.2324074074074074
0 0.4296875 0.21851851851851853 0.03125 0.16111111111111112
0 1 0.3699074074074074 0.03697916666666667 0.17685185185185184
0 0.7888020833333333 0.13240740740740742 0.027604166666666666 0.13518518518518519
0 0.8033854166666666 0.27314814814814814 0.0265625 0.16111111111111112
0 0.7705729166666667 0.2773148148148148 0.04010416666666667 0.1787037037037037
0 0.43463541666666666 0.2625 0.04114583333333333 0.15833333333333333
0 0.5346354166666667 0.25555555555555554 0.033854166666666664 0.16296296296296298
0 0.08802083333333334 0.41944444444444445 0.029166666666666667 0.17777777777777778
0 0.09036458333333333 0.3976851851851852 0.03697916666666667 0.18796296296296297
0 0.45546875 0.2361111111111111 0.027604166666666666 0.1685185185185185
0 0.47708333333333336 0.24768518518518517 0.029166666666666667 0.15648148148148147
0 0.5520833333333334 0 0.023958333333333335 0.11296296296296296
0 0.5341145833333333 0 0.022395833333333334 0.11018518518518519
0 0.7111979166666667 0.2657407407407407 0.0203125 0.15185185185185185
0 0.678125 0.23564814814814813 0.029166666666666667 0.15092592592592594
0 0.38046875 0.07083333333333333 0.027604166666666666 0.15092592592592594
0 0.29635416666666664 0.022222222222222223 0.019791666666666666 0.12037037037037036
0 0.023177083333333334 0.7958333333333333 0.034895833333333334 0.21203703703703702
0 0.27369791666666665 0.26851851851851855 0.0390625 0.17777777777777778
0 0.23984375 0.09768518518518518 0.0265625 0.14537037037037037
0 0.21223958333333334 0.1050925925925926 0.027604166666666666 0.15092592592592594
0 0.29270833333333335 0.13657407407407407 0.022916666666666665 0.15462962962962962
0 0.2671875 0.11296296296296296 0.028125 0.14814814814814814
0 0.19921875 0.17916666666666667 0.027604166666666666 0.1638888888888889
0 0.25703125 0.175 0.0296875 0.1425925925925926
0 0.16354166666666667 0.1925925925925926 0.027083333333333334 0.1574074074074074
0 0.18854166666666666 0.1597222222222222 0.022916666666666665 0.16203703703703703
0 0.12265625 0.1962962962962963 0.025520833333333333 0.15185185185185185
0 0.14609375 0.1699074074074074 0.024479166666666666 0.1712962962962963
0 0.1515625 0.15138888888888888 0.030208333333333334 0.15648148148148147
0 0.11770833333333333 0.17407407407407408 0.020833333333333332 0.15925925925925927
0 0.22916666666666666 0.9712962962962963 0.051041666666666666 0.2537037037037037
