0 0.4200520833333333 0.5634259259259259 0.058854166666666666 0.3212962962962963
0 0.5575520833333333 0.4981481481481482 0.0203125 0.10185185185185185
0 0.5760416666666667 0.500462962962963 0.01875 0.10462962962962963
0 0.625 0.46064814814814814 0.019791666666666666 0.09166666666666666
0 0.5296875 0.45787037037037037 0.01875 0.09166666666666666
0 0.5783854166666667 0.4550925925925926 0.0203125 0.10092592592592593
0 0.32786458333333335 0.6092592592592593 0.09739583333333333 0.43703703703703706
0 0.47421875 0.5458333333333333 0.05677083333333333 0.2657407407407407
0 0.36015625 0.5782407407407407 0.0609375 0.3287037037037037
0 0.25338541666666664 0.48055555555555557 0.016145833333333335 0.1
0 0.2716145833333333 0.4703703703703704 0.018229166666666668 0.09814814814814815
0 0.22421875 0.48148148148148145 0.030729166666666665 0.09444444444444444
0 0.5013020833333334 0.5226851851851851 0.03802083333333333 0.2361111111111111
0 0.6015625 0.4615740740740741 0.016666666666666666 0.0824074074074074
