0 0.9971354166666667 0.5930555555555556 0.044270833333333336 0.18611111111111112
0 0.13203125 0.6152777777777778 0.019270833333333334 0.10648148148148148
0 0.5734375 0.49583333333333335 0.011458333333333333 0.04537037037037037
0 0.12109375 0.6175925925925926 0.018229166666666668 0.1037037037037037
0 0.12369791666666667 0.6226851851851852 0.0171875 0.09351851851851851
0 0.11692708333333333 0.6337962962962963 0.016145833333333335 0.10092592592592593
0 0.041666666666666664 0.6277777777777778 0.021875 0.1037037037037037
0 0.68515625 0.5731481481481482 0.024479166666666666 0.10925925925925926
0 0.68671875 0.5550925925925926 0.028645833333333332 0.10833333333333334
0 0.7984375 0.5273148148148148 0.015625 0.09351851851851851
0 0.7067708333333333 0.5574074074074075 0.028125 0.12222222222222222
0 0.03463541666666667 0.6296296296296297 0.025520833333333333 0.10925925925925926
0 0.6622395833333333 0.5356481481481481 0.016145833333333335 0.08425925925925926
0 0.7184895833333333 0.5541666666666667 0.0171875 0.10462962962962963
0 0.6221354166666667 0.5194444444444445 0.018229166666666668 0.06296296296296296
0 0.61015625 0.5125 0.011979166666666667 0.049074074074074076
0 0.6479166666666667 0.5231481481481481 0.015625 0.07407407407407407
0 0.6356770833333333 0.5208333333333334 0.0109375 0.06944444444444445
