0 0.8197916666666667 0.675 0.0375 0.22962962962962963
0 0.2513020833333333 0.1162037037037037 0.0359375 0.1712962962962963
0 0.446875 0.6611111111111111 0.05 0.23333333333333334
0 0.9088541666666666 0.5194444444444445 0.05416666666666667 0.1925925925925926
0 0.55625 0.9740740740740741 0.046875 0.24444444444444444
0 0.35104166666666664 0.8166666666666667 0.036458333333333336 0.23148148148148148
0 0.43046875 0.21574074074074073 0.024479166666666666 0.15925925925925927
0 0.5372395833333333 0.07037037037037037 0.0265625 0.14444444444444443
0 0.5020833333333333 0.06157407407407407 0.030208333333333334 0.14907407407407408
0 0.28515625 0.12453703703703704 0.022395833333333334 0.14907407407407408
0 0.0765625 0.4083333333333333 0.028125 0.17592592592592593
0 0.06197916666666667 0.38564814814814813 0.028125 0.18981481481481483
0 0.5002604166666667 0.6893518518518519 0.0609375 0.22685185185185186
0 0.53515625 0.700462962962963 0.044270833333333336 0.2064814814814815
0 0.40598958333333335 0.15324074074074073 0.0265625 0.12685185185185185
0 0.3848958333333333 0.16111111111111112 0.026041666666666668 0.15555555555555556
0 0.3984375 0 0.025 0.13425925925925927
0 0.29713541666666665 0.022222222222222223 0.021354166666666667 0.12222222222222222
0 0.15911458333333334 0.275 0.027604166666666666 0.16111111111111112
0 0.19140625 0.774537037037037 0.03697916666666667 0.22685185185185186
0 0.14609375 0.7569444444444444 0.0484375 0.24351851851851852
0 0.28411458333333334 0.15462962962962962 0.030729166666666665 0.15555555555555556
0 0.18541666666666667 0.12777777777777777 0.029166666666666667 0.15
0 0.20052083333333334 0.1824074074074074 0.027083333333333334 0.16296296296296298
0 0.80078125 0.6148148148148148 0.034895833333333334 0.19074074074074074
0 0.16354166666666667 0.19444444444444445 0.027083333333333334 0.1574074074074074
0 0.19921875 0.1648148148148148 0.028645833333333332 0.15925925925925927
0 0.12942708333333333 0.2 0.0328125 0.14629629629629629
0 0.1359375 0.18055555555555555 0.03125 0.15925925925925927
0 0.14947916666666666 0.16064814814814815 0.030208333333333334 0.16018518518518518
0 0.11770833333333333 0.17407407407407408 0.020833333333333332 0.15925925925925927
0 0.46901041666666665 0.046296296296296294 0.027604166666666666 0.15
0 0.2375 0.21296296296296297 0.030208333333333334 0.1648148148148148
0 0.25494791666666666 0.2652777777777778 0.0359375 0.17685185185185184
0 0.9572916666666667 0.4388888888888889 0.04791666666666667 0.19444444444444445
0 0.87265625 0.41064814814814815 0.033854166666666664 0.18425925925925926
0 0.79921875 0.034722222222222224 0.0296875 0.1361111111111111
0 0.9140625 0.23472222222222222 0.035416666666666666 0.15092592592592594
0 0.9098958333333333 0.13148148148148148 0.025 0.1537037037037037
0 0.88359375 0.125 0.0296875 0.15925925925925927
0 0.9348958333333334 0.2064814814814815 0.03958333333333333 0.16111111111111112
0 0.22682291666666668 0.0712962962962963 0.0234375 0.14629629629629629
0 0.20026041666666666 0.0699074074074074 0.028645833333333332 0.125
0 0.7203125 0 0.027083333333333334 0.12314814814814815
