0 0.6322916666666667 0.35833333333333334 0.03125 0.1388888888888889
0 0.4640625 0.35185185185185186 0.030208333333333334 0.14444444444444443
0 0.17526041666666667 0.4425925925925926 0.12135416666666667 0.48703703703703705
0 1 0.6759259259259259 0.1671875 0.7518518518518519
0 0.22265625 0.38796296296296295 0.07135416666666666 0.31296296296296294
0 0.5020833333333333 0.3527777777777778 0.029166666666666667 0.13518518518518519
0 0.55390625 0.32685185185185184 0.015104166666666667 0.05925925925925926
0 0.6036458333333333 0.3578703703703704 0.030208333333333334 0.16944444444444445
0 0.3268229166666667 0.3375 0.021354166666666667 0.10092592592592593
0 0.72890625 0.35555555555555557 0.018229166666666668 0.11296296296296296
0 0.51171875 0.3277777777777778 0.0140625 0.05740740740740741
0 0.30625 0.3560185185185185 0.021875 0.1361111111111111
0 0.5265625 0.3236111111111111 0.009375 0.03796296296296296
0 0.39401041666666664 0.3277777777777778 0.015104166666666667 0.06666666666666667
0 0.3731770833333333 0.3263888888888889 0.015104166666666667 0.075
0 0.359375 0.324537037037037 0.0125 0.06018518518518518
