0 0.45729166666666665 0.575925925925926 0.10520833333333333 0.5407407407407407
0 0.004166666666666667 0.6643518518518519 0.14583333333333334 0.7027777777777777
0 0.12473958333333333 0.6069444444444444 0.19322916666666667 0.8416666666666667
0 0.9653645833333333 0.4949074074074074 0.034895833333333334 0.19907407407407407
0 0.6330729166666667 0.5930555555555556 0.1140625 0.5546296296296296
0 0.28046875 0.5652777777777778 0.06927083333333334 0.3675925925925926
0 0.503125 0.5282407407407408 0.05416666666666667 0.36203703703703705
0 0.521875 0.5337962962962963 0.053125 0.30648148148148147
0 0.38385416666666666 0.5009259259259259 0.021875 0.12407407407407407
0 0.82890625 0.9412037037037037 0.0140625 0.06388888888888888
0 0.9252604166666667 0.9773148148148149 0.019270833333333334 0.09537037037037037
0 0.35546875 0.5439814814814815 0.06927083333333334 0.3509259259259259
