0 0.7861979166666667 0.5606481481481481 0.06822916666666666 0.3675925925925926
0 0.328125 0.5347222222222222 0.04479166666666667 0.24722222222222223
0 0.8401041666666667 0.5592592592592592 0.07395833333333333 0.3277777777777778
0 0.5588541666666667 0.4981481481481482 0.01875 0.10185185185185185
0 0.5760416666666667 0.5009259259259259 0.016666666666666666 0.10555555555555556
0 0.6627604166666666 0.4601851851851852 0.0171875 0.09259259259259259
0 0.5385416666666667 0.45555555555555555 0.020833333333333332 0.10740740740740741
0 0.5828125 0.45740740740740743 0.019791666666666666 0.1
0 0.496875 0.45555555555555555 0.021875 0.10555555555555556
0 0.26328125 0.5435185185185185 0.06510416666666667 0.26296296296296295
0 0.3502604166666667 0.5120370370370371 0.0328125 0.17407407407407408
0 0.7385416666666667 0.4625 0.03229166666666667 0.11574074074074074
0 0.29401041666666666 0.4726851851851852 0.018229166666666668 0.08611111111111111
0 0.228125 0.4638888888888889 0.020833333333333332 0.07777777777777778
0 0.31171875 0.48333333333333334 0.018229166666666668 0.12407407407407407
0 0.5203125 0.45694444444444443 0.016666666666666666 0.0712962962962963
0 0.30625 0.41805555555555557 0.010416666666666666 0.03981481481481482
0 0.3145833333333333 0.4148148148148148 0.009375 0.03888888888888889
0 0.3609375 0.45694444444444443 0.017708333333333333 0.0787037037037037
