0 0.8239583333333333 0.6648148148148149 0.04479166666666667 0.22407407407407406
0 0.25234375 0.10092592592592593 0.03802083333333333 0.1685185185185185
0 0.44192708333333336 0.6805555555555556 0.0453125 0.24074074074074073
0 0.91171875 0.5189814814814815 0.049479166666666664 0.19166666666666668
0 0.55234375 0.9842592592592593 0.04635416666666667 0.23148148148148148
0 0.35104166666666664 0.8166666666666667 0.036458333333333336 0.23148148148148148
0 0.42994791666666665 0.21296296296296297 0.028645833333333332 0.16111111111111112
0 0.534375 0.05694444444444444 0.027083333333333334 0.13796296296296295
0 0.49921875 0.049074074074074076 0.027604166666666666 0.14814814814814814
0 0.29375 0.125 0.020833333333333332 0.14444444444444443
0 0.08984375 0.39675925925925926 0.0359375 0.17685185185185184
0 0.059895833333333336 0.3819444444444444 0.022916666666666665 0.19722222222222222
0 0.5083333333333333 0.7287037037037037 0.059375 0.22962962962962963
0 0.5447916666666667 0.7388888888888889 0.03854166666666667 0.21296296296296297
0 0.40598958333333335 0.15555555555555556 0.025520833333333333 0.12222222222222222
0 0.38723958333333336 0.1625 0.03177083333333333 0.15462962962962962
0 0.39427083333333335 0 0.025 0.13333333333333333
0 0.29713541666666665 0.022222222222222223 0.021354166666666667 0.12222222222222222
0 0.17265625 0.2490740740740741 0.025520833333333333 0.15555555555555556
0 0.17604166666666668 0.8240740740740741 0.03854166666666667 0.2388888888888889
0 0.13723958333333333 0.799074074074074 0.0546875 0.24814814814814815
0 0.27786458333333336 0.16435185185185186 0.030729166666666665 0.15833333333333333
0 0.18020833333333333 0.12731481481481483 0.028125 0.1527777777777778
0 0.20052083333333334 0.18287037037037038 0.027083333333333334 0.16203703703703703
0 0.8625 0.6467592592592593 0.0375 0.19537037037037036
0 0.16354166666666667 0.19444444444444445 0.027083333333333334 0.1574074074074074
0 0.20260416666666667 0.1638888888888889 0.026041666666666668 0.16296296296296298
0 0.12916666666666668 0.2 0.03229166666666667 0.14629629629629629
0 0.13489583333333333 0.18287037037037038 0.029166666666666667 0.16203703703703703
0 0.15703125 0.16157407407407406 0.0296875 0.1638888888888889
0 0.15078125 0.14166666666666666 0.0265625 0.15
0 0.11770833333333333 0.17407407407407408 0.020833333333333332 0.15925925925925927
0 0.4700520833333333 0.04351851851851852 0.025520833333333333 0.15
0 0.228125 0.23472222222222222 0.030208333333333334 0.16944444444444445
0 0.2578125 0.2351851851851852 0.03125 0.17592592592592593
0 0.9348958333333334 0.4185185185185185 0.03854166666666667 0.19814814814814816
0 0.86328125 0.38842592592592595 0.03177083333333333 0.1824074074074074
0 0.7940104166666667 0.047685185185185185 0.0296875 0.1361111111111111
0 0.9208333333333333 0.2523148148148148 0.035416666666666666 0.15648148148148147
0 0.8950520833333333 0.11342592592592593 0.0265625 0.15092592592592594
0 0.8645833333333334 0.10648148148148148 0.029166666666666667 0.16111111111111112
0 0.9630208333333333 0.24675925925925926 0.03854166666666667 0.1712962962962963
0 0.2234375 0.08425925925925926 0.022916666666666665 0.14629629629629629
0 0.19557291666666668 0.09074074074074075 0.027604166666666666 0.13333333333333333
0 0.7098958333333333 0 0.026041666666666668 0.12129629629629629
