0 0.08203125 0.6958333333333333 0.022395833333333334 0.14907407407407408
0 0.6677083333333333 0.5189814814814815 0.010416666666666666 0.049074074074074076
0 0.06432291666666666 0.7125 0.0171875 0.1398148148148148
0 0.05078125 0.7212962962962963 0.0203125 0.14074074074074075
0 0.7205729166666667 0.5097222222222222 0.011979166666666667 0.05092592592592592
0 0.81015625 0.5453703703703704 0.0171875 0.09259259259259259
0 0.7888020833333333 0.5458333333333333 0.0203125 0.0824074074074074
0 0.709375 0.5097222222222222 0.014583333333333334 0.05277777777777778
0 0.7 0.5087962962962963 0.015625 0.05648148148148148
0 0.77265625 0.6949074074074074 0.03802083333333333 0.1787037037037037
0 0.8450520833333334 0.6685185185185185 0.04635416666666667 0.17222222222222222
0 0.7203125 0.6472222222222223 0.036458333333333336 0.17037037037037037
0 0.8033854166666666 0.55 0.018229166666666668 0.08333333333333333
0 0.7502604166666667 0.649074074074074 0.0421875 0.18333333333333332
0 0.7471354166666667 0.5509259259259259 0.018229166666666668 0.07407407407407407
0 0.76953125 0.5486111111111112 0.0203125 0.07314814814814814
0 0.8440104166666667 0.575925925925926 0.0265625 0.08518518518518518
0 0.86875 0.5824074074074074 0.022916666666666665 0.10185185185185185
0 0.7208333333333333 0.5550925925925926 0.022916666666666665 0.08611111111111111
0 0.7395833333333334 0.5509259259259259 0.014583333333333334 0.07037037037037037
