0 0.6424479166666667 0.3611111111111111 0.028645833333333332 0.13518518518518519
0 0.4666666666666667 0.3527777777777778 0.030208333333333334 0.14814814814814814
0 0.20130208333333333 0.41064814814814815 0.0953125 0.35833333333333334
0 0.5083333333333333 0.35509259259259257 0.026041666666666668 0.1361111111111111
0 0.57421875 0.33287037037037037 0.015104166666666667 0.06574074074074074
0 0.6364583333333333 0.3648148148148148 0.027083333333333334 0.19074074074074074
0 0.3390625 0.3388888888888889 0.020833333333333332 0.09444444444444444
0 0.63203125 0.3662037037037037 0.0265625 0.17314814814814813
0 0.13958333333333334 0.3578703703703704 0.03333333333333333 0.14351851851851852
0 0.52578125 0.33101851851851855 0.0140625 0.058333333333333334
0 0.29348958333333336 0.3638888888888889 0.024479166666666666 0.14814814814814814
0 0.5432291666666667 0.32314814814814813 0.009375 0.03888888888888889
0 0.5315104166666667 0.32314814814814813 0.008854166666666666 0.04259259259259259
0 0.38776041666666666 0.3296296296296296 0.015104166666666667 0.06666666666666667
0 0.36770833333333336 0.32175925925925924 0.014583333333333334 0.075
0 0.371875 0.33287037037037037 0.0125 0.06018518518518518
