0 0.34739583333333335 0.5421296296296296 0.046875 0.2601851851851852
0 0.55859375 0.4981481481481482 0.019270833333333334 0.10185185185185185
0 0.57578125 0.5009259259259259 0.0171875 0.10555555555555556
0 0.6653645833333334 0.4601851851851852 0.0171875 0.09259259259259259
0 0.5338541666666666 0.462037037037037 0.020833333333333332 0.10740740740740741
0 0.58125 0.4564814814814815 0.019791666666666666 0.1
0 0.4947916666666667 0.45555555555555555 0.021875 0.10555555555555556
0 0.284375 0.5541666666666667 0.06770833333333333 0.2972222222222222
0 0.3770833333333333 0.5222222222222223 0.03854166666666667 0.19814814814814816
0 0.8052083333333333 0.45694444444444443 0.027083333333333334 0.1175925925925926
0 0.22864583333333333 0.4638888888888889 0.019791666666666666 0.07777777777777778
0 0.3143229166666667 0.48333333333333334 0.0203125 0.12407407407407407
0 0.5458333333333333 0.45601851851851855 0.016666666666666666 0.0712962962962963
0 0.3067708333333333 0.4125 0.010416666666666666 0.03981481481481482
0 0.3145833333333333 0.4111111111111111 0.009375 0.03888888888888889
