0 0.6247395833333333 0.6134259259259259 0.09114583333333333 0.4675925925925926
0 0.5578125 0.49722222222222223 0.020833333333333332 0.09814814814814815
0 0.6067708333333334 0.6569444444444444 0.09895833333333333 0.5638888888888889
0 0.5109375 0.6347222222222222 0.07604166666666666 0.4898148148148148
0 0.2609375 0.47129629629629627 0.016666666666666666 0.1037037037037037
0 0.20130208333333333 0.5611111111111111 0.0828125 0.37777777777777777
0 0.07213541666666666 0.5638888888888889 0.07760416666666667 0.31296296296296294
0 0.7950520833333333 0.4564814814814815 0.021354166666666667 0.10185185185185185
0 0.45729166666666665 0.44814814814814813 0.013541666666666667 0.07037037037037037
0 0.3359375 0.4550925925925926 0.0125 0.062037037037037036
0 0.36614583333333334 0.45 0.011458333333333333 0.06111111111111111
0 0.26953125 0.46296296296296297 0.0140625 0.07407407407407407
0 0.28046875 0.449537037037037 0.008854166666666666 0.04722222222222222
0 0.3078125 0.45185185185185184 0.010416666666666666 0.053703703703703705
0 0.29739583333333336 0.45185185185185184 0.009375 0.053703703703703705
0 0.31692708333333336 0.44814814814814813 0.0109375 0.04814814814814815
0 0.30885416666666665 0.44675925925925924 0.010416666666666666 0.05277777777777778
0 0.28802083333333334 0.45 0.010416666666666666 0.053703703703703705
