0 0.34609375 0.5435185185185185 0.050520833333333334 0.27037037037037037
0 0.5583333333333333 0.4981481481481482 0.019791666666666666 0.10185185185185185
0 0.5760416666666667 0.5009259259259259 0.017708333333333333 0.10555555555555556
0 0.6653645833333334 0.4601851851851852 0.0171875 0.09259259259259259
0 0.5330729166666667 0.46064814814814814 0.0203125 0.10277777777777777
0 0.5807291666666666 0.4564814814814815 0.019791666666666666 0.1
0 0.4934895833333333 0.45555555555555555 0.022395833333333334 0.10555555555555556
0 0.30885416666666665 0.5615740740740741 0.05625 0.30462962962962964
0 0.39479166666666665 0.525 0.051041666666666666 0.20185185185185187
0 0.2955729166666667 0.5481481481481482 0.049479166666666664 0.2611111111111111
0 0.26640625 0.4703703703703704 0.015104166666666667 0.0962962962962963
0 0.253125 0.47824074074074074 0.017708333333333333 0.09351851851851851
0 0.22890625 0.4638888888888889 0.019270833333333334 0.07777777777777778
0 0.5546875 0.45601851851851855 0.016666666666666666 0.0712962962962963
0 0.3072916666666667 0.4115740740740741 0.010416666666666666 0.03981481481481482
0 0.3145833333333333 0.4111111111111111 0.009375 0.03888888888888889
0 0.5385416666666667 0.449537037037037 0.0125 0.06388888888888888
