0 0.7356770833333334 0.6375 0.05364583333333333 0.22314814814814815
0 0.22916666666666666 0.43333333333333335 0.04375 0.21481481481481482
0 0.07473958333333333 0.6236111111111111 0.043229166666666666 0.23055555555555557
0 0.91640625 0.5199074074074074 0.0390625 0.1935185185185185
0 0.6471354166666666 1 0.04114583333333333 0.1925925925925926
0 0.3541666666666667 0.8208333333333333 0.052083333333333336 0.2324074074074074
0 0.4296875 0.21851851851851853 0.03125 0.16111111111111112
0 0.98671875 0.34675925925925927 0.03697916666666667 0.17685185185185184
0 0.7885416666666667 0.13240740740740742 0.027083333333333334 0.13518518518518519
0 0.821875 0.28194444444444444 0.026041666666666668 0.15833333333333333
0 0.7856770833333333 0.28888888888888886 0.030729166666666665 0.1814814814814815
0 0.47161458333333334 0.26435185185185184 0.0296875 0.16018518518518518
0 0.5416666666666666 0.24074074074074073 0.03854166666666667 0.16296296296296298
0 0.1 0.42314814814814816 0.03333333333333333 0.17592592592592593
0 0.10130208333333333 0.399537037037037 0.033854166666666664 0.19166666666666668
0 0.4609375 0.22777777777777777 0.030208333333333334 0.1685185185185185
0 0.4822916666666667 0.2337962962962963 0.027083333333333334 0.1527777777777778
0 0.5520833333333334 0 0.023958333333333335 0.11296296296296296
0 0.5328125 0 0.021875 0.11018518518518519
0 0.7260416666666667 0.2763888888888889 0.020833333333333332 0.15462962962962962
0 0.7002604166666667 0.24027777777777778 0.027604166666666666 0.15462962962962962
0 0.38046875 0.07083333333333333 0.027604166666666666 0.15092592592592594
0 0.29583333333333334 0.022222222222222223 0.01875 0.12037037037037036
0 0.0203125 0.8277777777777777 0.034375 0.22037037037037038
0 0.27760416666666665 0.2569444444444444 0.04375 0.18055555555555555
0 0.24296875 0.11064814814814815 0.0265625 0.14722222222222223
0 0.21744791666666666 0.12037037037037036 0.025520833333333333 0.14814814814814814
0 0.29270833333333335 0.13657407407407407 0.022916666666666665 0.15462962962962962
0 0.2674479166666667 0.11296296296296296 0.027604166666666666 0.14814814814814814
0 0.19921875 0.17916666666666667 0.027604166666666666 0.1638888888888889
0 0.2390625 0.16435185185185186 0.027083333333333334 0.14166666666666666
0 0.1609375 0.1925925925925926 0.027083333333333334 0.1574074074074074
0 0.19166666666666668 0.1625 0.020833333333333332 0.15648148148148147
0 0.12317708333333334 0.19444444444444445 0.025520833333333333 0.15185185185185185
0 0.1453125 0.16944444444444445 0.023958333333333335 0.17037037037037037
0 0.11822916666666666 0.17407407407407408 0.020833333333333332 0.15925925925925927
0 0.22578125 0.9935185185185185 0.0515625 0.21481481481481482
