0 0.8393229166666667 0.6833333333333333 0.044270833333333336 0.22407407407407406
0 0.2520833333333333 0.13796296296296295 0.034375 0.17407407407407408
0 0.41640625 0.6375 0.044270833333333336 0.22685185185185186
0 0.9153645833333334 0.5199074074074074 0.04114583333333333 0.1935185185185185
0 0.5408854166666667 0.9745370370370371 0.0453125 0.23796296296296296
0 0.35104166666666664 0.8166666666666667 0.036458333333333336 0.23148148148148148
0 0.42864583333333334 0.21805555555555556 0.027083333333333334 0.15833333333333333
0 0.7752604166666667 0 0.0265625 0.12129629629629629
0 0.5385416666666667 0.09166666666666666 0.027083333333333334 0.14629629629629629
0 0.5041666666666667 0.07824074074074074 0.03229166666666667 0.15462962962962962
0 0.27265625 0.12962962962962962 0.021354166666666667 0.1537037037037037
0 0.48333333333333334 0.0125 0.027083333333333334 0.1398148148148148
0 0.07109375 0.41064814814814815 0.0265625 0.17314814814814813
0 0.059375 0.38981481481481484 0.027083333333333334 0.18518518518518517
0 0.48151041666666666 0.6370370370370371 0.05677083333333333 0.2222222222222222
0 0.5166666666666667 0.638425925925926 0.042708333333333334 0.19722222222222222
0 0.4046875 0.15 0.020833333333333332 0.1388888888888889
0 0.38671875 0.1625 0.030729166666666665 0.15648148148148147
0 0.3893229166666667 0.03194444444444444 0.025520833333333333 0.1361111111111111
0 0.29713541666666665 0.022222222222222223 0.021354166666666667 0.12222222222222222
0 0.13125 0.30648148148148147 0.026041666666666668 0.15925925925925927
0 0.21458333333333332 0.7189814814814814 0.036458333333333336 0.225
0 0.16875 0.6953703703703704 0.046875 0.23703703703703705
0 0.29296875 0.14166666666666666 0.027604166666666666 0.15185185185185185
0 0.18255208333333334 0.1300925925925926 0.030729166666666665 0.15092592592592594
0 0.20052083333333334 0.1824074074074074 0.027083333333333334 0.16296296296296298
0 0.7 0.5763888888888888 0.03333333333333333 0.18981481481481483
0 0.16302083333333334 0.19444444444444445 0.027083333333333334 0.1574074074074074
0 0.19088541666666667 0.1638888888888889 0.025520833333333333 0.16111111111111112
0 0.13359375 0.19953703703703704 0.03697916666666667 0.14166666666666666
0 0.134375 0.17777777777777778 0.027083333333333334 0.1648148148148148
0 0.15729166666666666 0.15601851851851853 0.030208333333333334 0.16018518518518518
0 0.1484375 0.14074074074074075 0.026041666666666668 0.15185185185185185
0 0.11770833333333333 0.17407407407407408 0.020833333333333332 0.15925925925925927
0 0.45390625 0.05 0.024479166666666666 0.15185185185185185
0 0.23854166666666668 0.17916666666666667 0.028125 0.16018518518518518
0 0.25338541666666664 0.30324074074074076 0.04010416666666667 0.18425925925925926
0 0.9856770833333334 0.4703703703703704 0.0453125 0.17777777777777778
0 0.9020833333333333 0.44351851851851853 0.035416666666666666 0.18703703703703703
0 0.8028645833333333 0.01712962962962963 0.0265625 0.1361111111111111
0 0.9291666666666667 0.20925925925925926 0.028125 0.1537037037037037
0 0.9401041666666666 0.14444444444444443 0.046875 0.1574074074074074
0 0.89296875 0.1587962962962963 0.033854166666666664 0.15833333333333333
0 0.23125 0.055092592592592596 0.021875 0.1361111111111111
0 0.20442708333333334 0.058333333333333334 0.030729166666666665 0.12777777777777777
0 0.72109375 0 0.0296875 0.1259259259259259
