0 0.7338541666666667 0.6370370370370371 0.053125 0.22407407407407406
0 0.23854166666666668 0.325 0.03958333333333333 0.2037037037037037
0 0.07447916666666667 0.6212962962962963 0.041666666666666664 0.22962962962962963
0 0.9161458333333333 0.5199074074074074 0.03958333333333333 0.1935185185185185
0 0.5513020833333333 0.9662037037037037 0.0359375 0.2564814814814815
0 0.3536458333333333 0.8208333333333333 0.052083333333333336 0.2324074074074074
0 0.4296875 0.21851851851851853 0.03125 0.16111111111111112
0 0.7895833333333333 0.13148148148148148 0.027083333333333334 0.13703703703703704
0 0.6809895833333334 0.22870370370370371 0.0265625 0.14629629629629629
0 0.6614583333333334 0.23657407407407408 0.030208333333333334 0.16574074074074074
0 0.31015625 0.22546296296296298 0.034895833333333334 0.15833333333333333
0 0.46380208333333334 0.26666666666666666 0.03802083333333333 0.17222222222222222
0 0.06901041666666667 0.41064814814814815 0.024479166666666666 0.17314814814814813
0 0.0796875 0.39305555555555555 0.030208333333333334 0.18796296296296297
0 0.4075520833333333 0.3287037037037037 0.034895833333333334 0.1814814814814815
0 0.4317708333333333 0.3375 0.030208333333333334 0.1675925925925926
0 0.6018229166666667 0.21851851851851853 0.0234375 0.14814814814814814
0 0.528125 0.19722222222222222 0.035416666666666666 0.1574074074074074
0 0.38046875 0.0712962962962963 0.027604166666666666 0.15
0 0.29739583333333336 0.020370370370370372 0.021875 0.12407407407407407
0 0.12838541666666667 0.6509259259259259 0.033854166666666664 0.19814814814814816
0 0.32760416666666664 0.34120370370370373 0.030208333333333334 0.175
0 0.29140625 0.35324074074074074 0.033854166666666664 0.19166666666666668
0 0.24947916666666667 0.03657407407407407 0.026041666666666668 0.13796296296296295
0 0.21666666666666667 0.034722222222222224 0.022916666666666665 0.14722222222222223
0 0.29322916666666665 0.13657407407407407 0.025 0.15462962962962962
0 0.240625 0.11388888888888889 0.03125 0.15
0 0.19921875 0.17916666666666667 0.027604166666666666 0.16203703703703703
0 0.275 0.2759259259259259 0.029166666666666667 0.15555555555555556
0 0.1640625 0.19537037037037036 0.027083333333333334 0.1574074074074074
0 0.18958333333333333 0.16342592592592592 0.022916666666666665 0.16018518518518518
0 0.12447916666666667 0.1935185185185185 0.028125 0.15185185185185185
0 0.14609375 0.1726851851851852 0.028645833333333332 0.16944444444444445
0 0.15286458333333333 0.1527777777777778 0.028645833333333332 0.15555555555555556
0 0.1171875 0.17407407407407408 0.020833333333333332 0.15925925925925927
0 0.19609375 0.016666666666666666 0.022395833333333334 0.14444444444444443
0 0.234375 0.7546296296296297 0.05 0.24444444444444444
0 0.8036458333333333 0.018055555555555554 0.025 0.12685185185185185
