0 0.7348958333333333 0.6375 0.053125 0.22314814814814815
0 0.24270833333333333 0.38796296296296295 0.040625 0.2111111111111111
0 0.07473958333333333 0.6231481481481481 0.043229166666666666 0.22962962962962963
0 0.91640625 0.5199074074074074 0.0390625 0.1935185185185185
0 0.6213541666666667 0.9791666666666666 0.04375 0.20833333333333334
0 0.3536458333333333 0.8208333333333333 0.052083333333333336 0.2324074074074074
0 0.4296875 0.21851851851851853 0.03125 0.16111111111111112
0 0.7890625 0.13194444444444445 0.027083333333333334 0.1361111111111111
0 0.7658854166666667 0.25555555555555554 0.03177083333333333 0.15925925925925927
0 0.7416666666666667 0.2657407407407407 0.029166666666666667 0.17777777777777778
0 0.38333333333333336 0.2518518518518518 0.026041666666666668 0.16111111111111112
0 0.5145833333333333 0.2726851851851852 0.0375 0.1712962962962963
0 0.06979166666666667 0.41203703703703703 0.026041666666666668 0.17592592592592593
0 0.07838541666666667 0.3921296296296296 0.027604166666666666 0.18611111111111112
0 0.4388020833333333 0.2657407407407407 0.03177083333333333 0.17407407407407408
0 0.46041666666666664 0.274537037037037 0.028125 0.14907407407407408
0 0.67421875 0.2574074074074074 0.022395833333333334 0.15
0 0.6309895833333333 0.2222222222222222 0.04739583333333333 0.1574074074074074
0 0.38046875 0.0712962962962963 0.027604166666666666 0.15
0 0.29609375 0.022685185185185187 0.0203125 0.11944444444444445
0 0.03359375 0.7407407407407407 0.033854166666666664 0.2074074074074074
0 0.29322916666666665 0.2851851851851852 0.026041666666666668 0.17222222222222222
0 0.28046875 0.3013888888888889 0.034895833333333334 0.18425925925925926
0 0.24088541666666666 0.07685185185185185 0.025520833333333333 0.14444444444444443
0 0.20807291666666666 0.08055555555555556 0.024479166666666666 0.14814814814814814
0 0.29296875 0.13657407407407407 0.024479166666666666 0.15462962962962962
0 0.26666666666666666 0.11296296296296296 0.029166666666666667 0.14814814814814814
0 0.19947916666666668 0.1787037037037037 0.028125 0.16296296296296298
0 0.26536458333333335 0.21064814814814814 0.0265625 0.14722222222222223
0 0.1671875 0.19490740740740742 0.027083333333333334 0.15648148148148147
0 0.18854166666666666 0.16064814814814815 0.022916666666666665 0.15833333333333333
0 0.12161458333333333 0.1962962962962963 0.025520833333333333 0.15185185185185185
0 0.15130208333333334 0.1699074074074074 0.034895833333333334 0.16944444444444445
0 0.23046875 0.8916666666666667 0.049479166666666664 0.2462962962962963
0 0.7645833333333333 0 0.023958333333333335 0.12222222222222222
