0 0.95078125 0.7222222222222222 0.05677083333333333 0.24444444444444444
0 0.9151041666666667 0.5731481481481482 0.028125 0.1037037037037037
0 0.8546875 0.5597222222222222 0.025 0.10462962962962963
0 0.06953125 0.6222222222222222 0.025520833333333333 0.12407407407407407
0 0.040364583333333336 0.6240740740740741 0.0265625 0.11851851851851852
0 0.14140625 0.5824074074074074 0.021354166666666667 0.1111111111111111
0 0.1046875 0.6152777777777778 0.026041666666666668 0.14351851851851852
0 0.7393229166666667 0.5185185185185185 0.016145833333333335 0.05185185185185185
0 0.6776041666666667 0.5273148148148148 0.015625 0.0712962962962963
0 0.7317708333333334 0.5157407407407407 0.010416666666666666 0.053703703703703705
0 0.4127604166666667 0.4861111111111111 0.0078125 0.02962962962962963
0 0.08411458333333334 0.5722222222222222 0.0234375 0.10555555555555556
0 0.2721354166666667 0.5115740740740741 0.008854166666666666 0.04351851851851852
0 0.058333333333333334 0.6064814814814815 0.023958333333333335 0.13148148148148148
0 0.5578125 0.48842592592592593 0.008333333333333333 0.03981481481481482
0 0.7625 0.5101851851851852 0.009375 0.06296296296296296
0 0.29713541666666665 0.5157407407407407 0.009895833333333333 0.05925925925925926
0 0.30494791666666665 0.5226851851851851 0.0109375 0.06018518518518518
0 0.2604166666666667 0.5162037037037037 0.010416666666666666 0.058333333333333334
0 0.2838541666666667 0.5101851851851852 0.010416666666666666 0.05555555555555555
0 0.71640625 0.5060185185185185 0.011979166666666667 0.058333333333333334
0 0.5846354166666666 0.5023148148148148 0.009895833333333333 0.04537037037037037
0 0.5932291666666667 0.5037037037037037 0.011458333333333333 0.04814814814814815
0 0.6645833333333333 0.5083333333333333 0.011458333333333333 0.04814814814814815
0 0.6546875 0.5097222222222222 0.010416666666666666 0.05092592592592592
0 0.025260416666666667 0.6199074074074075 0.0171875 0.10462962962962963
0 0.7638020833333333 0.5111111111111111 0.013020833333333334 0.05925925925925926
0 0.72421875 0.5106481481481482 0.011979166666666667 0.05648148148148148
0 0.7481770833333333 0.5148148148148148 0.009895833333333333 0.053703703703703705
0 0.6697916666666667 0.5041666666666667 0.0125 0.04722222222222222
