0 0.6268229166666667 0.34675925925925927 0.0328125 0.1361111111111111
0 0.4510416666666667 0.3537037037037037 0.03125 0.16296296296296298
0 0.0890625 0.5282407407407408 0.16979166666666667 0.649074074074074
0 0.49270833333333336 0.35555555555555557 0.029166666666666667 0.14444444444444443
0 0.7317708333333334 0.3861111111111111 0.04583333333333333 0.32037037037037036
0 0.3776041666666667 0.3435185185185185 0.019791666666666666 0.1
0 0.7127604166666667 0.3888888888888889 0.0453125 0.2814814814814815
0 0.55 0.32546296296296295 0.014583333333333334 0.06018518518518518
0 0.1921875 0.4046296296296296 0.0375 0.2574074074074074
0 0.5747395833333333 0.3226851851851852 0.009895833333333333 0.04722222222222222
0 0.5619791666666667 0.31666666666666665 0.010416666666666666 0.05185185185185185
0 0.33697916666666666 0.32731481481481484 0.016666666666666666 0.06574074074074074
0 0.39609375 0.325 0.011979166666666667 0.05925925925925926
0 0.403125 0.3300925925925926 0.011458333333333333 0.058333333333333334
