0 0.09114583333333333 0.3611111111111111 0.05416666666666667 0.18703703703703703
0 0.06822916666666666 0.7587962962962963 0.07916666666666666 0.35648148148148145
0 0.24583333333333332 0.8185185185185185 0.0875 0.3592592592592593
0 0.30390625 0.375 0.0390625 0.20185185185185187
0 0.3567708333333333 0.38425925925925924 0.06458333333333334 0.1962962962962963
0 0.2921875 0.32407407407407407 0.036458333333333336 0.1962962962962963
0 0.4036458333333333 0.3212962962962963 0.046875 0.19444444444444445
0 0.33515625 0.26435185185185184 0.033854166666666664 0.16203703703703703
0 0.31796875 0.2611111111111111 0.033854166666666664 0.1814814814814815
0 0.3723958333333333 0.2601851851851852 0.0375 0.1648148148148148
0 0.48723958333333334 0.29583333333333334 0.0484375 0.19907407407407407
0 0.5341145833333333 0.29444444444444445 0.04010416666666667 0.17592592592592593
0 0.61171875 0.32037037037037036 0.05260416666666667 0.17962962962962964
0 0.8817708333333333 0.38935185185185184 0.06458333333333334 0.2064814814814815
0 0.24739583333333334 0.3074074074074074 0.04375 0.18703703703703703
0 0.2171875 0.2986111111111111 0.03854166666666667 0.1935185185185185
0 0.7109375 0.3314814814814815 0.04791666666666667 0.17407407407407408
0 0.4317708333333333 0.2175925925925926 0.03958333333333333 0.17037037037037037
0 0.75078125 0.30324074074074076 0.03802083333333333 0.1824074074074074
0 0.7776041666666667 0.28888888888888886 0.03333333333333333 0.17592592592592593
0 0.7192708333333333 0.29768518518518516 0.03854166666666667 0.1787037037037037
0 0.5463541666666667 0.19212962962962962 0.03854166666666667 0.16203703703703703
0 0.5203125 0.2361111111111111 0.03958333333333333 0.16296296296296298
0 0.46822916666666664 0.16574074074074074 0.03229166666666667 0.13703703703703704
0 0.48020833333333335 0.17314814814814813 0.023958333333333335 0.10925925925925926
0 0.4973958333333333 0.15046296296296297 0.027083333333333334 0.13425925925925927
0 0.3145833333333333 0.1574074074074074 0.040625 0.14444444444444443
0 0.51171875 0.0912037037037037 0.0234375 0.11574074074074074
0 0.7815104166666667 0.08148148148148149 0.0265625 0.09814814814814815
0 0.39479166666666665 0.2111111111111111 0.036458333333333336 0.1685185185185185
0 0.41692708333333334 0.08472222222222223 0.033854166666666664 0.12685185185185185
0 0.3880208333333333 0.09074074074074075 0.027083333333333334 0.10925925925925926
0 0.36302083333333335 0.08472222222222223 0.03125 0.1287037037037037
0 0.35234375 0.10416666666666667 0.0234375 0.08981481481481482
