0 0.5567708333333333 0.25787037037037036 0.030208333333333334 0.13796296296296295
0 0.37994791666666666 0.2449074074074074 0.028645833333333332 0.1287037037037037
0 0.11770833333333333 0.500462962962963 0.034375 0.18981481481481483
0 0.3575520833333333 0.2439814814814815 0.027604166666666666 0.14351851851851852
0 0.25338541666666664 0.9578703703703704 0.09322916666666667 0.08425925925925926
0 0.33125 0.8388888888888889 0.075 0.3111111111111111
0 0.7171875 0.36435185185185187 0.04375 0.1675925925925926
0 0.17265625 0.9472222222222222 0.07552083333333333 0.1
0 0.04505208333333333 0.9226851851851852 0.07447916666666667 0.15462962962962962
0 0.3690104166666667 0.5574074074074075 0.06510416666666667 0.32222222222222224
0 0.5763020833333333 0.4671296296296296 0.04635416666666667 0.21203703703703702
0 0.490625 0.4777777777777778 0.03854166666666667 0.17037037037037037
0 0.409375 0.46620370370370373 0.04583333333333333 0.1935185185185185
0 0.3098958333333333 0.45231481481481484 0.040625 0.1824074074074074
0 0.309375 0.37175925925925923 0.036458333333333336 0.15648148148148147
0 0.40859375 0.3416666666666667 0.04010416666666667 0.14629629629629629
0 0.43020833333333336 0.33101851851851855 0.030208333333333334 0.1398148148148148
0 0.37135416666666665 0.35 0.03229166666666667 0.12037037037037036
0 0.45338541666666665 0.300462962962963 0.0359375 0.15092592592592594
0 0.47552083333333334 0.32175925925925924 0.027083333333333334 0.10277777777777777
0 0.33125 0.28194444444444444 0.035416666666666666 0.14537037037037037
0 0.4328125 0.27314814814814814 0.03333333333333333 0.13518518518518519
0 0.4625 0.2625 0.03229166666666667 0.10092592592592593
0 0.4471354166666667 0.24305555555555555 0.0296875 0.12129629629629629
0 0.5572916666666666 0.3453703703703704 0.03125 0.10185185185185185
0 0.5934895833333333 0.32546296296296295 0.0421875 0.16574074074074074
0 0.5059895833333333 0.25324074074074077 0.03802083333333333 0.14166666666666666
0 0.46640625 0.2300925925925926 0.0296875 0.1287037037037037
0 0.3575520833333333 0.19166666666666668 0.024479166666666666 0.11851851851851852
0 0.4015625 0.2125 0.030208333333333334 0.1175925925925926
0 0.4747395833333333 0.2490740740740741 0.0296875 0.12037037037037036
