0 0.6813784764207981 0.8962962962962963 0.06529625151148731 0.17407407407407408
0 0.7363966142684402 0.9402777777777778 0.04353083434099154 0.12129629629629629
0 0.38814993954050786 0.5513888888888889 0.037484885126964934 0.14907407407407408
0 0.2702539298669891 0.3226851851851852 0.04232164449818621 0.14537037037037037
0 0.08010882708585249 0.48055555555555557 0.04171704957678356 0.15
0 0.10580411124546554 0.6981481481481482 0.053204353083434096 0.15185185185185185
0 0.14328899637243048 0.3824074074074074 0.036275695284159616 0.14444444444444443
0 0.10580411124546554 0.4564814814814815 0.04232164449818621 0.14629629629629629
0 0.8506650544135429 0.3662037037037037 0.04232164449818621 0.13240740740740742
0 0.8651753325272068 0.3560185185185185 0.041112454655380895 0.1287037037037037
0 0.28536880290205563 0.663425925925926 0.044740024183796856 0.16574074074074074
0 0.3252720677146312 0.6314814814814815 0.04232164449818621 0.17962962962962964
0 0.38361547762998793 0.6407407407407407 0.034461910519951636 0.13518518518518519
0 0.7019347037484885 0.9564814814814815 0.03869407496977025 0.08888888888888889
0 0.5749697702539298 0.9365740740740741 0.045949214026602174 0.1287037037037037
0 0.23337363966142685 0.5791666666666667 0.03385731559854897 0.14537037037037037
0 0.2418379685610641 0.5481481481481482 0.036275695284159616 0.13148148148148148
0 0.1925634824667473 0.5578703703703703 0.03688029020556227 0.14537037037037037
0 0.21130592503022974 0.5222222222222223 0.044135429262394194 0.14629629629629629
0 0.16686819830713423 0.5324074074074074 0.03990326481257558 0.14814814814814814
0 0.3845223700120919 0.22546296296296298 0.032648125755743655 0.1287037037037037
0 0.4062877871825877 0.23055555555555557 0.032648125755743655 0.13148148148148148
0 0.7146311970979444 0.37407407407407406 0.044740024183796856 0.12037037037037036
0 0.7515114873035067 0.387037037037037 0.03990326481257558 0.13333333333333333
0 0.27237001209189843 0.3726851851851852 0.047762998790810154 0.14166666666666666
0 0.2469770253929867 0.3851851851851852 0.03325272067714631 0.15
0 0.9839782345828295 0.7546296296296297 0.03083434099153567 0.13333333333333333
0 0.37001209189842804 0.9657407407407408 0.04353083434099154 0.07037037037037037
0 0.5172309552599759 0.46296296296296297 0.04050785973397823 0.14074074074074075
0 0.3186215235792019 0.7726851851851851 0.049576783555018135 0.1675925925925926
0 0.9631197097944377 0.7861111111111111 0.04353083434099154 0.15185185185185185
0 0.9489117291414753 0.774074074074074 0.034461910519951636 0.12962962962962962
0 0.4860943168077388 0.4064814814814815 0.041112454655380895 0.14074074074074075
0 0.35308343409915355 0.46944444444444444 0.03385731559854897 0.12962962962962962
0 0.3542926239419589 0.6615740740740741 0.04836759371221282 0.16574074074074074
0 0.49667472793228534 0.5671296296296297 0.03204353083434099 0.14351851851851852
0 0.3642684401451028 0.6953703703703704 0.03204353083434099 0.1574074074074074
0 0.3814993954050786 0.7273148148148149 0.044740024183796856 0.1712962962962963
0 0.5894800483675937 0.6129629629629629 0.044740024183796856 0.1574074074074074
0 0.630894800483676 0.637962962962963 0.044135429262394194 0.1648148148148148
0 0.44256348246674726 0.7310185185185185 0.04353083434099154 0.14537037037037037
0 0.6810761789600968 0.7148148148148148 0.051390568319226115 0.14074074074074075
0 0.4446795646916566 0.42407407407407405 0.03204353083434099 0.1425925925925926
0 0.46765417170495766 0.525 0.03688029020556227 0.13148148148148148
0 0.45616686819830715 0.49166666666666664 0.04897218863361548 0.10740740740740741
0 0.5048367593712213 0.5222222222222223 0.041112454655380895 0.14629629629629629
0 0.5392986698911729 0.5671296296296297 0.044740024183796856 0.15648148148148147
0 0.5256952841596131 0.5365740740740741 0.034461910519951636 0.11944444444444445
0 0.5048367593712213 0.6023148148148149 0.041112454655380895 0.12314814814814815
0 0.4410519951632406 0.06851851851851852 0.03325272067714631 0.09444444444444444
0 0.4062877871825877 0.06111111111111111 0.03506650544135429 0.12037037037037036
0 0.4703748488512696 0.8287037037037037 0.05199516324062878 0.17037037037037037
0 0.7557436517533253 0.6152777777777778 0.05199516324062878 0.15462962962962962
0 0.49365175332527206 0.874537037037037 0.05259975816203144 0.1361111111111111
0 0.9026602176541717 0.5115740740740741 0.041112454655380895 0.14351851851851852
0 0.7079806529625151 0.6430555555555556 0.04353083434099154 0.16574074074074074
0 0.7430471584038694 0.6541666666666667 0.041112454655380895 0.14537037037037037
0 0.871825876662636 0.5125 0.04836759371221282 0.15648148148148147
0 0.8941958887545345 0.6810185185185185 0.041112454655380895 0.15833333333333333
0 0.7642079806529625 0.7074074074074074 0.041112454655380895 0.16111111111111112
0 0.9649334945586457 0.15324074074074073 0.03506650544135429 0.12129629629629629
0 0.8418984280532044 0.7157407407407408 0.05259975816203144 0.1574074074074074
0 0.9050785973397824 0.7532407407407408 0.045949214026602174 0.1527777777777778
0 0.8530834340991535 0.9407407407407408 0.06529625151148731 0.12037037037037036
0 0.8180169286577993 0.9606481481481481 0.056831922611850064 0.08055555555555556
0 0.9020556227327691 0.9675925925925926 0.03869407496977025 0.06666666666666667
0 0.6188029020556227 0.7287037037037037 0.039298669891172915 0.1574074074074074
0 0.5870616686819831 0.7527777777777778 0.03869407496977025 0.13518518518518519
0 0.6363361547762999 0.5203703703703704 0.046553808948004836 0.1537037037037037
0 0.6181983071342201 0.5375 0.034461910519951636 0.14351851851851852
0 0.4322853688029021 0.5875 0.03506650544135429 0.15092592592592594
0 0.46765417170495766 0.5819444444444445 0.03688029020556227 0.14907407407407408
0 0.30259975816203144 0.7148148148148148 0.051390568319226115 0.17037037037037037
0 0.14389359129383314 0.4777777777777778 0.044740024183796856 0.14444444444444443
0 0.15296251511487305 0.6532407407407408 0.0471584038694075 0.16018518518518518
0 0.5374848851269649 0.6652777777777777 0.04232164449818621 0.16203703703703703
0 0.5716444981862152 0.6763888888888889 0.05380894800483676 0.16018518518518518
0 0.14993954050785974 0.4537037037037037 0.03990326481257558 0.14074074074074075
0 0.23004836759371222 0.21481481481481482 0.035671100362756954 0.12037037037037036
0 0.2617896009673519 0.2013888888888889 0.041112454655380895 0.1398148148148148
0 0.9761185006045949 0.13425925925925927 0.03325272067714631 0.12407407407407407
0 0.941354292623942 0.1476851851851852 0.03385731559854897 0.13055555555555556
0 0.9353083434099153 0.12962962962962962 0.03990326481257558 0.13148148148148148
0 0.006952841596130592 0.825462962962963 0.012696493349455865 0.17314814814814813
0 0.9431680773881499 0.5356481481481481 0.0471584038694075 0.15092592592592594
0 0.9353083434099153 0.5638888888888889 0.053204353083434096 0.1425925925925926
0 0.02871825876662636 0.8212962962962963 0.051390568319226115 0.17037037037037037
0 0.9449818621523579 0.9333333333333333 0.049576783555018135 0.13518518518518519
0 0.9610036275695284 0.8958333333333334 0.06348246674727932 0.1675925925925926
0 0.8518742442563483 0.3912037037037037 0.04353083434099154 0.13425925925925927
0 0.8292019347037485 0.38842592592592595 0.03688029020556227 0.13796296296296295
0 0.805925030229746 0.6097222222222223 0.049576783555018135 0.1712962962962963
0 0.24879081015719468 0.6240740740740741 0.044135429262394194 0.13148148148148148
0 0.2711608222490931 0.5893518518518519 0.05380894800483676 0.15833333333333333
0 0.28597339782345826 0.6148148148148148 0.04232164449818621 0.15925925925925927
0 0.13694074969770254 0.4222222222222222 0.042926239419588876 0.12962962962962962
0 0.021160822249093107 0.40555555555555556 0.041112454655380895 0.14629629629629629
0 0.15628778718258768 0.39814814814814814 0.044135429262394194 0.1388888888888889
0 0.2578597339782346 0.2824074074074074 0.039298669891172915 0.13333333333333333
0 0.26844014510278114 0.27037037037037037 0.03990326481257558 0.1388888888888889
0 0.13663845223700122 0.5087962962962963 0.037484885126964934 0.14351851851851852
0 0.8542926239419589 0.7763888888888889 0.05199516324062878 0.15648148148148147
0 0.7905078597339782 0.7333333333333333 0.046553808948004836 0.1537037037037037
0 0.8548972188633616 0.6236111111111111 0.04353083434099154 0.15648148148148147
0 0.1185006045949214 0.48009259259259257 0.037484885126964934 0.16018518518518518
0 0.8295042321644498 0.6370370370370371 0.04836759371221282 0.1574074074074074
0 0.8304111245465539 0.4976851851851852 0.06469165659008465 0.17685185185185184
0 0.5779927448609432 0.1685185185185185 0.03990326481257558 0.13703703703703704
0 0.5435308343409916 0.1837962962962963 0.03506650544135429 0.14351851851851852
0 0.5136033857315598 0.18194444444444444 0.03325272067714631 0.13796296296296295
0 0.7950423216444982 0.4310185185185185 0.04232164449818621 0.15462962962962962
0 0.7261185006045949 0.4393518518518518 0.05441354292623942 0.14351851851851852
0 0.6520556227327691 0.3333333333333333 0.046553808948004836 0.13703703703703704
0 0.6169891172914147 0.3282407407407407 0.044135429262394194 0.14907407407407408
0 0.6242442563482467 0.39351851851851855 0.04897218863361548 0.14814814814814814
0 0.4718863361547763 0.05694444444444444 0.03325272067714631 0.11203703703703703
0 0.23669891172914148 0.2601851851851852 0.03688029020556227 0.13703703703703704
0 0.3766626360338573 0.1675925925925926 0.03990326481257558 0.14444444444444443
0 0.1185006045949214 0.23148148148148148 0.041112454655380895 0.13518518518518519
0 0.08524788391777509 0.23055555555555557 0.041112454655380895 0.14629629629629629
0 0.02750906892382104 0.4703703703703704 0.046553808948004836 0.15555555555555556
0 0.018137847642079808 0.30092592592592593 0.03506650544135429 0.15
0 0.04353083434099154 0.3175925925925926 0.041112454655380895 0.14814814814814814
0 0.5105804111245466 0.20787037037037037 0.0380894800483676 0.15092592592592594
0 0.5350665054413543 0.12407407407407407 0.037484885126964934 0.13148148148148148
0 0.05290205562273277 0.46064814814814814 0.046553808948004836 0.1675925925925926
0 0.2460701330108827 0.16435185185185186 0.03143893591293833 0.12129629629629629
0 0.25574365175332525 0.10138888888888889 0.030229746070133012 0.11574074074074074
0 0.45223700120918986 0.2199074074074074 0.03506650544135429 0.13425925925925927
0 0.08615477629987908 0.4152777777777778 0.03688029020556227 0.1398148148148148
0 0.0804111245465538 0.39444444444444443 0.045949214026602174 0.1574074074074074
0 0.5931076178960096 0.4060185185185185 0.03506650544135429 0.11203703703703703
0 0.5432285368802902 0.3333333333333333 0.03204353083434099 0.11851851851851852
0 0.5157194679564692 0.32731481481481484 0.03990326481257558 0.14351851851851852
0 0.28536880290205563 0.12083333333333333 0.02902055622732769 0.125
0 0.4746070133010883 0.3138888888888889 0.04232164449818621 0.12407407407407407
0 0.5126964933494559 0.29583333333333334 0.03990326481257558 0.1398148148148148
0 0.21432889963724305 0.32592592592592595 0.044135429262394194 0.14814814814814814
0 0.18742442563482467 0.35185185185185186 0.03506650544135429 0.13518518518518519
0 0.14721886336154777 0.35509259259259257 0.03325272067714631 0.12314814814814815
0 0.44316807738814995 0.31851851851851853 0.030229746070133012 0.10740740740740741
0 0.4655380894800484 0.21435185185185185 0.03869407496977025 0.13425925925925927
0 0.08948004836759371 0.7537037037037037 0.060459492140266025 0.17962962962962964
0 0.08887545344619105 0.9393518518518519 0.044740024183796856 0.12314814814814815
0 0.25574365175332525 0.799074074074074 0.06892382103990327 0.1685185185185185
0 0.17654171704957677 0.8041666666666667 0.044740024183796856 0.1675925925925926
0 0.3818016928657799 0.7981481481481482 0.047762998790810154 0.17407407407407408
0 0.40447400241837966 0.7671296296296296 0.056831922611850064 0.15462962962962962
0 0.9180773881499396 0.12314814814814815 0.047762998790810154 0.12777777777777777
0 0.5426239419588875 0.07222222222222222 0.03325272067714631 0.1388888888888889
0 0.5637847642079806 0.07407407407407407 0.0380894800483676 0.1259259259259259
0 0.5501813784764208 0.0125 0.036275695284159616 0.023148148148148147
0 0.18047158403869407 0.1685185185185185 0.034461910519951636 0.1259259259259259
0 0.3766626360338573 0.04583333333333333 0.04232164449818621 0.08981481481481482
0 0.3482466747279323 0.046296296296296294 0.036275695284159616 0.09074074074074075
0 0.1949818621523579 0.0787037037037037 0.039298669891172915 0.1388888888888889
0 0.23216444981862153 0.0625 0.03990326481257558 0.12314814814814815
0 0.24667472793228537 0.05740740740740741 0.036275695284159616 0.11296296296296296
0 0.29353083434099153 0.014814814814814815 0.0380894800483676 0.027777777777777776
0 0.14993954050785974 0.1736111111111111 0.03143893591293833 0.13240740740740742
0 0.3219467956469166 0.15138888888888888 0.0380894800483676 0.14166666666666666
0 0.07406287787182587 0.17222222222222222 0.0380894800483676 0.1388888888888889
0 0.0903869407496977 0.18518518518518517 0.03325272067714631 0.13333333333333333
0 0.11124546553808948 0.19537037037037036 0.041112454655380895 0.13333333333333333
0 0.12817412333736397 0.17407407407407408 0.03506650544135429 0.1388888888888889
0 0.028415961305925032 0.1550925925925926 0.036275695284159616 0.1361111111111111
0 0.16928657799274485 0.026851851851851852 0.03990326481257558 0.05185185185185185
0 0.25181378476420796 0.01574074074074074 0.0380894800483676 0.02962962962962963
0 0.04746070133010883 0.060648148148148145 0.0380894800483676 0.11944444444444445
0 0.12666263603385733 0.028703703703703703 0.03325272067714631 0.05555555555555555
0 0.0813180169286578 0.02638888888888889 0.039298669891172915 0.05092592592592592
0 0.8854292623941958 0.11805555555555555 0.042926239419588876 0.125
0 0.9785368802902056 0.0587962962962963 0.03204353083434099 0.10648148148148148
0 0.9068923821039904 0.032407407407407406 0.03506650544135429 0.06296296296296296
0 0.008766626360338573 0.5023148148148148 0.016324062877871828 0.09351851851851851
0 0.013603385731559855 0.15648148148148147 0.02599758162031439 0.13518518518518519
0 0.9513301088270859 0.026851851851851852 0.034461910519951636 0.05185185185185185
0 0.020556227327690448 0.12962962962962962 0.036275695284159616 0.13703703703703704
0 0.05199516324062878 0.11851851851851852 0.030229746070133012 0.11296296296296296
0 0.9416565900846433 0.04675925925925926 0.034461910519951636 0.09166666666666666
0 0.9851874244256348 0.037037037037037035 0.02720677146311971 0.07222222222222222
0 0.9138452237001209 0.07361111111111111 0.04050785973397823 0.12685185185185185
0 0.17714631197097944 0.06157407407407407 0.032648125755743655 0.12129629629629629
0 0.013301088270858524 0.10277777777777777 0.02539298669891173 0.11851851851851852
0 0.2651148730350665 0.2324074074074074 0.04171704957678356 0.1388888888888889
0 0.312273276904474 0.1837962962962963 0.0380894800483676 0.13055555555555556
