0 0.01619778346121057 0.9727272727272728 0.030690537084398978 0.056818181818181816
0 0.7979539641943734 0.83125 0.04603580562659847 0.14659090909090908
0 0.15814151747655583 0.5306818181818181 0.041773231031543054 0.1159090909090909
0 0.7152600170502984 0.5602272727272727 0.03580562659846547 0.11818181818181818
0 0.16538789428815004 0.4909090909090909 0.03580562659846547 0.10909090909090909
0 0.07672634271099744 0.4681818181818182 0.03580562659846547 0.11363636363636363
0 0.041773231031543054 0.4642045454545455 0.042625745950554135 0.1215909090909091
0 0.5421994884910486 0.58125 0.04092071611253197 0.13295454545454546
0 0.29454390451832907 0.4107954545454545 0.03324808184143223 0.11022727272727273
0 0.0123614663256607 0.33181818181818185 0.023017902813299233 0.09772727272727273
0 0.05583972719522592 0.3170454545454545 0.03324808184143223 0.10681818181818181
0 0.22847399829497017 0.3346590909090909 0.03410059676044331 0.11477272727272728
0 0.29028132992327366 0.32443181818181815 0.03836317135549872 0.11022727272727273
0 0.3277919863597613 0.32784090909090907 0.03665814151747655 0.10113636363636364
0 0.3218243819266837 0.37670454545454546 0.03836317135549872 0.11022727272727273
0 0.4411764705882353 0.48011363636363635 0.03324808184143223 0.12386363636363637
0 0.4812446717817562 0.4778409090909091 0.03324808184143223 0.11704545454545455
0 0.5110826939471441 0.35852272727272727 0.03665814151747655 0.11022727272727273
0 0.32438192668371696 0.26193181818181815 0.029838022165387893 0.09659090909090909
0 0.45652173913043476 0.2897727272727273 0.03324808184143223 0.11136363636363636
0 0.4075021312872975 0.2840909090909091 0.028985507246376812 0.10681818181818181
0 0.29241261722080136 0.13522727272727272 0.027280477408354646 0.08409090909090909
0 0.8414322250639387 0.17670454545454545 0.027280477408354646 0.08522727272727272
0 0.8060528559249787 0.1715909090909091 0.03154305200341006 0.09318181818181819
0 0.8657289002557544 0.18806818181818183 0.028132992327365727 0.09659090909090909
0 0.8393009377664109 0.3164772727272727 0.03324808184143223 0.10340909090909091
0 0.8132992327365729 0.3210227272727273 0.03239556692242114 0.08295454545454546
0 0.5652173913043478 0.1375 0.03580562659846547 0.10454545454545454
0 0.8333333333333334 0.3835227272727273 0.028132992327365727 0.10113636363636364
0 0.8158567774936062 0.5409090909090909 0.04603580562659847 0.125
0 0.9104859335038363 0.9363636363636364 0.057971014492753624 0.125
0 0.9765558397271952 0.9363636363636364 0.045183290707587385 0.12727272727272726
0 0.8452685421994884 0.9647727272727272 0.04688832054560955 0.07045454545454545
0 0.7800511508951407 0.9630681818181818 0.04603580562659847 0.07613636363636364
0 0.5085251491901108 0.7653409090909091 0.041773231031543054 0.1375
0 0.1837169650468883 0.5278409090909091 0.03665814151747655 0.11931818181818182
0 0.3576300085251492 0.44772727272727275 0.03324808184143223 0.11136363636363636
0 0.814151747655584 0.7136363636363636 0.04774083546462063 0.1340909090909091
0 0.5575447570332481 0.7482954545454545 0.0443307757885763 0.14431818181818182
0 0.4075021312872975 0.5914772727272727 0.03410059676044331 0.1215909090909091
0 0.7476555839727195 0.5380681818181818 0.02557544757033248 0.11704545454545455
0 0.7651321398124468 0.5375 0.029838022165387893 0.09772727272727273
0 0.7868712702472294 0.5272727272727272 0.028985507246376812 0.1340909090909091
0 0.7566069906223359 0.4784090909090909 0.03836317135549872 0.12954545454545455
0 0.8712702472293266 0.509090909090909 0.03410059676044331 0.12045454545454545
0 0.8098891730605285 0.39090909090909093 0.03239556692242114 0.10681818181818181
0 0.76768968456948 0.31477272727272726 0.03324808184143223 0.10681818181818181
0 0.7898550724637681 0.32329545454545455 0.03324808184143223 0.09886363636363636
0 0.9654731457800512 0.07272727272727272 0.03836317135549872 0.09318181818181819
0 0.9569479965899403 0.05227272727272727 0.028132992327365727 0.09318181818181819
0 0.8371696504688833 0.08295454545454546 0.02557544757033248 0.08863636363636364
0 0.8120204603580563 0.08522727272727272 0.029838022165387893 0.08863636363636364
0 0.32864450127877237 0.14147727272727273 0.0247229326513214 0.09886363636363636
0 0.31074168797953966 0.14886363636363636 0.0247229326513214 0.08409090909090909
0 0.23145780051150894 0.08806818181818182 0.0247229326513214 0.0875
0 0.2566069906223359 0.0903409090909091 0.023870417732310314 0.08068181818181819
0 0.289002557544757 0.075 0.020460358056265986 0.08409090909090909
0 0.39045183290707586 0.11306818181818182 0.02557544757033248 0.09431818181818181
0 0.4134697357203751 0.12443181818181819 0.02557544757033248 0.07613636363636364
0 0.4322250639386189 0.16704545454545455 0.02557544757033248 0.09772727272727273
0 0.43052003410059675 0.15227272727272728 0.02557544757033248 0.08409090909090909
0 0.4722932651321398 0.14829545454545454 0.03239556692242114 0.0875
0 0.5161977834612106 0.15 0.03836317135549872 0.09772727272727273
0 0.46462063086104005 0.13125 0.02557544757033248 0.08068181818181819
0 0.43307757885763 0.09147727272727273 0.028985507246376812 0.07613636363636364
0 0.47144075021312876 0.07215909090909091 0.02557544757033248 0.08068181818181819
0 0.4884910485933504 0.05056818181818182 0.023870417732310314 0.08068181818181819
0 0.4722932651321398 0.05795454545454545 0.02557544757033248 0.08409090909090909
0 0.2851662404092072 0.058522727272727275 0.0247229326513214 0.08068181818181819
0 0.3111679454390452 0.058522727272727275 0.023870417732310314 0.08068181818181819
0 0.31202046035805625 0.08238636363636363 0.02557544757033248 0.07840909090909091
0 0.3248081841432225 0.08238636363636363 0.023870417732310314 0.06931818181818182
0 0.3273657289002558 0.06306818181818181 0.020460358056265986 0.060227272727272727
0 0.36828644501278773 0.07215909090909091 0.028985507246376812 0.08068181818181819
0 0.5200341005967605 0.061931818181818185 0.02557544757033248 0.08295454545454546
0 0.526001705029838 0.03465909090909091 0.02557544757033248 0.06704545454545455
0 0.5532821824381927 0.031818181818181815 0.02557544757033248 0.06136363636363636
0 0.42838874680306904 0.04943181818181818 0.0247229326513214 0.07386363636363637
0 0.43691389599317987 0.02556818181818182 0.021312872975277068 0.048863636363636366
0 0.5707587382779199 0.06988636363636364 0.03154305200341006 0.0715909090909091
0 0.13597612958226768 0.9857954545454546 0.03154305200341006 0.028409090909090908
0 0.3537936913895993 0.08295454545454546 0.023870417732310314 0.0659090909090909
0 0.3248081841432225 0.44943181818181815 0.042625745950554135 0.11477272727272728
0 0.6427962489343564 0.85625 0.05285592497868713 0.14204545454545456
0 0.5072463768115942 0.9102272727272728 0.05115089514066496 0.1431818181818182
0 0.6069906223358909 0.7755681818181818 0.04603580562659847 0.14886363636363636
0 0.6376811594202898 0.9323863636363636 0.05115089514066496 0.12840909090909092
0 0.556692242114237 0.90625 0.05115089514066496 0.15795454545454546
0 0.5912190963341859 0.9363636363636364 0.045183290707587385 0.1
0 0.3069053708439898 0.9034090909090909 0.059676044330775786 0.1590909090909091
0 0.3495311167945439 0.9119318181818182 0.04603580562659847 0.14431818181818182
0 0.6811594202898551 0.9142045454545454 0.05115089514066496 0.14886363636363636
0 0.34612105711849955 0.8335227272727272 0.04603580562659847 0.1215909090909091
0 0.46334185848252346 0.6829545454545455 0.045183290707587385 0.1431818181818182
0 0.0076726342710997444 0.5079545454545454 0.013640238704177323 0.1340909090909091
0 0.08610400682011936 0.36761363636363636 0.04092071611253197 0.10340909090909091
0 0.7054560954816709 0.47897727272727275 0.03665814151747655 0.11477272727272728
0 0.04219948849104859 0.7011363636363637 0.05029838022165388 0.14545454545454545
0 0.27195225916453536 0.5068181818181818 0.03751065643648764 0.1159090909090909
0 0.30179028132992325 0.5028409090909091 0.030690537084398978 0.1215909090909091
0 0.36061381074168797 0.5102272727272728 0.042625745950554135 0.11818181818181818
0 0.07672634271099744 0.8380681818181818 0.05285592497868713 0.14204545454545456
0 0.5123614663256607 0.6738636363636363 0.042625745950554135 0.12954545454545455
0 0.13171355498721227 0.27954545454545454 0.03324808184143223 0.10227272727272728
0 0.3755328218243819 0.5613636363636364 0.03836317135549872 0.10909090909090909
0 0.3895993179880648 0.40511363636363634 0.03751065643648764 0.11477272727272728
0 0.16112531969309463 0.28806818181818183 0.028985507246376812 0.10113636363636364
0 0.07672634271099744 0.7125 0.0392156862745098 0.12045454545454545
0 0.11167945439045183 0.8357954545454546 0.0494458653026428 0.1715909090909091
0 0.881074168797954 0.7227272727272728 0.05200341005967604 0.1409090909090909
0 0.10699062233589088 0.35965909090909093 0.03324808184143223 0.09431818181818181
0 0.3256606990622336 0.4340909090909091 0.03239556692242114 0.11136363636363636
0 0.17178175618073316 0.98125 0.03836317135549872 0.03977272727272727
0 0.35080988917306055 0.5488636363636363 0.03836317135549872 0.1340909090909091
0 0.3742540494458653 0.11875 0.020460358056265986 0.0875
0 0.44671781756180734 0.051704545454545454 0.020460358056265986 0.08068181818181819
0 0.4774083546462063 0.024431818181818183 0.023870417732310314 0.04659090909090909
