0 0.7 0.5532407407407407 0.05625 0.19537037037037036
0 0.29583333333333334 0.45694444444444443 0.036458333333333336 0.16944444444444445
0 0.5591145833333333 0.42824074074074076 0.04114583333333333 0.19166666666666668
0 0.5166666666666667 0.4375 0.04375 0.17685185185185184
0 0.5903645833333333 0.5592592592592592 0.044270833333333336 0.2222222222222222
0 0.5611979166666666 0.3773148148148148 0.03177083333333333 0.1287037037037037
0 0.5143229166666666 0.32175925925925924 0.0296875 0.12685185185185185
0 0.5315104166666667 0.32592592592592595 0.027604166666666666 0.11296296296296296
0 0.4708333333333333 0.33101851851851855 0.030208333333333334 0.13425925925925927
0 0.8091145833333333 0.36157407407407405 0.030729166666666665 0.15462962962962962
0 0.4578125 0.36666666666666664 0.030208333333333334 0.14444444444444443
0 0.029427083333333333 0.7652777777777777 0.05572916666666667 0.27685185185185185
0 0.4244791666666667 0.28935185185185186 0.03229166666666667 0.12129629629629629
0 0.37786458333333334 0.2865740740740741 0.030729166666666665 0.13055555555555556
0 0.3692708333333333 0.28055555555555556 0.027083333333333334 0.1259259259259259
0 0.7890625 0.8648148148148148 0.07916666666666666 0.2722222222222222
0 0.6942708333333333 0.8726851851851852 0.07604166666666666 0.2564814814814815
0 0.5786458333333333 0.9851851851851852 0.036458333333333336 0.03148148148148148
0 0.5197916666666667 0.9597222222222223 0.06041666666666667 0.0824074074074074
0 0.10052083333333334 0.562962962962963 0.04479166666666667 0.1962962962962963
0 0.33671875 0.3625 0.030729166666666665 0.14537037037037037
0 0.7796875 0.3925925925925926 0.03333333333333333 0.1685185185185185
0 0.06536458333333334 0.9361111111111111 0.08802083333333334 0.12962962962962962
0 0.134375 0.8777777777777778 0.071875 0.24444444444444444
0 0.20026041666666666 0.8893518518518518 0.07135416666666666 0.22314814814814815
0 0.2638020833333333 0.5356481481481481 0.0546875 0.22314814814814815
0 0.062239583333333334 0.8949074074074074 0.06510416666666667 0.21203703703703702
0 0.4947916666666667 0.39166666666666666 0.03333333333333333 0.16296296296296298
0 0.2716145833333333 0.5657407407407408 0.049479166666666664 0.2462962962962963
0 0.7625 0.45601851851851855 0.03229166666666667 0.1638888888888889
0 0.8546875 0.6564814814814814 0.0625 0.23703703703703705
0 0.5135416666666667 0.5138888888888888 0.057291666666666664 0.19444444444444445
0 0.4049479166666667 0.5939814814814814 0.04739583333333333 0.21944444444444444
0 0.7348958333333333 0.47824074074074074 0.04375 0.18981481481481483
0 0.6471354166666666 0.49074074074074076 0.050520833333333334 0.2037037037037037
0 0.6994791666666667 0.4666666666666667 0.04895833333333333 0.18703703703703703
0 0.41432291666666665 0.4398148148148148 0.043229166666666666 0.17222222222222222
