0 0.5278113663845224 0.44166666666666665 0.03990326481257558 0.14074074074074075
0 0.5519951632406288 0.4356481481481482 0.03506650544135429 0.13240740740740742
0 0.5955259975816203 0.6106481481481482 0.05199516324062878 0.16574074074074074
0 0.5752720677146312 0.6375 0.044135429262394194 0.13796296296296295
0 0.9646311970979444 0.7791666666666667 0.05259975816203144 0.1824074074074074
0 0.5864570737605804 0.4324074074074074 0.04232164449818621 0.16111111111111112
0 0.4492140266021765 0.3023148148148148 0.041112454655380895 0.16018518518518518
0 0.6293833131801693 0.6268518518518519 0.03990326481257558 0.16296296296296298
0 0.6221281741233373 0.6731481481481482 0.04353083434099154 0.15185185185185185
0 0.5955259975816203 0.549074074074074 0.044740024183796856 0.1537037037037037
0 0.5973397823458283 0.7277777777777777 0.049576783555018135 0.17962962962962964
0 0.46402660217654174 0.7921296296296296 0.0562273276904474 0.18981481481481483
0 0.6596130592503023 0.611574074074074 0.037484885126964934 0.15092592592592594
0 0.4915356711003628 0.7097222222222223 0.0471584038694075 0.16018518518518518
0 0.7031438935912938 0.6907407407407408 0.049576783555018135 0.17407407407407408
0 0.4830713422007255 0.3101851851851852 0.044740024183796856 0.1574074074074074
0 0.6989117291414753 0.5203703703703704 0.05562273276904474 0.17592592592592593
0 0.779322853688029 0.8393518518518519 0.05804111245465538 0.18796296296296297
0 0.9105199516324063 0.9296296296296296 0.04353083434099154 0.13703703703703704
0 0.8171100362756953 0.8597222222222223 0.051390568319226115 0.16574074074074074
0 0.6677750906892382 0.6986111111111111 0.039298669891172915 0.16018518518518518
0 0.5695284159613059 0.6828703703703703 0.05199516324062878 0.15833333333333333
0 0.8603385731559855 0.7518518518518519 0.045949214026602174 0.15925925925925927
0 0.9449818621523579 0.9226851851851852 0.053204353083434096 0.1527777777777778
0 0.6910519951632407 0.600925925925926 0.044740024183796856 0.1574074074074074
0 0.6197097944377267 0.4962962962962963 0.03869407496977025 0.15555555555555556
0 0.5253929866989118 0.7074074074074074 0.0471584038694075 0.17962962962962964
0 0.585247883917775 0.5337962962962963 0.037484885126964934 0.15092592592592594
0 0.8298065296251511 0.7490740740740741 0.044135429262394194 0.12962962962962962
0 0.9353083434099153 0.8685185185185185 0.045949214026602174 0.17407407407407408
0 0.8403869407496977 0.9004629629629629 0.07134220072551391 0.15648148148148147
0 0.022974607013301087 0.7083333333333334 0.044740024183796856 0.16296296296296298
0 0.05048367593712213 0.6939814814814815 0.051390568319226115 0.1712962962962963
0 0.5562273276904474 0.2310185185185185 0.03506650544135429 0.12129629629629629
0 0.05532043530834341 0.29074074074074074 0.044135429262394194 0.14629629629629629
0 0.005139056831922612 0.21064814814814814 0.009068923821039904 0.1398148148148148
0 0.08887545344619105 0.22777777777777777 0.04232164449818621 0.15185185185185185
0 0.0912938331318017 0.4 0.04232164449818621 0.1574074074074074
0 0.13633615477629987 0.25092592592592594 0.039298669891172915 0.13518518518518519
0 0.6321039903264812 0.3523148148148148 0.03688029020556227 0.14351851851851852
0 0.5429262394195888 0.19768518518518519 0.044740024183796856 0.13796296296296295
0 0.4068923821039903 0.3087962962962963 0.04353083434099154 0.14351851851851852
0 0.594316807738815 0.337037037037037 0.03990326481257558 0.1574074074074074
0 0.6278718258766627 0.30925925925925923 0.035671100362756954 0.1574074074074074
0 0.5695284159613059 0.3101851851851852 0.037484885126964934 0.15185185185185185
0 0.4746070133010883 0.2490740740740741 0.032648125755743655 0.12407407407407407
0 0.721584038694075 0.3435185185185185 0.04171704957678356 0.1648148148148148
0 0.7442563482466747 0.3416666666666667 0.03990326481257558 0.1537037037037037
0 0.4969770253929867 0.26805555555555555 0.03990326481257558 0.13425925925925927
0 0.502720677146312 0.29907407407407405 0.04171704957678356 0.16296296296296298
0 0.5392986698911729 0.2949074074074074 0.036275695284159616 0.13796296296296295
0 0.5157194679564692 0.3416666666666667 0.04232164449818621 0.14074074074074075
0 0.5426239419588875 0.3560185185185185 0.039298669891172915 0.13240740740740742
0 0.6324062877871826 0.39444444444444443 0.044740024183796856 0.15925925925925927
0 0.6608222490931076 0.412962962962963 0.03990326481257558 0.13333333333333333
0 0.6961910519951633 0.42453703703703705 0.03688029020556227 0.14351851851851852
0 0.8905683192261185 0.4462962962962963 0.04353083434099154 0.16296296296296298
0 0.7218863361547763 0.44027777777777777 0.044740024183796856 0.14351851851851852
0 0.6904474002418379 0.7791666666666667 0.04232164449818621 0.1675925925925926
0 0.722490931076179 0.7685185185185185 0.05078597339782346 0.1814814814814815
0 0.7696493349455864 0.5328703703703703 0.037484885126964934 0.15648148148148147
0 0.8313180169286578 0.5861111111111111 0.044740024183796856 0.1685185185185185
0 0.7315598548972189 0.5550925925925926 0.04232164449818621 0.15648148148148147
0 0.9821644498186215 0.33935185185185185 0.034461910519951636 0.15462962962962962
0 0.9588875453446191 0.35185185185185186 0.037484885126964934 0.12037037037037036
0 0.9211003627569528 0.7902777777777777 0.044135429262394194 0.15648148148148147
0 0.8700120918984281 0.3300925925925926 0.03990326481257558 0.13425925925925927
0 0.9050785973397824 0.3337962962962963 0.037484885126964934 0.12314814814814815
0 0.944074969770254 0.6777777777777778 0.0501813784764208 0.14814814814814814
0 0.8987303506650545 0.600462962962963 0.046553808948004836 0.15462962962962962
0 0.8675937122128174 0.6125 0.05441354292623942 0.1787037037037037
0 0.8960096735187424 0.2962962962962963 0.03990326481257558 0.14629629629629629
0 0.8923821039903265 0.20324074074074075 0.041112454655380895 0.13055555555555556
0 0.5438331318016929 0.16296296296296298 0.044135429262394194 0.15185185185185185
0 0.5172309552599759 0.16898148148148148 0.034461910519951636 0.11574074074074074
0 0.9268440145102781 0.32592592592592595 0.037484885126964934 0.12037037037037036
0 0.9404474002418379 0.30462962962962964 0.03204353083434099 0.12407407407407407
0 0.8047158403869408 0.5680555555555555 0.041112454655380895 0.1527777777777778
0 0.7475816203143894 0.5814814814814815 0.04050785973397823 0.1574074074074074
0 0.9631197097944377 0.6856481481481481 0.07255139056831923 0.2175925925925926
0 0.2503022974607013 0.8907407407407407 0.060459492140266025 0.1814814814814815
0 0.3639661426844015 0.8907407407407407 0.05562273276904474 0.1537037037037037
0 0.2140266021765417 0.2537037037037037 0.04232164449818621 0.1574074074074074
0 0.6792623941958887 0.29398148148148145 0.051390568319226115 0.16018518518518518
0 0.7246070133010882 0.22453703703703703 0.034461910519951636 0.12129629629629629
0 0.8645707376058042 0.18287037037037038 0.037484885126964934 0.1287037037037037
0 0.9259371221281741 0.17407407407407408 0.039298669891172915 0.12962962962962962
0 0.9776299879081015 0.17222222222222222 0.04353083434099154 0.1425925925925926
0 0.9909310761789601 0.1087962962962963 0.018137847642079808 0.13240740740740742
0 0.9522370012091899 0.13935185185185187 0.03869407496977025 0.1398148148148148
0 0.9304715840386941 0.10925925925925926 0.037484885126964934 0.11851851851851852
0 0.9489117291414753 0.0912037037037037 0.034461910519951636 0.12685185185185185
0 0.8911729141475212 0.11018518518518519 0.037484885126964934 0.11851851851851852
0 0.8700120918984281 0.06620370370370371 0.037484885126964934 0.12129629629629629
0 0.8926844014510278 0.07037037037037037 0.03204353083434099 0.10740740740740741
0 0.9177750906892382 0.06898148148148148 0.03506650544135429 0.10648148148148148
0 0.9501209189842805 0.03518518518518519 0.034461910519951636 0.06851851851851852
0 0.9244256348246674 0.04583333333333333 0.032648125755743655 0.08981481481481482
0 0.8769649334945586 0.02824074074074074 0.02962515114873035 0.05462962962962963
0 0.05078597339782346 0.1449074074074074 0.037484885126964934 0.12314814814814815
0 0.15538089480048367 0.1537037037037037 0.041112454655380895 0.12962962962962962
0 0.12908101571946795 0.1412037037037037 0.039298669891172915 0.13240740740740742
0 0.1605199516324063 0.07037037037037037 0.03204353083434099 0.12222222222222222
0 0.08917775090689238 0.1550925925925926 0.034461910519951636 0.13425925925925927
0 0.05713422007255139 0.06157407407407407 0.03204353083434099 0.12129629629629629
0 0.023881499395405077 0.06342592592592593 0.03688029020556227 0.12314814814814815
0 0.06620314389359129 0.09490740740740741 0.039298669891172915 0.1287037037037037
0 0.10459492140266022 0.10092592592592593 0.041112454655380895 0.13518518518518519
0 0.11910519951632406 0.06111111111111111 0.036275695284159616 0.12037037037037036
0 0.29081015719467956 0.12453703703703704 0.037484885126964934 0.12685185185185185
0 0.31952841596130593 0.09768518518518518 0.03688029020556227 0.12314814814814815
0 0.2741837968561064 0.06388888888888888 0.02962515114873035 0.10740740740740741
0 0.39117291414752114 0.07083333333333333 0.036275695284159616 0.1398148148148148
0 0.2998790810157195 0.06805555555555555 0.037484885126964934 0.125
0 0.4857920193470375 0.20601851851851852 0.03688029020556227 0.14351851851851852
0 0.6704957678355502 0.22361111111111112 0.044740024183796856 0.1398148148148148
0 0.6738210399032648 0.2023148148148148 0.03325272067714631 0.13796296296296295
0 0.4752116082224909 0.16157407407407406 0.03869407496977025 0.12685185185185185
0 0.5912938331318017 0.10648148148148148 0.03990326481257558 0.11851851851851852
0 0.6466142684401451 0.11712962962962963 0.039298669891172915 0.13240740740740742
0 0.8050181378476421 0.13842592592592592 0.03688029020556227 0.12685185185185185
0 0.7097944377267231 0.10740740740740741 0.03506650544135429 0.13703703703703704
0 0.7146311970979444 0.13055555555555556 0.03506650544135429 0.12407407407407407
0 0.6638452237001209 0.13518518518518519 0.03385731559854897 0.12222222222222222
0 0.6704957678355502 0.049074074074074076 0.032648125755743655 0.0962962962962963
0 0.6402660217654171 0.07824074074074074 0.04232164449818621 0.1287037037037037
0 0.6360338573155986 0.05 0.03990326481257558 0.09814814814814815
0 0.6009673518742442 0.05 0.032648125755743655 0.09814814814814815
0 0.5710399032648126 0.04814814814814815 0.034461910519951636 0.09444444444444444
0 0.526602176541717 0.12175925925925926 0.037484885126964934 0.13240740740740742
0 0.43833131801692865 0.09212962962962963 0.037484885126964934 0.1287037037037037
0 0.3515719467956469 0.05185185185185185 0.03204353083434099 0.10185185185185185
0 0.48972188633615477 0.056018518518518516 0.037484885126964934 0.11018518518518519
0 0.4758162031438936 0.0763888888888889 0.03506650544135429 0.11574074074074074
0 0.5145102781136639 0.06527777777777778 0.032648125755743655 0.11574074074074074
0 0.4277509068923821 0.046296296296296294 0.034461910519951636 0.09074074074074075
0 0.9685610640870617 0.11481481481481481 0.03869407496977025 0.13518518518518519
0 0.2965538089480048 0.01898148148148148 0.024788391777509067 0.03611111111111111
0 0.6505441354292624 0.19953703703703704 0.02902055622732769 0.09351851851851851
0 0.3639661426844015 0.5152777777777777 0.03990326481257558 0.14907407407407408
0 0.2067714631197098 0.32222222222222224 0.04232164449818621 0.14074074074074075
0 0.14510278113663846 0.7768518518518519 0.05078597339782346 0.16111111111111112
0 0.10822249093107618 0.7300925925925926 0.05562273276904474 0.1675925925925926
0 0.14510278113663846 0.7393518518518518 0.05078597339782346 0.1675925925925926
0 0.8095525997581621 0.32037037037037036 0.04232164449818621 0.13518518518518519
0 0.8385731559854898 0.31203703703703706 0.03143893591293833 0.12037037037037036
0 0.25211608222490933 0.625 0.0471584038694075 0.1685185185185185
0 0.22249093107617895 0.6055555555555555 0.04232164449818621 0.1685185185185185
0 0.3615477629987908 0.6101851851851852 0.03506650544135429 0.15185185185185185
0 0.21704957678355502 0.5365740740740741 0.044740024183796856 0.14907407407407408
0 0.18500604594921402 0.5143518518518518 0.04232164449818621 0.1398148148148148
0 0.18863361547763 0.4773148148148148 0.041112454655380895 0.14351851851851852
0 0.14117291414752117 0.5013888888888889 0.044135429262394194 0.14537037037037037
0 0.3639661426844015 0.18703703703703703 0.032648125755743655 0.12962962962962962
0 0.3863361547762999 0.18518518518518517 0.02781136638452237 0.12962962962962962
0 0.27871825876662637 0.41574074074074074 0.044740024183796856 0.1425925925925926
0 0.2714631197097944 0.4300925925925926 0.037484885126964934 0.1398148148148148
0 0.19347037484885127 0.9310185185185185 0.05562273276904474 0.13796296296296295
0 0.30864570737605806 0.7393518518518518 0.04171704957678356 0.15462962962962962
0 0.39903264812575573 0.5842592592592593 0.04232164449818621 0.14074074074074075
0 0.34461910519951633 0.6625 0.03990326481257558 0.16018518518518518
0 0.3464328899637243 0.700925925925926 0.04232164449818621 0.1685185185185185
0 0.42019347037484883 0.6976851851851852 0.049576783555018135 0.14907407407407408
0 0.6354292623941958 0.7444444444444445 0.0471584038694075 0.15925925925925927
0 0.439540507859734 0.5037037037037037 0.03506650544135429 0.14074074074074075
0 0.42593712212817414 0.4699074074074074 0.034461910519951636 0.13240740740740742
0 0.4183796856106409 0.5504629629629629 0.03990326481257558 0.14907407407407408
0 0.4289600967351874 0.525 0.03204353083434099 0.14629629629629629
0 0.23821039903264812 0.5824074074074074 0.037484885126964934 0.14074074074074075
0 0.28083434099153565 0.5643518518518519 0.042926239419588876 0.16203703703703703
0 0.28597339782345826 0.6078703703703704 0.03869407496977025 0.1675925925925926
0 0.5154171704957679 0.48935185185185187 0.04050785973397823 0.15092592592592594
0 0.2660217654171705 0.3768518518518518 0.03990326481257558 0.1425925925925926
0 0.4622128174123337 0.39490740740740743 0.04171704957678356 0.14351851851851852
0 0.281136638452237 0.35462962962962963 0.04232164449818621 0.15185185185185185
0 0.40417170495767835 0.41712962962962963 0.04171704957678356 0.14351851851851852
0 0.530229746070133 0.05092592592592592 0.03143893591293833 0.1
0 0.468863361547763 0.45185185185185184 0.034461910519951636 0.1388888888888889
0 0.47732769044740025 0.5342592592592592 0.034461910519951636 0.15185185185185185
0 0.27327690447400244 0.32546296296296295 0.037484885126964934 0.14351851851851852
0 0.6402660217654171 0.8592592592592593 0.0592503022974607 0.17962962962962964
0 0.6148730350665055 0.8643518518518518 0.0471584038694075 0.1824074074074074
