0 0.967956469165659 0.8791666666666667 0.04232164449818621 0.14351851851851852
0 0.28597339782345826 0.8143518518518519 0.03990326481257558 0.1712962962962963
0 0.26027811366384523 0.8564814814814815 0.04171704957678356 0.17407407407407408
0 0.6251511487303507 0.7236111111111111 0.049576783555018135 0.17685185185185184
0 0.35096735187424427 0.5712962962962963 0.04171704957678356 0.1425925925925926
0 0.31469165659008463 0.5787037037037037 0.04171704957678356 0.14629629629629629
0 0.08766626360338574 0.47962962962962963 0.053204353083434096 0.1425925925925926
0 0.06650544135429262 0.625462962962963 0.053204353083434096 0.17314814814814813
0 0.1215235792019347 0.6282407407407408 0.0471584038694075 0.1824074074074074
0 0.6635429262394196 0.38796296296296295 0.03688029020556227 0.16296296296296298
0 0.6366384522370012 0.3939814814814815 0.045949214026602174 0.15462962962962962
0 0.6635429262394196 0.4361111111111111 0.039298669891172915 0.1574074074074074
0 0.7512091898428053 0.7087962962962963 0.04171704957678356 0.15462962962962962
0 0.7451632406287787 0.7453703703703703 0.0562273276904474 0.15555555555555556
0 0.36789600967351876 0.28703703703703703 0.03688029020556227 0.13518518518518519
0 0.3152962515114873 0.3055555555555556 0.034461910519951636 0.13518518518518519
0 0.40991535671100365 0.2824074074074074 0.037484885126964934 0.13518518518518519
0 0.4126360338573156 0.30648148148148147 0.04171704957678356 0.14074074074074075
0 0.4014510278113664 0.6675925925925926 0.03990326481257558 0.16296296296296298
0 0.4718863361547763 0.6138888888888889 0.039298669891172915 0.15185185185185185
0 0.48095525997581623 0.6310185185185185 0.044135429262394194 0.14907407407407408
0 0.3642684401451028 0.6865740740740741 0.039298669891172915 0.16944444444444445
0 0.3225513905683192 0.32083333333333336 0.044135429262394194 0.13796296296296295
0 0.6435912938331319 0.8398148148148148 0.046553808948004836 0.17592592592592593
0 0.717049576783555 0.8458333333333333 0.045949214026602174 0.16574074074074074
0 0.6983071342200725 0.7981481481481482 0.041112454655380895 0.1574074074074074
0 0.9809552599758162 0.9199074074074074 0.035671100362756954 0.16018518518518518
0 0.9334945586457074 0.6990740740740741 0.05199516324062878 0.15925925925925927
0 0.8857315598548973 0.6541666666666667 0.05562273276904474 0.15092592592592594
0 0.9588875453446191 0.6458333333333334 0.045949214026602174 0.1638888888888889
0 0.8712212817412334 0.8199074074074074 0.056831922611850064 0.16574074074074074
0 0.9117291414752116 0.825925925925926 0.045949214026602174 0.17592592592592593
0 0.8337363966142685 0.8324074074074074 0.05562273276904474 0.16666666666666666
0 0.786577992744861 0.7819444444444444 0.05078597339782346 0.17314814814814813
0 0.8288996372430472 0.4486111111111111 0.036275695284159616 0.15092592592592594
0 0.8681983071342201 0.4671296296296296 0.045949214026602174 0.15092592592592594
0 0.8724304715840387 0.41435185185185186 0.030229746070133012 0.10462962962962963
0 0.8951027811366384 0.4185185185185185 0.03204353083434099 0.1111111111111111
0 0.593409915356711 0.9310185185185185 0.05380894800483676 0.1398148148148148
0 0.7769044740024184 0.9291666666666667 0.06771463119709795 0.14166666666666666
0 0.74546553808948 0.9606481481481481 0.05441354292623942 0.07685185185185185
0 0.1656590084643289 0.0875 0.03506650544135429 0.12685185185185185
0 0.1336154776299879 0.19444444444444445 0.04232164449818621 0.1574074074074074
0 0.24062877871825877 0.12222222222222222 0.03990326481257558 0.12407407407407407
0 0.5568319226118501 0.060648148148148145 0.032648125755743655 0.11944444444444445
0 0.3996372430471584 0.09768518518518518 0.03143893591293833 0.10648148148148148
0 0.4096130592503023 0.16203703703703703 0.034461910519951636 0.13703703703703704
0 0.47732769044740025 0.12361111111111112 0.034461910519951636 0.13240740740740742
0 0.5232769044740024 0.07453703703703704 0.034461910519951636 0.1361111111111111
0 0.5051390568319226 0.09861111111111111 0.03204353083434099 0.12314814814814815
0 0.5402055622732769 0.1259259259259259 0.039298669891172915 0.1259259259259259
0 0.590689238210399 0.0824074074074074 0.036275695284159616 0.12037037037037036
0 0.628174123337364 0.08055555555555556 0.04232164449818621 0.12407407407407407
0 0.6689842805320435 0.10462962962962963 0.039298669891172915 0.12407407407407407
0 0.6986094316807738 0.08148148148148149 0.02962515114873035 0.11296296296296296
0 0.7200725513905684 0.08425925925925926 0.03385731559854897 0.12962962962962962
0 0.7557436517533253 0.18518518518518517 0.03990326481257558 0.13148148148148148
0 0.8243651753325272 0.2111111111111111 0.03204353083434099 0.11296296296296296
0 0.8509673518742442 0.2013888888888889 0.034461910519951636 0.13240740740740742
0 0.964328899637243 0.13796296296296295 0.032648125755743655 0.12407407407407407
0 0.909310761789601 0.1726851851851852 0.03385731559854897 0.12685185185185185
0 0.9667472793228536 0.18611111111111112 0.03990326481257558 0.14074074074074075
0 0.9477025392986699 0.25972222222222224 0.04171704957678356 0.14351851851851852
0 0.9068923821039904 0.262037037037037 0.04232164449818621 0.1574074074074074
0 0.7971584038694075 0.23796296296296296 0.02962515114873035 0.0962962962962963
0 0.8252720677146312 0.2324074074074074 0.036275695284159616 0.12407407407407407
0 0.8455259975816203 0.25092592592592594 0.02962515114873035 0.1037037037037037
0 0.9866989117291415 0.17407407407407408 0.02539298669891173 0.1425925925925926
0 0.9068923821039904 0.34120370370370373 0.05199516324062878 0.13796296296296295
0 0.9443772672309553 0.35648148148148145 0.04232164449818621 0.1574074074074074
0 0.9567714631197098 0.325 0.04171704957678356 0.14074074074074075
0 0.9809552599758162 0.32546296296296295 0.03688029020556227 0.15462962962962962
0 0.9782345828295043 0.35555555555555557 0.041112454655380895 0.14629629629629629
0 0.9851874244256348 0.39166666666666666 0.028415961305925032 0.13518518518518519
0 0.9353083434099153 0.4050925925925926 0.045949214026602174 0.14351851851851852
0 0.9280532043530835 0.4634259259259259 0.044740024183796856 0.14907407407407408
0 0.6088270858524788 0.22407407407407406 0.03990326481257558 0.12962962962962962
0 0.6345223700120919 0.2324074074074074 0.039298669891172915 0.15185185185185185
0 0.6916565900846433 0.2310185185185185 0.02781136638452237 0.11574074074074074
0 0.6750302297460702 0.2324074074074074 0.034461910519951636 0.12407407407407407
0 0.6266626360338573 0.3023148148148148 0.039298669891172915 0.14351851851851852
0 0.5994558645707376 0.2986111111111111 0.03688029020556227 0.14351851851851852
0 0.6423821039903265 0.2833333333333333 0.02962515114873035 0.10740740740740741
0 0.6680773881499396 0.300462962962963 0.030229746070133012 0.10648148148148148
0 0.7010278113663845 0.3013888888888889 0.044135429262394194 0.13796296296296295
0 0.8101571946795647 0.3476851851851852 0.03990326481257558 0.13240740740740742
0 0.8476420798065296 0.3509259259259259 0.03385731559854897 0.12407407407407407
0 0.7835550181378477 0.47638888888888886 0.049576783555018135 0.14907407407407408
0 0.21432889963724305 0.262037037037037 0.0380894800483676 0.13518518518518519
0 0.25755743651753327 0.2574074074074074 0.037484885126964934 0.1259259259259259
0 0.2747883917775091 0.30324074074074076 0.03688029020556227 0.14907407407407408
0 0.23760580411124546 0.30972222222222223 0.04232164449818621 0.13240740740740742
0 0.14238210399032647 0.3763888888888889 0.039298669891172915 0.15648148148148147
0 0.1608222490931076 0.3939814814814815 0.03869407496977025 0.14907407407407408
0 0.1807738814993954 0.4185185185185185 0.03143893591293833 0.0962962962962963
0 0.48941958887545345 0.5967592592592592 0.044135429262394194 0.16574074074074074
0 0.1587061668681983 0.1912037037037037 0.03204353083434099 0.12314814814814815
0 0.08252720677146312 0.18611111111111112 0.042926239419588876 0.11481481481481481
0 0.017533252720677146 0.38657407407407407 0.03385731559854897 0.14537037037037037
0 0.13089480048367594 0.48055555555555557 0.044135429262394194 0.16111111111111112
0 0.20223700120918983 0.6708333333333333 0.04171704957678356 0.16203703703703703
0 0.20646916565900847 0.6273148148148148 0.039298669891172915 0.16574074074074074
0 0.2581620314389359 0.6472222222222223 0.044740024183796856 0.14629629629629629
0 0.4108222490931076 0.8560185185185185 0.04171704957678356 0.14907407407407408
0 0.40447400241837966 0.825462962962963 0.05562273276904474 0.16018518518518518
0 0.4268440145102781 0.8037037037037037 0.04232164449818621 0.13518518518518519
0 0.6033857315598549 0.19907407407407407 0.037484885126964934 0.11851851851851852
0 0.19044740024183796 0.825462962962963 0.06166868198307134 0.16944444444444445
0 0.7629987908101572 0.16111111111111112 0.03506650544135429 0.12962962962962962
0 0.4198911729141475 0.10046296296296296 0.03688029020556227 0.12129629629629629
0 0.38331318016928656 0.1685185185185185 0.037484885126964934 0.1259259259259259
0 0.5876662636033857 0.1648148148148148 0.03990326481257558 0.1574074074074074
0 0.24062877871825877 0.5967592592592592 0.044740024183796856 0.15462962962962962
0 0.24334945586457074 0.5666666666666667 0.03688029020556227 0.14629629629629629
0 0.1354292623941959 0.6925925925925925 0.045949214026602174 0.16111111111111112
0 0.20012091898428053 0.5944444444444444 0.04232164449818621 0.14629629629629629
0 0.21311970979443773 0.5412037037037037 0.039298669891172915 0.14907407407407408
0 0.17896009673518742 0.5564814814814815 0.044740024183796856 0.1537037037037037
0 0.524788391777509 0.5662037037037037 0.03990326481257558 0.16018518518518518
0 0.3954050785973398 0.24305555555555555 0.032648125755743655 0.1287037037037037
0 0.4159613059250302 0.2490740740740741 0.03143893591293833 0.12962962962962962
0 0.5692261185006046 0.55 0.03688029020556227 0.14074074074074075
0 0.7076783555018138 0.8902777777777777 0.04050785973397823 0.14722222222222223
0 0.903869407496977 0.7384259259259259 0.04836759371221282 0.16018518518518518
0 0.6765417170495768 0.8671296296296296 0.03990326481257558 0.14537037037037037
0 0.7243047158403869 0.38472222222222224 0.03990326481257558 0.11574074074074074
0 0.7672309552599759 0.38796296296296295 0.04232164449818621 0.13518518518518519
0 0.28174123337363965 0.3837962962962963 0.044740024183796856 0.13796296296296295
0 0.2578597339782346 0.39861111111111114 0.034461910519951636 0.13796296296296295
0 0.47249093107617895 0.9796296296296296 0.039298669891172915 0.04259259259259259
0 0.5272067714631197 0.825925925925926 0.044740024183796856 0.17962962962962964
0 0.4446795646916566 0.8777777777777778 0.047762998790810154 0.15925925925925927
0 0.536577992744861 0.5925925925925926 0.044135429262394194 0.15925925925925927
0 0.5652962515114873 0.8587962962962963 0.05562273276904474 0.17314814814814813
0 0.32799274486094315 0.7759259259259259 0.04534461910519952 0.1648148148148148
0 0.5525997581620314 0.5226851851851851 0.03990326481257558 0.13240740740740742
0 0.5507859733978234 0.6226851851851852 0.041112454655380895 0.15092592592592594
0 0.5003022974607013 0.8685185185185185 0.046553808948004836 0.19074074074074074
0 0.3624546553808948 0.4888888888888889 0.03688029020556227 0.12962962962962962
0 0.3128778718258767 0.40879629629629627 0.0380894800483676 0.14907407407407408
0 0.33796856106408707 0.4337962962962963 0.044740024183796856 0.15092592592592594
0 0.37091898428053205 0.7222222222222222 0.03688029020556227 0.1574074074074074
0 0.39903264812575573 0.7754629629629629 0.0592503022974607 0.16203703703703703
0 0.41233373639661425 0.7476851851851852 0.04353083434099154 0.1712962962962963
0 0.3642684401451028 0.7407407407407407 0.039298669891172915 0.17407407407407408
0 0.06378476420798065 0.36157407407407405 0.039298669891172915 0.15648148148148147
0 0.0063482466747279325 0.9074074074074074 0.011487303506650543 0.18518518518518517
0 0.004232164449818622 0.22546296296296298 0.007255139056831923 0.12685185185185185
0 0.03657799274486094 0.3592592592592593 0.04171704957678356 0.1425925925925926
0 0.4830713422007255 0.7393518518518518 0.049576783555018135 0.14351851851851852
0 0.02357920193470375 0.9365740740740741 0.045949214026602174 0.1287037037037037
0 0.08917775090689238 0.9314814814814815 0.046553808948004836 0.13703703703703704
0 0.6834945586457074 0.7041666666666667 0.05380894800483676 0.14907407407407408
0 0.47249093107617895 0.5481481481481482 0.03688029020556227 0.13703703703703704
0 0.46130592503022977 0.5231481481481481 0.049576783555018135 0.13518518518518519
0 0.2962515114873035 0.4898148148148148 0.03506650544135429 0.15185185185185185
0 0.2717654171704958 0.7310185185185185 0.044135429262394194 0.15462962962962962
0 0.4746070133010883 0.4222222222222222 0.032648125755743655 0.14814814814814814
0 0.4918379685610641 0.3972222222222222 0.034461910519951636 0.14074074074074075
0 0.5069528415961306 0.6370370370370371 0.04050785973397823 0.1574074074074074
0 0.009975816203143894 0.3587962962962963 0.018742442563482467 0.13240740740740742
0 0.4455864570737606 0.45231481481481484 0.030229746070133012 0.11574074074074074
0 0.49758162031438935 0.46944444444444444 0.032648125755743655 0.11851851851851852
0 0.30864570737605806 0.5074074074074074 0.046553808948004836 0.1962962962962963
0 0.9900241837968561 0.041666666666666664 0.017533252720677146 0.08148148148148149
0 0.9504232164449818 0.04537037037037037 0.036275695284159616 0.08888888888888889
0 0.9785368802902056 0.04953703703703704 0.034461910519951636 0.09722222222222222
0 0.9235187424425635 0.04675925925925926 0.039298669891172915 0.09166666666666666
0 0.9062877871825876 0.05138888888888889 0.03990326481257558 0.10092592592592593
0 0.9830713422007256 0.2847222222222222 0.032648125755743655 0.12314814814814815
0 0.9035671100362757 0.29768518518518516 0.044135429262394194 0.13425925925925927
0 0.7031438935912938 0.04351851851851852 0.03385731559854897 0.08518518518518518
0 0.7817412333736397 0.02175925925925926 0.030229746070133012 0.041666666666666664
0 0.5474607013301088 0.07453703703703704 0.039298669891172915 0.12314814814814815
0 0.6777509068923822 0.07824074074074074 0.02902055622732769 0.12129629629629629
0 0.5810157194679565 0.013425925925925926 0.03143893591293833 0.025
0 0.1314993954050786 0.030555555555555555 0.034461910519951636 0.05925925925925926
0 0.0994558645707376 0.03425925925925926 0.03688029020556227 0.06666666666666667
0 0.6856106408706167 0.03564814814814815 0.032648125755743655 0.06944444444444445
0 0.6553808948004837 0.03148148148148148 0.032648125755743655 0.06111111111111111
0 0.5160217654171705 0.040740740740740744 0.034461910519951636 0.07962962962962963
0 0.34159613059250304 0.027314814814814816 0.030229746070133012 0.05277777777777778
0 0.3044135429262394 0.01574074074074074 0.02720677146311971 0.02962962962962963
