0 0.40447400241837966 0.7768518518518519 0.04232164449818621 0.17407407407407408
0 0.44286577992744863 0.7902777777777777 0.042926239419588876 0.15648148148148147
0 0.4498186215235792 0.924074074074074 0.045949214026602174 0.15185185185185185
0 0.4866989117291415 0.9384259259259259 0.037484885126964934 0.125
0 0.48941958887545345 0.7870370370370371 0.05380894800483676 0.1814814814814815
0 0.4519347037484885 0.31574074074074077 0.03688029020556227 0.1574074074074074
0 0.5317412333736397 0.9462962962962963 0.058645707376058044 0.10925925925925926
0 0.5556227327690447 0.9046296296296297 0.03990326481257558 0.1537037037037037
0 0.2992744860943168 0.8902777777777777 0.05562273276904474 0.18055555555555555
0 0.46916565900846435 0.3486111111111111 0.0471584038694075 0.16203703703703703
0 0.7125151148730351 0.9 0.06106408706166868 0.18888888888888888
0 0.5931076178960096 0.9421296296296297 0.05562273276904474 0.1175925925925926
0 0.4289600967351874 0.9375 0.02962515114873035 0.11018518518518519
0 0.5108827085852479 0.9106481481481481 0.0471584038694075 0.14537037037037037
0 0.3851269649334946 0.9407407407407408 0.03869407496977025 0.11481481481481481
0 0.27327690447400244 0.8726851851851852 0.0471584038694075 0.17314814814814813
0 0.6786577992744861 0.5796296296296296 0.04534461910519952 0.13518518518518519
0 0.7264207980652962 0.575462962962963 0.04897218863361548 0.16944444444444445
0 0.8579201934703748 0.887962962962963 0.04836759371221282 0.1685185185185185
0 0.5813180169286578 0.5643518518518519 0.04897218863361548 0.17314814814814813
0 0.39177750906892383 0.5976851851851852 0.03385731559854897 0.15833333333333333
0 0.8503627569528416 0.8087962962962963 0.047762998790810154 0.18425925925925926
0 0.8941958887545345 0.7574074074074074 0.04836759371221282 0.18518518518518517
0 0.4879081015719468 0.6046296296296296 0.044740024183796856 0.1537037037037037
0 0.5166263603385731 0.6333333333333333 0.044135429262394194 0.1388888888888889
0 0.6003627569528416 0.31851851851851853 0.03506650544135429 0.1574074074074074
0 0.5743651753325272 0.337037037037037 0.04232164449818621 0.14814814814814814
0 0.5290205562273277 0.3726851851851852 0.045949214026602174 0.16018518518518518
0 0.41626360338573154 0.6541666666666667 0.04534461910519952 0.16574074074074074
0 0.45525997581620314 0.662962962962963 0.041112454655380895 0.16296296296296298
0 0.4573760580411125 0.7023148148148148 0.046553808948004836 0.1712962962962963
0 0.4909310761789601 0.7282407407407407 0.041112454655380895 0.15462962962962962
0 0.5172309552599759 0.7421296296296296 0.04897218863361548 0.1527777777777778
0 0.7354897218863361 0.7555555555555555 0.047762998790810154 0.1685185185185185
0 0.41414752116082226 0.8967592592592593 0.05199516324062878 0.17314814814814813
0 0.8189238210399032 0.5569444444444445 0.044135429262394194 0.14907407407407408
0 0.8615477629987908 0.5611111111111111 0.04353083434099154 0.13518518518518519
0 0.8270858524788391 0.5180555555555556 0.05199516324062878 0.15462962962962962
0 0.8536880290205562 0.5064814814814815 0.032648125755743655 0.13518518518518519
0 0.9077992744860943 0.6300925925925925 0.044135429262394194 0.15648148148148147
0 0.9773276904474002 0.46805555555555556 0.042926239419588876 0.1712962962962963
0 0.9489117291414753 0.4888888888888889 0.051390568319226115 0.15185185185185185
0 0.7962515114873036 0.549537037037037 0.037484885126964934 0.11018518518518519
0 0.8721281741233373 0.5407407407407407 0.035671100362756954 0.13518518518518519
0 0.8799879081015719 0.49953703703703706 0.034461910519951636 0.13425925925925927
0 0.4546553808948005 0.8592592592592593 0.0471584038694075 0.17037037037037037
0 0.3948004836759371 0.8351851851851851 0.04836759371221282 0.17407407407407408
0 0.07164449818621524 0.9662037037037037 0.044135429262394194 0.06759259259259259
0 0.878174123337364 0.9722222222222222 0.044135429262394194 0.05740740740740741
0 0.8207376058041113 0.6824074074074075 0.039298669891172915 0.1537037037037037
0 0.8742442563482467 0.6125 0.04353083434099154 0.15648148148148147
0 0.7651148730350665 0.5009259259259259 0.05743651753325272 0.1685185185185185
0 0.9452841596130592 0.3976851851851852 0.035671100362756954 0.14537037037037037
0 0.9655380894800484 0.3731481481481482 0.03990326481257558 0.15925925925925927
0 0.9383313180169287 0.24537037037037038 0.044740024183796856 0.1388888888888889
0 0.9470979443772672 0.4337962962962963 0.03688029020556227 0.15092592592592594
0 0.7515114873035067 0.30324074074074076 0.044740024183796856 0.15462962962962962
0 0.786577992744861 0.30925925925925923 0.04353083434099154 0.14074074074074075
0 0.9135429262394196 0.41574074074074074 0.045949214026602174 0.1574074074074074
0 0.9135429262394196 0.3509259259259259 0.03990326481257558 0.15185185185185185
0 0.8827085852478839 0.3648148148148148 0.037484885126964934 0.14074074074074075
0 0.9177750906892382 0.29212962962962963 0.037484885126964934 0.13240740740740742
0 0.9498186215235792 0.29583333333333334 0.041112454655380895 0.13240740740740742
0 0.8799879081015719 0.22037037037037038 0.042926239419588876 0.14074074074074075
0 0.9156590084643289 0.19074074074074074 0.039298669891172915 0.13703703703703704
0 0.008766626360338573 0.3337962962962963 0.016324062877871828 0.11944444444444445
0 0.0281136638452237 0.31805555555555554 0.04171704957678356 0.15648148148148147
0 0.047762998790810154 0.4449074074074074 0.04232164449818621 0.1527777777777778
0 0.09854897218863362 0.4050925925925926 0.0471584038694075 0.15092592592592594
0 0.015417170495767836 0.39537037037037037 0.02962515114873035 0.12037037037037036
0 0.032345828295042324 0.3800925925925926 0.044135429262394194 0.15462962962962962
0 0.062273276904474005 0.38333333333333336 0.03506650544135429 0.13518518518518519
0 0.07587666263603386 0.41388888888888886 0.024788391777509067 0.09074074074074075
0 0.5105804111245466 0.549074074074074 0.05380894800483676 0.1685185185185185
0 0.7557436517533253 0.6777777777777778 0.05804111245465538 0.18518518518518517
0 0.7938331318016929 0.6171296296296296 0.0471584038694075 0.15648148148148147
0 0.5465538089480049 0.5337962962962963 0.049576783555018135 0.16203703703703703
0 0.6426844014510278 0.524074074074074 0.045949214026602174 0.15925925925925927
0 0.7587666263603385 0.4476851851851852 0.0471584038694075 0.1398148148148148
0 0.5211608222490931 0.45185185185185184 0.04353083434099154 0.15185185185185185
0 0.8295042321644498 0.3976851851851852 0.03990326481257558 0.14907407407407408
0 0.8041112454655381 0.4185185185185185 0.044740024183796856 0.14814814814814814
0 0.7726723095525998 0.4050925925925926 0.03990326481257558 0.14537037037037037
0 0.8198307134220073 0.35509259259259257 0.03385731559854897 0.12314814814814815
0 0.6919588875453446 0.4398148148148148 0.051390568319226115 0.15185185185185185
0 0.7744860943168077 0.33935185185185185 0.04353083434099154 0.14351851851851852
0 0.6777509068923822 0.3402777777777778 0.03869407496977025 0.1398148148148148
0 0.7137243047158404 0.36064814814814816 0.039298669891172915 0.1398148148148148
0 0.5940145102781137 0.5162037037037037 0.046553808948004836 0.15648148148148147
0 0.5374848851269649 0.4689814814814815 0.044740024183796856 0.14351851851851852
0 0.6130592503022975 0.4166666666666667 0.03990326481257558 0.15925925925925927
0 0.5619709794437727 0.37962962962962965 0.04050785973397823 0.13518518518518519
0 0.5583434099153567 0.4134259259259259 0.03688029020556227 0.14351851851851852
0 0.5949214026602176 0.3861111111111111 0.03869407496977025 0.1574074074074074
0 0.6441958887545345 0.40879629629629627 0.04171704957678356 0.16203703703703703
0 0.7989721886336155 0.26296296296296295 0.039298669891172915 0.13518518518518519
0 0.21916565900846433 0.1527777777777778 0.039298669891172915 0.17222222222222222
0 0.18802902055622733 0.16435185185185186 0.03385731559854897 0.13240740740740742
0 0.7240024183796856 0.2101851851851852 0.04171704957678356 0.1425925925925926
0 0.7581620314389359 0.2050925925925926 0.037484885126964934 0.1287037037037037
0 0.9809552599758162 0.12407407407407407 0.035671100362756954 0.13148148148148148
0 0.9419588875453446 0.20277777777777778 0.03990326481257558 0.12962962962962962
0 0.9495163240628779 0.12731481481481483 0.04050785973397823 0.14907407407407408
0 0.8585247883917775 0.16805555555555557 0.032648125755743655 0.1398148148148148
0 0.9546553808948005 0.09259259259259259 0.02781136638452237 0.13148148148148148
0 0.9232164449818622 0.06805555555555555 0.03506650544135429 0.13425925925925927
0 0.9153567110036276 0.14027777777777778 0.03990326481257558 0.12685185185185185
0 0.9437726723095526 0.058333333333333334 0.037484885126964934 0.11481481481481481
0 0.8811970979443773 0.10925925925925926 0.03688029020556227 0.12962962962962962
0 0.9171704957678356 0.053703703703703705 0.037484885126964934 0.10555555555555556
0 0.8536880290205562 0.05 0.036275695284159616 0.09814814814814815
0 0.8328295042321644 0.08935185185185185 0.034461910519951636 0.1175925925925926
0 0.6251511487303507 0.34953703703703703 0.03869407496977025 0.14537037037037037
0 0.6765417170495768 0.18009259259259258 0.04232164449818621 0.13796296296296295
0 0.6423821039903265 0.1814814814814815 0.03688029020556227 0.13703703703703704
0 0.6157799274486094 0.16944444444444445 0.02962515114873035 0.13148148148148148
0 0.594316807738815 0.1814814814814815 0.036275695284159616 0.14074074074074075
0 0.5713422007255139 0.17453703703703705 0.03869407496977025 0.14907407407407408
0 0.7357920193470375 0.04212962962962963 0.02902055622732769 0.06944444444444445
0 0.7128174123337364 0.04351851851851852 0.03385731559854897 0.08518518518518518
0 0.6221281741233373 0.07361111111111111 0.030229746070133012 0.12314814814814815
0 0.1094316807738815 0.1597222222222222 0.03869407496977025 0.1398148148148148
0 0.12908101571946795 0.17314814814814813 0.04050785973397823 0.1425925925925926
0 0.18228536880290205 0.10324074074074074 0.039298669891172915 0.13796296296296295
0 0.041112454655380895 0.06527777777777778 0.036275695284159616 0.11203703703703703
0 0.11517533252720677 0.06574074074074074 0.03688029020556227 0.12407407407407407
0 0.17654171704957677 0.03888888888888889 0.032648125755743655 0.07592592592592592
0 0.11698911729141476 0.0912037037037037 0.02962515114873035 0.1287037037037037
0 0.20405078597339782 0.050462962962962966 0.03688029020556227 0.09907407407407408
0 0.26058041112454655 0.08055555555555556 0.032648125755743655 0.09074074074074075
0 0.26753325272067713 0.07685185185185185 0.03688029020556227 0.12407407407407407
0 0.29897218863361547 0.10694444444444444 0.039298669891172915 0.1287037037037037
0 0.5096735187424426 0.06898148148148148 0.03990326481257558 0.12129629629629629
0 0.32466747279322855 0.0712962962962963 0.037484885126964934 0.14074074074074075
0 0.5525997581620314 0.06018518518518518 0.03990326481257558 0.11851851851851852
0 0.5967351874244257 0.07222222222222222 0.04232164449818621 0.1259259259259259
0 0.5229746070133011 0.03657407407407407 0.032648125755743655 0.0712962962962963
0 0.46372430471584036 0.05324074074074074 0.036275695284159616 0.10462962962962963
0 0.8107617896009673 0.10787037037037037 0.041112454655380895 0.14351851851851852
0 0.8128778718258767 0.05277777777777778 0.039298669891172915 0.1037037037037037
0 0.13663845223700122 0.08287037037037037 0.037484885126964934 0.13425925925925927
0 0.35096735187424427 0.4583333333333333 0.035671100362756954 0.1574074074074074
0 0.34673518742442566 0.21712962962962962 0.02962515114873035 0.1175925925925926
0 0.13301088270858524 0.7125 0.049576783555018135 0.16018518518518518
0 0.36185006045949214 0.2273148148148148 0.02720677146311971 0.12685185185185185
0 0.13301088270858524 0.6754629629629629 0.05199516324062878 0.16203703703703703
0 0.8343409915356711 0.3425925925925926 0.032648125755743655 0.13518518518518519
0 0.8615477629987908 0.3333333333333333 0.03385731559854897 0.12222222222222222
0 0.23367593712212817 0.5703703703703704 0.042926239419588876 0.1685185185185185
0 0.20888754534461912 0.5513888888888889 0.0380894800483676 0.17685185185185184
0 0.34492140266021765 0.549537037037037 0.03204353083434099 0.1398148148148148
0 0.20314389359129384 0.4824074074074074 0.036275695284159616 0.14814814814814814
0 0.21009673518742442 0.4666666666666667 0.03204353083434099 0.1574074074074074
0 0.17472793228536881 0.4601851851851852 0.03143893591293833 0.12777777777777777
0 0.16898428053204353 0.42407407407407405 0.039298669891172915 0.14629629629629629
0 0.13633615477629987 0.4398148148148148 0.044135429262394194 0.14814814814814814
0 0.347037484885127 0.12037037037037036 0.030229746070133012 0.12407407407407407
0 0.3697097944377267 0.12222222222222222 0.034461910519951636 0.12962962962962962
0 0.2629987908101572 0.35324074074074074 0.044740024183796856 0.1398148148148148
0 0.24939540507859734 0.3662037037037037 0.034461910519951636 0.14537037037037037
0 0.18984280532043532 0.8643518518518518 0.044740024183796856 0.1675925925925926
0 0.29081015719467956 0.6810185185185185 0.0471584038694075 0.15648148148148147
0 0.4068923821039903 0.5356481481481481 0.041112454655380895 0.15462962962962962
0 0.32889963724304716 0.6013888888888889 0.037484885126964934 0.15462962962962962
0 0.32980652962515117 0.6393518518518518 0.044135429262394194 0.16574074074074074
0 0.40417170495767835 0.6351851851851852 0.051390568319226115 0.15185185185185185
0 0.6027811366384522 0.6856481481481481 0.049576783555018135 0.14907407407407408
0 0.4313784764207981 0.4324074074074074 0.034461910519951636 0.12407407407407407
0 0.41324062877871826 0.3972222222222222 0.04171704957678356 0.10740740740740741
0 0.4062877871825877 0.4824074074074074 0.03506650544135429 0.13703703703703704
0 0.4144498186215236 0.4550925925925926 0.02962515114873035 0.13240740740740742
0 0.218863361547763 0.525 0.037484885126964934 0.14629629629629629
0 0.27267230955259975 0.5046296296296297 0.05562273276904474 0.1574074074074074
0 0.2699516324062878 0.5555555555555556 0.039298669891172915 0.17407407407407408
0 0.6260580411124547 0.9046296296296297 0.051390568319226115 0.16666666666666666
0 0.24062877871825877 0.3138888888888889 0.03506650544135429 0.14074074074074075
0 0.7992744860943168 0.8773148148148148 0.045949214026602174 0.1638888888888889
0 0.27841596130592505 0.30324074074074076 0.039298669891172915 0.14907407407407408
0 0.3875453446191052 0.3597222222222222 0.03990326481257558 0.13796296296296295
0 0.19528415961305925 0.2828703703703704 0.03506650544135429 0.12685185185185185
0 0.4625151148730351 0.4685185185185185 0.03869407496977025 0.14814814814814814
0 0.12122128174123338 0.3060185185185185 0.035671100362756954 0.13796296296296295
0 0.11366384522370013 0.3287037037037037 0.03506650544135429 0.12407407407407407
