0 0.35572916666666665 0.9296296296296296 0.08125 0.1425925925925926
0 0.2713541666666667 0.9347222222222222 0.07708333333333334 0.13055555555555556
0 0.030729166666666665 0.9222222222222223 0.06041666666666667 0.1574074074074074
0 0.08645833333333333 0.9018518518518519 0.078125 0.1962962962962963
0 0.18151041666666667 0.8851851851851852 0.05677083333333333 0.23148148148148148
0 0.21640625 0.8648148148148148 0.06302083333333333 0.26851851851851855
0 0.3072916666666667 0.8865740740740741 0.06875 0.22870370370370371
0 0.1046875 0.774537037037037 0.06770833333333333 0.27685185185185185
0 0.19583333333333333 0.7101851851851851 0.06354166666666666 0.23703703703703705
0 0.24557291666666667 0.7731481481481481 0.05677083333333333 0.2722222222222222
0 0.29192708333333334 0.8379629629629629 0.06927083333333334 0.2962962962962963
0 0.49270833333333336 0.774074074074074 0.05416666666666667 0.2796296296296296
0 0.2942708333333333 0.5976851851851852 0.051041666666666666 0.2361111111111111
0 0.34453125 0.6018518518518519 0.049479166666666664 0.23148148148148148
0 0.8341145833333333 0.48333333333333334 0.05260416666666667 0.19814814814814816
0 0.7583333333333333 0.4949074074074074 0.03229166666666667 0.1787037037037037
0 0.7268229166666667 0.4935185185185185 0.049479166666666664 0.19814814814814816
0 0.7234375 0.4513888888888889 0.046875 0.1935185185185185
0 0.6776041666666667 0.4740740740740741 0.052083333333333336 0.18703703703703703
0 0.6643229166666667 0.47638888888888886 0.044270833333333336 0.2101851851851852
0 0.16510416666666666 0.4009259259259259 0.030208333333333334 0.1537037037037037
0 0.25 0.5018518518518519 0.036458333333333336 0.16111111111111112
0 0.26640625 0.500462962962963 0.05260416666666667 0.22870370370370371
0 0.31171875 0.5180555555555556 0.04739583333333333 0.21574074074074073
0 0.4609375 0.5337962962962963 0.04375 0.20092592592592592
0 0.48385416666666664 0.5583333333333333 0.04895833333333333 0.22962962962962963
0 0.33932291666666664 0.41898148148148145 0.0359375 0.16203703703703703
0 0.3684895833333333 0.41388888888888886 0.0359375 0.17407407407407408
0 0.40208333333333335 0.4703703703703704 0.040625 0.18888888888888888
0 0.5861979166666667 0.5069444444444444 0.0515625 0.2064814814814815
0 0.6322916666666667 0.5462962962962963 0.03854166666666667 0.1648148148148148
0 0.47890625 0.4708333333333333 0.0390625 0.1787037037037037
0 0.5736979166666667 0.47638888888888886 0.04010416666666667 0.18981481481481483
0 0.4908854166666667 0.4634259259259259 0.033854166666666664 0.1675925925925926
0 0.48463541666666665 0.44027777777777777 0.0390625 0.1824074074074074
0 0.30572916666666666 0.3648148148148148 0.034375 0.16296296296296298
0 0.34765625 0.36203703703703705 0.033854166666666664 0.1425925925925926
0 0.4270833333333333 0.4236111111111111 0.036458333333333336 0.17685185185185184
0 0.44427083333333334 0.36435185185185187 0.03958333333333333 0.15092592592592594
0 0.43255208333333334 0.3449074074074074 0.028645833333333332 0.13796296296296295
0 0.4083333333333333 0.31527777777777777 0.030208333333333334 0.1398148148148148
0 0.37473958333333335 0.3509259259259259 0.03177083333333333 0.14629629629629629
0 0.53984375 0.4101851851851852 0.0359375 0.1925925925925926
0 0.5697916666666667 0.3731481481481482 0.034375 0.1574074074074074
0 0.5794270833333334 0.35555555555555557 0.03177083333333333 0.1425925925925926
0 0.5010416666666667 0.3509259259259259 0.03333333333333333 0.14814814814814814
0 0.52265625 0.3541666666666667 0.033854166666666664 0.14907407407407408
0 0.47265625 0.30648148148148147 0.027604166666666666 0.13148148148148148
0 0.42239583333333336 0.25416666666666665 0.026041666666666668 0.11388888888888889
0 0.5388020833333333 0.3212962962962963 0.030729166666666665 0.1425925925925926
0 0.5580729166666667 0.325 0.03177083333333333 0.14814814814814814
0 0.5622395833333333 0.3055555555555556 0.025520833333333333 0.13703703703703704
0 0.5486979166666667 0.25462962962962965 0.027604166666666666 0.10925925925925926
0 0.5026041666666666 0.23703703703703705 0.023958333333333335 0.10925925925925926
0 0.36822916666666666 0.2513888888888889 0.027083333333333334 0.1175925925925926
0 0.3846354166666667 0.25787037037037036 0.027604166666666666 0.11574074074074074
0 0.4786458333333333 0.24166666666666667 0.029166666666666667 0.11851851851851852
0 0.3455729166666667 0.2662037037037037 0.0296875 0.11018518518518519
0 0.34453125 0.2449074074074074 0.021354166666666667 0.10833333333333334
0 0.43828125 0.27037037037037037 0.025520833333333333 0.1037037037037037
0 0.018229166666666668 0.774537037037037 0.035416666666666666 0.27870370370370373
0 0.43125 0.3055555555555556 0.030208333333333334 0.11851851851851852
0 0.44453125 0.2490740740740741 0.0265625 0.1111111111111111
0 0.40260416666666665 0.25972222222222224 0.025 0.1175925925925926
0 0.5481770833333334 0.274537037037037 0.021354166666666667 0.10092592592592593
0 0.46796875 0.2625 0.022395833333333334 0.0787037037037037
0 0.5010416666666667 0.45092592592592595 0.035416666666666666 0.1685185185185185
0 0.77734375 0.3472222222222222 0.03177083333333333 0.1685185185185185
0 0.3828125 0.2962962962962963 0.03229166666666667 0.12407407407407407
