0 0.5549479166666667 0.4791666666666667 0.0546875 0.16018518518518518
0 0.31692708333333336 0.38981481481481484 0.034895833333333334 0.14444444444444443
0 0.7416666666666667 0.35833333333333334 0.0375 0.14629629629629629
0 0.49895833333333334 0.37083333333333335 0.03854166666666667 0.16203703703703703
0 0.47604166666666664 0.3787037037037037 0.03125 0.1648148148148148
0 0.3380208333333333 0.3662037037037037 0.03125 0.14907407407407408
0 0.559375 0.5453703703703704 0.04479166666666667 0.20185185185185187
0 0.5252604166666667 0.34814814814814815 0.027604166666666666 0.12037037037037036
0 0.44973958333333336 0.28888888888888886 0.0296875 0.12407407407407407
0 0.41302083333333334 0.2912037037037037 0.027083333333333334 0.11203703703703703
0 0.7268229166666667 0.39351851851851855 0.0390625 0.15925925925925927
0 0.42161458333333335 0.33796296296296297 0.028645833333333332 0.13333333333333333
0 0.34817708333333336 0.2587962962962963 0.028645833333333332 0.12314814814814815
0 0.17109375 0.41944444444444445 0.04739583333333333 0.16296296296296298
0 0.0359375 0.9199074074074074 0.07083333333333333 0.16018518518518518
0 0.17578125 0.7847222222222222 0.0640625 0.2861111111111111
0 0.2828125 0.8574074074074074 0.08020833333333334 0.2851851851851852
0 0.25052083333333336 0.7101851851851851 0.05625 0.2351851851851852
0 0.3065104166666667 0.7125 0.059895833333333336 0.21203703703703702
0 0.22473958333333333 0.4361111111111111 0.0359375 0.1685185185185185
0 0.10286458333333333 0.6912037037037037 0.0609375 0.28055555555555556
0 0.17708333333333334 0.6981481481481482 0.04895833333333333 0.21296296296296297
0 0.6791666666666667 0.4981481481481482 0.053125 0.18518518518518517
0 0.7921875 0.4675925925925926 0.04375 0.17407407407407408
0 0.753125 0.46574074074074073 0.042708333333333334 0.17037037037037037
0 0.825 0.5310185185185186 0.053125 0.21944444444444444
0 0.54453125 0.3578703703703704 0.027604166666666666 0.15462962962962962
0 0.46875 0.3425925925925926 0.029166666666666667 0.13518518518518519
0 0.5661458333333333 0.3458333333333333 0.03333333333333333 0.14907407407407408
0 0.3104166666666667 0.4532407407407407 0.040625 0.20092592592592592
0 0.5828125 0.41435185185185186 0.03333333333333333 0.15092592592592594
0 0.4830729166666667 0.4162037037037037 0.03177083333333333 0.14907407407407408
0 0.65703125 0.8495370370370371 0.0765625 0.2953703703703704
0 0.8291666666666667 0.5796296296296296 0.06458333333333334 0.20925925925925926
0 0.41796875 0.4675925925925926 0.03802083333333333 0.1685185185185185
0 0.45364583333333336 0.42083333333333334 0.036458333333333336 0.16203703703703703
0 0.42135416666666664 0.4236111111111111 0.041666666666666664 0.1787037037037037
0 0.46041666666666664 0.40694444444444444 0.034375 0.17314814814814813
