0 0.25831202046035806 0.017045454545454544 0.028985507246376812 0.031818181818181815
0 0.3576300085251492 0.02727272727272727 0.028132992327365727 0.05227272727272727
0 0.9522591645353794 0.01875 0.03239556692242114 0.035227272727272725
0 0.9445865302642796 0.017613636363636363 0.03410059676044331 0.03295454545454545
0 0.10230179028132992 0.7113636363636363 0.04603580562659847 0.15227272727272728
0 0.022591645353793693 0.678409090909091 0.043478260869565216 0.1590909090909091
0 0.6696504688832055 0.7755681818181818 0.06223358908780904 0.15568181818181817
0 0.32225063938618925 0.3619318181818182 0.04603580562659847 0.11704545454545455
0 0.9053708439897699 0.61875 0.042625745950554135 0.1215909090909091
0 0.8056265984654731 0.6346590909090909 0.0392156862745098 0.14431818181818182
0 0.8013640238704177 0.6619318181818182 0.042625745950554135 0.14204545454545456
0 0.8682864450127877 0.6352272727272728 0.041773231031543054 0.14545454545454545
0 0.8930093776641091 0.6505681818181818 0.04859335038363171 0.15113636363636362
0 0.8371696504688833 0.6755681818181818 0.0494458653026428 0.14431818181818182
0 0.7416879795396419 0.8585227272727273 0.05456095481670929 0.14431818181818182
0 0.9722932651321398 0.8607954545454546 0.041773231031543054 0.14431818181818182
0 0.8303495311167945 0.058522727272727275 0.03239556692242114 0.09431818181818181
0 0.056692242114237 0.23295454545454544 0.03836317135549872 0.1159090909090909
0 0.5132139812446718 0.23011363636363635 0.03580562659846547 0.10795454545454546
0 0.39855072463768115 0.22613636363636364 0.03665814151747655 0.09090909090909091
0 0.38917306052855927 0.20170454545454544 0.03324808184143223 0.10568181818181818
0 0.5059676044330775 0.18522727272727274 0.03495311167945439 0.09090909090909091
0 0.030690537084398978 0.12045454545454545 0.03239556692242114 0.09772727272727273
0 0.4288150042625746 0.22613636363636364 0.042625745950554135 0.10227272727272728
0 0.4514066496163683 0.24204545454545454 0.0247229326513214 0.06136363636363636
0 0.0494458653026428 0.12556818181818183 0.03239556692242114 0.10113636363636364
0 0.0733162830349531 0.13352272727272727 0.03239556692242114 0.09431818181818181
0 0.23955669224211423 0.19886363636363635 0.03751065643648764 0.10454545454545454
0 0.3167092924126172 0.19204545454545455 0.03154305200341006 0.10454545454545454
0 0.3393009377664109 0.19829545454545455 0.03239556692242114 0.10113636363636364
0 0.14151747655583974 0.1028409090909091 0.03410059676044331 0.10113636363636364
0 0.08354646206308611 0.03579545454545455 0.027280477408354646 0.06931818181818182
0 0.09974424552429667 0.04375 0.027280477408354646 0.08068181818181819
0 0.1990622335890878 0.08181818181818182 0.028132992327365727 0.09772727272727273
0 0.48081841432225064 0.17556818181818182 0.03751065643648764 0.10568181818181818
0 0.42838874680306904 0.14545454545454545 0.03665814151747655 0.09772727272727273
0 0.473998294970162 0.13465909090909092 0.03239556692242114 0.10340909090909091
0 0.21483375959079284 0.042045454545454546 0.03239556692242114 0.08181818181818182
0 0.2672634271099744 0.060227272727272727 0.03324808184143223 0.09772727272727273
0 0.2421142369991475 0.05738636363636364 0.028985507246376812 0.0875
0 0.2826086956521739 0.03125 0.03154305200341006 0.060227272727272727
0 0.525149190110827 0.04147727272727273 0.03239556692242114 0.08068181818181819
0 0.32011935208866155 0.04659090909090909 0.03154305200341006 0.08636363636363636
0 0.3699914748508099 0.04715909090909091 0.03239556692242114 0.08522727272727272
0 0.4011082693947144 0.048863636363636366 0.03154305200341006 0.09545454545454546
0 0.43052003410059675 0.04715909090909091 0.03239556692242114 0.0875
0 0.4420289855072464 0.07272727272727272 0.028132992327365727 0.07954545454545454
0 0.5076726342710998 0.1318181818181818 0.03324808184143223 0.09772727272727273
0 0.5417732310315431 0.040340909090909094 0.03324808184143223 0.07840909090909091
0 0.34867860187553285 0.01875 0.028985507246376812 0.035227272727272725
0 0.4961636828644501 0.05056818181818182 0.03239556692242114 0.0875
0 0.5238704177323104 0.4369318181818182 0.03836317135549872 0.1215909090909091
0 0.7033248081841432 0.8090909090909091 0.042625745950554135 0.1
0 0.7374254049445865 0.81875 0.0494458653026428 0.14431818181818182
0 0.7992327365728901 0.04147727272727273 0.028132992327365727 0.08068181818181819
0 0.13043478260869565 0.04090909090909091 0.03239556692242114 0.07954545454545454
0 0.1287297527706735 0.0625 0.028985507246376812 0.08636363636363636
0 0.14407502131287298 0.075 0.030690537084398978 0.08636363636363636
0 0.4578005115089514 0.03295454545454545 0.03239556692242114 0.06363636363636363
0 0.3410059676044331 0.058522727272727275 0.027280477408354646 0.08068181818181819
0 0.46334185848252346 0.07329545454545454 0.03324808184143223 0.10340909090909091
0 0.5784313725490197 0.1 0.03665814151747655 0.09772727272727273
0 0.31202046035805625 0.028409090909090908 0.028985507246376812 0.05454545454545454
0 0.01577152600170503 0.5931818181818181 0.029838022165387893 0.13863636363636364
0 0.4505541346973572 0.38977272727272727 0.03665814151747655 0.125
0 0.32651321398124467 0.8681818181818182 0.05115089514066496 0.16590909090909092
0 0.7327365728900256 0.6886363636363636 0.045183290707587385 0.1340909090909091
0 0.11935208866155157 0.9619318181818182 0.04092071611253197 0.07840909090909091
0 0.16027280477408354 0.9619318181818182 0.0443307757885763 0.07840909090909091
0 0.4100596760443308 0.6778409090909091 0.030690537084398978 0.1215909090909091
0 0.7433930093776641 0.5454545454545454 0.0392156862745098 0.12727272727272726
0 0.3836317135549872 0.6664772727272728 0.0392156862745098 0.12840909090909092
0 0.30179028132992325 0.553409090909091 0.0443307757885763 0.12727272727272726
0 0.8132992327365729 0.7948863636363637 0.042625745950554135 0.13068181818181818
0 0.7757885763000852 0.6863636363636364 0.0443307757885763 0.1409090909090909
0 0.8103154305200341 0.9017045454545455 0.041773231031543054 0.14431818181818182
0 0.30264279624893436 0.7176136363636364 0.04774083546462063 0.13068181818181818
0 0.3576300085251492 0.6511363636363636 0.041773231031543054 0.11818181818181818
0 0.8473998294970162 0.8954545454545455 0.04603580562659847 0.15454545454545454
0 0.782608695652174 0.7994318181818182 0.04603580562659847 0.15113636363636362
0 0.6027280477408354 0.8113636363636364 0.05285592497868713 0.15227272727272728
0 0.6423699914748509 0.8198863636363637 0.04859335038363171 0.13522727272727272
0 0.2399829497016198 0.5284090909090909 0.04859335038363171 0.12727272727272726
0 0.4198635976129582 0.39602272727272725 0.028132992327365727 0.11704545454545455
0 0.18584825234441602 0.3306818181818182 0.02557544757033248 0.09318181818181819
0 0.0038363171355498722 0.38579545454545455 0.005967604433077579 0.12386363636363637
0 0.01875532821824382 0.3875 0.03410059676044331 0.10454545454545454
0 0.44714407502131287 0.3693181818181818 0.03495311167945439 0.10681818181818181
0 0.48294970161977835 0.37272727272727274 0.040068201193520885 0.10909090909090909
0 0.47485080988917305 0.04431818181818182 0.03410059676044331 0.08636363636363636
0 0.008951406649616368 0.17613636363636365 0.01619778346121057 0.09090909090909091
0 0.15089514066496162 0.30056818181818185 0.03580562659846547 0.10568181818181818
0 0.17092924126172207 0.325 0.023017902813299233 0.075
0 0.17050298380221654 0.6573863636363636 0.0392156862745098 0.09431818181818181
0 0.1517476555839727 0.6375 0.042625745950554135 0.125
0 0.10485933503836317 0.6215909090909091 0.0494458653026428 0.15
0 0.8333333333333334 0.26647727272727273 0.03324808184143223 0.09659090909090909
0 0.6982097186700768 0.7238636363636364 0.030690537084398978 0.1
0 0.06649616368286446 0.32329545454545455 0.03751065643648764 0.11022727272727273
0 0.3657289002557545 0.9698863636363636 0.04603580562659847 0.060227272727272727
0 0.36061381074168797 0.8880681818181818 0.05115089514066496 0.15113636363636362
0 0.35720375106564367 0.7147727272727272 0.04774083546462063 0.13863636363636364
0 0.4641943734015345 0.725 0.05029838022165388 0.13636363636363635
0 0.4484228473998295 0.8965909090909091 0.0443307757885763 0.13863636363636364
0 0.9680306905370843 0.02556818181818182 0.03154305200341006 0.048863636363636366
