0 0.4752116082224909 0.11712962962962963 0.03990326481257558 0.13425925925925927
0 0.15386940749697703 0.07222222222222222 0.044135429262394194 0.11851851851851852
0 0.1215235792019347 0.06620370370370371 0.04232164449818621 0.13055555555555556
0 0.020253929866989116 0.038425925925925926 0.039298669891172915 0.075
0 0.5332527206771464 0.049074074074074076 0.037484885126964934 0.0962962962962963
0 0.499093107617896 0.04814814814814815 0.034461910519951636 0.09444444444444444
0 0.3561064087061669 0.016666666666666666 0.037484885126964934 0.03148148148148148
0 0.3769649334945586 0.018055555555555554 0.03688029020556227 0.03425925925925926
0 0.4709794437726723 0.03888888888888889 0.03990326481257558 0.07592592592592592
0 0.7209794437726723 0.1300925925925926 0.03688029020556227 0.13240740740740742
0 0.6206166868198307 0.08611111111111111 0.03688029020556227 0.1388888888888889
0 0.6925634824667473 0.08564814814814815 0.03688029020556227 0.12129629629629629
0 0.6363361547762999 0.053703703703703705 0.03688029020556227 0.10555555555555556
0 0.5909915356711004 0.029166666666666667 0.03204353083434099 0.05648148148148148
0 0.5628778718258767 0.02824074074074074 0.03990326481257558 0.05462962962962963
0 0.7291414752116082 0.047685185185185185 0.036275695284159616 0.09351851851851851
0 0.6995163240628779 0.04861111111111111 0.03990326481257558 0.09537037037037037
0 0.6789600967351874 0.03981481481481482 0.037484885126964934 0.07777777777777778
0 0.9347037484885127 0.10324074074074074 0.03869407496977025 0.1287037037037037
0 0.972490931076179 0.12638888888888888 0.03688029020556227 0.13240740740740742
0 0.9764207980652962 0.5287037037037037 0.045949214026602174 0.1537037037037037
0 0.3282950423216445 0.9537037037037037 0.049576783555018135 0.09074074074074075
0 0.10368802902055622 0.6037037037037037 0.044135429262394194 0.1537037037037037
0 0.1568923821039903 0.5967592592592592 0.03688029020556227 0.14537037037037037
0 0.15417170495767835 0.5532407407407407 0.037484885126964934 0.13796296296296295
0 0.20223700120918983 0.5578703703703703 0.039298669891172915 0.14907407407407408
0 0.19528415961305925 0.5050925925925925 0.037484885126964934 0.1361111111111111
0 0.1695888754534462 0.5037037037037037 0.039298669891172915 0.13518518518518519
0 0.012998790810157194 0.21435185185185185 0.024788391777509067 0.14537037037037037
0 0.0380894800483676 0.21805555555555556 0.037484885126964934 0.13240740740740742
0 0.10368802902055622 0.1111111111111111 0.034461910519951636 0.13148148148148148
0 0.12817412333736397 0.12685185185185185 0.044740024183796856 0.14629629629629629
0 0.009975816203143894 0.4634259259259259 0.018742442563482467 0.15462962962962962
0 0.002116082224909311 0.44351851851851853 0.003022974607013301 0.14629629629629629
0 0.6955864570737605 0.513425925925926 0.04897218863361548 0.17685185185185184
0 0.43833131801692865 0.2125 0.03506650544135429 0.13240740740740742
0 0.40991535671100365 0.20092592592592592 0.03506650544135429 0.13148148148148148
0 0.40840386940749696 0.2300925925925926 0.03688029020556227 0.1398148148148148
0 0.14691656590084642 0.3194444444444444 0.03869407496977025 0.1425925925925926
0 0.12091898428053205 0.30277777777777776 0.041112454655380895 0.14629629629629629
0 0.21160822249093109 0.27870370370370373 0.037484885126964934 0.13148148148148148
0 0.23216444981862153 0.2851851851851852 0.045949214026602174 0.15185185185185185
0 0.3352478839177751 0.175 0.039298669891172915 0.12962962962962962
0 0.3301088270858525 0.33611111111111114 0.037484885126964934 0.12407407407407407
0 0.35792019347037485 0.22546296296296298 0.03990326481257558 0.13425925925925927
0 0.3651753325272068 0.3226851851851852 0.044740024183796856 0.15833333333333333
0 0.3824062877871826 0.19027777777777777 0.039298669891172915 0.12685185185185185
0 0.48458282950423215 0.2513888888888889 0.03688029020556227 0.13796296296296295
0 0.3721281741233374 0.15138888888888888 0.035671100362756954 0.12314814814814815
0 0.3875453446191052 0.15601851851851853 0.032648125755743655 0.125
0 0.6871221281741233 0.4601851851851852 0.05259975816203144 0.1388888888888889
0 0.6426844014510278 0.4185185185185185 0.049576783555018135 0.17037037037037037
0 0.6977025392986699 0.3921296296296296 0.044740024183796856 0.1712962962962963
0 0.7110036275695284 0.34444444444444444 0.04353083434099154 0.16296296296296298
0 0.7373035066505441 0.37916666666666665 0.04897218863361548 0.1638888888888889
0 0.4954655380894801 0.12453703703703704 0.03688029020556227 0.13240740740740742
0 0.6986094316807738 0.11388888888888889 0.034461910519951636 0.10925925925925926
0 0.6949818621523579 0.17731481481481481 0.034461910519951636 0.12129629629629629
0 0.9703748488512697 0.4425925925925926 0.037484885126964934 0.1425925925925926
0 0.8957073760580411 0.40925925925925927 0.0562273276904474 0.14629629629629629
0 0.964328899637243 0.41805555555555557 0.05441354292623942 0.16203703703703703
0 0.8651753325272068 0.3824074074074074 0.05441354292623942 0.13703703703703704
0 0.9743047158403869 0.19907407407407407 0.02720677146311971 0.09074074074074075
0 0.9576783555018138 0.1675925925925926 0.036275695284159616 0.12037037037037036
0 0.9464933494558646 0.375 0.03688029020556227 0.13703703703703704
0 0.9244256348246674 0.38657407407407407 0.03990326481257558 0.14351851851851852
0 0.9806529625151149 0.3449074074074074 0.037484885126964934 0.1398148148148148
0 0.967956469165659 0.3148148148148148 0.037484885126964934 0.12962962962962962
0 0.21463119709794437 0.1439814814814815 0.037484885126964934 0.13796296296296295
0 0.24455864570737607 0.32407407407407407 0.0501813784764208 0.15185185185185185
0 0.7648125755743652 0.12685185185185185 0.032648125755743655 0.12037037037037036
0 0.9619105199516325 0.25601851851851853 0.032648125755743655 0.11574074074074074
0 0.8276904474002419 0.3037037037037037 0.0471584038694075 0.1574074074074074
0 0.6487303506650545 0.09814814814814815 0.030229746070133012 0.10740740740740741
0 0.8500604594921403 0.3398148148148148 0.04353083434099154 0.14629629629629629
0 0.7983675937122128 0.31666666666666665 0.03204353083434099 0.1037037037037037
0 0.9325876662636033 0.2912037037037037 0.039298669891172915 0.15462962962962962
0 0.7267230955259976 0.5282407407407408 0.03869407496977025 0.15648148148148147
0 0.75453446191052 0.5217592592592593 0.03990326481257558 0.13796296296296295
0 0.8536880290205562 0.5685185185185185 0.049576783555018135 0.17037037037037037
0 0.8660822249093107 0.4722222222222222 0.04897218863361548 0.18888888888888888
0 0.8712212817412334 0.6652777777777777 0.05199516324062878 0.17685185185185184
0 0.23458282950423218 0.8296296296296296 0.05562273276904474 0.18333333333333332
0 0.8827085852478839 0.6050925925925926 0.044740024183796856 0.15648148148148147
0 0.814993954050786 0.6018518518518519 0.05441354292623942 0.14814814814814814
0 0.8542926239419589 0.6106481481481482 0.045949214026602174 0.1824074074074074
0 0.5628778718258767 0.8462962962962963 0.05199516324062878 0.1685185185185185
0 0.9020556227327691 0.5393518518518519 0.04232164449818621 0.14907407407407408
0 0.9328899637243047 0.5069444444444444 0.03990326481257558 0.15092592592592594
0 0.7995767835550182 0.6541666666666667 0.04897218863361548 0.15833333333333333
0 0.7772067714631197 0.34675925925925927 0.04171704957678356 0.13796296296296295
0 0.5698307134220073 0.9310185185185185 0.0501813784764208 0.1398148148148148
0 0.8778718258766627 0.7208333333333333 0.05078597339782346 0.1787037037037037
0 0.9640266021765417 0.5555555555555556 0.046553808948004836 0.17037037037037037
0 0.8325272067714631 0.7870370370370371 0.049576783555018135 0.1574074074074074
0 0.9830713422007256 0.775 0.032648125755743655 0.15185185185185185
0 0.04685610640870617 0.7060185185185185 0.044135429262394194 0.1638888888888889
0 0.33615477629987905 0.538425925925926 0.04232164449818621 0.14351851851851852
0 0.2914147521160822 0.3402777777777778 0.04232164449818621 0.13796296296296295
0 0.2850665054413543 0.3592592592592593 0.034461910519951636 0.14074074074074075
0 0.9588875453446191 0.7041666666666667 0.06166868198307134 0.1638888888888889
0 0.7974607013301088 0.7824074074074074 0.045949214026602174 0.16296296296296298
0 0.8198307134220073 0.8967592592592593 0.05199516324062878 0.18055555555555555
0 0.9401451027811366 0.7680555555555556 0.0592503022974607 0.18055555555555555
0 0.8273881499395405 0.711574074074074 0.058645707376058044 0.17685185185185184
0 0.5471584038694075 0.4810185185185185 0.030229746070133012 0.12685185185185185
0 0.49818621523579204 0.9685185185185186 0.05441354292623942 0.06296296296296296
0 0.8854292623941958 0.5217592592592593 0.044135429262394194 0.14537037037037037
0 0.9244256348246674 0.7226851851851852 0.04232164449818621 0.08796296296296297
0 0.44316807738814995 0.9402777777777778 0.053204353083434096 0.12129629629629629
0 0.5148125755743652 0.7782407407407408 0.04534461910519952 0.18055555555555555
0 0.45918984280532044 0.8361111111111111 0.046553808948004836 0.16296296296296298
0 0.5680169286577993 0.5810185185185185 0.039298669891172915 0.16018518518518518
0 0.6121523579201935 0.5935185185185186 0.046553808948004836 0.15185185185185185
0 0.3518742442563482 0.7578703703703704 0.0471584038694075 0.16574074074074074
0 0.3561064087061669 0.6111111111111112 0.03990326481257558 0.14814814814814814
0 0.435912938331318 0.6236111111111111 0.049576783555018135 0.1675925925925926
0 0.5858524788391778 0.4949074074074074 0.04232164449818621 0.13796296296296295
0 0.5571342200725514 0.5013888888888889 0.02962515114873035 0.11018518518518519
0 0.6082224909310762 0.562962962962963 0.04232164449818621 0.15185185185185185
0 0.5253929866989118 0.8287037037037037 0.04232164449818621 0.18888888888888888
0 0.36185006045949214 0.43657407407407406 0.04171704957678356 0.13796296296296295
0 0.5030229746070133 0.5597222222222222 0.044740024183796856 0.16018518518518518
0 0.3938935912938331 0.34074074074074073 0.04171704957678356 0.15185185185185185
0 0.496372430471584 0.3921296296296296 0.032648125755743655 0.13240740740740742
0 0.6753325272067715 0.8837962962962963 0.030229746070133012 0.1361111111111111
0 0.656590084643289 0.8907407407407407 0.045949214026602174 0.17962962962962964
0 0.5918984280532044 0.8680555555555556 0.0471584038694075 0.1787037037037037
0 0.5704353083434099 0.9212962962962963 0.04050785973397823 0.1574074074074074
0 0.40386940749697703 0.6921296296296297 0.037484885126964934 0.16574074074074074
0 0.40991535671100365 0.736574074074074 0.05199516324062878 0.16203703703703703
0 0.4495163240628779 0.7013888888888888 0.04171704957678356 0.16203703703703703
0 0.38784764207980654 0.700925925925926 0.039298669891172915 0.1685185185185185
0 0.8830108827085853 0.8111111111111111 0.046553808948004836 0.15925925925925927
0 0.8784764207980653 0.8907407407407407 0.06166868198307134 0.17962962962962964
0 0.343409915356711 0.10277777777777777 0.037484885126964934 0.14074074074074075
0 0.9304715840386941 0.9328703703703703 0.06771463119709795 0.1361111111111111
0 0.9727932285368803 0.924537037037037 0.053204353083434096 0.15092592592592594
0 0.31197097944377267 0.06712962962962964 0.032648125755743655 0.11574074074074074
0 0.02085852478839178 0.8648148148148148 0.04050785973397823 0.17962962962962964
0 0.2950423216444982 0.0962962962962963 0.032648125755743655 0.13148148148148148
0 0.9268440145102781 0.861574074074074 0.053204353083434096 0.16574074074074074
0 0.9186819830713422 0.5648148148148148 0.04897218863361548 0.1574074074074074
0 0.563180169286578 0.6435185185185185 0.044135429262394194 0.1574074074074074
0 0.5525997581620314 0.6324074074074074 0.044740024183796856 0.1537037037037037
0 0.590689238210399 0.625 0.03869407496977025 0.15925925925925927
0 0.694074969770254 0.6620370370370371 0.044740024183796856 0.14814814814814814
0 0.27267230955259975 0.4222222222222222 0.036275695284159616 0.14629629629629629
0 0.5235792019347038 0.512962962962963 0.03506650544135429 0.13518518518518519
0 0.4035671100362757 0.6143518518518518 0.046553808948004836 0.17685185185185184
0 0.49848851269649336 0.48657407407407405 0.03688029020556227 0.14351851851851852
0 0.4117291414752116 0.32916666666666666 0.037484885126964934 0.13796296296296295
0 0.39238210399032647 0.37546296296296294 0.03990326481257558 0.14351851851851852
0 0.47702539298669894 0.36342592592592593 0.030229746070133012 0.14351851851851852
0 0.5217654171704957 0.37175925925925923 0.032648125755743655 0.14907407407407408
0 0.4449818621523579 0.5120370370370371 0.04232164449818621 0.15185185185185185
0 0.3186215235792019 0.10462962962962963 0.03506650544135429 0.11851851851851852
0 0.3056227327690447 0.5171296296296296 0.04534461910519952 0.15092592592592594
0 0.46463119709794437 0.4125 0.03688029020556227 0.12129629629629629
0 0.48972188633615477 0.4097222222222222 0.030229746070133012 0.11574074074074074
0 0.7167472793228536 0.8986111111111111 0.051390568319226115 0.20277777777777778
0 0.7769044740024184 0.05138888888888889 0.037484885126964934 0.10092592592592593
0 0.005743651753325272 0.15925925925925927 0.010278113663845224 0.12407407407407407
