0 0.4158854166666667 0.16944444444444445 0.034895833333333334 0.11481481481481481
0 0.0984375 0.46435185185185185 0.041666666666666664 0.18981481481481483
0 0.6111979166666667 0.2638888888888889 0.0296875 0.11851851851851852
0 0.054427083333333334 0.8787037037037037 0.0671875 0.24259259259259258
0 0.07890625 0.8972222222222223 0.09635416666666667 0.20555555555555555
0 0.15911458333333334 0.7166666666666667 0.06197916666666667 0.3037037037037037
0 0.271875 0.774074074074074 0.06041666666666667 0.30185185185185187
0 0.12161458333333333 0.8148148148148148 0.08489583333333334 0.34629629629629627
0 0.19921875 0.8435185185185186 0.06822916666666666 0.30925925925925923
0 0.30859375 0.6370370370370371 0.0609375 0.2814814814814815
0 0.4283854166666667 0.3453703703703704 0.043229166666666666 0.18703703703703703
0 0.3567708333333333 0.5055555555555555 0.05 0.2222222222222222
0 0.8091145833333333 0.42268518518518516 0.0515625 0.18981481481481483
0 0.70859375 0.42777777777777776 0.04010416666666667 0.11851851851851852
0 0.7432291666666667 0.39166666666666666 0.05416666666666667 0.17777777777777778
0 0.39791666666666664 0.37175925925925923 0.04479166666666667 0.1824074074074074
0 0.6802083333333333 0.4310185185185185 0.04583333333333333 0.19166666666666668
0 0.6354166666666666 0.11990740740740741 0.021875 0.09907407407407408
0 0.5421875 0.2657407407407407 0.03125 0.14074074074074075
0 0.5059895833333333 0.26851851851851855 0.028645833333333332 0.1425925925925926
0 0.23723958333333334 0.6305555555555555 0.06510416666666667 0.28888888888888886
0 0.4739583333333333 0.3277777777777778 0.04479166666666667 0.22962962962962963
0 0.5411458333333333 0.3138888888888889 0.03229166666666667 0.17037037037037037
0 0.4197916666666667 0.31296296296296294 0.03854166666666667 0.1574074074074074
0 0.3145833333333333 0.29907407407407405 0.03333333333333333 0.14814814814814814
0 0.42994791666666665 0.23148148148148148 0.0359375 0.12407407407407407
0 0.4739583333333333 0.2222222222222222 0.030208333333333334 0.11851851851851852
0 0.4546875 0.1884259259259259 0.030208333333333334 0.12314814814814815
0 0.34661458333333334 0.18101851851851852 0.027604166666666666 0.10648148148148148
0 0.37083333333333335 0.18009259259259258 0.029166666666666667 0.10648148148148148
0 0.5591145833333333 0.24537037037037038 0.021354166666666667 0.08518518518518518
0 0.58125 0.21851851851851853 0.03229166666666667 0.13518518518518519
0 0.4083333333333333 0.17037037037037037 0.028125 0.1259259259259259
