0 0.08354646206308611 0.8903409090909091 0.05115089514066496 0.1625
0 0.03154305200341006 0.803409090909091 0.05456095481670929 0.15227272727272728
0 0.355924978687127 0.7755681818181818 0.045183290707587385 0.15568181818181817
0 0.26811594202898553 0.45170454545454547 0.041773231031543054 0.12840909090909092
0 0.886615515771526 0.7221590909090909 0.04774083546462063 0.14886363636363636
0 0.8465473145780051 0.740909090909091 0.0494458653026428 0.12727272727272726
0 0.5302642796248934 0.42045454545454547 0.0392156862745098 0.125
0 0.9791133844842285 0.9534090909090909 0.03836317135549872 0.09318181818181819
0 0.7583120204603581 0.7181818181818181 0.06905370843989769 0.15227272727272728
0 0.8111679454390451 0.7227272727272728 0.041773231031543054 0.13863636363636364
0 0.8478260869565217 0.25113636363636366 0.045183290707587385 0.11136363636363636
0 0.8192668371696504 0.2431818181818182 0.03580562659846547 0.11818181818181818
0 0.3320545609548167 0.4465909090909091 0.045183290707587385 0.1318181818181818
0 0.29752770673486784 0.45681818181818185 0.056265984654731455 0.12727272727272726
0 0.017902813299232736 0.38295454545454544 0.03410059676044331 0.125
0 0.09931798806479114 0.33181818181818185 0.03836317135549872 0.11818181818181818
0 0.3213981244671782 0.4011363636363636 0.04092071611253197 0.125
0 0.33972719522591643 0.41647727272727275 0.03836317135549872 0.11477272727272728
0 0.41815856777493604 0.8414772727272727 0.05541346973572037 0.1625
0 0.38618925831202044 0.42159090909090907 0.042625745950554135 0.1159090909090909
0 0.42625745950554134 0.42045454545454547 0.04092071611253197 0.1318181818181818
0 0.40494458653026427 0.5522727272727272 0.0443307757885763 0.1340909090909091
0 0.45098039215686275 0.43636363636363634 0.04603580562659847 0.12272727272727273
0 0.46462063086104005 0.3875 0.04603580562659847 0.125
0 0.35635123614663256 0.32386363636363635 0.04092071611253197 0.10681818181818181
0 0.32310315430520037 0.325 0.04092071611253197 0.11136363636363636
0 0.12020460358056266 0.24772727272727274 0.03580562659846547 0.10909090909090909
0 0.12830349531116794 0.3181818181818182 0.03495311167945439 0.1159090909090909
0 0.1466325660699062 0.3522727272727273 0.042625745950554135 0.125
0 0.17647058823529413 0.3488636363636364 0.0392156862745098 0.11818181818181818
0 0.16624040920716113 0.32443181818181815 0.0392156862745098 0.1215909090909091
0 0.22250639386189258 0.28238636363636366 0.042625745950554135 0.10795454545454546
0 0.5089514066496164 0.3340909090909091 0.042625745950554135 0.125
0 0.37254901960784315 0.2818181818181818 0.042625745950554135 0.11818181818181818
0 0.4151747655583973 0.2676136363636364 0.0392156862745098 0.11477272727272728
0 0.30179028132992325 0.3079545454545455 0.03580562659846547 0.11818181818181818
0 0.3695652173913043 0.2 0.03154305200341006 0.08409090909090909
0 0.4151747655583973 0.19375 0.03751065643648764 0.09431818181818181
0 0.3998294970161978 0.20681818181818182 0.02557544757033248 0.08409090909090909
0 0.2638533674339301 0.18920454545454546 0.03836317135549872 0.11022727272727273
0 0.5281329923273658 0.5079545454545454 0.05200341005967604 0.14545454545454545
0 0.5072463768115942 0.2755681818181818 0.04603580562659847 0.1215909090909091
0 0.4514066496163683 0.525 0.041773231031543054 0.12045454545454545
0 0.19352088661551578 0.29261363636363635 0.030690537084398978 0.09431818181818181
0 0.13171355498721227 0.8613636363636363 0.05200341005967604 0.1590909090909091
0 0.024296675191815855 0.35113636363636364 0.03495311167945439 0.11818181818181818
0 0.2958226768968457 0.40852272727272726 0.03239556692242114 0.1215909090909091
0 0.8725490196078431 0.9369318181818181 0.0639386189258312 0.12613636363636363
0 0.8282182438192668 0.45852272727272725 0.045183290707587385 0.13068181818181818
0 0.7821824381926684 0.45454545454545453 0.041773231031543054 0.125
0 0.8111679454390451 0.42045454545454547 0.045183290707587385 0.1318181818181818
0 0.7702472293265132 0.40397727272727274 0.045183290707587385 0.11704545454545455
0 0.8201193520886616 0.10511363636363637 0.03751065643648764 0.09659090909090909
0 0.12958226768968456 0.033522727272727273 0.03580562659846547 0.06477272727272727
0 0.09548167092924126 0.1125 0.03410059676044331 0.1159090909090909
0 0.5554134697357204 0.42954545454545456 0.03495311167945439 0.1340909090909091
0 0.1265984654731458 0.11761363636363636 0.03836317135549872 0.10795454545454546
0 0.22634271099744246 0.04943181818181818 0.03495311167945439 0.09431818181818181
0 0.2966751918158568 0.09147727272727273 0.028985507246376812 0.10795454545454546
0 0.340153452685422 0.24431818181818182 0.0392156862745098 0.125
0 0.3329070758738278 0.08977272727272727 0.028132992327365727 0.09090909090909091
0 0.34867860187553285 0.12897727272727272 0.03751065643648764 0.10340909090909091
0 0.3350383631713555 0.3028409090909091 0.042625745950554135 0.1215909090909091
0 0.4855072463768116 0.16136363636363638 0.041773231031543054 0.10454545454545454
0 0.5179028132992327 0.16647727272727272 0.03836317135549872 0.10795454545454546
0 0.4062233589087809 0.09318181818181819 0.03154305200341006 0.1
0 0.43265132139812446 0.10227272727272728 0.03836317135549872 0.1
0 0.34867860187553285 0.031818181818181815 0.03410059676044331 0.06136363636363636
0 0.49104859335038364 0.015909090909090907 0.028985507246376812 0.029545454545454545
0 0.44501278772378516 0.19204545454545455 0.03751065643648764 0.10909090909090909
0 0.3938618925831202 0.030113636363636363 0.028985507246376812 0.05795454545454545
0 0.4620630861040068 0.013636363636363636 0.03239556692242114 0.025
0 0.7310315430520035 0.4636363636363636 0.045183290707587385 0.1318181818181818
0 0.5336743393009378 0.35113636363636364 0.03751065643648764 0.12045454545454545
0 0.30264279624893436 0.01818181818181818 0.030690537084398978 0.03409090909090909
0 0.9492753623188406 0.008522727272727272 0.03154305200341006 0.014772727272727272
0 0.9224211423699915 0.007954545454545454 0.028985507246376812 0.013636363636363636
0 0.5652173913043478 0.3528409090909091 0.0443307757885763 0.1215909090909091
0 0.566069906223359 0.47613636363636364 0.0392156862745098 0.11363636363636363
0 0.5370843989769821 0.4556818181818182 0.03751065643648764 0.12045454545454545
0 0.3836317135549872 0.23238636363636364 0.042625745950554135 0.11477272727272728
