0 0.08151041666666667 0.4685185185185185 0.049479166666666664 0.19074074074074074
0 0.6026041666666667 0.27314814814814814 0.030208333333333334 0.11851851851851852
0 0.7802083333333333 0.38842592592592595 0.036458333333333336 0.17314814814814813
0 0.11354166666666667 0.7222222222222222 0.052083333333333336 0.2759259259259259
0 0.19270833333333334 0.7384259259259259 0.08020833333333334 0.27314814814814814
0 0.1859375 0.6351851851851852 0.053125 0.26296296296296295
0 0.2984375 0.6819444444444445 0.07395833333333333 0.2898148148148148
0 0.553125 0.4689814814814815 0.051041666666666666 0.19907407407407407
0 0.2989583333333333 0.49953703703703706 0.04895833333333333 0.21203703703703702
0 0.4359375 0.5333333333333333 0.04583333333333333 0.22407407407407406
0 0.315625 0.5708333333333333 0.065625 0.2601851851851852
0 0.3703125 0.5893518518518519 0.05 0.23796296296296296
0 0.6716145833333333 0.5078703703703704 0.058854166666666666 0.2064814814814815
0 0.6330729166666667 0.4546296296296296 0.058854166666666666 0.2037037037037037
0 0.39869791666666665 0.45555555555555555 0.0484375 0.21296296296296297
0 0.8080729166666667 0.42083333333333334 0.0546875 0.20462962962962963
0 0.7927083333333333 0.45925925925925926 0.0625 0.1925925925925926
0 0.6833333333333333 0.44907407407407407 0.04895833333333333 0.21851851851851853
0 0.2513020833333333 0.3921296296296296 0.04114583333333333 0.1824074074074074
0 0.51796875 0.35648148148148145 0.03697916666666667 0.1648148148148148
0 0.5403645833333334 0.3662037037037037 0.033854166666666664 0.13796296296296295
0 0.4973958333333333 0.3472222222222222 0.027083333333333334 0.1
0 0.5278645833333333 0.31712962962962965 0.033854166666666664 0.14351851851851852
0 0.3580729166666667 0.34953703703703703 0.0421875 0.1712962962962963
0 0.44817708333333334 0.3337962962962963 0.033854166666666664 0.15648148148148147
0 0.5596354166666667 0.15416666666666667 0.0234375 0.10462962962962963
0 0.47161458333333334 0.21805555555555556 0.0296875 0.12314814814814815
0 0.4348958333333333 0.21851851851851853 0.028125 0.12962962962962962
0 0.35078125 0.44537037037037036 0.0484375 0.21666666666666667
0 0.3807291666666667 0.25462962962962965 0.036458333333333336 0.18703703703703703
0 0.5002604166666667 0.2513888888888889 0.03177083333333333 0.13796296296296295
0 0.42473958333333334 0.2638888888888889 0.027604166666666666 0.11851851851851852
0 0.3963541666666667 0.25925925925925924 0.034375 0.14074074074074075
0 0.39036458333333335 0.19398148148148148 0.0296875 0.11203703703703703
0 0.40260416666666665 0.19212962962962962 0.021875 0.08796296296296297
0 0.3372395833333333 0.16527777777777777 0.0328125 0.12685185185185185
0 0.45729166666666665 0.21203703703703702 0.021875 0.08148148148148149
0 0.4703125 0.18425925925925926 0.029166666666666667 0.12407407407407407
