0 0.4319830713422007 0.9555555555555556 0.0380894800483676 0.08888888888888889
0 0.47944377267230953 0.2175925925925926 0.03506650544135429 0.12962962962962962
0 0.4939540507859734 0.2064814814814815 0.02902055622732769 0.11851851851851852
0 0.93863361547763 0.5481481481481482 0.04171704957678356 0.15185185185185185
0 0.3926844014510278 0.9393518518518519 0.0562273276904474 0.11944444444444445
0 0.5828295042321644 0.5898148148148148 0.037484885126964934 0.14074074074074075
0 0.5438331318016929 0.600925925925926 0.046553808948004836 0.15555555555555556
0 0.535671100362757 0.26666666666666666 0.041112454655380895 0.1388888888888889
0 0.5556227327690447 0.30972222222222223 0.03506650544135429 0.12685185185185185
0 0.814993954050786 0.6032407407407407 0.04232164449818621 0.14907407407407408
0 0.7814389359129383 0.5935185185185186 0.04171704957678356 0.1648148148148148
0 0.7466747279322854 0.5893518518518519 0.036275695284159616 0.13425925925925927
0 0.9767230955259976 0.2814814814814815 0.03688029020556227 0.13518518518518519
0 0.8839177750906893 0.2662037037037037 0.04353083434099154 0.13796296296296295
0 0.562273276904474 0.26435185185185184 0.03143893591293833 0.11574074074074074
0 0.9195888754534461 0.3731481481481482 0.03990326481257558 0.16111111111111112
0 0.9676541717049577 0.3486111111111111 0.03688029020556227 0.14537037037037037
0 0.9389359129383313 0.3351851851851852 0.037484885126964934 0.13518518518518519
0 0.5296251511487303 0.19537037037037036 0.03506650544135429 0.13518518518518519
0 0.4969770253929867 0.15324074074074073 0.030229746070133012 0.13796296296296295
0 0.5918984280532044 0.31203703703703706 0.032648125755743655 0.13518518518518519
0 0.6061064087061668 0.31712962962962965 0.03204353083434099 0.14537037037037037
0 0.5967351874244257 0.3425925925925926 0.036275695284159616 0.14074074074074075
0 0.6922611850060459 0.2791666666666667 0.037484885126964934 0.13055555555555556
0 0.7524183796856106 0.49953703703703706 0.058645707376058044 0.16203703703703703
0 0.7998790810157195 0.40555555555555556 0.04353083434099154 0.14629629629629629
0 0.7128174123337364 0.4027777777777778 0.04353083434099154 0.16111111111111112
0 0.6311970979443773 0.300462962962963 0.03143893591293833 0.11574074074074074
0 0.6813784764207981 0.5412037037037037 0.03385731559854897 0.14537037037037037
0 0.5994558645707376 0.36435185185185187 0.046553808948004836 0.14351851851851852
0 0.6723095525997581 0.350462962962963 0.044740024183796856 0.14166666666666666
0 0.5314389359129383 0.16435185185185186 0.04232164449818621 0.14907407407407408
0 0.655683192261185 0.21666666666666667 0.04534461910519952 0.13518518518518519
0 0.722490931076179 0.2884259259259259 0.03869407496977025 0.14537037037037037
0 0.8872430471584039 0.5680555555555555 0.04050785973397823 0.15648148148148147
0 0.8612454655380894 0.537962962962963 0.03688029020556227 0.14074074074074075
0 0.8343409915356711 0.5328703703703703 0.03990326481257558 0.15092592592592594
0 0.7493954050785974 0.3574074074074074 0.03204353083434099 0.13518518518518519
0 0.7463724304715841 0.300462962962963 0.03204353083434099 0.12685185185185185
0 0.6423821039903265 0.35462962962962963 0.03688029020556227 0.1425925925925926
0 0.939540507859734 0.35648148148148145 0.037484885126964934 0.13518518518518519
0 0.8908706166868199 0.39814814814814814 0.03688029020556227 0.13518518518518519
0 0.9005441354292624 0.3388888888888889 0.03688029020556227 0.11851851851851852
0 0.7750906892382105 0.3925925925925926 0.04232164449818621 0.14074074074074075
0 0.7702539298669892 0.32222222222222224 0.03506650544135429 0.12962962962962962
0 0.7826481257557436 0.3537037037037037 0.04050785973397823 0.15185185185185185
0 0.6562877871825876 0.3074074074074074 0.039298669891172915 0.13518518518518519
0 0.871825876662636 0.4986111111111111 0.03506650544135429 0.13240740740740742
0 0.5695284159613059 0.2212962962962963 0.030229746070133012 0.1259259259259259
0 0.9404474002418379 0.4064814814814815 0.034461910519951636 0.10740740740740741
0 0.788391777509069 0.6592592592592592 0.049576783555018135 0.17037037037037037
0 0.8325272067714631 0.662962962962963 0.04353083434099154 0.15185185185185185
0 0.3551995163240629 0.175 0.03204353083434099 0.10185185185185185
0 0.6366384522370012 0.3731481481481482 0.044740024183796856 0.14814814814814814
0 0.5489721886336155 0.30185185185185187 0.02902055622732769 0.11296296296296296
0 0.6780532043530835 0.2625 0.02599758162031439 0.12129629629629629
0 0.07134220072551391 0.9810185185185185 0.037484885126964934 0.03981481481481482
0 0.05380894800483676 0.7925925925925926 0.05078597339782346 0.1537037037037037
0 0.1033857315598549 0.24861111111111112 0.041112454655380895 0.14537037037037037
0 0.016021765417170496 0.13472222222222222 0.03083434099153567 0.14351851851851852
0 0.05441354292623942 0.16018518518518518 0.041112454655380895 0.1425925925925926
0 0.08010882708585249 0.16620370370370371 0.035671100362756954 0.1398148148148148
0 0.09975816203143893 0.13240740740740742 0.04232164449818621 0.13518518518518519
0 0.08101571946795647 0.03981481481481482 0.03506650544135429 0.07777777777777778
0 0.10459492140266022 0.20787037037037037 0.037484885126964934 0.1287037037037037
0 0.13059250302297462 0.20416666666666666 0.037484885126964934 0.14351851851851852
0 0.14207980652962515 0.04722222222222222 0.03506650544135429 0.09259259259259259
0 0.2370012091898428 0.09305555555555556 0.03143893591293833 0.11574074074074074
0 0.18288996372430472 0.05277777777777778 0.03688029020556227 0.1037037037037037
0 0.26360338573155984 0.09398148148148149 0.03385731559854897 0.12685185185185185
0 0.25332527206771466 0.29583333333333334 0.0471584038694075 0.14166666666666666
0 0.4096130592503023 0.05138888888888889 0.03688029020556227 0.10092592592592593
0 0.37484885126964934 0.03796296296296296 0.032648125755743655 0.07407407407407407
0 0.347037484885127 0.08935185185185185 0.030229746070133012 0.12685185185185185
0 0.4183796856106409 0.08472222222222223 0.03990326481257558 0.12314814814814815
0 0.3860338573155985 0.04212962962962963 0.03204353083434099 0.0824074074074074
0 0.4437726723095526 0.04259259259259259 0.03506650544135429 0.08333333333333333
0 0.48548972188633616 0.10277777777777777 0.03143893591293833 0.13703703703703704
0 0.5102781136638452 0.10740740740740741 0.03506650544135429 0.13148148148148148
0 0.5214631197097944 0.12361111111111112 0.035671100362756954 0.13425925925925927
0 0.5495767835550182 0.13472222222222222 0.03506650544135429 0.13240740740740742
0 0.5513905683192262 0.08055555555555556 0.04836759371221282 0.1259259259259259
0 0.5828295042321644 0.09351851851851851 0.032648125755743655 0.1259259259259259
0 0.6390568319226119 0.059722222222222225 0.032648125755743655 0.1175925925925926
0 0.659310761789601 0.0712962962962963 0.03083434099153567 0.1111111111111111
0 0.6795646916565901 0.0824074074074074 0.03143893591293833 0.11851851851851852
0 0.6738210399032648 0.050462962962962966 0.03688029020556227 0.09907407407407408
0 0.6611245465538089 0.19212962962962962 0.03204353083434099 0.11574074074074074
0 0.7152357920193471 0.25046296296296294 0.03143893591293833 0.12685185185185185
0 0.7370012091898428 0.24537037037037038 0.032648125755743655 0.13518518518518519
0 0.7255139056831923 0.18009259259259258 0.03385731559854897 0.12129629629629629
0 0.75453446191052 0.22916666666666666 0.03385731559854897 0.13796296296296295
0 0.8612454655380894 0.17777777777777778 0.03204353083434099 0.12407407407407407
0 0.9437726723095526 0.04861111111111111 0.032648125755743655 0.09537037037037037
0 0.8539903264812576 0.2675925925925926 0.02720677146311971 0.12037037037037036
0 0.9703748488512697 0.2537037037037037 0.03506650544135429 0.14074074074074075
0 0.966142684401451 0.1763888888888889 0.037484885126964934 0.13240740740740742
0 0.9434703748488513 0.19444444444444445 0.03688029020556227 0.13148148148148148
0 0.8787787182587666 0.11296296296296296 0.03204353083434099 0.12962962962962962
0 0.910217654171705 0.11388888888888889 0.03688029020556227 0.12962962962962962
0 0.9177750906892382 0.19953703703703704 0.032648125755743655 0.12314814814814815
0 0.9319830713422007 0.14675925925925926 0.02962515114873035 0.1287037037037037
0 0.9797460701330108 0.11712962962962963 0.034461910519951636 0.1287037037037037
0 0.9525392986698912 0.11157407407407408 0.034461910519951636 0.12129629629629629
0 0.9050785973397824 0.08333333333333333 0.032648125755743655 0.1259259259259259
0 0.8821039903264812 0.07407407407407407 0.030229746070133012 0.09814814814814815
0 0.9189842805320435 0.07175925925925926 0.030229746070133012 0.10462962962962963
0 0.7675332527206772 0.2212962962962963 0.034461910519951636 0.12407407407407407
0 0.7388149939540508 0.2037037037037037 0.03506650544135429 0.11296296296296296
0 0.06318016928657799 0.03796296296296296 0.02962515114873035 0.07407407407407407
0 0.8926844014510278 0.20925925925925926 0.06469165659008465 0.1685185185185185
0 0.3681983071342201 0.5583333333333333 0.036275695284159616 0.14814814814814814
0 0.0743651753325272 0.4699074074074074 0.03990326481257558 0.15462962962962962
0 0.04746070133010883 0.5222222222222223 0.039298669891172915 0.1537037037037037
0 0.02781136638452237 0.4949074074074074 0.03506650544135429 0.16203703703703703
0 0.09461910519951633 0.5120370370370371 0.042926239419588876 0.1537037037037037
0 0.8328295042321644 0.37546296296296294 0.04050785973397823 0.1287037037037037
0 0.8409915356711004 0.35509259259259257 0.03143893591293833 0.12685185185185185
0 0.25332527206771466 0.6708333333333333 0.044740024183796856 0.16574074074074074
0 0.22370012091898428 0.6578703703703703 0.037484885126964934 0.16018518518518518
0 0.3545949214026602 0.6462962962962963 0.039298669891172915 0.13703703703703704
0 0.22823458282950423 0.5689814814814815 0.034461910519951636 0.15462962962962962
0 0.1807738814993954 0.5611111111111111 0.04353083434099154 0.14444444444444443
0 0.19044740024183796 0.5282407407407408 0.044740024183796856 0.15462962962962962
0 0.1505441354292624 0.5435185185185185 0.037484885126964934 0.1425925925925926
0 0.3648730350665054 0.23148148148148148 0.03204353083434099 0.12962962962962962
0 0.3863361547762999 0.22916666666666666 0.03143893591293833 0.12685185185185185
0 0.49455864570737607 0.9472222222222222 0.05199516324062878 0.10740740740740741
0 0.5374848851269649 0.9532407407407407 0.053204353083434096 0.09537037037037037
0 0.27841596130592505 0.45046296296296295 0.0380894800483676 0.1287037037037037
0 0.2702539298669891 0.475462962962963 0.036275695284159616 0.14351851851851852
0 0.2587666263603386 0.9421296296296297 0.041112454655380895 0.1175925925925926
0 0.3083434099153567 0.7847222222222222 0.04232164449818621 0.15462962962962962
0 0.3128778718258767 0.586574074074074 0.034461910519951636 0.14907407407407408
0 0.3422007255139057 0.7097222222222223 0.037484885126964934 0.15092592592592594
0 0.3515719467956469 0.7398148148148148 0.044135429262394194 0.16666666666666666
0 0.6372430471584039 0.8064814814814815 0.05199516324062878 0.17592592592592593
0 0.686819830713422 0.8300925925925926 0.0471584038694075 0.16203703703703703
0 0.689540507859734 0.7981481481481482 0.03688029020556227 0.14629629629629629
0 0.4226118500604595 0.7412037037037037 0.049576783555018135 0.14537037037037037
0 0.6475211608222491 0.6564814814814814 0.03869407496977025 0.14814814814814814
0 0.4480048367593712 0.5333333333333333 0.036275695284159616 0.13333333333333333
0 0.42503022974607013 0.5115740740740741 0.032648125755743655 0.13796296296296295
0 0.37273276904474 0.16574074074074074 0.034461910519951636 0.13703703703703704
0 0.4204957678355502 0.5925925925925926 0.03204353083434099 0.14814814814814814
0 0.42623941958887546 0.5671296296296297 0.032648125755743655 0.15092592592592594
0 0.23397823458282951 0.6324074074074074 0.03143893591293833 0.14074074074074075
0 0.2883917775090689 0.600925925925926 0.04232164449818621 0.15185185185185185
0 0.2889963724304716 0.6523148148148148 0.032648125755743655 0.17314814814814813
0 0.3282950423216445 0.3837962962962963 0.03385731559854897 0.12685185185185185
0 0.3083434099153567 0.41712962962962963 0.044740024183796856 0.15648148148148147
0 0.3373639661426844 0.4009259259259259 0.036275695284159616 0.12962962962962962
0 0.29564691656590086 0.38101851851851853 0.037484885126964934 0.14351851851851852
0 0.8802902055622733 0.7611111111111111 0.05199516324062878 0.17037037037037037
0 0.40386940749697703 0.46620370370370373 0.037484885126964934 0.14351851851851852
0 0.876360338573156 0.6847222222222222 0.05380894800483676 0.15092592592592594
0 0.7221886336154776 0.7643518518518518 0.044135429262394194 0.13796296296296295
0 0.8585247883917775 0.975462962962963 0.03385731559854897 0.05092592592592592
0 0.9189842805320435 0.26064814814814813 0.030229746070133012 0.1287037037037037
0 0.7844619105199516 0.20046296296296295 0.03204353083434099 0.1287037037037037
0 0.7400241837968561 0.8777777777777778 0.05562273276904474 0.19444444444444445
0 0.4839782345828295 0.5773148148148148 0.03688029020556227 0.1527777777777778
0 0.8174123337363967 0.7819444444444444 0.04353083434099154 0.17685185185185184
0 0.7732769044740024 0.7574074074074074 0.0592503022974607 0.1814814814814815
0 0.058645707376058044 0.8939814814814815 0.06287787182587666 0.175
0 0.014207980652962516 0.9041666666666667 0.02720677146311971 0.15462962962962962
0 0.6898428053204353 0.8837962962962963 0.05441354292623942 0.1638888888888889
0 0.7639056831922612 0.9425925925925925 0.044135429262394194 0.11296296296296296
0 0.81136638452237 0.9356481481481481 0.05562273276904474 0.13055555555555556
0 0.7164449818621523 0.6708333333333333 0.044740024183796856 0.15092592592592594
0 0.8022974607013301 0.5328703703703703 0.03506650544135429 0.14907407407407408
0 0.8261789600967352 0.8875 0.04897218863361548 0.15648148148148147
0 0.28476420798065294 0.35648148148148145 0.03869407496977025 0.14074074074074075
0 0.4455864570737606 0.4305555555555556 0.04232164449818621 0.16296296296296298
0 0.496372430471584 0.3902777777777778 0.032648125755743655 0.15462962962962962
0 0.2660217654171705 0.3875 0.037484885126964934 0.12314814814814815
0 0.9096130592503023 0.5361111111111111 0.039298669891172915 0.1574074074074074
0 0.750906892382104 0.6722222222222223 0.04353083434099154 0.14629629629629629
0 0.9788391777509069 0.4930555555555556 0.03506650544135429 0.15648148148148147
0 0.8727327690447401 0.862037037037037 0.04171704957678356 0.1537037037037037
0 0.788391777509069 0.8532407407407407 0.056831922611850064 0.17314814814814813
0 0.8491535671100363 0.9125 0.035671100362756954 0.13425925925925927
