0 0.0484375 0.8916666666666667 0.09166666666666666 0.21481481481481482
0 0.19166666666666668 0.9282407407407407 0.0625 0.14351851851851852
0 0.1546875 0.8856481481481482 0.08020833333333334 0.22870370370370371
0 0.11119791666666666 0.8648148148148148 0.07552083333333333 0.27037037037037037
0 0.796875 0.8759259259259259 0.07083333333333333 0.25
0 0.71484375 0.874537037037037 0.0671875 0.25277777777777777
0 0.31223958333333335 0.7648148148148148 0.0671875 0.2777777777777778
0 0.1171875 0.7703703703703704 0.06145833333333333 0.23703703703703705
0 0.21328125 0.7375 0.06197916666666667 0.2712962962962963
0 0.7744791666666667 0.4842592592592593 0.06145833333333333 0.2037037037037037
0 0.19479166666666667 0.7226851851851852 0.04791666666666667 0.21944444444444444
0 0.24791666666666667 0.8467592592592592 0.078125 0.30462962962962964
0 0.7640625 0.512962962962963 0.04791666666666667 0.17777777777777778
0 0.5677083333333334 0.43287037037037035 0.03958333333333333 0.18981481481481483
0 0.540625 0.4444444444444444 0.03333333333333333 0.17407407407407408
0 0.515625 0.4532407407407407 0.059375 0.19722222222222222
0 0.7791666666666667 0.2657407407407407 0.028125 0.1037037037037037
0 0.5252604166666667 0.6398148148148148 0.05677083333333333 0.2777777777777778
0 0.4669270833333333 0.6453703703703704 0.06197916666666667 0.26666666666666666
0 0.43125 0.6962962962962963 0.06041666666666667 0.23703703703703705
0 0.296875 0.6902777777777778 0.05625 0.2601851851851852
0 0.25286458333333334 0.6824074074074075 0.0546875 0.2537037037037037
0 0.23151041666666666 0.6407407407407407 0.05260416666666667 0.24814814814814815
0 0.29296875 0.5981481481481481 0.0359375 0.21296296296296297
0 0.346875 0.586574074074074 0.04791666666666667 0.23981481481481481
0 0.4669270833333333 0.5675925925925925 0.0421875 0.19074074074074074
0 0.25729166666666664 0.5444444444444444 0.04791666666666667 0.19814814814814816
0 0.19817708333333334 0.4888888888888889 0.0484375 0.18333333333333332
0 0.3997395833333333 0.5314814814814814 0.0421875 0.2
0 0.50625 0.5726851851851852 0.04583333333333333 0.225
0 0.5080729166666667 0.5055555555555555 0.0421875 0.17222222222222222
0 0.4078125 0.4398148148148148 0.0375 0.17777777777777778
0 0.44140625 0.44166666666666665 0.04010416666666667 0.1685185185185185
0 0.5153645833333333 0.4023148148148148 0.03802083333333333 0.175
0 0.47161458333333334 0.4046296296296296 0.03802083333333333 0.15925925925925927
0 0.4348958333333333 0.37546296296296294 0.028125 0.13796296296296295
0 0.3885416666666667 0.40925925925925927 0.036458333333333336 0.18703703703703703
0 0.2046875 0.5199074074074074 0.035416666666666666 0.18611111111111112
0 0.3419270833333333 0.36666666666666664 0.03697916666666667 0.16296296296296298
0 0.44869791666666664 0.38981481481481484 0.0328125 0.15925925925925927
0 0.13854166666666667 0.5060185185185185 0.041666666666666664 0.19537037037037036
0 0.2947916666666667 0.3675925925925926 0.03229166666666667 0.1574074074074074
0 0.8041666666666667 0.5416666666666666 0.051041666666666666 0.21481481481481482
0 0.8994791666666667 0.5527777777777778 0.059375 0.2
0 0.35208333333333336 0.3939814814814815 0.036458333333333336 0.15648148148148147
0 0.30963541666666666 0.42314814814814816 0.03177083333333333 0.16296296296296298
0 0.24635416666666668 0.4935185185185185 0.059375 0.21851851851851853
0 0.61953125 0.4375 0.043229166666666666 0.18981481481481483
0 0.35130208333333335 0.3037037037037037 0.027604166666666666 0.11481481481481481
0 0.42239583333333336 0.3050925925925926 0.034375 0.14166666666666666
0 0.5580729166666667 0.3958333333333333 0.0296875 0.16574074074074074
0 0.3729166666666667 0.2657407407407407 0.023958333333333335 0.12037037037037036
0 0.37161458333333336 0.2967592592592593 0.027604166666666666 0.12685185185185185
0 0.52734375 0.36944444444444446 0.03177083333333333 0.14629629629629629
0 0.47942708333333334 0.3055555555555556 0.03177083333333333 0.14074074074074075
0 0.5010416666666667 0.2953703703703704 0.03125 0.13333333333333333
0 0.37916666666666665 0.287962962962963 0.027083333333333334 0.12222222222222222
0 0.36640625 0.25416666666666665 0.021354166666666667 0.11018518518518519
0 0.5583333333333333 0.3365740740740741 0.029166666666666667 0.15648148148148147
0 0.5799479166666667 0.3263888888888889 0.034895833333333334 0.15462962962962962
0 0.3684895833333333 0.24675925925925926 0.0234375 0.12314814814814815
0 0.44453125 0.25046296296296294 0.027604166666666666 0.11203703703703703
0 0.40390625 0.25277777777777777 0.0296875 0.10555555555555556
0 0.484375 0.2523148148148148 0.023958333333333335 0.10462962962962963
0 0.5182291666666666 0.32546296296296295 0.021875 0.08796296296296297
0 0.3229166666666667 0.4074074074074074 0.035416666666666666 0.16296296296296298
0 0.7838541666666666 0.36018518518518516 0.030208333333333334 0.1685185185185185
0 0.5466145833333333 0.29768518518518516 0.027604166666666666 0.12685185185185185
