0 0.0076726342710997444 0.9840909090909091 0.013640238704177323 0.03409090909090909
0 0.80306905370844 0.8585227272727273 0.04603580562659847 0.14659090909090908
0 0.15132139812446718 0.5431818181818182 0.041773231031543054 0.1159090909090909
0 0.7250639386189258 0.5727272727272728 0.03495311167945439 0.11818181818181818
0 0.16155157715260018 0.5028409090909091 0.03665814151747655 0.11022727272727273
0 0.07161125319693094 0.4772727272727273 0.03580562659846547 0.11363636363636363
0 0.03751065643648764 0.4732954545454545 0.042625745950554135 0.1215909090909091
0 0.5392156862745098 0.5948863636363636 0.03836317135549872 0.13295454545454546
0 0.29028132992327366 0.41761363636363635 0.03324808184143223 0.11022727272727273
0 0.00937766410912191 0.3403409090909091 0.017050298380221655 0.10340909090909091
0 0.04816709292412617 0.32727272727272727 0.03495311167945439 0.10681818181818181
0 0.2259164535379369 0.34147727272727274 0.03580562659846547 0.11477272727272728
0 0.28815004262574595 0.33238636363636365 0.03751065643648764 0.1125
0 0.3235294117647059 0.3380681818181818 0.03665814151747655 0.10113636363636364
0 0.31628303495311166 0.3846590909090909 0.03751065643648764 0.11022727272727273
0 0.4411764705882353 0.49375 0.03324808184143223 0.12386363636363637
0 0.4812446717817562 0.48806818181818185 0.03324808184143223 0.11931818181818182
0 0.5127877237851662 0.36761363636363636 0.03665814151747655 0.11022727272727273
0 0.3252344416027281 0.27102272727272725 0.029838022165387893 0.09659090909090909
0 0.45481670929241264 0.2988636363636364 0.03324808184143223 0.11136363636363636
0 0.4083546462063086 0.29318181818181815 0.028985507246376812 0.10681818181818181
0 0.2932651321398124 0.14204545454545456 0.027280477408354646 0.08409090909090909
0 0.8448422847399829 0.1846590909090909 0.027280477408354646 0.08522727272727272
0 0.808610400682012 0.17556818181818182 0.03154305200341006 0.09431818181818181
0 0.8682864450127877 0.19488636363636364 0.028132992327365727 0.09659090909090909
0 0.8358908780903666 0.3210227272727273 0.03324808184143223 0.10340909090909091
0 0.8090366581415175 0.32784090909090907 0.03239556692242114 0.08295454545454546
0 0.5652173913043478 0.14204545454545456 0.03580562659846547 0.10454545454545454
0 0.8324808184143222 0.3926136363636364 0.028132992327365727 0.10113636363636364
0 0.8201193520886616 0.5522727272727272 0.0443307757885763 0.12272727272727273
0 0.9215686274509803 0.9477272727272728 0.057971014492753624 0.10227272727272728
0 0.9816709292412618 0.9477272727272728 0.03495311167945439 0.10454545454545454
0 0.8499573742540495 0.9732954545454545 0.04092071611253197 0.053409090909090906
0 0.7907075873827792 0.9721590909090909 0.045183290707587385 0.05568181818181818
0 0.5153452685421995 0.7801136363636364 0.041773231031543054 0.1375
0 0.17689684569479966 0.5414772727272728 0.03665814151747655 0.11931818181818182
0 0.35208866155157714 0.4590909090909091 0.03239556692242114 0.11136363636363636
0 0.815004262574595 0.7306818181818182 0.04774083546462063 0.1340909090909091
0 0.5609548167092924 0.7630681818181818 0.0443307757885763 0.14431818181818182
0 0.39641943734015345 0.6039772727272728 0.03580562659846547 0.12840909090909092
0 0.7519181585677749 0.5471590909090909 0.02557544757033248 0.11704545454545455
0 0.768542199488491 0.5465909090909091 0.029838022165387893 0.09772727272727273
0 0.7919863597612958 0.5409090909090909 0.028985507246376812 0.1340909090909091
0 0.7651321398124468 0.48977272727272725 0.03836317135549872 0.12954545454545455
0 0.8751065643648764 0.5085227272727273 0.03495311167945439 0.1215909090909091
0 0.8069053708439897 0.39545454545454545 0.03154305200341006 0.10681818181818181
0 0.7642796248934356 0.3215909090909091 0.03324808184143223 0.10681818181818181
0 0.7872975277067349 0.32897727272727273 0.03324808184143223 0.09886363636363636
0 0.9552429667519181 0.0715909090909091 0.03836317135549872 0.09318181818181819
0 0.9450127877237852 0.053409090909090906 0.028132992327365727 0.09318181818181819
0 0.8256606990622336 0.08295454545454546 0.0247229326513214 0.08863636363636364
0 0.3290707587382779 0.14602272727272728 0.023870417732310314 0.09886363636363636
0 0.3124467178175618 0.1534090909090909 0.0247229326513214 0.08409090909090909
0 0.2280477408354646 0.09261363636363637 0.0247229326513214 0.0875
0 0.25404944586530265 0.09488636363636363 0.023870417732310314 0.08068181818181819
0 0.2847399829497016 0.07954545454545454 0.020460358056265986 0.08409090909090909
0 0.39471440750213127 0.11761363636363636 0.02557544757033248 0.09431818181818181
0 0.4134697357203751 0.1278409090909091 0.02557544757033248 0.07613636363636364
0 0.43861892583120204 0.17272727272727273 0.026427962489343565 0.09772727272727273
0 0.4322250639386189 0.15568181818181817 0.02557544757033248 0.08409090909090909
0 0.4722932651321398 0.15284090909090908 0.03239556692242114 0.0875
0 0.5140664961636828 0.15454545454545454 0.0392156862745098 0.09772727272727273
0 0.46035805626598464 0.13579545454545455 0.02557544757033248 0.08068181818181819
0 0.43307757885763 0.09602272727272727 0.028985507246376812 0.07613636363636364
0 0.473998294970162 0.07784090909090909 0.02557544757033248 0.0875
0 0.4876385336743393 0.055113636363636365 0.023870417732310314 0.08068181818181819
0 0.4722932651321398 0.061931818181818185 0.02557544757033248 0.08295454545454546
0 0.2826086956521739 0.061931818181818185 0.0247229326513214 0.08068181818181819
0 0.3069053708439898 0.06875 0.023870417732310314 0.08068181818181819
0 0.3111679454390452 0.08920454545454545 0.02557544757033248 0.07613636363636364
0 0.32395566922421143 0.08806818181818182 0.023870417732310314 0.06704545454545455
0 0.3226768968456948 0.06647727272727273 0.021312872975277068 0.060227272727272727
0 0.36445012787723785 0.07556818181818181 0.028132992327365727 0.08068181818181819
0 0.5200341005967605 0.06761363636363636 0.02557544757033248 0.08295454545454546
0 0.526001705029838 0.0375 0.02557544757033248 0.07272727272727272
0 0.5532821824381927 0.03636363636363636 0.02557544757033248 0.07045454545454545
0 0.42838874680306904 0.05397727272727273 0.0247229326513214 0.07386363636363637
0 0.4497016197783461 0.026136363636363635 0.0247229326513214 0.05
0 0.4381926683716965 0.028977272727272727 0.020460358056265986 0.05568181818181818
0 0.5703324808184144 0.07670454545454546 0.03239556692242114 0.07386363636363637
0 0.13640238704177324 0.9857954545454546 0.03580562659846547 0.028409090909090908
0 0.35038363171355497 0.0875 0.023870417732310314 0.0659090909090909
0 0.3213981244671782 0.4596590909090909 0.042625745950554135 0.11477272727272728
0 0.6513213981244672 0.8676136363636363 0.05285592497868713 0.14204545454545456
0 0.5106564364876386 0.9255681818181818 0.05115089514066496 0.14204545454545456
0 0.6163682864450127 0.7857954545454545 0.04603580562659847 0.14886363636363636
0 0.6423699914748509 0.9409090909090909 0.05200341005967604 0.11818181818181818
0 0.5626598465473146 0.9164772727272728 0.05115089514066496 0.15795454545454546
0 0.5967604433077579 0.9511363636363637 0.0443307757885763 0.1
0 0.30775788576300084 0.91875 0.059676044330775786 0.15795454545454546
0 0.3537936913895993 0.9267045454545455 0.0443307757885763 0.14431818181818182
0 0.685848252344416 0.9289772727272727 0.05200341005967604 0.13977272727272727
0 0.34782608695652173 0.8517045454545454 0.04603580562659847 0.1215909090909091
0 0.46462063086104005 0.6982954545454545 0.04603580562659847 0.14659090909090908
0 0.005967604433077579 0.51875 0.010230179028132993 0.1375
0 0.08312020460358056 0.3721590909090909 0.041773231031543054 0.10340909090909091
0 0.7105711849957375 0.48920454545454545 0.03665814151747655 0.11477272727272728
0 0.03751065643648764 0.7170454545454545 0.05115089514066496 0.14545454545454545
0 0.27024722932651324 0.5170454545454546 0.03751065643648764 0.1159090909090909
0 0.3009377664109122 0.5102272727272728 0.03239556692242114 0.12045454545454545
0 0.36061381074168797 0.522159090909091 0.042625745950554135 0.1215909090909091
0 0.07161125319693094 0.8625 0.05285592497868713 0.1409090909090909
0 0.5183290707587382 0.6869318181818181 0.0443307757885763 0.13295454545454546
0 0.1265984654731458 0.28125 0.03324808184143223 0.10340909090909091
0 0.37084398976982097 0.5727272727272728 0.03751065643648764 0.10681818181818181
0 0.38704177323103156 0.41306818181818183 0.03751065643648764 0.11477272727272728
0 0.15515771526001704 0.29261363636363635 0.028985507246376812 0.10113636363636364
0 0.07161125319693094 0.7261363636363637 0.0392156862745098 0.12045454545454545
0 0.10485933503836317 0.8585227272727273 0.0494458653026428 0.1715909090909091
0 0.8827791986359761 0.7375 0.05370843989769821 0.1409090909090909
0 0.10358056265984655 0.36761363636363636 0.03324808184143223 0.09659090909090909
0 0.3256606990622336 0.4431818181818182 0.03239556692242114 0.11136363636363636
0 0.17178175618073316 0.98125 0.03836317135549872 0.03977272727272727
0 0.34825234441602726 0.5619318181818181 0.03836317135549872 0.13295454545454546
0 0.37681159420289856 0.12329545454545454 0.020460358056265986 0.0875
0 0.44799658994032393 0.056818181818181816 0.021312872975277068 0.08181818181818182
0 0.4774083546462063 0.02727272727272727 0.023870417732310314 0.05227272727272727
