0 0.40963541666666664 0.24259259259259258 0.034895833333333334 0.1259259259259259
0 0.3880208333333333 0.2523148148148148 0.030208333333333334 0.1287037037037037
0 0.5627604166666667 0.44212962962962965 0.04010416666666667 0.18425925925925926
0 0.44244791666666666 0.26944444444444443 0.025520833333333333 0.12407407407407407
0 0.4395833333333333 0.3592592592592593 0.035416666666666666 0.16296296296296298
0 0.40625 0.3476851851851852 0.03229166666666667 0.1675925925925926
0 0.11197916666666667 0.5296296296296297 0.040625 0.1962962962962963
0 0.5588541666666667 0.3074074074074074 0.030208333333333334 0.14074074074074075
0 0.3958333333333333 0.3574074074074074 0.03125 0.17222222222222222
0 0.303125 0.9310185185185185 0.06145833333333333 0.1398148148148148
0 0.23645833333333333 0.5 0.065625 0.21296296296296297
0 0.1921875 0.7949074074074074 0.0625 0.275
0 0.26119791666666664 0.6777777777777778 0.0640625 0.2537037037037037
0 0.3229166666666667 0.6620370370370371 0.051041666666666666 0.22962962962962963
0 0.34713541666666664 0.7347222222222223 0.050520833333333334 0.21388888888888888
0 0.28463541666666664 0.6041666666666666 0.0671875 0.2657407407407407
0 0.34427083333333336 0.6444444444444445 0.040625 0.16296296296296298
0 0.79140625 0.4935185185185185 0.0609375 0.2111111111111111
0 0.30703125 0.47824074074074074 0.044270833333333336 0.18796296296296297
0 0.3684895833333333 0.49907407407407406 0.0484375 0.22037037037037038
0 0.36302083333333335 0.46111111111111114 0.041666666666666664 0.1685185185185185
0 0.415625 0.47453703703703703 0.0375 0.16574074074074074
0 0.5557291666666667 0.4273148148148148 0.041666666666666664 0.175
0 0.15572916666666667 0.5685185185185185 0.051041666666666666 0.22592592592592592
0 0.3072916666666667 0.43657407407407406 0.036458333333333336 0.1638888888888889
0 0.76640625 0.4064814814814815 0.04114583333333333 0.19814814814814816
0 0.7244791666666667 0.3925925925925926 0.03333333333333333 0.15
0 0.70703125 0.3907407407407407 0.044270833333333336 0.1685185185185185
0 0.45338541666666665 0.35555555555555557 0.034895833333333334 0.1537037037037037
0 0.5744791666666667 0.33425925925925926 0.03333333333333333 0.1425925925925926
0 0.5229166666666667 0.3763888888888889 0.034375 0.1638888888888889
0 0.5489583333333333 0.33055555555555555 0.03229166666666667 0.12962962962962962
0 0.4979166666666667 0.37916666666666665 0.03958333333333333 0.17685185185185184
0 0.5127604166666667 0.35 0.03177083333333333 0.14629629629629629
0 0.49270833333333336 0.25462962962962965 0.026041666666666668 0.13148148148148148
0 0.4557291666666667 0.24722222222222223 0.029166666666666667 0.12407407407407407
0 0.4830729166666667 0.24305555555555555 0.03177083333333333 0.1361111111111111
0 0.3515625 0.31574074074074077 0.029166666666666667 0.13518518518518519
0 0.81640625 0.4861111111111111 0.04739583333333333 0.18518518518518517
0 0.5908854166666667 0.42592592592592593 0.0359375 0.17222222222222222
