0 0.16536458333333334 0.9254629629629629 0.07447916666666667 0.14722222222222223
0 0.07213541666666666 0.9435185185185185 0.08072916666666667 0.11481481481481481
0 0.03177083333333333 0.9361111111111111 0.0625 0.12962962962962962
0 0.815625 0.8407407407407408 0.065625 0.32037037037037036
0 0.85 0.700462962962963 0.057291666666666664 0.27870370370370373
0 0.19401041666666666 0.6222222222222222 0.0578125 0.20925925925925926
0 0.09869791666666666 0.6527777777777778 0.0515625 0.1814814814814815
0 0.1390625 0.5958333333333333 0.058333333333333334 0.24722222222222223
0 0.8822916666666667 0.5467592592592593 0.046875 0.20277777777777778
0 0.26588541666666665 0.575 0.043229166666666666 0.19814814814814816
0 0.225 0.5708333333333333 0.04479166666666667 0.20462962962962963
0 0.32838541666666665 0.5949074074074074 0.0453125 0.23055555555555557
0 0.39401041666666664 0.5365740740740741 0.0546875 0.20092592592592592
0 0.3263020833333333 0.5101851851851852 0.04635416666666667 0.20185185185185187
0 0.29244791666666664 0.41944444444444445 0.03697916666666667 0.17592592592592593
0 0.4747395833333333 0.45694444444444443 0.0421875 0.17314814814814813
0 0.39401041666666664 0.41898148148148145 0.0296875 0.14537037037037037
0 0.3611979166666667 0.4060185185185185 0.044270833333333336 0.17314814814814813
0 0.32708333333333334 0.39444444444444443 0.0375 0.15185185185185185
0 0.49505208333333334 0.3912037037037037 0.03802083333333333 0.15648148148148147
0 0.46067708333333335 0.38425925925925924 0.033854166666666664 0.15555555555555556
0 0.5239583333333333 0.3592592592592593 0.03854166666666667 0.15185185185185185
0 0.43411458333333336 0.37453703703703706 0.027604166666666666 0.14537037037037037
0 0.41744791666666664 0.36064814814814816 0.0328125 0.13796296296296295
0 0.49557291666666664 0.35324074074074074 0.03177083333333333 0.13055555555555556
0 0.4739583333333333 0.3143518518518518 0.03125 0.1287037037037037
0 0.3841145833333333 0.36064814814814816 0.0390625 0.15462962962962962
0 0.4375 0.2898148148148148 0.030208333333333334 0.12407407407407407
0 0.3611979166666667 0.33935185185185185 0.027604166666666666 0.13796296296296295
0 0.40234375 0.2949074074074074 0.0234375 0.09907407407407408
0 0.35598958333333336 0.31574074074074077 0.033854166666666664 0.13703703703703704
0 0.503125 0.1685185185185185 0.021875 0.09259259259259259
0 0.7875 0.36574074074074076 0.03229166666666667 0.17407407407407408
0 0.43645833333333334 0.31157407407407406 0.03229166666666667 0.1398148148148148
0 0.553125 0.3925925925925926 0.034375 0.18518518518518517
0 0.5361979166666667 0.3972222222222222 0.028645833333333332 0.17962962962962964
0 0.4984375 0.3333333333333333 0.026041666666666668 0.12407407407407407
0 0.42213541666666665 0.3226851851851852 0.0296875 0.12685185185185185
0 0.36380208333333336 0.36203703703703705 0.0359375 0.1537037037037037
0 0.44453125 0.2800925925925926 0.0296875 0.1287037037037037
0 0.47682291666666665 0.274537037037037 0.027604166666666666 0.12685185185185185
0 0.5291666666666667 0.4263888888888889 0.0375 0.16574074074074074
0 0.3611979166666667 0.25277777777777777 0.0234375 0.11296296296296296
0 0.5052083333333334 0.4148148148148148 0.036458333333333336 0.17962962962962964
0 0.36875 0.25046296296296294 0.025 0.10648148148148148
0 0.34296875 0.25277777777777777 0.0296875 0.11666666666666667
0 0.6776041666666667 0.5430555555555555 0.059375 0.2064814814814815
0 0.709375 0.5365740740740741 0.04583333333333333 0.20092592592592592
0 0.42916666666666664 0.24722222222222223 0.023958333333333335 0.11851851851851852
0 0.6130208333333333 0.3574074074074074 0.03125 0.13518518518518519
0 0.7708333333333334 0.38055555555555554 0.035416666666666666 0.1685185185185185
0 0.4002604166666667 0.2550925925925926 0.025520833333333333 0.10648148148148148
