0 0.43463541666666666 0.17222222222222222 0.0328125 0.11481481481481481
0 0.10104166666666667 0.4671296296296296 0.040625 0.18981481481481483
0 0.61328125 0.2638888888888889 0.0296875 0.11851851851851852
0 0.04192708333333333 0.8953703703703704 0.06927083333333334 0.20925925925925926
0 0.05390625 0.9157407407407407 0.09010416666666667 0.17037037037037037
0 0.14375 0.7439814814814815 0.06666666666666667 0.3175925925925926
0 0.24791666666666667 0.8074074074074075 0.06770833333333333 0.3055555555555556
0 0.10130208333333333 0.836574074074074 0.0828125 0.32685185185185184
0 0.17213541666666668 0.8564814814814815 0.06927083333333334 0.28888888888888886
0 0.29973958333333334 0.6620370370370371 0.06614583333333333 0.2962962962962963
0 0.4122395833333333 0.3398148148148148 0.044270833333333336 0.18518518518518517
0 0.3625 0.5273148148148148 0.05 0.23055555555555557
0 0.8479166666666667 0.43194444444444446 0.053125 0.18796296296296297
0 0.7427083333333333 0.4324074074074074 0.042708333333333334 0.12037037037037036
0 0.7776041666666667 0.3939814814814815 0.051041666666666666 0.18425925925925926
0 0.41848958333333336 0.3824074074074074 0.0453125 0.18518518518518517
0 0.71875 0.44212962962962965 0.06041666666666667 0.1935185185185185
0 0.5494791666666666 0.27037037037037037 0.03125 0.14074074074074075
0 0.5119791666666667 0.27546296296296297 0.03333333333333333 0.14537037037037037
0 0.22760416666666666 0.6537037037037037 0.07395833333333333 0.2962962962962963
0 0.4786458333333333 0.3425925925925926 0.04479166666666667 0.22962962962962963
0 0.5380208333333333 0.32314814814814813 0.03333333333333333 0.17037037037037037
0 0.46197916666666666 0.33194444444444443 0.03125 0.13796296296296295
0 0.42604166666666665 0.3175925925925926 0.03854166666666667 0.1574074074074074
0 0.31614583333333335 0.30648148148148147 0.03333333333333333 0.14814814814814814
0 0.4276041666666667 0.23981481481481481 0.036458333333333336 0.12407407407407407
0 0.47421875 0.22685185185185186 0.0296875 0.11851851851851852
0 0.46119791666666665 0.20092592592592592 0.0296875 0.1388888888888889
0 0.3567708333333333 0.18472222222222223 0.028125 0.11018518518518519
0 0.3828125 0.1837962962962963 0.028125 0.10462962962962963
0 0.5604166666666667 0.25416666666666665 0.021875 0.09166666666666666
0 0.5828125 0.2222222222222222 0.03229166666666667 0.13518518518518519
0 0.42135416666666664 0.17453703703703705 0.028125 0.12685185185185185
