0 0.07994791666666666 0.34629629629629627 0.0609375 0.18703703703703703
0 0.5973958333333333 0.1587962962962963 0.029166666666666667 0.1175925925925926
0 0.06510416666666667 0.8296296296296296 0.08125 0.34074074074074073
0 0.21223958333333334 0.6449074074074074 0.07552083333333333 0.3287037037037037
0 0.17760416666666667 0.5435185185185185 0.06041666666666667 0.29259259259259257
0 0.41953125 0.6129629629629629 0.0859375 0.3037037037037037
0 0.33203125 0.2851851851851852 0.04010416666666667 0.17962962962962964
0 0.3828125 0.2912037037037037 0.05416666666666667 0.17685185185185184
0 0.31536458333333334 0.23935185185185184 0.0359375 0.17314814814814813
0 0.4080729166666667 0.22268518518518518 0.0421875 0.1787037037037037
0 0.31328125 0.2199074074074074 0.0359375 0.16203703703703703
0 0.27265625 0.2212962962962963 0.03802083333333333 0.1814814814814815
0 0.37864583333333335 0.19490740740740742 0.0375 0.16203703703703703
0 0.49114583333333334 0.24074074074074073 0.040625 0.1814814814814815
0 0.5213541666666667 0.2351851851851852 0.035416666666666666 0.16296296296296298
0 0.45703125 0.25601851851851853 0.04010416666666667 0.17314814814814813
0 0.59453125 0.3060185185185185 0.05260416666666667 0.18981481481481483
0 0.22864583333333333 0.2810185185185185 0.03333333333333333 0.18425925925925926
0 0.20911458333333333 0.2726851851851852 0.0359375 0.18981481481481483
0 0.7994791666666666 0.3074074074074074 0.03333333333333333 0.14814814814814814
0 0.7671875 0.2962962962962963 0.04375 0.18703703703703703
0 0.58515625 0.26157407407407407 0.033854166666666664 0.15092592592592594
0 0.42578125 0.15601851851851853 0.0359375 0.15462962962962962
0 0.5369791666666667 0.1884259259259259 0.03229166666666667 0.16018518518518518
0 0.6861979166666666 0.23796296296296296 0.04010416666666667 0.15925925925925927
0 0.45677083333333335 0.14074074074074075 0.03854166666666667 0.1574074074074074
0 0.51015625 0.17824074074074073 0.033854166666666664 0.16203703703703703
0 0.51328125 0.1337962962962963 0.0296875 0.1287037037037037
0 0.4265625 0.08518518518518518 0.025 0.10925925925925926
0 0.39479166666666665 0.15092592592592594 0.034375 0.1574074074074074
