0 0.015114873035066506 0.6361111111111111 0.02902055622732769 0.15555555555555556
0 0.008162031438935914 0.5907407407407408 0.015114873035066506 0.1537037037037037
0 0.06741233373639662 0.6129629629629629 0.044135429262394194 0.1388888888888889
0 0.36698911729141476 0.1814814814814815 0.04232164449818621 0.13518518518518519
0 0.08857315598548972 0.16064814814814815 0.03688029020556227 0.125
0 0.049576783555018135 0.14629629629629629 0.04232164449818621 0.13518518518518519
0 0.10882708585247884 0.12546296296296297 0.036275695284159616 0.13240740740740742
0 0.07587666263603386 0.09953703703703703 0.039298669891172915 0.13240740740740742
0 0.12908101571946795 0.049074074074074076 0.039298669891172915 0.0962962962962963
0 0.08827085852478839 0.04861111111111111 0.030229746070133012 0.09537037037037037
0 0.23216444981862153 0.03009259259259259 0.03990326481257558 0.058333333333333334
0 0.2639056831922612 0.031018518518518518 0.03204353083434099 0.06018518518518518
0 0.45918984280532044 0.1111111111111111 0.02962515114873035 0.1259259259259259
0 0.42140266021765416 0.10324074074074074 0.036275695284159616 0.11944444444444445
0 0.3567110036275695 0.02175925925925926 0.037484885126964934 0.041666666666666664
0 0.3805925030229746 0.02638888888888889 0.03688029020556227 0.05092592592592592
0 0.3966142684401451 0.01712962962962963 0.032648125755743655 0.032407407407407406
0 0.507255139056832 0.08703703703703704 0.03990326481257558 0.12407407407407407
0 0.5374848851269649 0.07916666666666666 0.03869407496977025 0.12129629629629629
0 0.6073155985489722 0.03981481481481482 0.03204353083434099 0.07777777777777778
0 0.6662636033857315 0.047685185185185185 0.037484885126964934 0.09351851851851851
0 0.6299879081015719 0.0412037037037037 0.03506650544135429 0.08055555555555556
0 0.6955864570737605 0.05 0.034461910519951636 0.09814814814814815
0 0.7312575574365175 0.2310185185185185 0.039298669891172915 0.1398148148148148
0 0.6100362756952842 0.1787037037037037 0.04232164449818621 0.14074074074074075
0 0.6831922611850061 0.17222222222222222 0.036275695284159616 0.12777777777777777
0 0.6342200725513906 0.1439814814814815 0.037484885126964934 0.12129629629629629
0 0.6381499395405078 0.08009259259259259 0.03204353083434099 0.12314814814814815
0 0.6051995163240629 0.09027777777777778 0.03990326481257558 0.12685185185185185
0 0.714328899637243 0.058333333333333334 0.034461910519951636 0.11481481481481481
0 0.7617896009673518 0.09259259259259259 0.036275695284159616 0.1259259259259259
0 0.7321644498186215 0.08611111111111111 0.03990326481257558 0.11851851851851852
0 0.7333736396614269 0.06481481481481481 0.037484885126964934 0.12407407407407407
0 0.936819830713422 0.04722222222222222 0.034461910519951636 0.09259259259259259
0 0.9603990326481258 0.06481481481481481 0.039298669891172915 0.1259259259259259
0 0.9785368802902056 0.0587962962962963 0.03204353083434099 0.11203703703703703
0 0.9347037484885127 0.21666666666666667 0.03990326481257558 0.13703703703703704
0 0.9721886336154776 0.22916666666666666 0.037484885126964934 0.13240740740740742
0 0.9821644498186215 0.6240740740740741 0.034461910519951636 0.16296296296296298
0 0.4800483675937122 0.9657407407407408 0.03990326481257558 0.07037037037037037
0 0.5371825876662636 0.9101851851851852 0.05259975816203144 0.16296296296296298
0 0.1336154776299879 0.6078703703703704 0.04232164449818621 0.15462962962962962
0 0.19165659008464328 0.6074074074074074 0.04353083434099154 0.14629629629629629
0 0.1686819830713422 0.575462962962963 0.03990326481257558 0.13796296296296295
0 0.21130592503022974 0.5736111111111111 0.039298669891172915 0.14907407407407408
0 0.19588875453446192 0.512962962962963 0.03506650544135429 0.13518518518518519
0 0.17019347037484886 0.5166666666666667 0.039298669891172915 0.13518518518518519
0 0.039600967351874246 0.2023148148148148 0.04171704957678356 0.14351851851851852
0 0.06590084643288996 0.20787037037037037 0.04353083434099154 0.14907407407407408
0 0.7264207980652962 0.6291666666666667 0.04897218863361548 0.18611111111111112
0 0.4407496977025393 0.2263888888888889 0.03385731559854897 0.13240740740740742
0 0.4156590084643289 0.23703703703703705 0.044135429262394194 0.14074074074074075
0 0.03506650544135429 0.45601851851851855 0.0471584038694075 0.15092592592592594
0 0.015114873035066506 0.44305555555555554 0.02902055622732769 0.16018518518518518
0 0.08675937122128174 0.4 0.034461910519951636 0.1388888888888889
0 0.11064087061668681 0.40185185185185185 0.0471584038694075 0.1574074074074074
0 0.31136638452237003 0.26342592592592595 0.03990326481257558 0.13425925925925927
0 0.30683192261185005 0.4671296296296296 0.03688029020556227 0.13240740740740742
0 0.34159613059250304 0.3435185185185185 0.045949214026602174 0.14814814814814814
0 0.3143893591293833 0.4300925925925926 0.044740024183796856 0.16018518518518518
0 0.33796856106408707 0.4513888888888889 0.044740024183796856 0.1675925925925926
0 0.33585247883917774 0.26296296296296295 0.04171704957678356 0.13703703703703704
0 0.37908101571946795 0.325 0.036275695284159616 0.14814814814814814
0 0.28476420798065294 0.22546296296296298 0.036275695284159616 0.12685185185185185
0 0.30713422007255137 0.2375 0.037484885126964934 0.13240740740740742
0 0.6777509068923822 0.6125 0.05562273276904474 0.15462962962962962
0 0.6644498186215235 0.5657407407407408 0.05199516324062878 0.17592592592592593
0 0.7729746070133011 0.5555555555555556 0.042926239419588876 0.17962962962962964
0 0.788391777509069 0.5060185185185185 0.0471584038694075 0.1824074074074074
0 0.8110640870616687 0.5643518518518519 0.046553808948004836 0.1824074074074074
0 0.3935912938331318 0.1986111111111111 0.03990326481257558 0.13240740740740742
0 0.6970979443772672 0.20925925925925926 0.03385731559854897 0.11296296296296296
0 0.6992140266021766 0.32083333333333336 0.034461910519951636 0.13796296296296295
0 0.9159613059250302 0.40925925925925927 0.04232164449818621 0.12407407407407407
0 0.8926844014510278 0.4962962962962963 0.0562273276904474 0.15
0 0.9764207980652962 0.5046296296296297 0.045949214026602174 0.17592592592592593
0 0.8585247883917775 0.46111111111111114 0.05199516324062878 0.1425925925925926
0 0.9625151148730351 0.2967592592592593 0.032648125755743655 0.09351851851851851
0 0.9467956469165659 0.2671296296296296 0.044740024183796856 0.12685185185185185
0 0.9797460701330108 0.4648148148148148 0.039298669891172915 0.1425925925925926
0 0.93863361547763 0.4828703703703704 0.04050785973397823 0.14722222222222223
0 0.9800483675937122 0.4097222222222222 0.036275695284159616 0.13425925925925927
0 0.2158403869407497 0.15601851851851853 0.037484885126964934 0.13796296296296295
0 0.17200725513905682 0.4162037037037037 0.051390568319226115 0.15462962962962962
0 0.7666263603385731 0.13657407407407407 0.037484885126964934 0.12129629629629629
0 0.9851874244256348 0.3388888888888889 0.02962515114873035 0.1259259259259259
0 0.8802902055622733 0.3939814814814815 0.0471584038694075 0.15648148148148147
0 0.9474002418379686 0.33796296296296297 0.03385731559854897 0.12407407407407407
0 0.6369407496977025 0.19074074074074074 0.03204353083434099 0.11296296296296296
0 0.8827085852478839 0.42407407407407405 0.04353083434099154 0.14629629629629629
0 0.8524788391777509 0.4064814814814815 0.03385731559854897 0.11296296296296296
0 0.9401451027811366 0.3680555555555556 0.03990326481257558 0.15648148148148147
0 0.7521160822249093 0.6486111111111111 0.04232164449818621 0.16203703703703703
0 0.7769044740024184 0.6347222222222222 0.03869407496977025 0.13796296296296295
0 0.8833131801692866 0.6717592592592593 0.05078597339782346 0.17314814814814813
0 0.8766626360338573 0.524537037037037 0.049576783555018135 0.1935185185185185
0 0.9552599758162031 0.8412037037037037 0.05441354292623942 0.18425925925925926
0 0.12182587666263603 0.9638888888888889 0.05259975816203144 0.07222222222222222
0 0.9389359129383313 0.7162037037037037 0.0471584038694075 0.15648148148148147
0 0.8530834340991535 0.7245370370370371 0.05562273276904474 0.15462962962962962
0 0.9017533252720678 0.7226851851851852 0.046553808948004836 0.1935185185185185
0 0.5341596130592503 0.9740740740740741 0.046553808948004836 0.05
0 0.8948004836759371 0.6 0.044740024183796856 0.15
0 0.9588875453446191 0.5680555555555555 0.03990326481257558 0.15092592592592594
0 0.873639661426844 0.8092592592592592 0.049576783555018135 0.17407407407407408
0 0.742744860943168 0.35509259259259257 0.039298669891172915 0.12129629629629629
0 0.7850665054413543 0.3587962962962963 0.04171704957678356 0.14351851851851852
0 0.9171704957678356 0.8768518518518519 0.05804111245465538 0.19074074074074074
0 0.9328899637243047 0.6481481481481481 0.049576783555018135 0.17037037037037037
0 0.8561064087061668 0.9333333333333333 0.05078597339782346 0.13333333333333333
0 0.08524788391777509 0.8731481481481481 0.0471584038694075 0.17592592592592593
0 0.37122128174123337 0.6046296296296296 0.04232164449818621 0.14814814814814814
0 0.2971584038694075 0.35324074074074074 0.044135429262394194 0.13796296296296295
0 0.2841596130592503 0.36527777777777776 0.03385731559854897 0.14351851851851852
0 0.8216444981862152 0.9287037037037037 0.05078597339782346 0.14074074074074075
0 0.8715235792019347 0.8564814814814815 0.06590084643288996 0.18518518518518517
0 0.5525997581620314 0.49398148148148147 0.030229746070133012 0.12685185185185185
0 0.8769649334945586 0.5837962962962963 0.044135429262394194 0.14722222222222223
0 0.9767230955259976 0.8222222222222222 0.03688029020556227 0.1
0 0.2741837968561064 0.9597222222222223 0.04897218863361548 0.0824074074074074
0 0.44347037484885127 0.9435185185185185 0.05380894800483676 0.11481481481481481
0 0.5151148730350665 0.7930555555555555 0.049576783555018135 0.17685185185185184
0 0.4625151148730351 0.8490740740740741 0.045949214026602174 0.16296296296296298
0 0.5719467956469165 0.5925925925925926 0.03990326481257558 0.1574074074074074
0 0.6133615477629988 0.6050925925925926 0.046553808948004836 0.15092592592592594
0 0.3551995163240629 0.7712962962962963 0.046553808948004836 0.1648148148148148
0 0.2617896009673519 0.7564814814814815 0.03869407496977025 0.15185185185185185
0 0.3192261185006046 0.7398148148148148 0.049576783555018135 0.17222222222222222
0 0.5864570737605804 0.5074074074074074 0.04232164449818621 0.13703703703703704
0 0.5610640870616687 0.5162037037037037 0.030229746070133012 0.11018518518518519
0 0.6070133010882709 0.5768518518518518 0.04232164449818621 0.15185185185185185
0 0.526602176541717 0.8421296296296297 0.041112454655380895 0.18981481481481483
0 0.3639661426844015 0.4486111111111111 0.04232164449818621 0.13796296296296295
0 0.47249093107617895 0.5879629629629629 0.044135429262394194 0.1685185185185185
0 0.39631197097944376 0.35185185185185186 0.04171704957678356 0.15185185185185185
0 0.501813784764208 0.4050925925925926 0.032648125755743655 0.13240740740740742
0 0.6874244256348246 0.899074074074074 0.056831922611850064 0.1685185185185185
0 0.6577992744860943 0.9328703703703703 0.044740024183796856 0.1361111111111111
0 0.40598548972188636 0.7032407407407407 0.03688029020556227 0.16574074074074074
0 0.41203143893591293 0.7486111111111111 0.06831922611850061 0.16203703703703703
0 0.4495163240628779 0.7189814814814814 0.04171704957678356 0.16018518518518518
0 0.38905683192261187 0.7162037037037037 0.039298669891172915 0.1675925925925926
0 0.9244256348246674 0.9412037037037037 0.045949214026602174 0.11574074074074074
0 0.9280532043530835 0.5814814814814815 0.036275695284159616 0.14074074074074075
0 0.34461910519951633 0.11388888888888889 0.037484885126964934 0.14074074074074075
0 0.3092503022974607 0.07546296296296297 0.03204353083434099 0.11574074074074074
0 0.012394195888754534 0.8837962962962963 0.02357920193470375 0.18425925925925926
0 0.29957678355501816 0.10925925925925926 0.03204353083434099 0.13148148148148148
0 0.9531438935912938 0.9689814814814814 0.051390568319226115 0.062037037037037036
0 0.9316807738814994 0.6143518518518518 0.049576783555018135 0.16574074074074074
0 0.5707376058041113 0.6472222222222223 0.06166868198307134 0.17407407407407408
0 0.5522974607013301 0.6365740740740741 0.042926239419588876 0.16574074074074074
0 0.5834340991535671 0.6337962962962963 0.04232164449818621 0.16574074074074074
0 0.6955864570737605 0.6759259259259259 0.044135429262394194 0.14814814814814814
0 0.27871825876662637 0.44074074074074077 0.037484885126964934 0.14074074074074075
0 0.5133010882708585 0.5194444444444445 0.03506650544135429 0.13518518518518519
0 0.28627569528415964 0.7314814814814815 0.046553808948004836 0.17222222222222222
0 0.49758162031438935 0.49675925925925923 0.037484885126964934 0.14351851851851852
0 0.4135429262394196 0.34305555555555556 0.036275695284159616 0.13796296296296295
0 0.3681983071342201 0.40694444444444444 0.03990326481257558 0.14351851851851852
0 0.4818621523579202 0.37546296296296294 0.032648125755743655 0.14351851851851852
0 0.5229746070133011 0.38842592592592595 0.032648125755743655 0.14907407407407408
0 0.45163240628778717 0.5314814814814814 0.0471584038694075 0.14814814814814814
0 0.3219467956469166 0.11944444444444445 0.034461910519951636 0.11851851851851852
0 0.32799274486094315 0.5819444444444445 0.046553808948004836 0.15092592592592594
0 0.4655380894800484 0.42453703703703705 0.037484885126964934 0.12129629629629629
0 0.49274486094316805 0.4217592592592593 0.030229746070133012 0.11574074074074074
0 0.007255139056831923 0.16944444444444445 0.013301088270858524 0.12407407407407407
