0 0.4818621523579202 0.6560185185185186 0.041112454655380895 0.15648148148148147
0 0.5114873035066505 0.6388888888888888 0.036275695284159616 0.13703703703703704
0 0.5048367593712213 0.8050925925925926 0.04836759371221282 0.1712962962962963
0 0.48941958887545345 0.8629629629629629 0.05743651753325272 0.1685185185185185
0 0.5278113663845224 0.7731481481481481 0.03990326481257558 0.1425925925925926
0 0.5640870616686819 0.637962962962963 0.05441354292623942 0.17222222222222222
0 0.45556227327690446 0.3287037037037037 0.039298669891172915 0.1574074074074074
0 0.5743651753325272 0.7986111111111112 0.04836759371221282 0.1675925925925926
0 0.5807134220072552 0.7597222222222222 0.03688029020556227 0.14537037037037037
0 0.5435308343409916 0.9319444444444445 0.049576783555018135 0.1361111111111111
0 0.468863361547763 0.7412037037037037 0.051390568319226115 0.16574074074074074
0 0.33192261185006044 0.9444444444444444 0.056831922611850064 0.11296296296296296
0 0.1154776299879081 0.9740740740740741 0.041112454655380895 0.04814814814814815
0 0.6577992744860943 0.9412037037037037 0.0592503022974607 0.11944444444444445
0 0.47732769044740025 0.3712962962962963 0.042926239419588876 0.16296296296296298
0 0.694074969770254 0.7305555555555555 0.05441354292623942 0.1814814814814815
0 0.6145707376058042 0.9439814814814815 0.04534461910519952 0.11388888888888889
0 0.29081015719467956 0.9365740740740741 0.05441354292623942 0.1287037037037037
0 0.6266626360338573 0.7768518518518519 0.0562273276904474 0.17592592592592593
0 0.5740628778718259 0.737037037037037 0.046553808948004836 0.1574074074074074
0 0.16898428053204353 0.9689814814814814 0.044135429262394194 0.058333333333333334
0 0.45979443772672307 0.8393518518518519 0.039298669891172915 0.14166666666666666
0 0.4537484885126965 0.7180555555555556 0.042926239419588876 0.15462962962962962
0 0.6402660217654171 0.40925925925925927 0.03990326481257558 0.13518518518518519
0 0.6898428053204353 0.4162037037037037 0.0471584038694075 0.14907407407407408
0 0.06650544135429262 0.8550925925925926 0.060459492140266025 0.18611111111111112
0 0.7484885126964933 0.6458333333333334 0.04353083434099154 0.1675925925925926
0 0.6039903264812576 0.4041666666666667 0.049576783555018135 0.16574074074074074
0 0.5123941958887546 0.4962962962962963 0.03688029020556227 0.1574074074074074
0 0.7140266021765417 0.5708333333333333 0.044740024183796856 0.16018518518518518
0 0.7684401451027811 0.5518518518518518 0.049576783555018135 0.17407407407407408
0 0.5453446191051995 0.4837962962962963 0.04232164449818621 0.16018518518518518
0 0.5743651753325272 0.49907407407407406 0.04232164449818621 0.13703703703703704
0 0.5565296251511487 0.26342592592592595 0.03325272067714631 0.15648148148148147
0 0.8038089480048367 0.7805555555555556 0.05743651753325272 0.2
0 0.8645707376058042 0.7712962962962963 0.05078597339782346 0.18703703703703703
0 0.5229746070133011 0.2851851851851852 0.037484885126964934 0.14814814814814814
0 0.5199516324062878 0.3768518518518518 0.04353083434099154 0.15925925925925927
0 0.535671100362757 0.3592592592592593 0.03869407496977025 0.1425925925925926
0 0.5012091898428053 0.5430555555555555 0.03990326481257558 0.16574074074074074
0 0.535671100362757 0.5305555555555556 0.04232164449818621 0.14074074074074075
0 0.5556227327690447 0.5726851851851852 0.045949214026602174 0.1712962962962963
0 0.6112454655380894 0.5935185185185186 0.04232164449818621 0.1537037037037037
0 0.9600967351874244 0.9087962962962963 0.0592503022974607 0.18425925925925926
0 0.6732164449818622 0.6236111111111111 0.04897218863361548 0.1638888888888889
0 0.5834340991535671 0.8328703703703704 0.049576783555018135 0.15462962962962962
0 0.630894800483676 0.8587962962962963 0.08766626360338574 0.16203703703703703
0 0.5241837968561064 0.7300925925925926 0.0471584038694075 0.17314814814814813
0 0.779322853688029 0.46944444444444444 0.03869407496977025 0.14814814814814814
0 0.7962515114873036 0.4671296296296296 0.03869407496977025 0.13240740740740742
0 0.7826481257557436 0.42453703703703705 0.04897218863361548 0.15462962962962962
0 0.812273276904474 0.4074074074074074 0.03688029020556227 0.12962962962962962
0 0.9135429262394196 0.4425925925925926 0.044740024183796856 0.14629629629629629
0 0.841596130592503 0.35648148148148145 0.0471584038694075 0.1537037037037037
0 0.805925030229746 0.36203703703703705 0.041112454655380895 0.13518518518518519
0 0.7409310761789601 0.4444444444444444 0.03204353083434099 0.1037037037037037
0 0.8152962515114873 0.4398148148148148 0.034461910519951636 0.13148148148148148
0 0.8400846432889963 0.40925925925925927 0.03688029020556227 0.13148148148148148
0 0.5764812575574365 0.8638888888888889 0.04050785973397823 0.17037037037037037
0 0.21070133010882708 0.7699074074074074 0.05501813784764208 0.1527777777777778
0 0.1496372430471584 0.7796296296296297 0.05259975816203144 0.1574074074074074
0 0.07708585247883917 0.649074074074074 0.051390568319226115 0.17222222222222222
0 0.8125755743651754 0.6916666666666667 0.053204353083434096 0.18518518518518517
0 0.7382103990326482 0.48009259259259257 0.03506650544135429 0.1287037037037037
0 0.880894800483676 0.4351851851851852 0.03506650544135429 0.1537037037037037
0 0.9703748488512697 0.3976851851851852 0.04232164449818621 0.14907407407407408
0 0.8630592503022975 0.31851851851851853 0.046553808948004836 0.15925925925925927
0 0.9050785973397824 0.27870370370370373 0.03869407496977025 0.14074074074074075
0 0.9319830713422007 0.25462962962962965 0.04171704957678356 0.14814814814814814
0 0.9694679564691656 0.14907407407407408 0.039298669891172915 0.13148148148148148
0 0.8688029020556227 0.2726851851851852 0.03990326481257558 0.15092592592592594
0 0.7557436517533253 0.175 0.03990326481257558 0.14444444444444443
0 0.7835550181378477 0.1935185185185185 0.03869407496977025 0.1388888888888889
0 0.870918984280532 0.22962962962962963 0.04171704957678356 0.13518518518518519
0 0.9241233373639661 0.20694444444444443 0.039298669891172915 0.13796296296296295
0 0.8948004836759371 0.22268518518518518 0.03506650544135429 0.13240740740740742
0 0.8642684401451027 0.16574074074074074 0.034461910519951636 0.13148148148148148
0 0.8954050785973398 0.17546296296296296 0.041112454655380895 0.13240740740740742
0 0.9256348246674728 0.12777777777777777 0.03506650544135429 0.1259259259259259
0 0.9111245465538089 0.07037037037037037 0.037484885126964934 0.12407407407407407
0 0.04564691656590085 0.29259259259259257 0.046553808948004836 0.1425925925925926
0 0.014812575574365175 0.30462962962962964 0.028415961305925032 0.14074074074074075
0 0.006650544135429262 0.26435185185185184 0.012091898428053204 0.14166666666666666
0 0.07255139056831923 0.21203703703703702 0.037484885126964934 0.14444444444444443
0 0.09552599758162031 0.18703703703703703 0.03143893591293833 0.12222222222222222
0 0.11487303506650544 0.16574074074074074 0.03990326481257558 0.14814814814814814
0 0.11668681983071343 0.29814814814814816 0.037484885126964934 0.1425925925925926
0 0.17019347037484886 0.27685185185185185 0.04171704957678356 0.14629629629629629
0 0.10096735187424426 0.25277777777777777 0.032648125755743655 0.10925925925925926
0 0.08464328899637243 0.35185185185185186 0.044740024183796856 0.1685185185185185
0 0.12091898428053205 0.24259259259259258 0.03990326481257558 0.14629629629629629
0 0.14782345828295043 0.2574074074074074 0.03204353083434099 0.12407407407407407
0 0.1466142684401451 0.29212962962962963 0.024788391777509067 0.09907407407407408
0 0.5441354292623942 0.4310185185185185 0.049576783555018135 0.1675925925925926
0 0.7158403869407497 0.49027777777777776 0.053204353083434096 0.1675925925925926
0 0.7164449818621523 0.4527777777777778 0.045949214026602174 0.14814814814814814
0 0.5625755743651754 0.3962962962962963 0.04534461910519952 0.15185185185185185
0 0.6378476420798065 0.362962962962963 0.044740024183796856 0.15185185185185185
0 0.6970979443772672 0.33240740740740743 0.04353083434099154 0.13148148148148148
0 0.6438935912938332 0.3365740740740741 0.04232164449818621 0.14537037037037037
0 0.7711608222490931 0.2810185185185185 0.034461910519951636 0.1398148148148148
0 0.7436517533252721 0.3060185185185185 0.03990326481257558 0.14907407407407408
0 0.7125151148730351 0.2902777777777778 0.04050785973397823 0.14537037037037037
0 0.7267230955259976 0.21805555555555556 0.032648125755743655 0.10462962962962963
0 0.6535671100362757 0.2865740740740741 0.0471584038694075 0.1398148148148148
0 0.6910519951632407 0.22870370370370371 0.044740024183796856 0.1425925925925926
0 0.6466142684401451 0.2037037037037037 0.03204353083434099 0.14074074074074075
0 0.6472188633615478 0.23333333333333334 0.03688029020556227 0.14074074074074075
0 0.5985489721886336 0.35185185185185186 0.03990326481257558 0.1425925925925926
0 0.5507859733978234 0.32685185185185184 0.04232164449818621 0.1425925925925926
0 0.594316807738815 0.3074074074074074 0.03990326481257558 0.15925925925925927
0 0.5728536880290206 0.2875 0.03204353083434099 0.125
0 0.6058041112454655 0.2712962962962963 0.03385731559854897 0.15185185185185185
0 0.5873639661426844 0.2375 0.04171704957678356 0.16018518518518518
0 0.6257557436517533 0.15231481481481482 0.041112454655380895 0.12129629629629629
0 0.29866989117291415 0.07453703703703704 0.03869407496977025 0.13796296296296295
0 0.2642079806529625 0.06851851851851852 0.03506650544135429 0.13148148148148148
0 0.7091898428053204 0.09537037037037037 0.03990326481257558 0.1388888888888889
0 0.7324667472793228 0.08657407407407407 0.03204353083434099 0.1287037037037037
0 0.9824667472793228 0.3337962962962963 0.02902055622732769 0.15092592592592594
0 0.6916565900846433 0.4625 0.03506650544135429 0.11018518518518519
0 0.9404474002418379 0.39675925925925926 0.03688029020556227 0.11574074074074074
0 0.9682587666263603 0.0412037037037037 0.03688029020556227 0.08055555555555556
0 0.9389359129383313 0.08472222222222223 0.037484885126964934 0.1175925925925926
0 0.8681983071342201 0.06805555555555555 0.03506650544135429 0.13425925925925927
0 0.9286577992744861 0.04814814814814815 0.037484885126964934 0.09444444444444444
0 0.898428053204353 0.0412037037037037 0.03385731559854897 0.08055555555555556
0 0.5707376058041113 0.1736111111111111 0.03385731559854897 0.13425925925925927
0 0.626360338573156 0.08842592592592592 0.03506650544135429 0.13240740740740742
0 0.5912938331318017 0.10416666666666667 0.037484885126964934 0.1361111111111111
0 0.5683192261185006 0.10277777777777777 0.032648125755743655 0.1259259259259259
0 0.6112454655380894 0.05555555555555555 0.037484885126964934 0.10925925925925926
0 0.5864570737605804 0.05648148148148148 0.03506650544135429 0.1111111111111111
0 0.20646916565900847 0.06712962962962964 0.03204353083434099 0.12314814814814815
0 0.22853688029020555 0.0712962962962963 0.037484885126964934 0.13333333333333333
0 0.13603385731559856 0.031018518518518518 0.026602176541717048 0.06018518518518518
0 0.3697097944377267 0.03657407407407407 0.039298669891172915 0.0712962962962963
0 0.8606408706166868 0.04537037037037037 0.035671100362756954 0.08888888888888889
0 0.17019347037484886 0.03194444444444444 0.03325272067714631 0.062037037037037036
0 0.35489721886336156 0.48148148148148145 0.03506650544135429 0.1574074074074074
0 0.31499395405078595 0.2490740740740741 0.03506650544135429 0.13703703703703704
0 0.13452237001209189 0.7356481481481482 0.046553808948004836 0.16203703703703703
0 0.18561064087061668 0.2916666666666667 0.04232164449818621 0.1425925925925926
0 0.13270858524788393 0.6976851851851852 0.051390568319226115 0.16018518518518518
0 0.8180169286577993 0.30462962962962964 0.04232164449818621 0.13333333333333333
0 0.24244256348246676 0.5814814814814815 0.044740024183796856 0.1685185185185185
0 0.20828295042321646 0.5671296296296297 0.035671100362756954 0.17685185185185184
0 0.34885126964933494 0.5666666666666667 0.032648125755743655 0.14074074074074075
0 0.2079806529625151 0.4981481481481482 0.041112454655380895 0.14814814814814814
0 0.2137243047158404 0.48518518518518516 0.03204353083434099 0.1574074074074074
0 0.1807738814993954 0.4837962962962963 0.03143893591293833 0.12685185185185185
0 0.17442563482466747 0.4398148148148148 0.039298669891172915 0.14629629629629629
0 0.13633615477629987 0.4648148148148148 0.03688029020556227 0.14814814814814814
0 0.3542926239419589 0.14907407407407408 0.030229746070133012 0.12962962962962962
0 0.37605804111245467 0.14444444444444443 0.02781136638452237 0.12962962962962962
0 0.2663240628778718 0.36527777777777776 0.044135429262394194 0.1398148148148148
0 0.2545344619105199 0.39351851851851855 0.03506650544135429 0.14629629629629629
0 0.17623941958887546 0.9 0.044135429262394194 0.1574074074074074
0 0.29474002418379686 0.700925925925926 0.04171704957678356 0.15185185185185185
0 0.4549576783555018 0.5425925925925926 0.04050785973397823 0.1537037037037037
0 0.3307134220072551 0.624537037037037 0.03506650544135429 0.15462962962962962
0 0.3346432889963724 0.6597222222222222 0.039298669891172915 0.1675925925925926
0 0.4096130592503023 0.6611111111111111 0.051390568319226115 0.15185185185185185
0 0.621825876662636 0.7074074074074074 0.051390568319226115 0.1574074074074074
0 0.42623941958887546 0.45555555555555555 0.03506650544135429 0.12407407407407407
0 0.41414752116082226 0.41944444444444445 0.037484885126964934 0.10740740740740741
0 0.40840386940749696 0.5125 0.034461910519951636 0.14907407407407408
0 0.41686819830713423 0.4787037037037037 0.02962515114873035 0.1388888888888889
0 0.27448609431680776 0.525 0.044740024183796856 0.1574074074074074
0 0.2741837968561064 0.5652777777777778 0.039298669891172915 0.16944444444444445
0 0.5151148730350665 0.700925925925926 0.05199516324062878 0.15925925925925927
0 0.24062877871825877 0.33796296296296297 0.03506650544135429 0.14074074074074075
0 0.6943772672309553 0.6 0.04050785973397823 0.15555555555555556
0 0.2756952841596131 0.3282407407407407 0.03990326481257558 0.14907407407407408
0 0.39298669891172916 0.38101851851851853 0.03990326481257558 0.13796296296296295
0 0.29171704957678357 0.28379629629629627 0.03204353083434099 0.12129629629629629
0 0.46795646916565903 0.4898148148148148 0.037484885126964934 0.1425925925925926
0 0.2267230955259976 0.30462962962962964 0.03506650544135429 0.13518518518518519
