0 0.6080729166666666 0.5212962962962963 0.0515625 0.17962962962962964
0 0.3140625 0.4212962962962963 0.036458333333333336 0.15925925925925927
0 0.70390625 0.38657407407407407 0.033854166666666664 0.15462962962962962
0 0.5276041666666667 0.4 0.03854166666666667 0.1685185185185185
0 0.5020833333333333 0.40370370370370373 0.034375 0.1685185185185185
0 0.55625 0.5481481481481482 0.04479166666666667 0.20185185185185187
0 0.5390625 0.3675925925925926 0.03229166666666667 0.12962962962962962
0 0.48072916666666665 0.30462962962962964 0.030208333333333334 0.12407407407407407
0 0.5020833333333333 0.30925925925925923 0.027083333333333334 0.10925925925925926
0 0.44192708333333336 0.3074074074074074 0.027604166666666666 0.11851851851851852
0 0.7986979166666667 0.3800925925925926 0.033854166666666664 0.15462962962962962
0 0.44635416666666666 0.35185185185185186 0.030208333333333334 0.13518518518518519
0 0.4080729166666667 0.2763888888888889 0.03177083333333333 0.11203703703703703
0 0.3458333333333333 0.2828703703703704 0.029166666666666667 0.1398148148148148
0 0.7268229166666667 0.38981481481481484 0.0359375 0.16666666666666666
0 0.92734375 0.9597222222222223 0.05572916666666667 0.08055555555555556
0 0.8065104166666667 0.9680555555555556 0.050520833333333334 0.06388888888888888
0 0.10494791666666667 0.5685185185185185 0.044270833333333336 0.1962962962962963
0 0.74140625 0.3972222222222222 0.04010416666666667 0.17037037037037037
0 0.12708333333333333 0.8675925925925926 0.071875 0.26666666666666666
0 0.24088541666666666 0.9296296296296296 0.09114583333333333 0.1425925925925926
0 0.1984375 0.7962962962962963 0.06354166666666666 0.2518518518518518
0 0.26666666666666666 0.8027777777777778 0.06770833333333333 0.2537037037037037
0 0.25677083333333334 0.41574074074074074 0.03854166666666667 0.1648148148148148
0 0.17395833333333333 0.5995370370370371 0.05625 0.24722222222222223
0 0.12630208333333334 0.7953703703703704 0.058854166666666666 0.23148148148148148
0 0.7981770833333334 0.5310185185185186 0.050520833333333334 0.19537037037037036
0 0.8776041666666666 0.4981481481481482 0.057291666666666664 0.1925925925925926
0 0.8330729166666667 0.5018518518518519 0.0421875 0.17962962962962964
0 0.5692708333333333 0.3787037037037037 0.029166666666666667 0.17037037037037037
0 0.48151041666666666 0.3662037037037037 0.0328125 0.14722222222222223
0 0.58828125 0.37037037037037035 0.033854166666666664 0.1574074074074074
0 0.290625 0.5027777777777778 0.042708333333333334 0.22407407407407406
0 0.3875 0.39490740740740743 0.03125 0.14351851851851852
0 0.7505208333333333 0.750462962962963 0.07291666666666667 0.2675925925925926
0 0.6833333333333333 0.5546296296296296 0.05520833333333333 0.20185185185185187
0 0.428125 0.5203703703703704 0.04375 0.18888888888888888
0 0.5549479166666667 0.4550925925925926 0.03802083333333333 0.1787037037037037
0 0.5013020833333334 0.4546296296296296 0.0453125 0.18888888888888888
0 0.5388020833333333 0.4356481481481482 0.04010416666666667 0.175
0 0.3494791666666667 0.4060185185185185 0.03333333333333333 0.15648148148148147
