0 0.030690537084398978 0.07329545454545454 0.028985507246376812 0.10113636363636364
0 0.4177323103154305 0.9511363636363637 0.04092071611253197 0.1
0 0.35038363171355497 0.9369318181818181 0.05115089514066496 0.12840909090909092
0 0.3294970161977835 0.9568181818181818 0.05029838022165388 0.08636363636363636
0 0.6121057118499573 0.959659090909091 0.0494458653026428 0.08295454545454546
0 0.6547314578005116 0.9613636363636363 0.05115089514066496 0.07954545454545454
0 0.43052003410059675 0.8011363636363636 0.0443307757885763 0.14545454545454545
0 0.0494458653026428 0.7880681818181818 0.04603580562659847 0.15113636363636362
0 0.08994032395566923 0.7886363636363637 0.05541346973572037 0.15227272727272728
0 0.763000852514919 0.8318181818181818 0.04603580562659847 0.17272727272727273
0 0.32395566922421143 0.7460227272727272 0.03751065643648764 0.14431818181818182
0 0.36231884057971014 0.7772727272727272 0.04603580562659847 0.14545454545454545
0 0.0792838874680307 0.32840909090909093 0.0392156862745098 0.10454545454545454
0 0.38277919863597615 0.6755681818181818 0.0494458653026428 0.14204545454545456
0 0.8947144075021313 0.010227272727272727 0.0247229326513214 0.01818181818181818
0 0.39514066496163686 0.6448863636363636 0.041773231031543054 0.14204545454545456
0 0.49914748508098894 0.8136363636363636 0.04859335038363171 0.15454545454545454
0 0.5413469735720375 0.8130681818181819 0.042625745950554135 0.1693181818181818
0 0.6321398124467178 0.9159090909090909 0.045183290707587385 0.1409090909090909
0 0.2966751918158568 0.17954545454545454 0.03239556692242114 0.10909090909090909
0 0.8073316283034954 0.14659090909090908 0.028985507246376812 0.09318181818181819
0 0.83461210571185 0.5625 0.042625745950554135 0.12727272727272726
0 0.26982097186700765 0.9761363636363637 0.03836317135549872 0.04772727272727273
0 0.20332480818414322 0.9818181818181818 0.041773231031543054 0.038636363636363635
0 0.22847399829497017 0.9602272727272727 0.0494458653026428 0.07727272727272727
0 0.13810741687979539 0.9272727272727272 0.04774083546462063 0.14772727272727273
0 0.17860187553282184 0.9278409090909091 0.045183290707587385 0.14659090909090908
0 0.4185848252344416 0.1 0.02557544757033248 0.07727272727272727
0 0.5396419437340153 0.05 0.02557544757033248 0.075
0 0.4019607843137255 0.09943181818181818 0.028132992327365727 0.08295454545454546
0 0.37638533674339303 0.04772727272727273 0.028132992327365727 0.08863636363636364
0 0.27578857630008524 0.08181818181818182 0.028132992327365727 0.10227272727272728
0 0.18073316283034954 0.1534090909090909 0.028985507246376812 0.09772727272727273
0 0.7510656436487638 0.48806818181818185 0.03410059676044331 0.13522727272727272
0 0.8005115089514067 0.30227272727272725 0.03751065643648764 0.11818181818181818
0 0.8312020460358056 0.3375 0.03410059676044331 0.11818181818181818
0 0.8047740835464621 0.3380681818181818 0.03239556692242114 0.11477272727272728
0 0.8380221653878943 0.1375 0.03580562659846547 0.09772727272727273
0 0.7583120204603581 0.5488636363636363 0.03836317135549872 0.125
0 0.4906223358908781 0.45227272727272727 0.03495311167945439 0.12272727272727273
0 0.530690537084399 0.44488636363636364 0.040068201193520885 0.13068181818181818
0 0.835464620630861 0.5215909090909091 0.0392156862745098 0.125
0 0.7945439045183291 0.5454545454545454 0.042625745950554135 0.1318181818181818
0 0.7693947144075022 0.7670454545454546 0.04859335038363171 0.16136363636363638
0 0.9036658141517476 0.75 0.04603580562659847 0.1340909090909091
0 0.8840579710144928 0.7744318181818182 0.03751065643648764 0.14204545454545456
0 0.5601023017902813 0.6221590909090909 0.042625745950554135 0.14886363636363636
0 0.20758738277919864 0.39943181818181817 0.03665814151747655 0.1215909090909091
0 0.4936061381074169 0.22045454545454546 0.030690537084398978 0.09545454545454546
0 0.10528559249786872 0.09602272727272727 0.03154305200341006 0.0875
0 0.35208866155157714 0.11306818181818182 0.02557544757033248 0.08977272727272727
0 0.38107416879795397 0.09375 0.02557544757033248 0.0875
0 0.8192668371696504 0.44431818181818183 0.0392156862745098 0.12045454545454545
0 0.20034100596760443 0.15511363636363637 0.027280477408354646 0.08977272727272727
0 0.7348678601875532 0.45625 0.05285592497868713 0.13522727272727272
0 0.86615515771526 0.4909090909090909 0.042625745950554135 0.125
0 0.4961636828644501 0.5375 0.03580562659846547 0.125
0 0.8158567774936062 0.4647727272727273 0.0494458653026428 0.12272727272727273
0 0.8397271952259164 0.7494318181818181 0.04603580562659847 0.1375
0 0.5217391304347826 0.21477272727272728 0.03239556692242114 0.09318181818181819
0 0.4518329070758738 0.6573863636363636 0.0392156862745098 0.14204545454545456
0 0.5268542199488491 0.5278409090909091 0.04092071611253197 0.12840909090909092
0 0.34782608695652173 0.5568181818181818 0.03410059676044331 0.11136363636363636
0 0.5626598465473146 0.5130681818181818 0.03751065643648764 0.11022727272727273
0 0.7365728900255755 0.5727272727272728 0.0392156862745098 0.1318181818181818
0 0.7638533674339301 0.5818181818181818 0.04092071611253197 0.1409090909090909
0 0.7510656436487638 0.29318181818181815 0.03410059676044331 0.11363636363636363
0 0.4219948849104859 0.13636363636363635 0.028985507246376812 0.09090909090909091
0 0.44799658994032393 0.1340909090909091 0.0247229326513214 0.10454545454545454
0 0.5144927536231884 0.17045454545454544 0.029838022165387893 0.09318181818181819
0 0.5396419437340153 0.1744318181818182 0.03239556692242114 0.09431818181818181
0 0.24722932651321397 0.02159090909090909 0.023870417732310314 0.04090909090909091
0 0.289002557544757 0.023863636363636365 0.027280477408354646 0.045454545454545456
0 0.29411764705882354 0.011363636363636364 0.023870417732310314 0.020454545454545454
0 0.2310315430520034 0.019886363636363636 0.02557544757033248 0.0375
0 0.31841432225063937 0.008522727272727272 0.0247229326513214 0.014772727272727272
0 0.4578005115089514 0.011931818181818182 0.03239556692242114 0.02159090909090909
0 0.5132139812446718 0.007954545454545454 0.030690537084398978 0.013636363636363636
0 0.7122762148337596 0.35 0.03495311167945439 0.125
0 0.5328218243819267 0.4107954545454545 0.04092071611253197 0.1215909090909091
0 0.722080136402387 0.3068181818181818 0.0392156862745098 0.09772727272727273
0 0.5524296675191815 0.07613636363636364 0.03239556692242114 0.09090909090909091
0 0.5255754475703325 0.06534090909090909 0.03154305200341006 0.10113636363636364
0 0.7885763000852515 0.1625 0.027280477408354646 0.06363636363636363
0 0.7408354646206309 0.3125 0.0392156862745098 0.12045454545454545
0 0.8849104859335039 0.9636363636363636 0.04774083546462063 0.075
0 0.7190963341858483 0.7625 0.04859335038363171 0.1590909090909091
0 0.21611253196930946 0.30056818181818185 0.03495311167945439 0.11022727272727273
0 0.45311167945439046 0.5107954545454545 0.043478260869565216 0.13295454545454546
0 0.060528559249786874 0.5778409090909091 0.03239556692242114 0.11022727272727273
0 0.09420289855072464 0.5698863636363637 0.041773231031543054 0.13522727272727272
0 0.12531969309462915 0.5795454545454546 0.03580562659846547 0.09772727272727273
0 0.17561807331628304 0.39602272727272725 0.03751065643648764 0.1215909090909091
0 0.4092071611253197 0.5164772727272727 0.03410059676044331 0.12840909090909092
0 0.2591645353793691 0.28125 0.03751065643648764 0.11704545454545455
0 0.12489343563512362 0.19545454545454546 0.03324808184143223 0.10454545454545454
0 0.5200341005967605 0.13125 0.02557544757033248 0.08295454545454546
0 0.49744245524296676 0.13011363636363638 0.03154305200341006 0.10113636363636364
0 0.44714407502131287 0.24829545454545454 0.03154305200341006 0.11022727272727273
0 0.46547314578005117 0.25795454545454544 0.03239556692242114 0.09772727272727273
0 0.12361466325660699 0.11931818181818182 0.028985507246376812 0.10227272727272728
0 0.31798806479113384 0.18409090909090908 0.030690537084398978 0.09090909090909091
0 0.4884910485933504 0.25738636363636364 0.03410059676044331 0.10340909090909091
0 0.7817561807331628 0.45738636363636365 0.042625745950554135 0.13068181818181818
0 0.38107416879795397 0.1159090909090909 0.028985507246376812 0.10454545454545454
0 0.4855072463768116 0.1159090909090909 0.03154305200341006 0.09318181818181819
0 0.463768115942029 0.5488636363636363 0.0392156862745098 0.1340909090909091
0 0.0784313725490196 0.09204545454545454 0.03239556692242114 0.09318181818181819
0 0.29624893435635125 0.9005681818181818 0.04688832054560955 0.14431818181818182
0 0.9347826086956522 0.8176136363636364 0.045183290707587385 0.14886363636363636
0 0.8635976129582268 0.19886363636363635 0.028985507246376812 0.1
0 0.427536231884058 0.025 0.03154305200341006 0.04772727272727273
0 0.6734867860187553 0.897159090909091 0.04774083546462063 0.15795454545454546
0 0.32395566922421143 0.8369318181818182 0.0443307757885763 0.15568181818181817
0 0.6517476555839727 0.775 0.041773231031543054 0.13863636363636364
0 0.4761295822676897 0.6244318181818181 0.03836317135549872 0.1215909090909091
0 0.2830349531116795 0.4602272727272727 0.03580562659846547 0.125
0 0.0247229326513214 0.5164772727272727 0.042625745950554135 0.12840909090909092
0 0.4134697357203751 0.8795454545454545 0.0494458653026428 0.13863636363636364
0 0.06905370843989769 0.5125 0.04092071611253197 0.11818181818181818
0 0.4300937766410912 0.3079545454545455 0.03154305200341006 0.11136363636363636
0 0.6074168797953964 0.7477272727272727 0.04688832054560955 0.15
0 0.44884910485933505 0.6096590909090909 0.041773231031543054 0.14431818181818182
0 0.12446717817561807 0.15 0.023870417732310314 0.08409090909090909
0 0.5136402387041773 0.5778409090909091 0.03495311167945439 0.1215909090909091
0 0.6014492753623188 0.6511363636363636 0.043478260869565216 0.15
0 0.31628303495311166 0.4653409090909091 0.03239556692242114 0.12840909090909092
0 0.05456095481670929 0.3693181818181818 0.04092071611253197 0.1159090909090909
0 0.38618925831202044 0.4102272727272727 0.03580562659846547 0.11136363636363636
0 0.11764705882352941 0.47954545454545455 0.03751065643648764 0.1318181818181818
0 0.25618073316283035 0.42329545454545453 0.03495311167945439 0.13068181818181818
0 0.3213981244671782 0.32784090909090907 0.03239556692242114 0.11704545454545455
0 0.3537936913895993 0.3215909090909091 0.03751065643648764 0.11136363636363636
0 0.42071611253196933 0.41875 0.03836317135549872 0.12840909090909092
0 0.35805626598465473 0.40625 0.03410059676044331 0.1215909090909091
0 0.3989769820971867 0.29545454545454547 0.03580562659846547 0.09318181818181819
0 0.38917306052855927 0.33181818181818185 0.03154305200341006 0.10681818181818181
0 0.2864450127877238 0.3477272727272727 0.03751065643648764 0.125
0 0.5183290707587382 0.2551136363636364 0.03580562659846547 0.10340909090909091
0 0.7459505541346974 0.5136363636363637 0.0392156862745098 0.11136363636363636
0 0.8670076726342711 0.3488636363636364 0.03239556692242114 0.11818181818181818
0 0.8895993179880648 0.5806818181818182 0.045183290707587385 0.13863636363636364
0 0.8439897698209718 0.3443181818181818 0.03410059676044331 0.125
0 0.8678601875532822 0.540340909090909 0.04092071611253197 0.1215909090909091
0 0.824381926683717 0.5857954545454546 0.0443307757885763 0.12840909090909092
0 0.0034100596760443308 0.6585227272727273 0.005115089514066497 0.1375
0 0.5481670929241261 0.5965909090909091 0.0392156862745098 0.1318181818181818
0 0.4032395566922421 0.7346590909090909 0.04603580562659847 0.1375
0 0.5549872122762148 0.56875 0.030690537084398978 0.11022727272727273
0 0.47655583972719523 0.7068181818181818 0.04092071611253197 0.1340909090909091
0 0.4100596760443308 0.24204545454545454 0.028985507246376812 0.08863636363636364
