0 0.37851662404092073 0.9545454545454546 0.05115089514066496 0.09318181818181819
0 0.4300937766410912 0.9534090909090909 0.045183290707587385 0.09545454545454546
0 0.3269394714407502 0.9710227272727273 0.045183290707587385 0.060227272727272727
0 0.07715260017050299 0.6534090909090909 0.045183290707587385 0.1409090909090909
0 0.4914748508098892 0.9244318181818182 0.04688832054560955 0.15113636363636362
0 0.47570332480818417 0.9363636363636364 0.05456095481670929 0.12954545454545455
0 0.033674339300937765 0.64375 0.045183290707587385 0.13295454545454546
0 0.1308610400682012 0.64375 0.041773231031543054 0.15113636363636362
0 0.13981244671781756 0.6005681818181818 0.03751065643648764 0.12840909090909092
0 0.32821824381926684 0.9210227272727273 0.059676044330775786 0.14886363636363636
0 0.6845694799658995 0.93125 0.06479113384484228 0.13522727272727272
0 0.7352941176470589 0.9306818181818182 0.04688832054560955 0.13863636363636364
0 0.5592497868712702 0.8159090909090909 0.05115089514066496 0.15
0 0.5980392156862745 0.7022727272727273 0.05029838022165388 0.13863636363636364
0 0.4083546462063086 0.6681818181818182 0.042625745950554135 0.13863636363636364
0 0.4616368286445013 0.6556818181818181 0.04688832054560955 0.1340909090909091
0 0.3150042625745951 0.5767045454545454 0.045183290707587385 0.12840909090909092
0 0.27621483375959077 0.5556818181818182 0.042625745950554135 0.1340909090909091
0 0.2557544757033248 0.5863636363636363 0.042625745950554135 0.12045454545454545
0 0.08951406649616368 0.5778409090909091 0.03580562659846547 0.12386363636363637
0 0.4019607843137255 0.5659090909090909 0.040068201193520885 0.12954545454545455
0 0.4437340153452685 0.5647727272727273 0.041773231031543054 0.11818181818181818
0 0.34697357203751067 0.6840909090909091 0.0392156862745098 0.1340909090909091
0 0.38405797101449274 0.45 0.041773231031543054 0.1159090909090909
0 0.21611253196930946 0.43522727272727274 0.040068201193520885 0.12272727272727273
0 0.23529411764705882 0.45170454545454547 0.04603580562659847 0.12386363636363637
0 0.9607843137254902 0.9710227272727273 0.0443307757885763 0.060227272727272727
0 0.974850809889173 0.7977272727272727 0.043478260869565216 0.125
0 0.7689684569479965 0.48011363636363635 0.042625745950554135 0.13522727272727272
0 0.6295822676896846 0.7164772727272727 0.041773231031543054 0.1375
0 0.36445012787723785 0.38579545454545455 0.03836317135549872 0.12386363636363637
0 0.3235294117647059 0.38636363636363635 0.03665814151747655 0.1159090909090909
0 0.9236999147485081 0.11818181818181818 0.03154305200341006 0.1
0 0.829070758738278 0.6659090909090909 0.04688832054560955 0.1340909090909091
0 0.9138959931798807 0.7920454545454545 0.05456095481670929 0.14545454545454545
0 0.9437340153452686 0.6738636363636363 0.0443307757885763 0.13863636363636364
0 0.5797101449275363 0.48352272727272727 0.0392156862745098 0.12386363636363637
0 0.45481670929241264 0.4556818181818182 0.043478260869565216 0.12272727272727273
0 0.479539641943734 0.45681818181818185 0.041773231031543054 0.12045454545454545
0 0.4961636828644501 0.5869318181818182 0.03751065643648764 0.1125
0 0.3256606990622336 0.035227272727272725 0.03580562659846547 0.06818181818181818
0 0.8107416879795396 0.30056818181818185 0.0392156862745098 0.11704545454545455
0 0.28388746803069054 0.9795454545454545 0.04092071611253197 0.04090909090909091
0 0.24040920716112532 0.9642045454545455 0.04774083546462063 0.07386363636363637
0 0.1517476555839727 0.9318181818181818 0.04603580562659847 0.13863636363636364
0 0.18840579710144928 0.9329545454545455 0.04603580562659847 0.13636363636363635
0 0.7817561807331628 0.16875 0.042625745950554135 0.10340909090909091
0 0.8107416879795396 0.1653409090909091 0.03239556692242114 0.09659090909090909
0 0.8508098891730606 0.13977272727272727 0.03580562659846547 0.10681818181818181
0 0.8388746803069054 0.15 0.03239556692242114 0.09772727272727273
0 0.8393009377664109 0.03579545454545455 0.03495311167945439 0.06931818181818182
0 0.5843989769820972 0.18920454545454546 0.028132992327365727 0.10113636363636364
0 0.7698209718670077 0.2784090909090909 0.03580562659846547 0.11363636363636363
0 0.7242114236999148 0.29545454545454547 0.03154305200341006 0.10454545454545454
0 0.7429667519181585 0.4056818181818182 0.045183290707587385 0.11363636363636363
0 0.7595907928388747 0.3625 0.03751065643648764 0.10454545454545454
0 0.7510656436487638 0.43977272727272726 0.0392156862745098 0.1
0 0.8192668371696504 0.42954545454545456 0.0392156862745098 0.11818181818181818
0 0.7455242966751918 0.36818181818181817 0.03495311167945439 0.10454545454545454
0 0.5865302642796248 0.28806818181818183 0.03580562659846547 0.11022727272727273
0 0.5524296675191815 0.28352272727272726 0.03751065643648764 0.11477272727272728
0 0.42071611253196933 0.1653409090909091 0.028132992327365727 0.08977272727272727
0 0.5046888320545609 0.042045454545454546 0.028985507246376812 0.08181818181818182
0 0.39855072463768115 0.9335227272727272 0.05370843989769821 0.13522727272727272
0 0.8580562659846548 0.21647727272727274 0.03836317135549872 0.10113636363636364
0 0.7902813299232737 0.2096590909090909 0.04092071611253197 0.11022727272727273
0 0.8427109974424553 0.26875 0.041773231031543054 0.10795454545454546
0 0.5758738277919864 0.2545454545454545 0.041773231031543054 0.12045454545454545
0 0.7033248081841432 0.35 0.04092071611253197 0.10227272727272728
0 0.525149190110827 0.04318181818181818 0.028985507246376812 0.08409090909090909
0 0.033674339300937765 0.9517045454545454 0.045183290707587385 0.09886363636363636
0 0.04859335038363171 0.9602272727272727 0.042625745950554135 0.07954545454545454
0 0.6892583120204604 0.7653409090909091 0.05200341005967604 0.13977272727272727
0 0.7485080988917306 0.7585227272727273 0.04603580562659847 0.14204545454545456
0 0.8013640238704177 0.7386363636363636 0.056265984654731455 0.14772727272727273
0 0.5711849957374254 0.6352272727272728 0.042625745950554135 0.12954545454545455
0 0.5993179880647911 0.6369318181818182 0.042625745950554135 0.13068181818181818
0 0.7668371696504689 0.56875 0.05029838022165388 0.13522727272727272
0 0.8052003410059676 0.48409090909090907 0.043478260869565216 0.13636363636363635
0 0.8324808184143222 0.4875 0.03665814151747655 0.11136363636363636
0 0.28090366581415177 0.08295454545454546 0.03324808184143223 0.09772727272727273
0 0.5119352088661552 0.27102272727272725 0.043478260869565216 0.11704545454545455
0 0.3537936913895993 0.2948863636363636 0.027280477408354646 0.08522727272727272
0 0.3674339300937766 0.29829545454545453 0.03580562659846547 0.11931818181818182
0 0.39215686274509803 0.29659090909090907 0.028985507246376812 0.08409090909090909
0 0.38448422847399827 0.17897727272727273 0.0392156862745098 0.10795454545454546
0 0.4948849104859335 0.24375 0.03665814151747655 0.11704545454545455
0 0.33674339300937767 0.0625 0.03410059676044331 0.09545454545454546
0 0.25404944586530265 0.014772727272727272 0.02557544757033248 0.02727272727272727
0 0.2280477408354646 0.33238636363636365 0.040068201193520885 0.10795454545454546
0 0.45694799658994034 0.03409090909090909 0.030690537084398978 0.0659090909090909
0 0.4838022165387894 0.036931818181818184 0.03665814151747655 0.0715909090909091
0 0.27578857630008524 0.007954545454545454 0.028132992327365727 0.013636363636363636
0 0.3435635123614663 0.03409090909090909 0.03239556692242114 0.0659090909090909
0 0.5115089514066496 0.06306818181818181 0.03239556692242114 0.09431818181818181
0 0.8179880647911338 0.21022727272727273 0.03836317135549872 0.10909090909090909
0 0.5502983802216539 0.2431818181818182 0.03495311167945439 0.10909090909090909
0 0.4663256606990622 0.7517045454545455 0.042625745950554135 0.15113636363636362
0 0.5034100596760444 0.7539772727272728 0.041773231031543054 0.14204545454545456
0 0.6875532821824382 0.69375 0.04688832054560955 0.13522727272727272
0 0.05115089514066496 0.5727272727272728 0.042625745950554135 0.13636363636363635
0 0.2340153452685422 0.5346590909090909 0.04688832054560955 0.12386363636363637
0 0.8878942881500427 0.8857954545454545 0.05370843989769821 0.15795454545454546
0 0.7809036658141517 0.6681818181818182 0.057971014492753624 0.14772727272727273
0 0.8584825234441603 0.6380681818181818 0.042625745950554135 0.1534090909090909
0 0.8904518329070759 0.6301136363636364 0.03836317135549872 0.15568181818181817
0 0.8815004262574595 0.5653409090909091 0.04774083546462063 0.12840909090909092
0 0.8286445012787724 0.3926136363636364 0.03751065643648764 0.12840909090909092
0 0.36231884057971014 0.26931818181818185 0.03751065643648764 0.10681818181818181
0 0.09505541346973571 0.4318181818181818 0.03836317135549872 0.1159090909090909
0 0.01619778346121057 0.45625 0.030690537084398978 0.12386363636363637
0 0.04390451832907076 0.4869318181818182 0.03154305200341006 0.10113636363636364
0 0.0123614663256607 0.5022727272727273 0.023017902813299233 0.12954545454545455
0 0.5417732310315431 0.5789772727272727 0.041773231031543054 0.13522727272727272
0 0.008525149190110827 0.34204545454545454 0.015345268542199489 0.10681818181818181
0 0.16410912190963342 0.23125 0.03665814151747655 0.1125
0 0.25021312872975277 0.3926136363636364 0.043478260869565216 0.12840909090909092
0 0.49317988064791135 0.42045454545454547 0.03324808184143223 0.1159090909090909
0 0.44714407502131287 0.3210227272727273 0.03324808184143223 0.10568181818181818
0 0.36445012787723785 0.23068181818181818 0.03665814151747655 0.10227272727272728
0 0.028985507246376812 0.34545454545454546 0.03751065643648764 0.11363636363636363
0 0.11466325660699062 0.3039772727272727 0.03665814151747655 0.11022727272727273
0 0.0784313725490196 0.38522727272727275 0.042625745950554135 0.12045454545454545
0 0.1555839727195226 0.26590909090909093 0.041773231031543054 0.12272727272727273
0 0.2915601023017903 0.4159090909090909 0.0494458653026428 0.11818181818181818
0 0.18797953964194372 0.2630681818181818 0.03665814151747655 0.11477272727272728
0 0.48508098891730606 0.12102272727272727 0.03751065643648764 0.09204545454545454
0 0.4560954816709292 0.38920454545454547 0.042625745950554135 0.1215909090909091
0 0.42028985507246375 0.3096590909090909 0.04092071611253197 0.11022727272727273
0 0.29923273657289 0.009659090909090909 0.03239556692242114 0.017045454545454544
0 0.44671781756180734 0.29318181818181815 0.03410059676044331 0.10909090909090909
0 0.5413469735720375 0.34602272727272726 0.0443307757885763 0.1215909090909091
0 0.3959931798806479 0.24034090909090908 0.03665814151747655 0.11931818181818182
0 0.24509803921568626 0.12897727272727272 0.03836317135549872 0.09204545454545454
0 0.4676044330775789 0.19943181818181818 0.03324808184143223 0.09659090909090909
0 0.21909633418584826 0.23920454545454545 0.0392156862745098 0.10795454545454546
0 0.3375959079283887 0.18693181818181817 0.03751065643648764 0.11022727272727273
0 0.39300937766410915 0.11193181818181819 0.03239556692242114 0.09431818181818181
0 0.09718670076726342 0.0715909090909091 0.04603580562659847 0.10227272727272728
0 0.41687979539641945 0.11988636363636364 0.03751065643648764 0.10113636363636364
0 0.5004262574595055 0.1590909090909091 0.03410059676044331 0.10909090909090909
0 0.4441602728047741 0.2 0.03580562659846547 0.10454545454545454
0 0.4658994032395567 0.11306818181818182 0.03324808184143223 0.10113636363636364
0 0.4416027280477408 0.12329545454545454 0.03239556692242114 0.08977272727272727
0 0.39471440750213127 0.08977272727272727 0.03580562659846547 0.09772727272727273
0 0.5349531116794544 0.06420454545454546 0.03324808184143223 0.09431818181818181
0 0.8653026427962489 0.2369318181818182 0.04092071611253197 0.11022727272727273
0 0.896845694799659 0.14545454545454545 0.028985507246376812 0.09090909090909091
0 0.8580562659846548 0.3261363636363636 0.045183290707587385 0.11363636363636363
0 0.8776641091219096 0.1409090909090909 0.03495311167945439 0.1
0 0.8461210571184996 0.3079545454545455 0.041773231031543054 0.11818181818181818
0 0.8218243819266837 0.3215909090909091 0.042625745950554135 0.10909090909090909
0 0.6419437340153452 0.6602272727272728 0.06308610400682012 0.15
0 0.9343563512361467 0.8698863636363636 0.057971014492753624 0.15795454545454546
0 0.14279624893435636 0.3119318181818182 0.041773231031543054 0.11477272727272728
0 0.39855072463768115 0.3806818181818182 0.04688832054560955 0.11136363636363636
0 0.6197783461210571 0.8255681818181818 0.061381074168797956 0.15795454545454546
0 0.48508098891730606 0.29715909090909093 0.03239556692242114 0.10568181818181818
0 0.45311167945439046 0.3534090909090909 0.045183290707587385 0.11818181818181818
0 0.45311167945439046 0.07897727272727273 0.028132992327365727 0.07840909090909091
0 0.06180733162830349 0.47670454545454544 0.03665814151747655 0.10795454545454546
