0 0.05456095481670929 0.9534090909090909 0.03751065643648764 0.09545454545454546
0 0.7928388746803069 0.7789772727272727 0.04603580562659847 0.13977272727272727
0 0.17050298380221654 0.5045454545454545 0.042625745950554135 0.1159090909090909
0 0.6896845694799659 0.5238636363636363 0.03410059676044331 0.11136363636363636
0 0.17391304347826086 0.46761363636363634 0.03410059676044331 0.10795454545454546
0 0.08482523444160273 0.4431818181818182 0.03495311167945439 0.11363636363636363
0 0.05029838022165388 0.43977272727272726 0.042625745950554135 0.11818181818181818
0 0.5468883205456095 0.5511363636363636 0.041773231031543054 0.12727272727272726
0 0.3030690537084399 0.3971590909090909 0.03324808184143223 0.11022727272727273
0 0.017902813299232736 0.3130681818181818 0.03410059676044331 0.09204545454545454
0 0.06777493606138107 0.30170454545454545 0.03324808184143223 0.10568181818181818
0 0.23742540494458653 0.3164772727272727 0.03324808184143223 0.11477272727272728
0 0.29454390451832907 0.30511363636363636 0.03836317135549872 0.11022727272727273
0 0.33461210571184996 0.31079545454545454 0.03665814151747655 0.10113636363636364
0 0.3333333333333333 0.35568181818181815 0.03751065643648764 0.10681818181818181
0 0.44458653026427963 0.4551136363636364 0.03324808184143223 0.12386363636363637
0 0.484228473998295 0.4511363636363636 0.03239556692242114 0.1159090909090909
0 0.5068201193520887 0.33693181818181817 0.03836317135549872 0.10568181818181818
0 0.3209718670076726 0.24488636363636362 0.029838022165387893 0.09659090909090909
0 0.45737425404944587 0.26704545454545453 0.03324808184143223 0.11136363636363636
0 0.407075873827792 0.26590909090909093 0.028132992327365727 0.10681818181818181
0 0.2911338448422847 0.12272727272727273 0.028132992327365727 0.08409090909090909
0 0.8350383631713555 0.16590909090909092 0.028132992327365727 0.08409090909090909
0 0.7975277067348678 0.16022727272727272 0.03154305200341006 0.09318181818181819
0 0.8627450980392157 0.17329545454545456 0.028985507246376812 0.09659090909090909
0 0.8461210571184996 0.30568181818181817 0.03324808184143223 0.10227272727272728
0 0.8171355498721228 0.30625 0.03154305200341006 0.08295454545454546
0 0.5652173913043478 0.12840909090909092 0.03580562659846547 0.10454545454545454
0 0.8333333333333334 0.3653409090909091 0.028132992327365727 0.10113636363636364
0 0.809462915601023 0.5079545454545454 0.040068201193520885 0.125
0 0.8891730605285593 0.9039772727272727 0.059676044330775786 0.15795454545454546
0 0.9633418584825234 0.8931818181818182 0.05285592497868713 0.16590909090909092
0 0.8405797101449275 0.9454545454545454 0.05456095481670929 0.11136363636363636
0 0.7698209718670077 0.94375 0.0443307757885763 0.10795454545454546
0 0.018329070758738276 0.9727272727272728 0.03495311167945439 0.056818181818181816
0 0.49445865302642794 0.7301136363636364 0.042625745950554135 0.1375
0 0.1969309462915601 0.5017045454545455 0.03751065643648764 0.11931818181818182
0 0.3670076726342711 0.42613636363636365 0.03324808184143223 0.11136363636363636
0 0.8115942028985508 0.6789772727272727 0.04774083546462063 0.13522727272727272
0 0.5473145780051151 0.71875 0.0443307757885763 0.14431818181818182
0 0.43478260869565216 0.5693181818181818 0.03410059676044331 0.12045454545454545
0 0.7361466325660699 0.5198863636363636 0.0247229326513214 0.11704545454545455
0 0.7591645353793691 0.5159090909090909 0.029838022165387893 0.09772727272727273
0 0.7821824381926684 0.49886363636363634 0.028132992327365727 0.1340909090909091
0 0.7391304347826086 0.4556818181818182 0.03751065643648764 0.12954545454545455
0 0.860613810741688 0.509090909090909 0.03324808184143223 0.12045454545454545
0 0.8081841432225064 0.3659090909090909 0.028985507246376812 0.09772727272727273
0 0.7736572890025576 0.2988636363636364 0.03324808184143223 0.10681818181818181
0 0.7958226768968457 0.3085227272727273 0.03324808184143223 0.09886363636363636
0 0.8601875532821824 0.07386363636363637 0.028985507246376812 0.08863636363636364
0 0.83461210571185 0.06818181818181818 0.028985507246376812 0.08863636363636364
0 0.3269394714407502 0.12556818181818183 0.0247229326513214 0.09204545454545454
0 0.3103154305200341 0.1318181818181818 0.023870417732310314 0.08409090909090909
0 0.2391304347826087 0.07272727272727272 0.0247229326513214 0.08863636363636364
0 0.26427962489343565 0.07272727272727272 0.023870417732310314 0.07954545454545454
0 0.29965899403239554 0.06363636363636363 0.021312872975277068 0.08409090909090909
0 0.3908780903665814 0.10056818181818182 0.0247229326513214 0.09431818181818181
0 0.4134697357203751 0.10511363636363637 0.02557544757033248 0.07613636363636364
0 0.4185848252344416 0.15056818181818182 0.02557544757033248 0.09659090909090909
0 0.42710997442455245 0.1340909090909091 0.02557544757033248 0.08409090909090909
0 0.46675191815856776 0.1380681818181818 0.03154305200341006 0.0875
0 0.5166240409207161 0.1340909090909091 0.03410059676044331 0.09772727272727273
0 0.46888320545609546 0.12102272727272727 0.02557544757033248 0.08068181818181819
0 0.43478260869565216 0.07215909090909091 0.028985507246376812 0.07613636363636364
0 0.4599317988064791 0.061931818181818185 0.0247229326513214 0.08295454545454546
0 0.49019607843137253 0.042045454545454546 0.023870417732310314 0.07727272727272727
0 0.47144075021312876 0.048863636363636366 0.02557544757033248 0.08181818181818182
0 0.29241261722080136 0.04431818181818182 0.02557544757033248 0.075
0 0.3213981244671782 0.048295454545454544 0.02557544757033248 0.08068181818181819
0 0.3154305200341006 0.06761363636363636 0.023870417732310314 0.08295454545454546
0 0.329923273657289 0.0659090909090909 0.023870417732310314 0.07272727272727272
0 0.3393009377664109 0.04715909090909091 0.020460358056265986 0.060227272727272727
0 0.3734015345268542 0.05795454545454545 0.027280477408354646 0.07954545454545454
0 0.5225916453537937 0.04659090909090909 0.02557544757033248 0.08409090909090909
0 0.42924126172208016 0.04147727272727273 0.0247229326513214 0.07386363636363637
0 0.473998294970162 0.01534090909090909 0.02216538789428815 0.028409090909090908
0 0.5703324808184144 0.055113636363636365 0.027280477408354646 0.07840909090909091
0 0.13640238704177324 0.9835227272727273 0.030690537084398978 0.03295454545454545
0 0.3597612958226769 0.07045454545454545 0.023870417732310314 0.0659090909090909
0 0.3333333333333333 0.4284090909090909 0.042625745950554135 0.1159090909090909
0 0.6265984654731458 0.8267045454545454 0.05285592497868713 0.14204545454545456
0 0.49957374254049447 0.8732954545454545 0.05115089514066496 0.13977272727272727
0 0.5865302642796248 0.7528409090909091 0.04603580562659847 0.14886363636363636
0 0.6231884057971014 0.8982954545454546 0.05115089514066496 0.15113636363636362
0 0.546462063086104 0.8767045454545455 0.05115089514066496 0.15795454545454546
0 0.5805626598465473 0.9034090909090909 0.0443307757885763 0.1
0 0.30477408354646207 0.8704545454545455 0.05541346973572037 0.1590909090909091
0 0.3422847399829497 0.8801136363636364 0.05200341005967604 0.14431818181818182
0 0.6692242114236999 0.8784090909090909 0.05115089514066496 0.1590909090909091
0 0.3393009377664109 0.7948863636363637 0.04603580562659847 0.1215909090909091
0 0.46121057118499575 0.6528409090909091 0.0443307757885763 0.1375
0 0.011082693947144074 0.4875 0.020460358056265986 0.125
0 0.09036658141517477 0.3522727272727273 0.0392156862745098 0.1
0 0.6918158567774936 0.45454545454545453 0.03665814151747655 0.1159090909090909
0 0.052429667519181586 0.6704545454545454 0.04688832054560955 0.14545454545454545
0 0.2728047740835465 0.48068181818181815 0.03751065643648764 0.1159090909090909
0 0.3069053708439898 0.48295454545454547 0.028985507246376812 0.12045454545454545
0 0.3597612958226769 0.4863636363636364 0.04092071611253197 0.11363636363636363
0 0.08695652173913043 0.7892045454545454 0.0494458653026428 0.14204545454545456
0 0.5004262574595055 0.6465909090909091 0.03751065643648764 0.125
0 0.14279624893435636 0.26647727272727273 0.03324808184143223 0.10113636363636364
0 0.3874680306905371 0.5386363636363637 0.03836317135549872 0.11136363636363636
0 0.3938618925831202 0.38693181818181815 0.03751065643648764 0.11477272727272728
0 0.17178175618073316 0.2767045454545455 0.028132992327365727 0.10113636363636364
0 0.08695652173913043 0.6840909090909091 0.0392156862745098 0.12045454545454545
0 0.12446717817561807 0.7875 0.0494458653026428 0.16590909090909092
0 0.876385336743393 0.6903409090909091 0.04774083546462063 0.13977272727272727
0 0.11381074168797954 0.34375 0.03324808184143223 0.08977272727272727
0 0.3290707587382779 0.4125 0.03239556692242114 0.11136363636363636
0 0.17178175618073316 0.98125 0.03665814151747655 0.03977272727272727
0 0.36231884057971014 0.5238636363636363 0.03751065643648764 0.1340909090909091
0 0.3648763853367434 0.10340909090909091 0.020460358056265986 0.07954545454545454
0 0.443307757885763 0.038636363636363635 0.020460358056265986 0.075
