0 0.23155985489721886 0.03564814814814815 0.03506650544135429 0.06944444444444445
0 0.2672309552599758 0.03009259259259259 0.03506650544135429 0.058333333333333334
0 0.13633615477629987 0.05462962962962963 0.03204353083434099 0.10555555555555556
0 0.24939540507859734 0.05 0.03688029020556227 0.09814814814814815
0 0.9561668681983071 0.0412037037037037 0.034461910519951636 0.08055555555555556
0 0.6414752116082225 0.04351851851851852 0.03990326481257558 0.08148148148148149
0 0.6698911729141476 0.0412037037037037 0.030229746070133012 0.08055555555555556
0 0.936819830713422 0.05787037037037037 0.03204353083434099 0.09907407407407408
0 0.9129383313180169 0.06805555555555555 0.03143893591293833 0.12685185185185185
0 0.9866989117291415 0.0587962962962963 0.02539298669891173 0.11574074074074074
0 0.4226118500604595 0.025 0.02176541717049577 0.04814814814814815
0 0.9211003627569528 0.9708333333333333 0.046553808948004836 0.06018518518518518
0 0.3863361547762999 0.5615740740740741 0.037484885126964934 0.16574074074074074
0 0.15024183796856105 0.3976851851851852 0.034461910519951636 0.14351851851851852
0 0.07194679564691657 0.4976851851851852 0.036275695284159616 0.14537037037037037
0 0.04897218863361548 0.4652777777777778 0.032648125755743655 0.15648148148148147
0 0.10459492140266022 0.48009259259259257 0.03990326481257558 0.15648148148148147
0 0.8506650544135429 0.38796296296296295 0.03506650544135429 0.13148148148148148
0 0.8685006045949214 0.35138888888888886 0.034461910519951636 0.12314814814814815
0 0.2717654171704958 0.6736111111111112 0.044135429262394194 0.1712962962962963
0 0.26541717049576785 0.6537037037037037 0.036275695284159616 0.1814814814814815
0 0.37726723095526 0.6481481481481481 0.03506650544135429 0.14629629629629629
0 0.22944377267230956 0.586574074074074 0.034461910519951636 0.14907407407407408
0 0.24334945586457074 0.5574074074074075 0.02962515114873035 0.14074074074074075
0 0.1946795646916566 0.5615740740740741 0.04232164449818621 0.13425925925925927
0 0.20435308343409916 0.5217592592592593 0.04232164449818621 0.15648148148148147
0 0.1626360338573156 0.5453703703703704 0.04353083434099154 0.16296296296296298
0 0.38391777509068925 0.23148148148148148 0.03506650544135429 0.12962962962962962
0 0.40477629987908104 0.2361111111111111 0.03204353083434099 0.12962962962962962
0 0.7070737605804112 0.37916666666666665 0.042926239419588876 0.11574074074074074
0 0.75 0.39537037037037037 0.04171704957678356 0.13703703703703704
0 0.2457678355501814 0.37222222222222223 0.035671100362756954 0.1425925925925926
0 0.24032648125755743 0.38935185185185184 0.03688029020556227 0.14537037037037037
0 0.9622128174123338 0.8439814814814814 0.04050785973397823 0.14537037037037037
0 0.30169286577992743 0.9657407407407408 0.0471584038694075 0.06851851851851852
0 0.39177750906892383 0.43842592592592594 0.03506650544135429 0.15648148148148147
0 0.31650544135429265 0.7777777777777778 0.046553808948004836 0.17037037037037037
0 0.9685610640870617 0.8925925925925926 0.060459492140266025 0.1648148148148148
0 0.9446795646916566 0.8958333333333334 0.0380894800483676 0.13240740740740742
0 0.29353083434099153 0.33935185185185185 0.034461910519951636 0.14907407407407408
0 0.3422007255139057 0.4759259259259259 0.037484885126964934 0.13148148148148148
0 0.34582829504232165 0.6805555555555556 0.03990326481257558 0.1685185185185185
0 0.5211608222490931 0.6398148148148148 0.03143893591293833 0.14074074074074075
0 0.36698911729141476 0.7064814814814815 0.03990326481257558 0.1574074074074074
0 0.3715235792019347 0.7361111111111112 0.04171704957678356 0.1648148148148148
0 0.5861547762998791 0.6199074074074075 0.044135429262394194 0.16574074074074074
0 0.6269649334945586 0.6342592592592593 0.044740024183796856 0.16666666666666666
0 0.6426844014510278 0.611574074074074 0.02902055622732769 0.12685185185185185
0 0.4410519951632406 0.7398148148148148 0.04050785973397823 0.14814814814814814
0 0.68863361547763 0.7074074074074074 0.05199516324062878 0.14814814814814814
0 0.4948609431680774 0.5657407407407408 0.039298669891172915 0.15185185185185185
0 0.4619105199516324 0.5393518518518519 0.04232164449818621 0.14537037037037037
0 0.4492140266021765 0.5018518518518519 0.044740024183796856 0.10740740740740741
0 0.527509068923821 0.5861111111111111 0.03688029020556227 0.1537037037037037
0 0.5535066505441354 0.6180555555555556 0.04050785973397823 0.15092592592592594
0 0.41293833131801694 0.023148148148148147 0.03143893591293833 0.044444444444444446
0 0.6390568319226119 0.9157407407407407 0.060459492140266025 0.14629629629629629
0 0.597037484885127 0.9675925925925926 0.042926239419588876 0.06481481481481481
0 0.6302902055622733 0.9699074074074074 0.0380894800483676 0.058333333333333334
0 0.7152357920193471 0.961574074074074 0.044740024183796856 0.0787037037037037
0 0.9600967351874244 0.20185185185185187 0.03385731559854897 0.1037037037037037
0 0.49758162031438935 0.9773148148148149 0.03869407496977025 0.04722222222222222
0 0.7385126964933495 0.7287037037037037 0.04534461910519952 0.1574074074074074
0 0.7726723095525998 0.7666666666666667 0.04232164449818621 0.15185185185185185
0 0.43047158403869407 0.5893518518518519 0.04232164449818621 0.15092592592592594
0 0.46432889963724305 0.5879629629629629 0.03143893591293833 0.14814814814814814
0 0.11789600967351874 0.586574074074074 0.044740024183796856 0.15462962962962962
0 0.14419588875453446 0.924537037037037 0.046553808948004836 0.1527777777777778
0 0.5386940749697703 0.6930555555555555 0.044740024183796856 0.16574074074074074
0 0.5695284159613059 0.6995370370370371 0.0471584038694075 0.16018518518518518
0 0.09068923821039904 0.5731481481481482 0.036275695284159616 0.14629629629629629
0 0.21130592503022974 0.22314814814814815 0.034461910519951636 0.11851851851851852
0 0.24758162031438935 0.21851851851851853 0.044135429262394194 0.14074074074074075
0 0.9637243047158404 0.1597222222222222 0.030229746070133012 0.12685185185185185
0 0.9337968561064087 0.19814814814814816 0.039298669891172915 0.12962962962962962
0 0.9603990326481258 0.1712962962962963 0.03688029020556227 0.12407407407407407
0 0.7297460701330108 0.5606481481481481 0.044740024183796856 0.16574074074074074
0 0.6955864570737605 0.5638888888888889 0.03688029020556227 0.1425925925925926
0 0.691354292623942 0.9115740740740741 0.05380894800483676 0.17314814814814813
0 0.24516324062877873 0.6310185185185185 0.03688029020556227 0.15833333333333333
0 0.27237001209189843 0.5967592592592592 0.04897218863361548 0.16203703703703703
0 0.2992744860943168 0.6486111111111111 0.036275695284159616 0.16574074074074074
0 0.309552599758162 0.40370370370370373 0.03990326481257558 0.12962962962962962
0 0.21281741233373638 0.4263888888888889 0.03506650544135429 0.14907407407407408
0 0.26360338573155984 0.4203703703703704 0.04232164449818621 0.13148148148148148
0 0.2781136638452237 0.3902777777777778 0.04232164449818621 0.14351851851851852
0 0.5882708585247884 0.2518518518518518 0.03990326481257558 0.12962962962962962
0 0.601571946795647 0.23564814814814813 0.03385731559854897 0.13240740740740742
0 0.13482466747279323 0.6305555555555555 0.03990326481257558 0.1574074074074074
0 0.750906892382104 0.9638888888888889 0.04353083434099154 0.07222222222222222
0 0.11003627569528417 0.6064814814814815 0.044740024183796856 0.17222222222222222
0 0.9398428053204353 0.937962962962963 0.0562273276904474 0.1259259259259259
0 0.9513301088270859 0.7060185185185185 0.06711003627569528 0.17314814814814813
0 0.5468561064087062 0.31805555555555554 0.0380894800483676 0.14907407407407408
0 0.5099758162031439 0.31666666666666665 0.03688029020556227 0.1388888888888889
0 0.4839782345828295 0.30787037037037035 0.039298669891172915 0.14537037037037037
0 0.9144498186215235 0.6259259259259259 0.046553808948004836 0.1685185185185185
0 0.8573155985489722 0.6416666666666667 0.05199516324062878 0.1574074074074074
0 0.8539903264812576 0.5120370370370371 0.044135429262394194 0.14814814814814814
0 0.8134824667472793 0.5064814814814815 0.04897218863361548 0.16111111111111112
0 0.6828899637243047 0.6416666666666667 0.04897218863361548 0.16296296296296298
0 0.4607013301088271 0.19212962962962962 0.032648125755743655 0.1287037037037037
0 0.19800483675937122 0.33425925925925926 0.03688029020556227 0.14814814814814814
0 0.004232164449818622 0.49212962962962964 0.007255139056831923 0.14351851851851852
0 0.75 0.3314814814814815 0.039298669891172915 0.1574074074074074
0 0.778415961305925 0.3287037037037037 0.034461910519951636 0.15
0 0.24879081015719468 0.17685185185185184 0.02720677146311971 0.13703703703703704
0 0.25211608222490933 0.11388888888888889 0.032648125755743655 0.13518518518518519
0 0.6251511487303507 0.39351851851851855 0.04353083434099154 0.14074074074074075
0 0.039298669891172915 0.5703703703703704 0.04232164449818621 0.15555555555555556
0 0.016324062877871828 0.5458333333333333 0.03143893591293833 0.17314814814814813
0 0.6683796856106409 0.6375 0.02962515114873035 0.12314814814814815
0 0.6880290205562273 0.48518518518518516 0.037484885126964934 0.11851851851851852
0 0.658403869407497 0.4925925925925926 0.041112454655380895 0.15185185185185185
0 0.27781136638452236 0.1287037037037037 0.02962515114873035 0.12037037037037036
0 0.6003627569528416 0.487962962962963 0.04232164449818621 0.1425925925925926
0 0.6318016928657799 0.46064814814814814 0.03869407496977025 0.14907407407407408
0 0.14298669891172913 0.48194444444444445 0.042926239419588876 0.15092592592592594
0 0.14600967351874244 0.5106481481481482 0.03688029020556227 0.15462962962962962
0 0.11729141475211609 0.5365740740740741 0.037484885126964934 0.14907407407407408
0 0.5743651753325272 0.5231481481481481 0.03143893591293833 0.11296296296296296
0 0.6438935912938332 0.37824074074074077 0.03506650544135429 0.12685185185185185
0 0.49334945586457074 0.8138888888888889 0.06166868198307134 0.17407407407407408
0 0.2327690447400242 0.9805555555555555 0.041112454655380895 0.03888888888888889
0 0.12001209189842806 0.9787037037037037 0.03204353083434099 0.044444444444444446
0 0.08282950423216445 0.9810185185185185 0.026602176541717048 0.03981481481481482
0 0.2599758162031439 0.8703703703703703 0.04232164449818621 0.16296296296296298
0 0.6844014510278114 0.7777777777777778 0.06892382103990327 0.17592592592592593
0 0.6103385731559855 0.7763888888888889 0.05985489721886336 0.15648148148148147
0 0.781136638452237 0.7222222222222222 0.04353083434099154 0.17222222222222222
0 0.1293833131801693 0.8736111111111111 0.044740024183796856 0.1712962962962963
0 0.7666263603385731 0.6699074074074074 0.045949214026602174 0.15462962962962962
0 0.03506650544135429 0.7032407407407407 0.0471584038694075 0.1675925925925926
0 0.21342200725513905 0.850925925925926 0.041112454655380895 0.17222222222222222
0 0.8119709794437727 0.33564814814814814 0.036275695284159616 0.14907407407407408
0 0.7977629987908101 0.27685185185185185 0.03688029020556227 0.12407407407407407
0 0.9220072551390568 0.26944444444444443 0.0471584038694075 0.1425925925925926
0 0.5755743651753326 0.2074074074074074 0.03506650544135429 0.13703703703703704
0 0.599758162031439 0.20601851851851852 0.03506650544135429 0.13240740740740742
0 0.6526602176541717 0.22083333333333333 0.044135429262394194 0.1398148148148148
0 0.4507255139056832 0.10694444444444444 0.034461910519951636 0.11203703703703703
0 0.4866989117291415 0.1087962962962963 0.032648125755743655 0.12685185185185185
0 0.5498790810157195 0.09537037037037037 0.0380894800483676 0.13518518518518519
0 0.6088270858524788 0.05694444444444444 0.03506650544135429 0.11203703703703703
0 0.5716444981862152 0.04814814814814815 0.04534461910519952 0.09444444444444444
0 0.04927448609431681 0.3416666666666667 0.03688029020556227 0.13703703703703704
0 0.309552599758162 0.18287037037037038 0.04232164449818621 0.12314814814814815
0 0.28234582829504234 0.18425925925925926 0.04232164449818621 0.12037037037037036
0 0.10429262394195889 0.18009259259259258 0.03325272067714631 0.13240740740740742
0 0.14087061668681983 0.1962962962962963 0.03506650544135429 0.14629629629629629
0 0.16626360338573157 0.1912037037037037 0.03385731559854897 0.14351851851851852
0 0.22218863361547764 0.12129629629629629 0.0380894800483676 0.11851851851851852
0 0.02267230955259976 0.33564814814814814 0.034461910519951636 0.1398148148148148
0 0.010278113663845224 0.18194444444444444 0.019347037484885126 0.14351851851851852
0 0.12605804111245467 0.2986111111111111 0.035671100362756954 0.1398148148148148
0 0.06711003627569528 0.10231481481481482 0.036275695284159616 0.1287037037037037
0 0.1889359129383313 0.11435185185185186 0.034461910519951636 0.13425925925925927
0 0.016928657799274487 0.22083333333333333 0.032648125755743655 0.13796296296296295
0 0.009975816203143894 0.12962962962962962 0.018742442563482467 0.11851851851851852
0 0.11487303506650544 0.10972222222222222 0.03506650544135429 0.14537037037037037
0 0.17049576783555018 0.09259259259259259 0.03506650544135429 0.13148148148148148
0 0.9806529625151149 0.26296296296296295 0.03143893591293833 0.14074074074074075
0 0.8818016928657799 0.28055555555555556 0.04171704957678356 0.13518518518518519
0 0.8715235792019347 0.19675925925925927 0.034461910519951636 0.11574074074074074
0 0.909310761789601 0.21342592592592594 0.030229746070133012 0.13796296296296295
0 0.846130592503023 0.15 0.03688029020556227 0.13518518518518519
0 0.8923821039903265 0.09722222222222222 0.03385731559854897 0.12962962962962962
0 0.9135429262394196 0.16203703703703703 0.032648125755743655 0.12407407407407407
0 0.016021765417170496 0.44583333333333336 0.03083434099153567 0.14907407407407408
0 0.0380894800483676 0.4222222222222222 0.037484885126964934 0.14629629629629629
0 0.9588875453446191 0.25416666666666665 0.036275695284159616 0.12129629629629629
0 0.9256348246674728 0.12083333333333333 0.03143893591293833 0.12129629629629629
0 0.03476420798065296 0.4638888888888889 0.034461910519951636 0.1259259259259259
0 0.03053204353083434 0.10046296296296296 0.03204353083434099 0.12129629629629629
0 0.1526602176541717 0.14722222222222223 0.035671100362756954 0.14074074074074075
0 0.056831922611850064 0.07777777777777778 0.032648125755743655 0.13148148148148148
0 0.018440145102781136 0.0763888888888889 0.035671100362756954 0.13055555555555556
0 0.17049576783555018 0.05 0.032648125755743655 0.09814814814814815
0 0.8908706166868199 0.14629629629629629 0.034461910519951636 0.12962962962962962
0 0.9204957678355502 0.13564814814814816 0.03325272067714631 0.12314814814814815
0 0.8966142684401451 0.18564814814814815 0.030229746070133012 0.12685185185185185
0 0.9141475211608222 0.24212962962962964 0.03990326481257558 0.13796296296296295
0 0.12666263603385733 0.1884259259259259 0.03204353083434099 0.13240740740740742
0 0.6058041112454655 0.5101851851851852 0.03869407496977025 0.15185185185185185
0 0.5154171704957679 0.08148148148148149 0.03204353083434099 0.11851851851851852
0 0.009673518742442563 0.399537037037037 0.018137847642079808 0.16018518518518518
0 0.11698911729141476 0.2601851851851852 0.03204353083434099 0.13148148148148148
