0 0.703125 0.5574074074074075 0.05625 0.19814814814814816
0 0.2921875 0.4615740740740741 0.036458333333333336 0.1712962962962963
0 0.5619791666666667 0.43194444444444446 0.041666666666666664 0.19537037037037036
0 0.5174479166666667 0.44074074074074077 0.044270833333333336 0.17592592592592593
0 0.2984375 0.4212962962962963 0.036458333333333336 0.1574074074074074
0 0.5942708333333333 0.5592592592592592 0.04479166666666667 0.22407407407407406
0 0.5638020833333334 0.37824074074074077 0.03177083333333333 0.1287037037037037
0 0.5158854166666667 0.3226851851851852 0.0296875 0.12685185185185185
0 0.53359375 0.3277777777777778 0.027604166666666666 0.11296296296296296
0 0.47239583333333335 0.33287037037037037 0.030208333333333334 0.13425925925925927
0 0.8088541666666667 0.36157407407407405 0.030208333333333334 0.15462962962962962
0 0.4583333333333333 0.36712962962962964 0.030208333333333334 0.14537037037037037
0 0.03333333333333333 0.7578703703703704 0.057291666666666664 0.27685185185185185
0 0.4236979166666667 0.2898148148148148 0.03177083333333333 0.12037037037037036
0 0.3776041666666667 0.287962962962963 0.030208333333333334 0.13148148148148148
0 0.371875 0.28194444444444444 0.027083333333333334 0.125
0 0.78125 0.8601851851851852 0.07604166666666666 0.2814814814814815
0 0.6893229166666667 0.8657407407407407 0.07239583333333334 0.27037037037037037
0 0.58046875 0.9773148148148149 0.04114583333333333 0.04722222222222222
0 0.5208333333333334 0.9527777777777777 0.06458333333333334 0.0962962962962963
0 0.10026041666666667 0.562962962962963 0.044270833333333336 0.1962962962962963
0 0.3385416666666667 0.362962962962963 0.030208333333333334 0.14629629629629629
0 0.7794270833333333 0.39166666666666666 0.033854166666666664 0.1685185185185185
0 0.058854166666666666 0.9416666666666667 0.08854166666666667 0.11851851851851852
0 0.13125 0.8828703703703704 0.071875 0.2361111111111111
0 0.19453125 0.8930555555555556 0.07135416666666666 0.21574074074074073
0 0.2760416666666667 0.5314814814814814 0.06354166666666666 0.21851851851851853
0 0.05572916666666667 0.9004629629629629 0.06875 0.20092592592592592
0 0.49557291666666664 0.3939814814814815 0.033854166666666664 0.1638888888888889
0 0.26927083333333335 0.5717592592592593 0.05 0.25092592592592594
0 0.7661458333333333 0.4583333333333333 0.03229166666666667 0.1648148148148148
0 0.8661458333333333 0.6523148148148148 0.0625 0.2361111111111111
0 0.50078125 0.5120370370370371 0.05572916666666667 0.1925925925925926
0 0.4015625 0.5976851851851852 0.05 0.22314814814814815
0 0.7484375 0.48148148148148145 0.046875 0.19444444444444445
0 0.6611979166666667 0.4935185185185185 0.0546875 0.2037037037037037
0 0.7169270833333333 0.4671296296296296 0.04739583333333333 0.19166666666666668
0 0.42135416666666664 0.44166666666666665 0.041666666666666664 0.17592592592592593
