0 0.5550181378476421 0.8865740740740741 0.04353083434099154 0.1824074074074074
0 0.5522974607013301 0.9291666666666667 0.04171704957678356 0.14351851851851852
0 0.3932889963724305 0.5666666666666667 0.03688029020556227 0.13518518518518519
0 0.3908706166868198 0.6013888888888889 0.04171704957678356 0.15462962962962962
0 0.7218863361547763 0.6986111111111111 0.0471584038694075 0.1824074074074074
0 0.718863361547763 0.7245370370370371 0.05199516324062878 0.1824074074074074
0 0.6865175332527207 0.7574074074074074 0.046553808948004836 0.17407407407407408
0 0.3382708585247884 0.3087962962962963 0.03688029020556227 0.1398148148148148
0 0.2850665054413543 0.33055555555555555 0.03204353083434099 0.14074074074074075
0 0.36608222490931075 0.31342592592592594 0.039298669891172915 0.14537037037037037
0 0.39510278113663844 0.29444444444444445 0.03688029020556227 0.14074074074074075
0 0.30350665054413545 0.3388888888888889 0.044740024183796856 0.14444444444444443
0 0.6366384522370012 0.9638888888888889 0.05199516324062878 0.07407407407407407
0 0.6735187424425635 0.9541666666666667 0.04232164449818621 0.09351851851851851
0 0.6248488512696493 0.950462962962963 0.04171704957678356 0.10092592592592593
0 0.813180169286578 0.8356481481481481 0.04353083434099154 0.1712962962962963
0 0.8926844014510278 0.8736111111111111 0.05380894800483676 0.175
0 0.8204353083434099 0.7694444444444445 0.036275695284159616 0.12407407407407407
0 0.8482466747279322 0.762962962962963 0.03990326481257558 0.13333333333333333
0 0.003022974607013301 0.375 0.0048367593712212815 0.13703703703703704
0 0.9189842805320435 0.29583333333333334 0.044740024183796856 0.15462962962962962
0 0.9555622732769045 0.2671296296296296 0.0380894800483676 0.12129629629629629
0 0.18016928657799275 0.3226851851851852 0.037484885126964934 0.1287037037037037
0 0.044437726723095525 0.3902777777777778 0.047762998790810154 0.14907407407407408
0 0.2439540507859734 0.32731481481481484 0.039298669891172915 0.14537037037037037
0 0.5955259975816203 0.46064814814814814 0.03869407496977025 0.1712962962962963
0 0.24879081015719468 0.2675925925925926 0.03325272067714631 0.1425925925925926
0 0.24546553808948005 0.36574074074074076 0.03869407496977025 0.1425925925925926
0 0.6311970979443773 0.3398148148148148 0.04232164449818621 0.13703703703703704
0 0.6632406287787183 0.3199074074074074 0.0471584038694075 0.1398148148148148
0 0.7013301088270859 0.2847222222222222 0.045949214026602174 0.13425925925925927
0 0.7923216444981862 0.3101851851851852 0.039298669891172915 0.13518518518518519
0 0.779322853688029 0.3263888888888889 0.041112454655380895 0.14537037037037037
0 0.7844619105199516 0.4638888888888889 0.044135429262394194 0.14074074074074075
0 0.975211608222491 0.5092592592592593 0.03990326481257558 0.14444444444444443
0 0.9546553808948005 0.5296296296296297 0.041112454655380895 0.1425925925925926
0 0.9410519951632407 0.6513888888888889 0.042926239419588876 0.16203703703703703
0 0.910217654171705 0.6685185185185185 0.047762998790810154 0.17777777777777778
0 0.8373639661426844 0.674074074074074 0.04232164449818621 0.1537037037037037
0 0.8047158403869408 0.7236111111111111 0.0592503022974607 0.14907407407407408
0 0.9461910519951633 0.7703703703703704 0.05804111245465538 0.16296296296296298
0 0.9392382103990327 0.8694444444444445 0.047762998790810154 0.17592592592592593
0 0.625453446191052 0.6240740740740741 0.04534461910519952 0.15925925925925927
0 0.650241837968561 0.6472222222222223 0.044135429262394194 0.16296296296296298
0 0.8775695284159613 0.5171296296296296 0.03204353083434099 0.13425925925925927
0 0.8633615477629988 0.5171296296296296 0.03990326481257558 0.14166666666666666
0 0.5876662636033857 0.725462962962963 0.053204353083434096 0.1712962962962963
0 0.5529020556227328 0.7101851851851851 0.046553808948004836 0.16296296296296298
0 0.7312575574365175 0.6347222222222222 0.03688029020556227 0.13240740740740742
0 0.7726723095525998 0.6486111111111111 0.044740024183796856 0.11944444444444445
0 0.8022974607013301 0.6388888888888888 0.04353083434099154 0.1685185185185185
0 0.8440145102781137 0.3888888888888889 0.03385731559854897 0.13518518518518519
0 0.8618500604594922 0.3712962962962963 0.034461910519951636 0.11851851851851852
0 0.7998790810157195 0.9722222222222222 0.044740024183796856 0.05555555555555555
0 0.06952841596130592 0.6157407407407407 0.044740024183796856 0.1574074074074074
0 0.10731559854897219 0.5953703703703703 0.04171704957678356 0.14814814814814814
0 0.1444981862152358 0.7675925925925926 0.04353083434099154 0.1814814814814815
0 0.09492140266021766 0.7666666666666667 0.04836759371221282 0.1685185185185185
0 0.2962515114873035 0.6699074074074074 0.049576783555018135 0.16018518518518518
0 0.34885126964933494 0.6421296296296296 0.04232164449818621 0.16574074074074074
0 0.3724304715840387 0.663425925925926 0.036275695284159616 0.13240740740740742
0 0.5278113663845224 0.9324074074074075 0.037484885126964934 0.11296296296296296
0 0.07587666263603386 0.4777777777777778 0.0501813784764208 0.14074074074074075
0 0.46765417170495766 0.9069444444444444 0.051390568319226115 0.1712962962962963
0 0.8155985489721886 0.45185185185185184 0.04836759371221282 0.14074074074074075
0 0.2097944377267231 0.3296296296296296 0.03990326481257558 0.14814814814814814
0 0.015114873035066506 0.3972222222222222 0.02902055622732769 0.13148148148148148
0 0.07799274486094317 0.425462962962963 0.04836759371221282 0.1712962962962963
0 0.23760580411124546 0.6032407407407407 0.03869407496977025 0.15648148148148147
0 0.2351874244256348 0.5703703703703704 0.03385731559854897 0.14814814814814814
0 0.19195888754534463 0.6032407407407407 0.04171704957678356 0.1398148148148148
0 0.20556227327690446 0.5476851851851852 0.04232164449818621 0.14351851851851852
0 0.1677750906892382 0.5699074074074074 0.039298669891172915 0.15092592592592594
0 0.3270858524788392 0.5986111111111111 0.037484885126964934 0.15462962962962962
0 0.3866384522370012 0.2574074074074074 0.034461910519951636 0.12962962962962962
0 0.40931076178960096 0.25972222222222224 0.02902055622732769 0.13240740740740742
0 0.35066505441354295 0.5875 0.03506650544135429 0.1287037037037037
0 0.7152357920193471 0.9629629629629629 0.044740024183796856 0.07592592592592592
0 0.7131197097944377 0.3921296296296296 0.044135429262394194 0.12129629629629629
0 0.757255139056832 0.39814814814814814 0.04050785973397823 0.13703703703703704
0 0.26934703748488514 0.3962962962962963 0.03688029020556227 0.1425925925925926
0 0.24909310761789602 0.4115740740740741 0.03506650544135429 0.14351851851851852
0 0.7732769044740024 0.5680555555555555 0.03143893591293833 0.1287037037037037
0 0.46644498186215233 0.9851851851851852 0.034461910519951636 0.03148148148148148
0 0.4026602176541717 0.9259259259259259 0.05078597339782346 0.15
0 0.3222490931076179 0.961574074074074 0.05078597339782346 0.0787037037037037
0 0.533857315598549 0.5972222222222222 0.0471584038694075 0.1574074074074074
0 0.3222490931076179 0.7944444444444444 0.05078597339782346 0.16296296296296298
0 0.7149334945586457 0.5888888888888889 0.044135429262394194 0.14814814814814814
0 0.6958887545344619 0.6101851851851852 0.041112454655380895 0.12037037037037036
0 0.5522974607013301 0.6277777777777778 0.0380894800483676 0.16111111111111112
0 0.3778718258766626 0.9449074074074074 0.060459492140266025 0.11203703703703703
0 0.3512696493349456 0.4976851851851852 0.037484885126964934 0.13240740740740742
0 0.2877871825876663 0.4699074074074074 0.03869407496977025 0.15462962962962962
0 0.2587666263603386 0.7574074074074074 0.04232164449818621 0.18518518518518517
0 0.47762998790810157 0.44907407407407407 0.02781136638452237 0.13518518518518519
0 0.3567110036275695 0.7314814814814815 0.041112454655380895 0.15925925925925927
0 0.3811970979443773 0.7870370370370371 0.0501813784764208 0.15925925925925927
0 0.38724304715840385 0.7546296296296297 0.039298669891172915 0.1685185185185185
0 0.3304111245465538 0.7430555555555556 0.04171704957678356 0.17685185185185184
0 0.02176541717049577 0.7893518518518519 0.04232164449818621 0.16203703703703703
0 0.009068923821039904 0.7518518518518519 0.016928657799274487 0.14629629629629629
0 0.45918984280532044 0.7569444444444444 0.039298669891172915 0.15462962962962962
0 0.6792623941958887 0.7180555555555556 0.046553808948004836 0.15092592592592594
0 0.3899637243047158 0.4597222222222222 0.03385731559854897 0.10462962962962963
0 0.466142684401451 0.5606481481481481 0.036275695284159616 0.1398148148148148
0 0.4546553808948005 0.5152777777777777 0.03869407496977025 0.10462962962962963
0 0.219770253929867 0.8731481481481481 0.051390568319226115 0.1648148148148148
0 0.46735187424425634 0.42453703703703705 0.032648125755743655 0.1398148148148148
0 0.5003022974607013 0.4152777777777778 0.034461910519951636 0.14907407407407408
0 0.469770253929867 0.638425925925926 0.03869407496977025 0.15092592592592594
0 0.44316807738814995 0.4361111111111111 0.02781136638452237 0.12407407407407407
0 0.48941958887545345 0.46944444444444444 0.039298669891172915 0.12407407407407407
0 0.12394195888754535 0.9611111111111111 0.05562273276904474 0.07962962962962963
0 0.5931076178960096 0.6074074074074074 0.03506650544135429 0.10925925925925926
0 0.5749697702539298 0.5703703703703704 0.03990326481257558 0.14629629629629629
0 0.9304715840386941 0.06388888888888888 0.03869407496977025 0.1111111111111111
0 0.9337968561064087 0.03981481481481482 0.039298669891172915 0.07777777777777778
0 0.9504232164449818 0.08888888888888889 0.02781136638452237 0.09814814814814815
0 0.9891172914147521 0.22685185185185186 0.02176541717049577 0.12407407407407407
0 0.904776299879081 0.25 0.0380894800483676 0.14814814814814814
0 0.8884522370012092 0.27037037037037037 0.03688029020556227 0.13518518518518519
0 0.9873035066505441 0.3087962962962963 0.02418379685610641 0.1398148148148148
0 0.907496977025393 0.37592592592592594 0.044740024183796856 0.14629629629629629
0 0.9425634824667473 0.3453703703703704 0.049576783555018135 0.1537037037037037
0 0.9770253929866989 0.35833333333333334 0.036275695284159616 0.1425925925925926
0 0.879081015719468 0.45694444444444443 0.04232164449818621 0.14907407407407408
0 0.8905683192261185 0.4708333333333333 0.044740024183796856 0.15092592592592594
0 0.7986698911729141 0.37777777777777777 0.037484885126964934 0.14814814814814814
0 0.844316807738815 0.47824074074074074 0.042926239419588876 0.15092592592592594
0 0.8833131801692866 0.6986111111111111 0.04836759371221282 0.16018518518518518
0 0.6880290205562273 0.050462962962962966 0.030229746070133012 0.09907407407407408
0 0.7025392986698912 0.05324074074074074 0.032648125755743655 0.10462962962962963
0 0.6741233373639661 0.03564814814814815 0.03506650544135429 0.06944444444444445
0 0.597037484885127 0.06527777777777778 0.03688029020556227 0.1287037037037037
0 0.6408706166868199 0.055092592592592596 0.03506650544135429 0.10833333333333334
0 0.6321039903264812 0.075 0.039298669891172915 0.11851851851851852
0 0.5931076178960096 0.08009259259259259 0.032648125755743655 0.11574074074074074
0 0.6432889963724304 0.14722222222222223 0.037484885126964934 0.12962962962962962
0 0.593409915356711 0.12407407407407407 0.03688029020556227 0.13703703703703704
0 0.5779927448609432 0.1425925925925926 0.030229746070133012 0.12037037037037036
0 0.6230350665054414 0.1597222222222222 0.02720677146311971 0.08796296296296297
0 0.6030834340991535 0.16296296296296298 0.03204353083434099 0.12407407407407407
0 0.555925030229746 0.0875 0.035671100362756954 0.1175925925925926
0 0.527509068923821 0.09027777777777778 0.02962515114873035 0.10833333333333334
0 0.5253929866989118 0.033796296296296297 0.037484885126964934 0.06574074074074074
0 0.5114873035066505 0.03518518518518519 0.02781136638452237 0.06851851851851852
0 0.6801692865779927 0.1814814814814815 0.03385731559854897 0.12962962962962962
0 0.654776299879081 0.2537037037037037 0.03990326481257558 0.12037037037037036
0 0.6614268440145102 0.2828703703703704 0.037484885126964934 0.14351851851851852
0 0.718863361547763 0.24953703703703703 0.037484885126964934 0.14351851851851852
0 0.4455864570737606 0.05462962962962963 0.030229746070133012 0.1037037037037037
0 0.4848851269649335 0.09444444444444444 0.030229746070133012 0.12962962962962962
0 0.3926844014510278 0.033796296296296297 0.034461910519951636 0.06574074074074074
0 0.42019347037484883 0.052314814814814814 0.030229746070133012 0.10277777777777777
0 0.3403869407496977 0.0625 0.04232164449818621 0.12314814814814815
0 0.4247279322853688 0.11342592592592593 0.034461910519951636 0.12685185185185185
0 0.4549576783555018 0.12731481481481483 0.035671100362756954 0.12314814814814815
0 0.6399637243047158 0.46296296296296297 0.04897218863361548 0.15185185185185185
0 0.7512091898428053 0.3384259259259259 0.039298669891172915 0.1398148148148148
0 0.28688029020556227 0.4351851851851852 0.04897218863361548 0.14814814814814814
0 0.1807738814993954 0.4324074074074074 0.05078597339782346 0.13148148148148148
0 0.049879081015719466 0.047685185185185185 0.039298669891172915 0.09351851851851851
0 0.0773881499395405 0.037037037037037035 0.03385731559854897 0.07222222222222222
0 0.15114873035066506 0.0587962962962963 0.03506650544135429 0.11574074074074074
0 0.20435308343409916 0.04537037037037037 0.03506650544135429 0.08888888888888889
0 0.2279322853688029 0.050462962962962966 0.030229746070133012 0.09907407407407408
0 0.26058041112454655 0.055092592592592596 0.032648125755743655 0.10833333333333334
0 0.27448609431680776 0.060648148148148145 0.03506650544135429 0.11944444444444445
0 0.18591293833131803 0.047685185185185185 0.039298669891172915 0.09351851851851851
0 0.12182587666263603 0.03611111111111111 0.03083434099153567 0.07037037037037037
0 0.17442563482466747 0.08101851851851852 0.034461910519951636 0.12314814814814815
0 0.3180169286577993 0.0912037037037037 0.032648125755743655 0.12314814814814815
0 0.3648730350665054 0.08657407407407407 0.039298669891172915 0.125
0 0.4198911729141475 0.07777777777777778 0.042926239419588876 0.1259259259259259
0 0.3603385731559855 0.24166666666666667 0.037484885126964934 0.14074074074074075
0 0.18833131801692865 0.1375 0.03204353083434099 0.13240740740740742
0 0.20918984280532044 0.14027777777777778 0.030229746070133012 0.13425925925925927
0 0.3225513905683192 0.17916666666666667 0.034461910519951636 0.13796296296296295
0 0.2950423216444982 0.16944444444444445 0.03990326481257558 0.13518518518518519
0 0.38784764207980654 0.18564814814814815 0.035671100362756954 0.12685185185185185
0 0.34915356711003626 0.20601851851851852 0.039298669891172915 0.125
0 0.40114873035066506 0.22407407407407406 0.039298669891172915 0.14814814814814814
0 0.45949214026602175 0.2935185185185185 0.037484885126964934 0.13518518518518519
0 0.47249093107617895 0.32592592592592595 0.039298669891172915 0.1537037037037037
0 0.4319830713422007 0.32083333333333336 0.03688029020556227 0.14907407407407408
0 0.21311970979443773 0.29444444444444445 0.02962515114873035 0.13148148148148148
0 0.1816807738814994 0.27314814814814814 0.04050785973397823 0.1425925925925926
0 0.12394195888754535 0.24074074074074073 0.037484885126964934 0.12962962962962962
0 0.10973397823458284 0.21388888888888888 0.039298669891172915 0.12962962962962962
0 0.1457073760580411 0.1935185185185185 0.03143893591293833 0.13518518518518519
0 0.9588875453446191 0.3226851851851852 0.037484885126964934 0.14537037037037037
0 0.6596130592503023 0.12268518518518519 0.045949214026602174 0.14351851851851852
0 0.9824667472793228 0.030555555555555555 0.032648125755743655 0.05925925925925926
0 0.5752720677146312 0.06527777777777778 0.03688029020556227 0.12129629629629629
0 0.4797460701330109 0.02962962962962963 0.02720677146311971 0.05740740740740741
