0 0.5577388149939541 0.8976851851851851 0.044135429262394194 0.1712962962962963
0 0.5556227327690447 0.9365740740740741 0.041112454655380895 0.1287037037037037
0 0.38905683192261187 0.5648148148148148 0.03688029020556227 0.13518518518518519
0 0.25634824667472794 0.6699074074074074 0.04232164449818621 0.16574074074074074
0 0.7448609431680774 0.8384259259259259 0.04836759371221282 0.16944444444444445
0 0.7294437726723095 0.874537037037037 0.058645707376058044 0.18055555555555555
0 0.7067714631197098 0.9032407407407408 0.0471584038694075 0.16574074074074074
0 0.3316203143893591 0.3537037037037037 0.039298669891172915 0.1685185185185185
0 0.28264812575574366 0.3425925925925926 0.03204353083434099 0.14074074074074075
0 0.3304111245465538 0.39166666666666666 0.039298669891172915 0.1425925925925926
0 0.3654776299879081 0.350462962962963 0.03688029020556227 0.14537037037037037
0 0.2599758162031439 0.3574074074074074 0.04232164449818621 0.14629629629629629
0 0.6336154776299879 0.9638888888888889 0.05199516324062878 0.07407407407407407
0 0.6735187424425635 0.9541666666666667 0.04232164449818621 0.09351851851851851
0 0.6251511487303507 0.950462962962963 0.041112454655380895 0.10092592592592593
0 0.8494558645707376 0.9712962962962963 0.03385731559854897 0.05925925925925926
0 0.8842200725513906 0.9666666666666667 0.04050785973397823 0.06666666666666667
0 0.05199516324062878 0.4361111111111111 0.03385731559854897 0.12037037037037036
0 0.11668681983071343 0.45694444444444443 0.03869407496977025 0.15833333333333333
0 0.5435308343409916 0.6875 0.045949214026602174 0.18796296296296297
0 0.08403869407496976 0.37916666666666665 0.032648125755743655 0.15648148148148147
0 0.06529625151148731 0.5046296296296297 0.05078597339782346 0.1574074074074074
0 0.6892382103990327 0.49444444444444446 0.04232164449818621 0.14629629629629629
0 0.717956469165659 0.46805555555555556 0.051390568319226115 0.15462962962962962
0 0.7016324062877872 0.40879629629629627 0.04050785973397823 0.13425925925925927
0 0.8364570737605804 0.48148148148148145 0.044135429262394194 0.1425925925925926
0 0.81136638452237 0.4925925925925926 0.044740024183796856 0.1574074074074074
0 0.7902055622732769 0.6347222222222222 0.045949214026602174 0.1527777777777778
0 0.9833736396614269 0.9125 0.03204353083434099 0.15833333333333333
0 0.9504232164449818 0.9175925925925926 0.05078597339782346 0.16666666666666666
0 0.8107617896009673 0.8888888888888888 0.041112454655380895 0.11851851851851852
0 0.8464328899637243 0.8768518518518519 0.045949214026602174 0.15555555555555556
0 0.8751511487303507 0.8986111111111111 0.03688029020556227 0.12129629629629629
0 0.7841596130592503 0.9310185185185185 0.05804111245465538 0.1398148148148148
0 0.6055018137847642 0.850925925925926 0.05380894800483676 0.17407407407407408
0 0.6018742442563483 0.8962962962962963 0.047762998790810154 0.16666666666666666
0 0.9876058041112454 0.7013888888888888 0.02357920193470375 0.14722222222222223
0 0.9721886336154776 0.6990740740740741 0.044740024183796856 0.14629629629629629
0 0.31680773881499397 0.8972222222222223 0.049576783555018135 0.17962962962962964
0 0.2880894800483676 0.8842592592592593 0.0380894800483676 0.17222222222222222
0 0.8249697702539298 0.7851851851851852 0.03688029020556227 0.14074074074074075
0 0.8648730350665055 0.8263888888888888 0.044135429262394194 0.13796296296296295
0 0.902962515114873 0.825 0.051390568319226115 0.17037037037037037
0 0.8428053204353083 0.3851851851851852 0.03506650544135429 0.13518518518518519
0 0.8624546553808948 0.37962962962962965 0.044135429262394194 0.11481481481481481
0 0.08524788391777509 0.874537037037037 0.04836759371221282 0.16574074074074074
0 0.12091898428053205 0.8532407407407407 0.0471584038694075 0.17314814814814813
0 0.08524788391777509 0.9546296296296296 0.053204353083434096 0.09259259259259259
0 0.051390568319226115 0.9481481481481482 0.0471584038694075 0.10555555555555556
0 0.29443772672309554 0.6703703703703704 0.049576783555018135 0.15925925925925927
0 0.3533857315598549 0.638425925925926 0.04171704957678356 0.16574074074074074
0 0.3775695284159613 0.6597222222222222 0.03688029020556227 0.13240740740740742
0 0.5057436517533253 0.9337962962962963 0.05259975816203144 0.13425925925925927
0 0.8337363966142685 0.6268518518518519 0.05078597339782346 0.1537037037037037
0 0.07496977025392987 0.4462962962962963 0.0471584038694075 0.15185185185185185
0 0.2351874244256348 0.6032407407407407 0.03869407496977025 0.15648148148148147
0 0.18712212817412333 0.600462962962963 0.04171704957678356 0.1398148148148148
0 0.2037484885126965 0.5532407407407407 0.04232164449818621 0.14351851851851852
0 0.16596130592503022 0.5736111111111111 0.039298669891172915 0.15092592592592594
0 0.282950423216445 0.6388888888888888 0.0471584038694075 0.1537037037037037
0 0.3845223700120919 0.25324074074074077 0.03385731559854897 0.13055555555555556
0 0.40810157194679564 0.2569444444444444 0.02902055622732769 0.13240740740740742
0 0.2874848851269649 0.6027777777777777 0.03204353083434099 0.12962962962962962
0 0.7128174123337364 0.9629629629629629 0.044740024183796856 0.07592592592592592
0 0.7158403869407497 0.399537037037037 0.03869407496977025 0.1287037037037037
0 0.752720677146312 0.41064814814814815 0.03869407496977025 0.13425925925925927
0 0.2672309552599758 0.39444444444444443 0.03869407496977025 0.1388888888888889
0 0.24909310761789602 0.4115740740740741 0.03506650544135429 0.14351851851851852
0 0.909310761789601 0.6856481481481481 0.041112454655380895 0.13796296296296295
0 0.3041112454655381 0.9777777777777777 0.037484885126964934 0.046296296296296294
0 0.4616082224909311 0.9851851851851852 0.039298669891172915 0.03148148148148148
0 0.5462515114873036 0.5740740740740741 0.039298669891172915 0.1574074074074074
0 0.32013301088270857 0.7907407407407407 0.046553808948004836 0.16296296296296298
0 0.8787787182587666 0.7018518518518518 0.03688029020556227 0.14814814814814814
0 0.597037484885127 0.5847222222222223 0.04171704957678356 0.15462962962962962
0 0.34885126964933494 0.49583333333333335 0.037484885126964934 0.13240740740740742
0 0.2880894800483676 0.5055555555555555 0.034461910519951636 0.1574074074074074
0 0.4746070133010883 0.45185185185185184 0.02781136638452237 0.13518518518518519
0 0.3594316807738815 0.7277777777777777 0.042926239419588876 0.15925925925925927
0 0.2578597339782346 0.8083333333333333 0.04534461910519952 0.1574074074074074
0 0.3811970979443773 0.7546296296296297 0.039298669891172915 0.1685185185185185
0 0.32285368802902054 0.7384259259259259 0.04836759371221282 0.1824074074074074
0 0.16293833131801694 0.9226851851851852 0.047762998790810154 0.15648148148148147
0 0.08736396614268441 0.7949074074074074 0.05501813784764208 0.17314814814814813
0 0.22370012091898428 0.8412037037037037 0.05199516324062878 0.175
0 0.19105199516324062 0.8337962962962963 0.04232164449818621 0.13796296296296295
0 0.4528415961305925 0.7620370370370371 0.0471584038694075 0.15185185185185185
0 0.6729141475211609 0.7273148148148149 0.0471584038694075 0.15092592592592594
0 0.38724304715840385 0.4597222222222222 0.034461910519951636 0.10648148148148148
0 0.4655380894800484 0.5606481481481481 0.036275695284159616 0.1398148148148148
0 0.4495163240628779 0.5180555555555556 0.039298669891172915 0.10462962962962963
0 0.46432889963724305 0.42824074074074076 0.032648125755743655 0.1398148148148148
0 0.496372430471584 0.4162037037037037 0.03385731559854897 0.14907407407407408
0 0.3567110036275695 0.6972222222222222 0.049576783555018135 0.1537037037037037
0 0.439540507859734 0.4444444444444444 0.02781136638452237 0.12407407407407407
0 0.4939540507859734 0.5254629629629629 0.03990326481257558 0.12314814814814815
0 0.533857315598549 0.39675925925925926 0.03506650544135429 0.10462962962962963
0 0.5087666263603385 0.37777777777777777 0.0380894800483676 0.13703703703703704
0 0.8654776299879081 0.20833333333333334 0.039298669891172915 0.14629629629629629
0 0.8911729141475212 0.14583333333333334 0.03990326481257558 0.12314814814814815
0 0.8869407496977025 0.2361111111111111 0.02902055622732769 0.10740740740740741
0 0.9492140266021766 0.42962962962962964 0.044740024183796856 0.14814814814814814
0 0.9788391777509069 0.4444444444444444 0.03869407496977025 0.14074074074074075
0 0.8612454655380894 0.6462962962962963 0.047762998790810154 0.1537037037037037
0 0.8385731559854898 0.7166666666666667 0.041112454655380895 0.15
0 0.8996372430471584 0.7337962962962963 0.03869407496977025 0.1398148148148148
0 0.682285368802902 0.6092592592592593 0.039298669891172915 0.14814814814814814
0 0.8748488512696493 0.7680555555555556 0.03990326481257558 0.16203703703703703
0 0.903869407496977 0.9185185185185185 0.05078597339782346 0.14814814814814814
0 0.6910519951632407 0.125 0.03385731559854897 0.12037037037037036
0 0.6680773881499396 0.12175925925925926 0.037484885126964934 0.12314814814814815
0 0.599758162031439 0.15231481481481482 0.036275695284159616 0.1398148148148148
0 0.529322853688029 0.1449074074074074 0.034461910519951636 0.13796296296296295
0 0.7212817412333736 0.13842592592592592 0.036275695284159616 0.12129629629629629
0 0.6571946795646917 0.18564814814814815 0.03990326481257558 0.12685185185185185
0 0.6058041112454655 0.19212962962962962 0.032648125755743655 0.11574074074074074
0 0.6970979443772672 0.2902777777777778 0.03990326481257558 0.13425925925925927
0 0.6287787182587666 0.27870370370370373 0.041112454655380895 0.14814814814814814
0 0.5991535671100363 0.30462962962962964 0.041112454655380895 0.13148148148148148
0 0.6360338573155986 0.32685185185185184 0.03506650544135429 0.13518518518518519
0 0.5308343409915357 0.2263888888888889 0.03385731559854897 0.1287037037037037
0 0.4951632406287787 0.23333333333333334 0.030229746070133012 0.11481481481481481
0 0.5211608222490931 0.12407407407407407 0.037484885126964934 0.13518518518518519
0 0.49939540507859737 0.12222222222222222 0.02781136638452237 0.11296296296296296
0 0.6753325272067715 0.325 0.041112454655380895 0.14814814814814814
0 0.6118500604594922 0.3990740740740741 0.03869407496977025 0.14074074074074075
0 0.6336154776299879 0.4111111111111111 0.037484885126964934 0.14629629629629629
0 0.660217654171705 0.3958333333333333 0.03990326481257558 0.15092592592592594
0 0.4153567110036276 0.14305555555555555 0.03506650544135429 0.11574074074074074
0 0.36638452237001207 0.2050925925925926 0.03506650544135429 0.13055555555555556
0 0.45102781136638453 0.11157407407407408 0.03385731559854897 0.13425925925925927
0 0.4371221281741233 0.0962962962962963 0.03506650544135429 0.1259259259259259
0 0.3887545344619105 0.13055555555555556 0.030229746070133012 0.11851851851851852
0 0.1487303506650544 0.17407407407407408 0.041112454655380895 0.14814814814814814
0 0.25151148730350664 0.22361111111111112 0.036275695284159616 0.13796296296296295
0 0.27871825876662637 0.24537037037037038 0.03869407496977025 0.12407407407407407
0 0.6000604594921403 0.6712962962962963 0.04897218863361548 0.1574074074074074
0 0.7666263603385731 0.49907407407407406 0.044740024183796856 0.14074074074074075
0 0.5979443772672309 0.47129629629629627 0.05199516324062878 0.1425925925925926
0 0.532043530834341 0.4759259259259259 0.05078597339782346 0.1425925925925926
0 0.017230955259975818 0.16111111111111112 0.03325272067714631 0.1259259259259259
0 0.12424425634824668 0.13703703703703704 0.044135429262394194 0.13333333333333333
0 0.15568319226118502 0.11342592592592593 0.035671100362756954 0.12685185185185185
0 0.17835550181378476 0.12731481481481483 0.02781136638452237 0.12129629629629629
0 0.2551390568319226 0.11435185185185186 0.03385731559854897 0.1175925925925926
0 0.27781136638452236 0.11527777777777778 0.034461910519951636 0.12314814814814815
0 0.15900846432889965 0.08518518518518518 0.03990326481257558 0.1425925925925926
0 0.17230955259975816 0.1912037037037037 0.032648125755743655 0.13796296296296295
0 0.499093107617896 0.10092592592592593 0.02962515114873035 0.12407407407407407
0 0.5516928657799275 0.08888888888888889 0.03204353083434099 0.1259259259259259
0 0.5909915356711004 0.08564814814814815 0.02720677146311971 0.12685185185185185
0 0.22339782345828296 0.3773148148148148 0.039298669891172915 0.14907407407407408
0 0.04353083434099154 0.28703703703703703 0.03990326481257558 0.14074074074074075
0 0.06801692865779928 0.28055555555555556 0.034461910519951636 0.12962962962962962
0 0.1946795646916566 0.30324074074074076 0.036275695284159616 0.14537037037037037
0 0.16807738814993953 0.3013888888888889 0.03990326481257558 0.14537037037037037
0 0.5232769044740024 0.28379629629629627 0.03688029020556227 0.1287037037037037
0 0.501813784764208 0.3101851851851852 0.03990326481257558 0.13518518518518519
0 0.2249093107617896 0.3333333333333333 0.03869407496977025 0.14814814814814814
0 0.26481257557436516 0.37916666666666665 0.037484885126964934 0.14351851851851852
0 0.3183192261185006 0.49074074074074076 0.04171704957678356 0.17962962962962964
0 0.25755743651753327 0.5009259259259259 0.041112454655380895 0.15185185185185185
0 0.04564691656590085 0.4199074074074074 0.034461910519951636 0.13240740740740742
0 0.009673518742442563 0.4375 0.018137847642079808 0.15648148148148147
0 0.004232164449818622 0.3888888888888889 0.007255139056831923 0.13703703703703704
0 0.004232164449818622 0.36342592592592593 0.007255139056831923 0.15092592592592594
0 0.042926239419588876 0.3375 0.03869407496977025 0.1287037037037037
0 0.7140266021765417 0.26851851851851855 0.045949214026602174 0.1574074074074074
0 0.9721886336154776 0.15601851851851853 0.036275695284159616 0.13240740740740742
0 0.9667472793228536 0.10972222222222222 0.03143893591293833 0.11203703703703703
0 0.9356106408706167 0.09166666666666666 0.03204353083434099 0.13703703703703704
0 0.9888149939540508 0.03657407407407407 0.021160822249093107 0.0712962962962963
0 0.9597944377267231 0.03194444444444444 0.02962515114873035 0.062037037037037036
0 0.932285368802902 0.13333333333333333 0.03990326481257558 0.12962962962962962
0 0.048065296251511486 0.059722222222222225 0.044135429262394194 0.1175925925925926
0 0.1094316807738815 0.1310185185185185 0.037484885126964934 0.12685185185185185
0 0.09673518742442563 0.06712962962962964 0.037484885126964934 0.13240740740740742
0 0.35882708585247886 0.1111111111111111 0.03204353083434099 0.12222222222222222
0 0.5822249093107618 0.1912037037037037 0.03990326481257558 0.12314814814814815
0 0.186819830713422 0.09351851851851851 0.032648125755743655 0.14074074074074075
0 0.5453446191051995 0.15138888888888888 0.03385731559854897 0.1287037037037037
0 0.6321039903264812 0.14351851851851852 0.034461910519951636 0.13518518518518519
0 0.342503022974607 0.09490740740740741 0.03325272067714631 0.13425925925925927
0 0.5888754534461911 0.1375 0.037484885126964934 0.13240740740740742
0 0.4622128174123337 0.0625 0.03204353083434099 0.12314814814814815
0 0.6451027811366384 0.09259259259259259 0.037484885126964934 0.12962962962962962
0 0.619105199516324 0.037037037037037035 0.037484885126964934 0.07222222222222222
0 0.437726723095526 0.055092592592592596 0.03506650544135429 0.10833333333333334
0 0.13240628778718258 0.0699074074074074 0.03143893591293833 0.11944444444444445
0 0.3957073760580411 0.034722222222222224 0.03204353083434099 0.06759259259259259
0 0.24667472793228537 0.05092592592592592 0.032648125755743655 0.1
0 0.5619709794437727 0.0763888888888889 0.034461910519951636 0.12129629629629629
0 0.5447400241837969 0.06296296296296296 0.036275695284159616 0.12407407407407407
0 0.3567110036275695 0.05092592592592592 0.03506650544135429 0.1
0 0.2889963724304716 0.0763888888888889 0.030229746070133012 0.11574074074074074
0 0.3225513905683192 0.05277777777777778 0.02962515114873035 0.1037037037037037
0 0.50453446191052 0.024074074074074074 0.03083434099153567 0.046296296296296294
0 0.4077992744860943 0.0837962962962963 0.03204353083434099 0.11574074074074074
0 0.3802902055622733 0.07962962962962963 0.030229746070133012 0.12037037037037036
0 0.28597339782345826 0.04675925925925926 0.032648125755743655 0.09166666666666666
0 0.2158403869407497 0.08888888888888889 0.03506650544135429 0.1388888888888889
