0 0.31354166666666666 0.4356481481481482 0.036458333333333336 0.16203703703703703
0 0.5432291666666667 0.40925925925925927 0.03854166666666667 0.1685185185185185
0 0.5083333333333333 0.412962962962963 0.03854166666666667 0.17407407407407408
0 0.5669270833333333 0.549537037037037 0.044270833333333336 0.20462962962962963
0 0.5458333333333333 0.3712962962962963 0.03229166666666667 0.12962962962962962
0 0.4947916666666667 0.3111111111111111 0.030208333333333334 0.1259259259259259
0 0.5122395833333333 0.31157407407407406 0.025520833333333333 0.11018518518518519
0 0.45260416666666664 0.3138888888888889 0.028125 0.11851851851851852
0 0.809375 0.3685185185185185 0.03333333333333333 0.15555555555555556
0 0.4546875 0.35648148148148145 0.030208333333333334 0.14074074074074075
0 0.42135416666666664 0.28425925925925927 0.03125 0.12037037037037036
0 0.365625 0.2851851851851852 0.03229166666666667 0.1388888888888889
0 0.7513020833333334 0.38935185185185184 0.034895833333333334 0.1675925925925926
0 0.8684895833333334 0.9212962962962963 0.08177083333333333 0.15925925925925927
0 0.76484375 0.9305555555555556 0.0765625 0.14074074074074075
0 0.10338541666666666 0.5657407407407408 0.044270833333333336 0.1962962962962963
0 0.7622395833333333 0.39537037037037037 0.0296875 0.17407407407407408
0 0.10390625 0.8902777777777777 0.08072916666666667 0.21944444444444444
0 0.17864583333333334 0.825 0.07083333333333333 0.26851851851851855
0 0.24322916666666666 0.837037037037037 0.06666666666666667 0.2518518518518518
0 0.19609375 0.5726851851851852 0.0453125 0.23981481481481481
0 0.1046875 0.825 0.059375 0.23148148148148148
0 0.8625 0.5449074074074074 0.06041666666666667 0.19537037037037036
0 0.58828125 0.3851851851851852 0.03177083333333333 0.17407407407407408
0 0.4859375 0.37962962962962965 0.03333333333333333 0.15925925925925927
0 0.2890625 0.5268518518518519 0.04791666666666667 0.23148148148148148
0 0.7205729166666667 0.4388888888888889 0.0296875 0.15925925925925927
0 0.34869791666666666 0.3875 0.03177083333333333 0.1361111111111111
0 0.7799479166666666 0.7157407407407408 0.0671875 0.26296296296296295
0 0.6270833333333333 0.5412037037037037 0.06041666666666667 0.20092592592592592
0 0.42265625 0.5393518518518519 0.044270833333333336 0.20462962962962963
0 0.6143229166666667 0.46574074074074073 0.04010416666666667 0.1814814814814815
0 0.5447916666666667 0.4689814814814815 0.05 0.18981481481481483
0 0.5911458333333334 0.4425925925925926 0.040625 0.1814814814814815
0 0.37083333333333335 0.4162037037037037 0.03854166666666667 0.15833333333333333
