0 0.7587382779198636 0.4596590909090909 0.042625745950554135 0.1125
0 0.14194373401534527 0.13465909090909092 0.03495311167945439 0.09431818181818181
0 0.07033248081841433 0.1318181818181818 0.03154305200341006 0.1
0 0.05370843989769821 0.34147727272727274 0.0443307757885763 0.10795454545454546
0 0.5289855072463768 0.1744318181818182 0.0247229326513214 0.0875
0 0.3435635123614663 0.15965909090909092 0.03239556692242114 0.0875
0 0.5166240409207161 0.16477272727272727 0.03239556692242114 0.08409090909090909
0 0.3111679454390452 0.15056818181818182 0.028985507246376812 0.08068181818181819
0 0.2958226768968457 0.13579545454545455 0.028985507246376812 0.0875
0 0.27067348678601877 0.13295454545454546 0.03154305200341006 0.09318181818181819
0 0.4803921568627451 0.16590909090909092 0.03154305200341006 0.1
0 0.3277919863597613 0.12670454545454546 0.03154305200341006 0.09431818181818181
0 0.23742540494458653 0.06931818181818182 0.03154305200341006 0.08409090909090909
0 0.27877237851662406 0.06818181818181818 0.028985507246376812 0.07045454545454545
0 0.29752770673486784 0.05227272727272727 0.030690537084398978 0.08409090909090909
0 0.34612105711849955 0.06363636363636363 0.028985507246376812 0.08409090909090909
0 0.3836317135549872 0.06647727272727273 0.030690537084398978 0.0875
0 0.41091219096334186 0.06761363636363636 0.03239556692242114 0.0875
0 0.4322250639386189 0.04772727272727273 0.028985507246376812 0.08636363636363636
0 0.4859335038363171 0.09772727272727273 0.03239556692242114 0.08409090909090909
0 0.5123614663256607 0.09488636363636363 0.03239556692242114 0.08068181818181819
0 0.4914748508098892 0.05284090909090909 0.03154305200341006 0.08295454545454546
0 0.36615515771526 0.026704545454545453 0.028132992327365727 0.05113636363636364
0 0.973998294970162 0.05738636363636364 0.03495311167945439 0.0875
0 0.9258312020460358 0.02784090909090909 0.03239556692242114 0.053409090909090906
0 0.8414322250639387 0.09204545454545454 0.03410059676044331 0.1
0 0.3013640238704177 0.038636363636363635 0.028132992327365727 0.07045454545454545
0 0.7246376811594203 0.3125 0.04092071611253197 0.10681818181818181
0 0.7583120204603581 0.4238636363636364 0.03665814151747655 0.10454545454545454
0 0.6973572037510657 0.4329545454545455 0.03410059676044331 0.09772727272727273
0 0.5583972719522592 0.4772727272727273 0.028985507246376812 0.07954545454545454
0 0.5831202046035806 0.32329545454545455 0.03751065643648764 0.09886363636363636
0 0.38064791133844844 0.16079545454545455 0.03154305200341006 0.0875
0 0.1875532821824382 0.56875 0.04603580562659847 0.12840909090909092
0 0.933930093776641 0.9375 0.045183290707587385 0.125
0 0.9437340153452686 0.9579545454545455 0.0443307757885763 0.08636363636363636
0 0.9765558397271952 0.9397727272727273 0.03495311167945439 0.12272727272727273
0 0.526001705029838 0.39375 0.04092071611253197 0.10795454545454546
0 0.3797953964194373 0.3971590909090909 0.03836317135549872 0.11022727272727273
0 0.40025575447570333 0.35454545454545455 0.03836317135549872 0.11136363636363636
0 0.5485933503836317 0.38238636363636364 0.03495311167945439 0.10795454545454546
0 0.4215686274509804 0.4096590909090909 0.04688832054560955 0.11704545454545455
0 0.4514066496163683 0.4278409090909091 0.0247229326513214 0.0715909090909091
0 0.16965046888320545 0.43522727272727274 0.042625745950554135 0.11818181818181818
0 0.3009377664109122 0.37386363636363634 0.03410059676044331 0.1159090909090909
0 0.33461210571184996 0.3778409090909091 0.03324808184143223 0.10795454545454546
0 0.09761295822676896 0.22727272727272727 0.028132992327365727 0.09772727272727273
0 0.5076726342710998 0.36818181818181817 0.03324808184143223 0.12272727272727273
0 0.3815004262574595 0.3170454545454545 0.03836317135549872 0.11136363636363636
0 0.4761295822676897 0.2909090909090909 0.03324808184143223 0.10681818181818181
0 0.02855924978687127 0.1965909090909091 0.03324808184143223 0.09772727272727273
0 0.15387894288150042 0.19943181818181818 0.03324808184143223 0.09886363636363636
0 0.12318840579710146 0.20454545454545456 0.028132992327365727 0.10227272727272728
0 0.21611253196930946 0.13295454545454546 0.03154305200341006 0.08636363636363636
0 0.5596760443307758 0.16363636363636364 0.03154305200341006 0.09772727272727273
0 0.24509803921568626 0.21534090909090908 0.03665814151747655 0.10568181818181818
0 0.35038363171355497 0.1846590909090909 0.03580562659846547 0.09659090909090909
0 0.38064791133844844 0.18238636363636362 0.03154305200341006 0.10340909090909091
0 0.4151747655583973 0.1846590909090909 0.03580562659846547 0.09659090909090909
0 0.36018755328218244 0.25113636363636366 0.03665814151747655 0.09318181818181819
0 0.505541346973572 0.2857954545454545 0.028985507246376812 0.10795454545454546
0 0.29241261722080136 0.09545454545454546 0.027280477408354646 0.07727272727272727
0 0.4906223358908781 0.1943181818181818 0.03154305200341006 0.09090909090909091
0 0.39428815004262574 0.6778409090909091 0.04688832054560955 0.1375
0 0.4514066496163683 0.14772727272727273 0.03495311167945439 0.09090909090909091
0 0.30988917306052854 0.10340909090909091 0.028132992327365727 0.08409090909090909
0 0.27791986359761295 0.2215909090909091 0.028985507246376812 0.08863636363636364
0 0.386615515771526 0.24204545454545454 0.03324808184143223 0.11136363636363636
0 0.24595055413469735 0.13295454545454546 0.03154305200341006 0.08409090909090909
0 0.3614663256606991 0.13125 0.03239556692242114 0.0875
0 0.48678601875532823 0.6102272727272727 0.0443307757885763 0.13636363636363635
0 0.7327365728900256 0.9602272727272727 0.045183290707587385 0.08181818181818182
0 0.11253196930946291 0.9806818181818182 0.03580562659846547 0.04090909090909091
0 0.16112531969309463 0.9801136363636364 0.04092071611253197 0.042045454545454546
0 0.540920716112532 0.9488636363636364 0.03836317135549872 0.10454545454545454
0 0.8047740835464621 0.8272727272727273 0.0494458653026428 0.14545454545454545
0 0.3350383631713555 0.8284090909090909 0.05115089514066496 0.14545454545454545
0 0.8145780051150895 0.9375 0.05541346973572037 0.12727272727272726
0 0.35507246376811596 0.9818181818181818 0.03836317135549872 0.03409090909090909
0 0.49445865302642794 0.9386363636363636 0.04603580562659847 0.125
0 0.10869565217391304 0.8517045454545454 0.05711849957374254 0.1534090909090909
0 0.4403239556692242 0.6142045454545455 0.03495311167945439 0.13068181818181818
0 0.08056265984654731 0.5159090909090909 0.026427962489343565 0.09545454545454546
0 0.46547314578005117 0.5744318181818182 0.042625745950554135 0.12386363636363637
0 0.510230179028133 0.5704545454545454 0.03665814151747655 0.11818181818181818
0 0.4663256606990622 0.1875 0.03580562659846547 0.09090909090909091
0 0.04219948849104859 0.48806818181818185 0.03665814151747655 0.11704545454545455
0 0.06564364876385337 0.5107954545454545 0.02557544757033248 0.07840909090909091
0 0.8175618073316283 0.4778409090909091 0.03580562659846547 0.11477272727272728
0 0.005115089514066497 0.5482954545454546 0.008525149190110827 0.12840909090909092
0 0.4062233589087809 0.977840909090909 0.041773231031543054 0.04659090909090909
