0 0.35859375 0.3148148148148148 0.033854166666666664 0.13518518518518519
0 0.540625 0.3837962962962963 0.042708333333333334 0.17314814814814813
0 0.3888020833333333 0.24768518518518517 0.027604166666666666 0.12314814814814815
0 0.42526041666666664 0.3314814814814815 0.034895833333333334 0.1574074074074074
0 0.4 0.3194444444444444 0.035416666666666666 0.1574074074074074
0 0.11302083333333333 0.5212962962962963 0.040625 0.18703703703703703
0 0.6286458333333333 0.31666666666666665 0.03229166666666667 0.13518518518518519
0 0.58984375 0.31712962962962965 0.0296875 0.1398148148148148
0 0.3770833333333333 0.32037037037037036 0.028125 0.1425925925925926
0 0.25338541666666664 0.8657407407407407 0.08697916666666666 0.27037037037037037
0 0.18385416666666668 0.8527777777777777 0.08229166666666667 0.29444444444444445
0 0.37395833333333334 0.799074074074074 0.05520833333333333 0.29259259259259257
0 0.17708333333333334 0.6 0.07395833333333333 0.24814814814814815
0 0.26901041666666664 0.6416666666666667 0.0546875 0.23703703703703705
0 0.32395833333333335 0.5587962962962963 0.05416666666666667 0.21574074074074073
0 0.36380208333333336 0.5481481481481482 0.044270833333333336 0.1962962962962963
0 0.3736979166666667 0.6 0.0421875 0.17592592592592593
0 0.3921875 0.49722222222222223 0.041666666666666664 0.22592592592592592
0 0.42682291666666666 0.5328703703703703 0.0390625 0.14907407407407408
0 0.5703125 0.4356481481481482 0.05 0.18981481481481483
0 0.6953125 0.4398148148148148 0.05625 0.1814814814814815
0 0.33229166666666665 0.40046296296296297 0.042708333333333334 0.1675925925925926
0 0.36770833333333336 0.39814814814814814 0.04479166666666667 0.17222222222222222
0 0.39296875 0.3962962962962963 0.03802083333333333 0.15185185185185185
0 0.4440104166666667 0.40555555555555556 0.03802083333333333 0.14629629629629629
0 0.49192708333333335 0.37407407407407406 0.0421875 0.1648148148148148
0 0.044270833333333336 0.6648148148148149 0.06041666666666667 0.26296296296296295
0 0.3140625 0.3787037037037037 0.034375 0.15925925925925927
0 0.57578125 0.34675925925925927 0.0390625 0.15462962962962962
0 0.55859375 0.29814814814814816 0.033854166666666664 0.13703703703703704
0 0.5361979166666667 0.29074074074074074 0.030729166666666665 0.12407407407407407
0 0.49765625 0.3314814814814815 0.03177083333333333 0.14629629629629629
0 0.5015625 0.2902777777777778 0.030208333333333334 0.12314814814814815
0 0.47369791666666666 0.32916666666666666 0.0359375 0.16203703703703703
0 0.4359375 0.3037037037037037 0.029166666666666667 0.13148148148148148
0 0.43697916666666664 0.2310185185185185 0.028125 0.1287037037037037
0 0.37604166666666666 0.22592592592592592 0.028125 0.11851851851851852
0 0.37916666666666665 0.21296296296296297 0.027083333333333334 0.11481481481481481
0 0.5247395833333334 0.37407407407407406 0.0328125 0.15925925925925927
