0 0.5825272067714631 0.9685185185185186 0.046553808948004836 0.06481481481481481
0 0.6351269649334945 0.9425925925925925 0.0501813784764208 0.11481481481481481
0 0.5888754534461911 0.9518518518518518 0.036275695284159616 0.09814814814814815
0 0.8204353083434099 0.8300925925925926 0.04232164449818621 0.1398148148148148
0 0.011487303506650543 0.9685185185185186 0.02176541717049577 0.06481481481481481
0 0.10731559854897219 0.7074074074074074 0.039298669891172915 0.1685185185185185
0 0.05894800483675937 0.7462962962962963 0.046553808948004836 0.16296296296296298
0 0.6420798065296252 0.5009259259259259 0.044740024183796856 0.14814814814814814
0 0.28990326481257556 0.5356481481481481 0.046553808948004836 0.1398148148148148
0 0.25332527206771466 0.5185185185185185 0.03869407496977025 0.14814814814814814
0 0.13301088270858524 0.3287037037037037 0.036275695284159616 0.13703703703703704
0 0.006952841596130592 0.3574074074074074 0.012696493349455865 0.15185185185185185
0 0.05078597339782346 0.3800925925925926 0.044740024183796856 0.14351851851851852
0 0.11487303506650544 0.4203703703703704 0.04353083434099154 0.1537037037037037
0 0.1617291414752116 0.4310185185185185 0.04171704957678356 0.1712962962962963
0 0.5785973397823458 0.26296296296296295 0.032648125755743655 0.13518518518518519
0 0.07557436517533253 0.4708333333333333 0.045949214026602174 0.15092592592592594
0 0.010580411124546553 0.49027777777777776 0.01995163240628779 0.14907407407407408
0 0.5752720677146312 0.3037037037037037 0.04171704957678356 0.1537037037037037
0 0.601571946795647 0.3194444444444444 0.032648125755743655 0.1425925925925926
0 0.6937726723095526 0.6337962962962963 0.044135429262394194 0.16018518518518518
0 0.7382103990326482 0.6314814814814815 0.044740024183796856 0.14629629629629629
0 0.3681983071342201 0.27175925925925926 0.037484885126964934 0.12314814814814815
0 0.33675937122128174 0.2916666666666667 0.02781136638452237 0.11296296296296296
0 0.46342200725513905 0.25925925925925924 0.02720677146311971 0.13518518518518519
0 0.45646916565900847 0.2759259259259259 0.030229746070133012 0.13703703703703704
0 0.5214631197097944 0.48055555555555557 0.03204353083434099 0.13518518518518519
0 0.5553204353083434 0.4050925925925926 0.02962515114873035 0.12685185185185185
0 0.5646916565900847 0.4375 0.030229746070133012 0.13055555555555556
0 0.5133010882708585 0.5277777777777778 0.036275695284159616 0.1425925925925926
0 0.37001209189842804 0.3050925925925926 0.02902055622732769 0.13240740740740742
0 0.682285368802902 0.7407407407407407 0.0501813784764208 0.1685185185185185
0 0.7645102781136639 0.7351851851851852 0.044135429262394194 0.1574074074074074
0 0.7781136638452237 0.6930555555555555 0.044740024183796856 0.14537037037037037
0 0.975211608222491 0.7143518518518519 0.041112454655380895 0.15648148148148147
0 0.9262394195888755 0.7 0.05199516324062878 0.16296296296296298
0 0.6181983071342201 0.8050925925925926 0.04897218863361548 0.16944444444444445
0 0.8960096735187424 0.5523148148148148 0.03869407496977025 0.14722222222222223
0 0.8482466747279322 0.5087962962962963 0.0471584038694075 0.13240740740740742
0 0.9174727932285369 0.5032407407407408 0.04171704957678356 0.1527777777777778
0 0.8582224909310762 0.6125 0.04534461910519952 0.14907407407407408
0 0.9008464328899637 0.625462962962963 0.04353083434099154 0.16018518518518518
0 0.8146916565900847 0.6185185185185185 0.04171704957678356 0.15185185185185185
0 0.7847642079806529 0.5606481481481481 0.04353083434099154 0.16574074074074074
0 0.9023579201934704 0.33240740740740743 0.03204353083434099 0.13703703703703704
0 0.9153567110036276 0.35138888888888886 0.03506650544135429 0.14537037037037037
0 0.9316807738814994 0.30694444444444446 0.030229746070133012 0.09722222222222222
0 0.623639661426844 0.9069444444444444 0.058645707376058044 0.1787037037037037
0 0.839782345828295 0.8472222222222222 0.05804111245465538 0.18518518518518517
0 0.8358524788391778 0.6995370370370371 0.07073760580411124 0.14907407407407408
0 0.8367593712212817 0.7509259259259259 0.045949214026602174 0.15925925925925927
0 0.2959492140266022 0.03888888888888889 0.03688029020556227 0.07592592592592592
0 0.1816807738814994 0.07175925925925926 0.03688029020556227 0.14166666666666666
0 0.38331318016928656 0.06018518518518518 0.04353083434099154 0.11481481481481481
0 0.3385731559854897 0.022685185185185187 0.037484885126964934 0.04351851851851852
0 0.3524788391777509 0.013888888888888888 0.032648125755743655 0.025925925925925925
0 0.45918984280532044 0.033796296296296297 0.02720677146311971 0.06574074074074074
0 0.5211608222490931 0.07962962962962963 0.03506650544135429 0.12407407407407407
0 0.5096735187424426 0.05 0.03143893591293833 0.09814814814814815
0 0.5547158403869408 0.04212962962962963 0.022370012091898428 0.0824074074074074
0 0.5713422007255139 0.05138888888888889 0.03869407496977025 0.10092592592592593
0 0.5973397823458283 0.02546296296296296 0.02539298669891173 0.049074074074074076
0 0.6305925030229746 0.024074074074074074 0.026602176541717048 0.046296296296296294
0 0.7103990326481258 0.09074074074074075 0.03506650544135429 0.12407407407407407
0 0.7291414752116082 0.10092592592592593 0.02781136638452237 0.09814814814814815
0 0.749093107617896 0.08796296296296297 0.02902055622732769 0.11296296296296296
0 0.9600967351874244 0.034722222222222224 0.02902055622732769 0.06759259259259259
0 0.9359129383313181 0.06111111111111111 0.030229746070133012 0.11481481481481481
0 0.9709794437726723 0.06527777777777778 0.032648125755743655 0.11574074074074074
0 0.9600967351874244 0.1259259259259259 0.032648125755743655 0.12037037037037036
0 0.9316807738814994 0.11712962962962963 0.03143893591293833 0.1175925925925926
0 0.8757557436517533 0.1486111111111111 0.024788391777509067 0.08425925925925926
0 0.8957073760580411 0.14537037037037037 0.04050785973397823 0.11481481481481481
0 0.9135429262394196 0.1597222222222222 0.032648125755743655 0.11203703703703703
0 0.9295646916565901 0.1537037037037037 0.02720677146311971 0.09814814814814815
0 0.9891172914147521 0.05740740740740741 0.020556227327690448 0.1037037037037037
0 0.9168681983071342 0.1912037037037037 0.046553808948004836 0.1175925925925926
0 0.9268440145102781 0.22175925925925927 0.030229746070133012 0.12314814814814815
0 0.9591898428053204 0.20972222222222223 0.034461910519951636 0.12685185185185185
0 0.9800483675937122 0.18425925925925926 0.032648125755743655 0.11481481481481481
0 0.9857920193470375 0.22962962962962963 0.02720677146311971 0.12222222222222222
0 0.9655380894800484 0.2865740740740741 0.032648125755743655 0.12129629629629629
0 0.9879081015719468 0.30324074074074076 0.022974607013301087 0.1398148148148148
0 0.9585852478839177 0.3162037037037037 0.04050785973397823 0.1398148148148148
0 0.9480048367593712 0.36064814814814816 0.03869407496977025 0.12129629629629629
0 0.6003627569528416 0.09768518518518518 0.03506650544135429 0.12314814814814815
0 0.6336154776299879 0.09722222222222222 0.03506650544135429 0.12407407407407407
0 0.591596130592503 0.13703703703703704 0.02962515114873035 0.1037037037037037
0 0.5743651753325272 0.13842592592592592 0.030229746070133012 0.12129629629629629
0 0.6091293833131801 0.16342592592592592 0.034461910519951636 0.13240740740740742
0 0.56136638452237 0.16805555555555557 0.034461910519951636 0.13240740740740742
0 0.6435912938331319 0.18703703703703703 0.03204353083434099 0.11481481481481481
0 0.6668681983071342 0.2013888888888889 0.026602176541717048 0.10462962962962963
0 0.6919588875453446 0.19305555555555556 0.0380894800483676 0.13055555555555556
0 0.7348851269649335 0.2537037037037037 0.03688029020556227 0.12407407407407407
0 0.7629987908101572 0.25462962962962965 0.02781136638452237 0.12407407407407407
0 0.8098548972188634 0.3162037037037037 0.044135429262394194 0.13425925925925927
0 0.3391777509068924 0.15092592592592594 0.032648125755743655 0.12407407407407407
0 0.39298669891172916 0.15694444444444444 0.03385731559854897 0.12314814814814815
0 0.44347037484885127 0.1837962962962963 0.02962515114873035 0.13425925925925927
0 0.38784764207980654 0.1962962962962963 0.03204353083434099 0.13518518518518519
0 0.27055622732769047 0.22268518518518518 0.03204353083434099 0.13796296296296295
0 0.3007859733978235 0.23657407407407408 0.02962515114873035 0.13796296296296295
0 0.31983071342200725 0.2689814814814815 0.02176541717049577 0.09907407407407408
0 0.5810157194679565 0.38333333333333336 0.036275695284159616 0.12962962962962962
0 0.1695888754534462 0.16527777777777777 0.035671100362756954 0.12685185185185185
0 0.08585247883917775 0.17685185185185184 0.032648125755743655 0.11296296296296296
0 0.06257557436517533 0.2337962962962963 0.03083434099153567 0.13425925925925927
0 0.08524788391777509 0.25555555555555554 0.03385731559854897 0.13518518518518519
0 0.16384522370012092 0.31157407407407406 0.03990326481257558 0.14166666666666666
0 0.015719467956469165 0.23194444444444445 0.030229746070133012 0.12314814814814815
0 0.03295042321644498 0.6717592592592593 0.04171704957678356 0.16574074074074074
0 0.0402055622732769 0.6263888888888889 0.039298669891172915 0.15092592592592594
0 0.0562273276904474 0.5972222222222222 0.05199516324062878 0.13333333333333333
0 0.07859733978234583 0.9407407407407408 0.04232164449818621 0.12037037037037036
0 0.08706166868198308 0.9087962962962963 0.0471584038694075 0.16574074074074074
0 0.13029020556227328 0.8921296296296296 0.05380894800483676 0.14166666666666666
0 0.6771463119709794 0.06388888888888888 0.032648125755743655 0.11666666666666667
0 0.03204353083434099 0.3888888888888889 0.030229746070133012 0.10740740740740741
0 0.02539298669891173 0.30972222222222223 0.02781136638452237 0.08796296296296297
0 0.7146311970979444 0.06712962962962964 0.03990326481257558 0.125
0 0.48125755743651755 0.03981481481481482 0.030229746070133012 0.07777777777777778
0 0.49365175332527206 0.07546296296296297 0.039298669891172915 0.1175925925925926
0 0.6550785973397824 0.05694444444444444 0.03083434099153567 0.11203703703703703
0 0.2400241837968561 0.5884259259259259 0.03869407496977025 0.15833333333333333
0 0.24365175332527206 0.5689814814814815 0.03506650544135429 0.1398148148148148
0 0.15205562273276904 0.5861111111111111 0.044135429262394194 0.1425925925925926
0 0.20133010882708585 0.5893518518518519 0.037484885126964934 0.13425925925925927
0 0.21342200725513905 0.5412037037037037 0.044740024183796856 0.15092592592592594
0 0.16444981862152358 0.5560185185185185 0.04232164449818621 0.13796296296296295
0 0.6163845223700121 0.55 0.034461910519951636 0.14814814814814814
0 0.39631197097944376 0.23981481481481481 0.03204353083434099 0.12407407407407407
0 0.4198911729141475 0.24537037037037038 0.02720677146311971 0.1259259259259259
0 0.6188029020556227 0.5236111111111111 0.03325272067714631 0.14537037037037037
0 0.04050785973397823 0.9694444444444444 0.049576783555018135 0.06296296296296296
0 0.7324667472793228 0.7708333333333334 0.039298669891172915 0.13796296296296295
0 0.8694074969770254 0.5787037037037037 0.044740024183796856 0.14074074074074075
0 0.7221886336154776 0.7435185185185185 0.0380894800483676 0.13703703703703704
0 0.7249093107617895 0.3814814814814815 0.041112454655380895 0.11851851851851852
0 0.7711608222490931 0.37916666666666665 0.04171704957678356 0.1361111111111111
0 0.9474002418379686 0.9495370370370371 0.041112454655380895 0.10277777777777777
0 0.28204353083434097 0.37453703703703706 0.04050785973397823 0.13796296296296295
0 0.2620918984280532 0.38796296296296295 0.034461910519951636 0.13148148148148148
0 0.24969770253929868 0.9731481481481481 0.04353083434099154 0.05555555555555555
0 0.45949214026602175 0.9740740740740741 0.04353083434099154 0.053703703703703705
0 0.526602176541717 0.8185185185185185 0.05078597339782346 0.18518518518518517
0 0.4486094316807739 0.8708333333333333 0.045949214026602174 0.16018518518518518
0 0.5377871825876662 0.5902777777777778 0.03688029020556227 0.15462962962962962
0 0.5810157194679565 0.7314814814814815 0.049576783555018135 0.15925925925925927
0 0.33675937122128174 0.7851851851851852 0.04353083434099154 0.16296296296296298
0 0.5580411124546554 0.5217592592592593 0.041112454655380895 0.13796296296296295
0 0.536577992744861 0.5064814814814815 0.02720677146311971 0.0962962962962963
0 0.5634824667472793 0.6226851851851852 0.0471584038694075 0.15648148148148147
0 0.5012091898428053 0.8675925925925926 0.045949214026602174 0.18703703703703703
0 0.3645707376058041 0.48518518518518516 0.037484885126964934 0.13333333333333333
0 0.2968561064087062 0.45 0.036275695284159616 0.1648148148148148
0 0.3624546553808948 0.42314814814814816 0.034461910519951636 0.14629629629629629
0 0.4951632406287787 0.425 0.032648125755743655 0.11296296296296296
0 0.3775695284159613 0.7162037037037037 0.035671100362756954 0.15462962962962962
0 0.3987303506650544 0.7722222222222223 0.04897218863361548 0.15555555555555556
0 0.4159613059250302 0.7379629629629629 0.04232164449818621 0.17037037037037037
0 0.37001209189842804 0.7375 0.03506650544135429 0.1712962962962963
0 0.17049576783555018 0.27175925925925926 0.03869407496977025 0.14351851851851852
0 0.11185006045949214 0.18564814814814815 0.026602176541717048 0.11388888888888889
0 0.12817412333736397 0.19166666666666668 0.03506650544135429 0.11851851851851852
0 0.007557436517533253 0.9037037037037037 0.013905683192261185 0.17407407407407408
0 0.003022974607013301 0.21296296296296297 0.0048367593712212815 0.12407407407407407
0 0.1314993954050786 0.2777777777777778 0.034461910519951636 0.1574074074074074
0 0.5495767835550182 0.700925925925926 0.04353083434099154 0.15185185185185185
0 0.1937726723095526 0.8194444444444444 0.04534461910519952 0.17037037037037037
0 0.25725513905683195 0.7888888888888889 0.047762998790810154 0.1648148148148148
0 0.6783555018137848 0.7055555555555556 0.045949214026602174 0.16111111111111112
0 0.2578597339782346 0.46064814814814814 0.042926239419588876 0.14166666666666666
0 0.47702539298669894 0.5449074074074074 0.032648125755743655 0.13240740740740742
0 0.468863361547763 0.5148148148148148 0.047762998790810154 0.13148148148148148
0 0.36185006045949214 0.38796296296296295 0.03204353083434099 0.1425925925925926
0 0.31197097944377267 0.6175925925925926 0.0471584038694075 0.14629629629629629
0 0.469770253929867 0.4134259259259259 0.032648125755743655 0.1398148148148148
0 0.49818621523579204 0.3925925925925926 0.032648125755743655 0.14444444444444443
0 0.5108827085852479 0.6342592592592593 0.03869407496977025 0.1648148148148148
0 0.1133615477629988 0.26296296296296295 0.02720677146311971 0.11851851851851852
0 0.9123337363966143 0.9587962962962963 0.04836759371221282 0.08425925925925926
0 0.4489117291414752 0.4444444444444444 0.03204353083434099 0.10740740740740741
0 0.5006045949214026 0.46064814814814814 0.03143893591293833 0.1175925925925926
0 0.3403869407496977 0.4097222222222222 0.044740024183796856 0.14907407407407408
