0 0.0890625 0.3435185185185185 0.06041666666666667 0.18703703703703703
0 0.09270833333333334 0.6953703703703704 0.08020833333333334 0.34444444444444444
0 0.2986979166666667 0.7606481481481482 0.0796875 0.36018518518518516
0 0.321875 0.3439814814814815 0.03854166666666667 0.19907407407407407
0 0.36041666666666666 0.34305555555555556 0.057291666666666664 0.18611111111111112
0 0.30052083333333335 0.2935185185185185 0.035416666666666666 0.1962962962962963
0 0.40625 0.2810185185185185 0.051041666666666666 0.19537037037037036
0 0.3302083333333333 0.2375 0.0375 0.16203703703703703
0 0.3111979166666667 0.2412037037037037 0.0359375 0.1824074074074074
0 0.3763020833333333 0.2263888888888889 0.0328125 0.15833333333333333
0 0.4940104166666667 0.26805555555555555 0.0421875 0.19166666666666668
0 0.52734375 0.26157407407407407 0.03697916666666667 0.1712962962962963
0 0.5768229166666666 0.29305555555555557 0.0515625 0.17685185185185184
0 0.8143229166666667 0.3625 0.0671875 0.20092592592592592
0 0.246875 0.29074074074074074 0.04479166666666667 0.18333333333333332
0 0.21927083333333333 0.2800925925925926 0.03854166666666667 0.1935185185185185
0 0.6791666666666667 0.30416666666666664 0.05 0.17314814814814813
0 0.43671875 0.19166666666666668 0.04010416666666667 0.16296296296296298
0 0.74921875 0.2763888888888889 0.03802083333333333 0.1712962962962963
0 0.76484375 0.2611111111111111 0.03802083333333333 0.17222222222222222
0 0.7135416666666666 0.26944444444444443 0.0375 0.17777777777777778
0 0.5208333333333334 0.1712962962962963 0.03854166666666667 0.16111111111111112
0 0.5158854166666667 0.2111111111111111 0.03802083333333333 0.16296296296296298
0 0.47552083333333334 0.14537037037037037 0.03125 0.13703703703703704
0 0.48854166666666665 0.15 0.022916666666666665 0.09814814814814815
0 0.49635416666666665 0.1287037037037037 0.028125 0.12962962962962962
0 0.49557291666666664 0.07361111111111111 0.0234375 0.11574074074074074
0 0.4002604166666667 0.18703703703703703 0.03697916666666667 0.1685185185185185
0 0.3997395833333333 0.06481481481481481 0.03697916666666667 0.11851851851851852
0 0.3765625 0.06666666666666667 0.027083333333333334 0.1037037037037037
0 0.3541666666666667 0.060648148148148145 0.029166666666666667 0.11574074074074074
0 0.34479166666666666 0.08333333333333333 0.023958333333333335 0.09074074074074075
