0 0.5583434099153567 0.8976851851851851 0.04171704957678356 0.1712962962962963
0 0.5550181378476421 0.9365740740740741 0.041112454655380895 0.1287037037037037
0 0.38905683192261187 0.5634259259259259 0.03688029020556227 0.13425925925925927
0 0.17805320435308344 0.700462962962963 0.04171704957678356 0.16574074074074074
0 0.7750906892382105 0.8925925925925926 0.04836759371221282 0.1574074074074074
0 0.7672309552599759 0.9217592592592593 0.05441354292623942 0.15833333333333333
0 0.751813784764208 0.9388888888888889 0.04897218863361548 0.12407407407407407
0 0.3316203143893591 0.35185185185185186 0.044135429262394194 0.1425925925925926
0 0.25272067714631197 0.35648148148148145 0.032648125755743655 0.14074074074074075
0 0.29564691656590086 0.44907407407407407 0.04232164449818621 0.1537037037037037
0 0.35701330108827084 0.36898148148148147 0.03688029020556227 0.14907407407407408
0 0.24123337363966144 0.37037037037037035 0.04232164449818621 0.14629629629629629
0 0.6330108827085853 0.9638888888888889 0.05199516324062878 0.07407407407407407
0 0.6735187424425635 0.9541666666666667 0.04232164449818621 0.09351851851851851
0 0.6212212817412334 0.9490740740740741 0.04171704957678356 0.1037037037037037
0 0.011185006045949214 0.49722222222222223 0.021160822249093107 0.13148148148148148
0 0.07376058041112454 0.5194444444444445 0.04353083434099154 0.1648148148148148
0 0.49818621523579204 0.7671296296296296 0.0471584038694075 0.18796296296296297
0 0.02902055622732769 0.43333333333333335 0.03385731559854897 0.1574074074074074
0 0.016324062877871828 0.5814814814814815 0.03143893591293833 0.1574074074074074
0 0.7031438935912938 0.5555555555555556 0.041112454655380895 0.14629629629629629
0 0.7515114873035067 0.5337962962962963 0.05199516324062878 0.15833333333333333
0 0.7729746070133011 0.4546296296296296 0.046553808948004836 0.13518518518518519
0 0.8485489721886336 0.5532407407407407 0.044135429262394194 0.14907407407407408
0 0.8146916565900847 0.5689814814814815 0.044135429262394194 0.15648148148148147
0 0.7974607013301088 0.6990740740740741 0.045949214026602174 0.1574074074074074
0 0.9767230955259976 0.9736111111111111 0.04171704957678356 0.05462962962962963
0 0.8010882708585247 0.9763888888888889 0.03143893591293833 0.049074074074074076
0 0.8343409915356711 0.9601851851851851 0.04836759371221282 0.08148148148148149
0 0.8675937122128174 0.9814814814814815 0.030229746070133012 0.03888888888888889
0 0.6021765417170496 0.9194444444444444 0.045949214026602174 0.13703703703703704
0 0.5734582829504232 0.9518518518518518 0.044135429262394194 0.09814814814814815
0 0.9800483675937122 0.7810185185185186 0.03869407496977025 0.14537037037037037
0 0.2581620314389359 0.9087962962962963 0.05199516324062878 0.1787037037037037
0 0.8688029020556227 0.8893518518518518 0.044740024183796856 0.15462962962962962
0 0.9123337363966143 0.9152777777777777 0.037484885126964934 0.13055555555555556
0 0.9477025392986699 0.9125 0.04897218863361548 0.1675925925925926
0 0.8418984280532044 0.3837962962962963 0.035671100362756954 0.13425925925925927
0 0.8642684401451027 0.37592592592592594 0.039298669891172915 0.11851851851851852
0 0.08162031438935913 0.9351851851851852 0.05078597339782346 0.13148148148148148
0 0.12636033857315598 0.924074074074074 0.0471584038694075 0.1537037037037037
0 0.2941354292623942 0.6703703703703704 0.04897218863361548 0.15925925925925927
0 0.3503627569528416 0.6370370370370371 0.04171704957678356 0.1648148148148148
0 0.37726723095526 0.6583333333333333 0.036275695284159616 0.13148148148148148
0 0.5114873035066505 0.9347222222222222 0.056831922611850064 0.13055555555555556
0 0.8361547762998791 0.6949074074074074 0.053204353083434096 0.16018518518518518
0 0.03174123337363966 0.5013888888888889 0.044135429262394194 0.15462962962962962
0 0.23458282950423218 0.6041666666666666 0.03869407496977025 0.15462962962962962
0 0.23760580411124546 0.5879629629629629 0.03385731559854897 0.14814814814814814
0 0.18591293833131803 0.5976851851851852 0.04171704957678356 0.1398148148148148
0 0.20314389359129384 0.5541666666666667 0.04232164449818621 0.14351851851851852
0 0.16444981862152358 0.5782407407407407 0.03990326481257558 0.15092592592592594
0 0.219770253929867 0.6662037037037037 0.04171704957678356 0.15092592592592594
0 0.38301088270858524 0.25092592592592594 0.03325272067714631 0.13148148148148148
0 0.407496977025393 0.2587962962962963 0.02902055622732769 0.13240740740740742
0 0.21704957678355502 0.6342592592592593 0.032648125755743655 0.12962962962962962
0 0.7128174123337364 0.9648148148148148 0.044740024183796856 0.07222222222222222
0 0.7146311970979444 0.4013888888888889 0.037484885126964934 0.13055555555555556
0 0.75453446191052 0.4134259259259259 0.03869407496977025 0.1398148148148148
0 0.2669286577992745 0.3962962962962963 0.034461910519951636 0.1425925925925926
0 0.24909310761789602 0.41203703703703703 0.03506650544135429 0.1425925925925926
0 0.9268440145102781 0.7055555555555556 0.044740024183796856 0.13703703703703704
0 0.3089480048367594 0.9773148148148149 0.037484885126964934 0.04722222222222222
0 0.5486698911729141 0.5537037037037037 0.039298669891172915 0.1574074074074074
0 0.31892382103990324 0.7907407407407407 0.046553808948004836 0.16296296296296298
0 0.9138452237001209 0.7333333333333333 0.0380894800483676 0.14814814814814814
0 0.8887545344619106 0.7412037037037037 0.03506650544135429 0.12685185185185185
0 0.5840386940749698 0.5449074074074074 0.03990326481257558 0.1527777777777778
0 0.34885126964933494 0.4981481481481482 0.037484885126964934 0.13148148148148148
0 0.2965538089480048 0.5125 0.034461910519951636 0.15648148148148147
0 0.47339782345828296 0.4537037037037037 0.02781136638452237 0.13518518518518519
0 0.36094316807738813 0.7263888888888889 0.04353083434099154 0.16018518518518518
0 0.14933494558645707 0.7916666666666666 0.05199516324062878 0.1574074074074074
0 0.37968561064087064 0.7546296296296297 0.041112454655380895 0.1685185185185185
0 0.2578597339782346 0.7638888888888888 0.05501813784764208 0.17592592592592593
0 0.22521160822249092 0.9555555555555556 0.0562273276904474 0.09074074074074075
0 0.19105199516324062 0.8347222222222223 0.06408706166868199 0.16944444444444445
0 0.31076178960096734 0.8458333333333333 0.06408706166868199 0.16574074074074074
0 0.27297460701330106 0.8421296296296297 0.051390568319226115 0.13796296296296295
0 0.45163240628778717 0.7583333333333333 0.045949214026602174 0.15185185185185185
0 0.6738210399032648 0.7328703703703704 0.04534461910519952 0.15092592592592594
0 0.3860338573155985 0.4615740740740741 0.034461910519951636 0.10833333333333334
0 0.46523579201934706 0.5615740740740741 0.03688029020556227 0.1398148148148148
0 0.4495163240628779 0.5180555555555556 0.039298669891172915 0.10462962962962963
0 0.46311970979443773 0.42916666666666664 0.032648125755743655 0.1398148148148148
0 0.49032648125755746 0.41574074074074074 0.032648125755743655 0.14814814814814814
0 0.3001813784764208 0.7379629629629629 0.042926239419588876 0.16296296296296298
0 0.4365175332527207 0.4462962962962963 0.02781136638452237 0.12407407407407407
0 0.5199516324062878 0.5833333333333334 0.03385731559854897 0.12962962962962962
0 0.4951632406287787 0.32592592592592595 0.03506650544135429 0.10185185185185185
0 0.47128174123337363 0.3060185185185185 0.034461910519951636 0.13425925925925927
0 0.7998790810157195 0.26064814814814813 0.04353083434099154 0.14537037037037037
0 0.8624546553808948 0.19444444444444445 0.04171704957678356 0.12407407407407407
0 0.8240628778718259 0.287962962962963 0.03506650544135429 0.10740740740740741
0 0.9676541717049577 0.5157407407407407 0.046553808948004836 0.14814814814814814
0 0.8969165659008465 0.7814814814814814 0.04897218863361548 0.17037037037037037
0 0.9455864570737605 0.8398148148148148 0.03990326481257558 0.14814814814814814
0 0.6366384522370012 0.736574074074074 0.041112454655380895 0.1712962962962963
0 0.9818621523579202 0.9013888888888889 0.02781136638452237 0.16203703703703703
0 0.9383313180169287 0.9712962962962963 0.049576783555018135 0.05925925925925926
0 0.68409915356711 0.17037037037037037 0.03204353083434099 0.1259259259259259
0 0.5976420798065296 0.14722222222222223 0.034461910519951636 0.12037037037037036
0 0.6148730350665055 0.16435185185185186 0.032648125755743655 0.13796296296296295
0 0.6629383313180169 0.16157407407407406 0.03688029020556227 0.12685185185185185
0 0.6076178960096735 0.20092592592592592 0.037484885126964934 0.1425925925925926
0 0.5417170495767836 0.2013888888888889 0.03869407496977025 0.13796296296296295
0 0.8065296251511487 0.15462962962962962 0.03506650544135429 0.1259259259259259
0 0.6469165659008465 0.24305555555555555 0.044740024183796856 0.13796296296296295
0 0.6160822249093107 0.2574074074074074 0.030229746070133012 0.12037037037037036
0 0.7436517533252721 0.34953703703703703 0.03869407496977025 0.13425925925925927
0 0.6493349455864571 0.3486111111111111 0.0471584038694075 0.15092592592592594
0 0.6106408706166868 0.38796296296296295 0.044740024183796856 0.14814814814814814
0 0.722490931076179 0.3763888888888889 0.02781136638452237 0.09351851851851851
0 0.6460096735187424 0.3939814814814815 0.0380894800483676 0.13425925925925927
0 0.5399032648125756 0.2796296296296296 0.03506650544135429 0.12962962962962962
0 0.5151148730350665 0.2884259259259259 0.032648125755743655 0.11574074074074074
0 0.5323458282950423 0.16296296296296298 0.03688029020556227 0.13518518518518519
0 0.501813784764208 0.16527777777777777 0.02781136638452237 0.12129629629629629
0 0.6844014510278114 0.38657407407407407 0.04353083434099154 0.14907407407407408
0 0.6166868198307134 0.4564814814814815 0.03990326481257558 0.14629629629629629
0 0.6460096735187424 0.4671296296296296 0.039298669891172915 0.15462962962962962
0 0.664752116082225 0.45092592592592595 0.04050785973397823 0.15185185185185185
0 0.3935912938331318 0.1837962962962963 0.03506650544135429 0.11574074074074074
0 0.3252720677146312 0.25092592592592594 0.037484885126964934 0.13518518518518519
0 0.4558645707376058 0.1699074074074074 0.03506650544135429 0.13425925925925927
0 0.44014510278113667 0.14074074074074075 0.03506650544135429 0.1259259259259259
0 0.37182587666263606 0.17037037037037037 0.03506650544135429 0.11851851851851852
0 0.09915356711003627 0.2388888888888889 0.044740024183796856 0.15185185185185185
0 0.17503022974607013 0.2722222222222222 0.0380894800483676 0.1425925925925926
0 0.20465538089480048 0.2902777777777778 0.035671100362756954 0.13055555555555556
0 0.5444377267230955 0.7601851851851852 0.04897218863361548 0.17037037037037037
0 0.7672309552599759 0.5800925925925926 0.04353083434099154 0.15092592592592594
0 0.7182587666263603 0.4708333333333333 0.04353083434099154 0.14537037037037037
0 0.6714026602176542 0.4847222222222222 0.046553808948004836 0.14166666666666666
0 0.0250906892382104 0.2125 0.039298669891172915 0.1287037037037037
0 0.10278113663845223 0.18333333333333332 0.045949214026602174 0.14074074074074075
0 0.12394195888754535 0.1439814814814815 0.037484885126964934 0.12685185185185185
0 0.15507859733978235 0.17175925925925925 0.03083434099153567 0.12129629629629629
0 0.25272067714631197 0.14212962962962963 0.03506650544135429 0.12129629629629629
0 0.2841596130592503 0.14166666666666666 0.03506650544135429 0.11851851851851852
0 0.14812575574365175 0.10833333333333334 0.03990326481257558 0.1425925925925926
0 0.07043530834340991 0.07962962962962963 0.03688029020556227 0.13148148148148148
0 0.14328899637243048 0.24444444444444444 0.036275695284159616 0.1388888888888889
0 0.5873639661426844 0.12129629629629629 0.02962515114873035 0.12407407407407407
0 0.6257557436517533 0.11574074074074074 0.030229746070133012 0.13518518518518519
0 0.6469165659008465 0.09768518518518518 0.02781136638452237 0.12685185185185185
0 0.20193470374848851 0.4217592592592593 0.036275695284159616 0.14907407407407408
0 0.004534461910519952 0.35 0.007859733978234583 0.14629629629629629
0 0.14510278113663846 0.36157407407407405 0.03990326481257558 0.14907407407407408
0 0.11003627569528417 0.3541666666666667 0.03990326481257558 0.14537037037037037
0 0.5764812575574365 0.3375 0.03688029020556227 0.13425925925925927
0 0.5501813784764208 0.3592592592592593 0.04353083434099154 0.13518518518518519
0 0.1795646916565901 0.3921296296296296 0.03990326481257558 0.15648148148148147
0 0.22581620314389358 0.40370370370370373 0.03688029020556227 0.14814814814814814
0 0.313180169286578 0.5675925925925925 0.04232164449818621 0.17037037037037037
0 0.2772067714631197 0.5856481481481481 0.04171704957678356 0.14907407407407408
0 0.005743651753325272 0.3962962962962963 0.010278113663845224 0.12962962962962962
0 0.7629987908101572 0.32916666666666666 0.045949214026602174 0.16018518518518518
0 0.9727932285368803 0.24027777777777778 0.037484885126964934 0.14351851851851852
0 0.9773276904474002 0.1865740740740741 0.03204353083434099 0.12129629629629629
0 0.9477025392986699 0.16342592592592592 0.03204353083434099 0.14351851851851852
0 0.9873035066505441 0.06620370370370371 0.02418379685610641 0.1175925925925926
0 0.9600967351874244 0.058333333333333334 0.030229746070133012 0.11481481481481481
0 0.9023579201934704 0.175 0.039298669891172915 0.12962962962962962
0 0.020253929866989116 0.11157407407407408 0.039298669891172915 0.13425925925925927
0 0.08978234582829504 0.16342592592592592 0.03688029020556227 0.12685185185185185
0 0.06952841596130592 0.10740740740740741 0.037484885126964934 0.14074074074074075
0 0.33222490931076176 0.1675925925925926 0.03204353083434099 0.1259259259259259
0 0.5903869407496977 0.2523148148148148 0.039298669891172915 0.12685185185185185
0 0.17412333736396615 0.11666666666666667 0.032648125755743655 0.14074074074074075
0 0.5589480048367593 0.2023148148148148 0.034461910519951636 0.1287037037037037
0 0.626360338573156 0.18796296296296297 0.03506650544135429 0.13518518518518519
0 0.3186215235792019 0.14537037037037037 0.03385731559854897 0.13703703703703704
0 0.5937122128174124 0.17916666666666667 0.037484885126964934 0.13240740740740742
0 0.40114873035066506 0.11481481481481481 0.03204353083434099 0.14444444444444443
0 0.6451027811366384 0.13564814814814816 0.03990326481257558 0.1398148148148148
0 0.6444981862152358 0.07222222222222222 0.037484885126964934 0.14074074074074075
0 0.6097339782345829 0.0625 0.039298669891172915 0.11574074074074074
0 0.5550181378476421 0.03425925925925926 0.03506650544135429 0.06666666666666667
0 0.526602176541717 0.030555555555555555 0.03143893591293833 0.05925925925925926
0 0.4446795646916566 0.09398148148148149 0.0380894800483676 0.13425925925925927
0 0.44740024183796856 0.0375 0.030229746070133012 0.07314814814814814
0 0.12877871825876663 0.1125 0.032648125755743655 0.1287037037037037
0 0.17714631197097944 0.033796296296296297 0.030229746070133012 0.06574074074074074
0 0.22037484885126965 0.04259259259259259 0.034461910519951636 0.08333333333333333
0 0.38814993954050786 0.07407407407407407 0.03506650544135429 0.12407407407407407
0 0.1686819830713422 0.06157407407407407 0.030229746070133012 0.11574074074074074
0 0.23065296251511488 0.07268518518518519 0.03204353083434099 0.1287037037037037
0 0.2587666263603386 0.06851851851851852 0.03506650544135429 0.11851851851851852
0 0.5126964933494559 0.12361111111111112 0.03506650544135429 0.12685185185185185
0 0.4969770253929867 0.10231481481481482 0.036275695284159616 0.13055555555555556
0 0.4096130592503023 0.09074074074074075 0.03204353083434099 0.0962962962962963
0 0.3645707376058041 0.075 0.03506650544135429 0.12962962962962962
0 0.2926239419588875 0.10972222222222222 0.032648125755743655 0.11574074074074074
0 0.3307134220072551 0.08101851851851852 0.030229746070133012 0.1175925925925926
0 0.3210399032648126 0.05925925925925926 0.02902055622732769 0.1111111111111111
0 0.4870012091898428 0.038425925925925926 0.03688029020556227 0.075
0 0.3851269649334946 0.11481481481481481 0.032648125755743655 0.1259259259259259
0 0.3533857315598549 0.1037037037037037 0.02962515114873035 0.12037037037037036
0 0.1003627569528416 0.08796296296296297 0.03506650544135429 0.12962962962962962
0 0.2950423216444982 0.07685185185185185 0.032648125755743655 0.12222222222222222
0 0.08796856106408706 0.011574074074074073 0.02962515114873035 0.021296296296296296
0 0.19014510278113664 0.031018518518518518 0.03325272067714631 0.06018518518518518
0 0.17442563482466747 0.13935185185185187 0.02720677146311971 0.10833333333333334
0 0.19528415961305925 0.13055555555555556 0.03506650544135429 0.1425925925925926
