0 0.7306052855924978 0.5551136363636363 0.0443307757885763 0.1215909090909091
0 0.07246376811594203 0.17784090909090908 0.03410059676044331 0.09431818181818181
0 0.505541346973572 0.5295454545454545 0.04092071611253197 0.11818181818181818
0 0.005967604433077579 0.18125 0.010230179028132993 0.10340909090909091
0 0.21781756180733164 0.3164772727272727 0.05029838022165388 0.09886363636363636
0 0.5234441602728048 0.26534090909090907 0.023870417732310314 0.0875
0 0.3154305200341006 0.20852272727272728 0.030690537084398978 0.0875
0 0.5183290707587382 0.21306818181818182 0.03239556692242114 0.08295454545454546
0 0.28005115089514065 0.19090909090909092 0.028132992327365727 0.08181818181818182
0 0.2608695652173913 0.1846590909090909 0.027280477408354646 0.0875
0 0.23145780051150894 0.17727272727272728 0.03154305200341006 0.09318181818181819
0 0.4825234441602728 0.2159090909090909 0.03239556692242114 0.1
0 0.3145780051150895 0.16022727272727272 0.03239556692242114 0.09318181818181819
0 0.1926683716965047 0.1 0.03239556692242114 0.08409090909090909
0 0.23529411764705882 0.10170454545454545 0.028985507246376812 0.06931818181818182
0 0.2591645353793691 0.09488636363636363 0.03580562659846547 0.08977272727272727
0 0.3269394714407502 0.09772727272727273 0.028132992327365727 0.08409090909090909
0 0.36061381074168797 0.10170454545454545 0.030690537084398978 0.0875
0 0.38832054560954815 0.10511363636363637 0.03154305200341006 0.0875
0 0.41687979539641945 0.08693181818181818 0.03239556692242114 0.0875
0 0.49744245524296676 0.14204545454545456 0.03154305200341006 0.08409090909090909
0 0.5183290707587382 0.14147727272727273 0.03239556692242114 0.08068181818181819
0 0.5029838022165388 0.09090909090909091 0.030690537084398978 0.08409090909090909
0 0.35208866155157714 0.04659090909090909 0.027280477408354646 0.07727272727272727
0 0.42497868712702475 0.03295454545454545 0.0247229326513214 0.06363636363636363
0 0.4100596760443308 0.03238636363636364 0.02557544757033248 0.0625
0 0.9381926683716965 0.0715909090909091 0.03154305200341006 0.07272727272727272
0 0.9224211423699915 0.061931818181818185 0.027280477408354646 0.07613636363636364
0 0.8913043478260869 0.08295454545454546 0.03836317135549872 0.09318181818181819
0 0.8670076726342711 0.045454545454545456 0.03580562659846547 0.08409090909090909
0 0.8175618073316283 0.1215909090909091 0.03410059676044331 0.1
0 0.2595907928388747 0.056818181818181816 0.029838022165387893 0.075
0 0.24254049445865303 0.058522727272727275 0.028132992327365727 0.07613636363636364
0 0.7178175618073316 0.3926136363636364 0.03410059676044331 0.10795454545454546
0 0.7561807331628303 0.38579545454545455 0.0443307757885763 0.1215909090909091
0 0.777919863597613 0.4971590909090909 0.041773231031543054 0.10795454545454546
0 0.7161125319693095 0.5011363636363636 0.042625745950554135 0.1
0 0.4782608695652174 0.5426136363636364 0.028985507246376812 0.08068181818181819
0 0.5694799658994032 0.3801136363636364 0.0392156862745098 0.10568181818181818
0 0.35507246376811596 0.20852272727272728 0.03495311167945439 0.09204545454545454
0 0.552003410059676 0.18409090909090908 0.03324808184143223 0.1
0 0.12276214833759591 0.6460227272727272 0.0443307757885763 0.13295454545454546
0 0.5404944586530265 0.18579545454545454 0.028985507246376812 0.0875
0 0.5298380221653879 0.4556818181818182 0.045183290707587385 0.1159090909090909
0 0.38491048593350385 0.4630681818181818 0.040068201193520885 0.11477272727272728
0 0.4053708439897698 0.4090909090909091 0.03836317135549872 0.12045454545454545
0 0.5720375106564365 0.46079545454545456 0.0392156862745098 0.1125
0 0.42114236999147486 0.4732954545454545 0.0494458653026428 0.1215909090909091
0 0.44884910485933505 0.49829545454545454 0.029838022165387893 0.07386363636363637
0 0.11636828644501279 0.540340909090909 0.041773231031543054 0.1215909090909091
0 0.2988064791133845 0.4380681818181818 0.03495311167945439 0.11704545454545455
0 0.3329070758738278 0.44545454545454544 0.03836317135549872 0.1159090909090909
0 0.05413469735720375 0.27102272727272725 0.03324808184143223 0.10795454545454546
0 0.5421994884910486 0.4375 0.03751065643648764 0.125
0 0.3657289002557545 0.38125 0.042625745950554135 0.11704545454545455
0 0.47911338448422847 0.3352272727272727 0.03751065643648764 0.10909090909090909
0 0.11636828644501279 0.23920454545454545 0.03324808184143223 0.09886363636363636
0 0.08780903665814152 0.24772727272727274 0.03239556692242114 0.10681818181818181
0 0.19352088661551578 0.16988636363636364 0.030690537084398978 0.08977272727272727
0 0.5694799658994032 0.19829545454545455 0.03239556692242114 0.09659090909090909
0 0.2092924126172208 0.2755681818181818 0.03665814151747655 0.11022727272727273
0 0.3491048593350384 0.23238636363636364 0.03495311167945439 0.10795454545454546
0 0.37254901960784315 0.225 0.03239556692242114 0.10681818181818181
0 0.407075873827792 0.22045454545454546 0.03665814151747655 0.09772727272727273
0 0.31202046035805625 0.3215909090909091 0.03751065643648764 0.09545454545454546
0 0.5072463768115942 0.3375 0.03410059676044331 0.11363636363636363
0 0.2710997442455243 0.12329545454545454 0.027280477408354646 0.08068181818181819
0 0.4782608695652174 0.24545454545454545 0.03239556692242114 0.09090909090909091
0 0.3631713554987212 0.7681818181818182 0.04603580562659847 0.15
0 0.4492753623188406 0.1784090909090909 0.0392156862745098 0.09318181818181819
0 0.2898550724637681 0.13011363636363638 0.028985507246376812 0.0875
0 0.24936061381074168 0.2846590909090909 0.03154305200341006 0.08977272727272727
0 0.3473998294970162 0.31136363636363634 0.040068201193520885 0.11818181818181818
0 0.7054560954816709 0.29204545454545455 0.041773231031543054 0.1
0 0.2186700767263427 0.16363636363636364 0.03154305200341006 0.08409090909090909
0 0.3371696504688832 0.1715909090909091 0.03154305200341006 0.08636363636363636
0 0.48891730605285594 0.6909090909090909 0.043478260869565216 0.15
0 0.1104006820119352 0.9835227272727273 0.03836317135549872 0.03295454545454545
0 0.16112531969309463 0.9823863636363637 0.04092071611253197 0.035227272727272725
0 0.8422847399829497 0.928409090909091 0.0494458653026428 0.1340909090909091
0 0.35208866155157714 0.9318181818181818 0.04774083546462063 0.1340909090909091
0 0.04688832054560955 0.9505681818181818 0.06649616368286446 0.0875
0 0.46504688832054564 0.696590909090909 0.03665814151747655 0.1409090909090909
0 0.04219948849104859 0.58125 0.03154305200341006 0.09659090909090909
0 0.4884910485933504 0.65 0.04092071611253197 0.12045454545454545
0 0.5268542199488491 0.6465909090909091 0.03580562659846547 0.12272727272727273
0 0.45481670929241264 0.23522727272727273 0.03495311167945439 0.09090909090909091
0 0.0068201193520886615 0.5539772727272727 0.011935208866155157 0.11704545454545455
0 0.01918158567774936 0.5795454545454546 0.028132992327365727 0.07954545454545454
0 0.8034953111679455 0.5477272727272727 0.03665814151747655 0.1159090909090909
