0 0.05200341005967604 0.08579545454545455 0.028985507246376812 0.10340909090909091
0 0.42071611253196933 0.9698863636363636 0.040068201193520885 0.060227272727272727
0 0.36445012787723785 0.9579545454545455 0.05200341005967604 0.08636363636363636
0 0.3320545609548167 0.975 0.040068201193520885 0.05
0 0.43648763853367434 0.8335227272727272 0.04603580562659847 0.14431818181818182
0 0.04305200341005968 0.8244318181818182 0.045183290707587385 0.15568181818181817
0 0.0784313725490196 0.825 0.05456095481670929 0.15227272727272728
0 0.7617220801364024 0.8676136363636363 0.045183290707587385 0.17386363636363636
0 0.32395566922421143 0.7857954545454545 0.03751065643648764 0.15113636363636362
0 0.3635976129582268 0.8136363636363636 0.045183290707587385 0.14545454545454545
0 0.12148337595907928 0.32386363636363635 0.03495311167945439 0.10454545454545454
0 0.4254049445865303 0.7073863636363636 0.0494458653026428 0.14204545454545456
0 0.922847399829497 0.010227272727272727 0.0247229326513214 0.01818181818181818
0 0.3857630008525149 0.6664772727272728 0.041773231031543054 0.14204545454545456
0 0.505541346973572 0.8505681818181818 0.0494458653026428 0.1625
0 0.5490196078431373 0.8505681818181818 0.042625745950554135 0.1693181818181818
0 0.6457800511508951 0.9375 0.05200341005967604 0.11818181818181818
0 0.587382779198636 0.2869318181818182 0.030690537084398978 0.10113636363636364
0 0.35080988917306055 0.013636363636363636 0.03154305200341006 0.025
0 0.2928388746803069 0.19772727272727272 0.03154305200341006 0.11363636363636363
0 0.8073316283034954 0.1625 0.028985507246376812 0.09318181818181819
0 0.8363171355498721 0.5863636363636363 0.042625745950554135 0.12727272727272726
0 0.26982097186700765 0.9823863636363637 0.03495311167945439 0.0375
0 0.20375106564364875 0.9835227272727273 0.042625745950554135 0.035227272727272725
0 0.22719522591645352 0.9630681818181818 0.04859335038363171 0.07386363636363637
0 0.13725490196078433 0.9295454545454546 0.04774083546462063 0.1431818181818182
0 0.17647058823529413 0.93125 0.04603580562659847 0.1375
0 0.41261722080136404 0.11704545454545455 0.02557544757033248 0.07727272727272727
0 0.5421994884910486 0.06420454545454546 0.02557544757033248 0.08522727272727272
0 0.3981244671781756 0.11534090909090909 0.027280477408354646 0.08068181818181819
0 0.37638533674339303 0.06306818181818181 0.028132992327365727 0.09204545454545454
0 0.2672634271099744 0.10056818181818182 0.029838022165387893 0.10568181818181818
0 0.16879795396419436 0.1693181818181818 0.028985507246376812 0.09772727272727273
0 0.7416879795396419 0.5153409090909091 0.03410059676044331 0.13522727272727272
0 0.8005115089514067 0.3181818181818182 0.03751065643648764 0.11818181818181818
0 0.8294970161977835 0.35568181818181815 0.03410059676044331 0.11818181818181818
0 0.8081841432225064 0.35852272727272727 0.03239556692242114 0.11477272727272728
0 0.8380221653878943 0.15454545454545454 0.03580562659846547 0.09772727272727273
0 0.7566069906223359 0.5647727272727273 0.03836317135549872 0.125
0 0.4936061381074169 0.4772727272727273 0.03580562659846547 0.125
0 0.530690537084399 0.475 0.043478260869565216 0.13636363636363635
0 0.8363171355498721 0.5443181818181818 0.0392156862745098 0.125
0 0.7962489343563512 0.5704545454545454 0.042625745950554135 0.1318181818181818
0 0.7902813299232737 0.80625 0.0494458653026428 0.16704545454545455
0 0.9168797953964194 0.7960227272727273 0.045183290707587385 0.15568181818181817
0 0.907075873827792 0.8142045454545455 0.03751065643648764 0.14204545454545456
0 0.5694799658994032 0.6539772727272727 0.042625745950554135 0.14886363636363636
0 0.1926683716965047 0.42215909090909093 0.03751065643648764 0.1215909090909091
0 0.4936061381074169 0.24147727272727273 0.030690537084398978 0.10113636363636364
0 0.0763000852514919 0.11534090909090909 0.03154305200341006 0.0875
0 0.3452685421994885 0.12670454545454546 0.02557544757033248 0.08977272727272727
0 0.37681159420289856 0.10795454545454546 0.02557544757033248 0.08636363636363636
0 0.8158567774936062 0.4715909090909091 0.0392156862745098 0.12045454545454545
0 0.1875532821824382 0.17329545454545456 0.027280477408354646 0.08977272727272727
0 0.7416879795396419 0.48465909090909093 0.05285592497868713 0.13522727272727272
0 0.8635976129582268 0.5147727272727273 0.042625745950554135 0.125
0 0.49232736572890023 0.5676136363636364 0.03495311167945439 0.12386363636363637
0 0.8188405797101449 0.49772727272727274 0.04859335038363171 0.125
0 0.8601875532821824 0.7920454545454545 0.04774083546462063 0.13863636363636364
0 0.5183290707587382 0.2340909090909091 0.03239556692242114 0.09318181818181819
0 0.43052003410059675 0.6801136363636363 0.0392156862745098 0.14204545454545456
0 0.525149190110827 0.5539772727272727 0.04092071611253197 0.12840909090909092
0 0.40068201193520886 0.5727272727272728 0.03410059676044331 0.11136363636363636
0 0.5596760443307758 0.5397727272727273 0.03495311167945439 0.11136363636363636
0 0.7310315430520035 0.6045454545454545 0.040068201193520885 0.1318181818181818
0 0.7608695652173914 0.6102272727272727 0.041773231031543054 0.1431818181818182
0 0.7549019607843137 0.3079545454545455 0.03324808184143223 0.11363636363636363
0 0.40664961636828645 0.15681818181818183 0.028985507246376812 0.09090909090909091
0 0.43265132139812446 0.15227272727272728 0.0247229326513214 0.10454545454545454
0 0.5157715260017051 0.18636363636363637 0.03239556692242114 0.09318181818181819
0 0.5426257459505541 0.19261363636363638 0.03495311167945439 0.09431818181818181
0 0.22932651321398123 0.029545454545454545 0.023870417732310314 0.056818181818181816
0 0.27621483375959077 0.03295454545454545 0.027280477408354646 0.06363636363636363
0 0.28388746803069054 0.01818181818181818 0.023870417732310314 0.03409090909090909
0 0.21398124467178176 0.02727272727272727 0.027280477408354646 0.05227272727272727
0 0.30775788576300084 0.019886363636363636 0.02557544757033248 0.0375
0 0.44501278772378516 0.020454545454545454 0.03239556692242114 0.038636363636363635
0 0.42327365728900257 0.008522727272727272 0.021312872975277068 0.014772727272727272
0 0.5123614663256607 0.011931818181818182 0.030690537084398978 0.02159090909090909
0 0.5375106564364877 0.00909090909090909 0.021312872975277068 0.015909090909090907
0 0.6922421142369991 0.38579545454545455 0.0392156862745098 0.1215909090909091
0 0.7216538789428815 0.37727272727272726 0.03495311167945439 0.125
0 0.5196078431372549 0.4369318181818182 0.041773231031543054 0.1215909090909091
0 0.7246376811594203 0.32670454545454547 0.0392156862745098 0.09886363636363636
0 0.5477408354646206 0.10170454545454545 0.0247229326513214 0.06704545454545455
0 0.5345268542199488 0.09318181818181819 0.03239556692242114 0.09090909090909091
0 0.5085251491901108 0.08068181818181819 0.03154305200341006 0.1
0 0.789002557544757 0.18011363636363636 0.028132992327365727 0.06704545454545455
0 0.7489343563512362 0.33181818181818185 0.03836317135549872 0.12045454545454545
0 0.7352941176470589 0.8011363636363636 0.04859335038363171 0.1590909090909091
0 0.21057118499573743 0.325 0.03580562659846547 0.11136363636363636
0 0.4539641943734015 0.5414772727272728 0.04688832054560955 0.13522727272727272
0 0.04816709292412617 0.6090909090909091 0.03495311167945439 0.11818181818181818
0 0.07544757033248081 0.5988636363636364 0.041773231031543054 0.13863636363636364
0 0.10230179028132992 0.6079545454545454 0.03580562659846547 0.09772727272727273
0 0.1585677749360614 0.42215909090909093 0.0392156862745098 0.1215909090909091
0 0.4057971014492754 0.5477272727272727 0.03410059676044331 0.1340909090909091
0 0.2531969309462916 0.30625 0.03751065643648764 0.11931818181818182
0 0.11253196930946291 0.21761363636363637 0.03410059676044331 0.10795454545454546
0 0.5353793691389599 0.13125 0.030690537084398978 0.08977272727272727
0 0.4863597612958227 0.15511363636363637 0.03154305200341006 0.10113636363636364
0 0.43861892583120204 0.27102272727272725 0.03154305200341006 0.11022727272727273
0 0.46035805626598464 0.2852272727272727 0.03239556692242114 0.09772727272727273
0 0.11167945439045183 0.13522727272727272 0.028985507246376812 0.10454545454545454
0 0.31287297527706737 0.20397727272727273 0.030690537084398978 0.09431818181818181
0 0.48891730605285594 0.28011363636363634 0.03495311167945439 0.11022727272727273
0 0.7843137254901961 0.48465909090909093 0.042625745950554135 0.13068181818181818
0 0.37851662404092073 0.13522727272727272 0.028985507246376812 0.10454545454545454
0 0.4833759590792839 0.13068181818181818 0.03239556692242114 0.09318181818181819
0 0.4578005115089514 0.5784090909090909 0.04092071611253197 0.1340909090909091
0 0.05285592497868713 0.10795454545454546 0.03239556692242114 0.09318181818181819
0 0.30434782608695654 0.9306818181818182 0.04774083546462063 0.12727272727272726
0 0.9437340153452686 0.8636363636363636 0.04603580562659847 0.14772727272727273
0 0.8853367433930094 0.20113636363636364 0.028132992327365727 0.10227272727272728
0 0.46334185848252346 0.028977272727272727 0.03665814151747655 0.05568181818181818
0 0.6820119352088662 0.93125 0.0494458653026428 0.13977272727272727
0 0.3473998294970162 0.8852272727272728 0.045183290707587385 0.14772727272727273
0 0.6683716965046889 0.8113636363636364 0.042625745950554135 0.13863636363636364
0 0.4820971867007673 0.6551136363636364 0.03836317135549872 0.1215909090909091
0 0.27450980392156865 0.4863636363636364 0.03580562659846547 0.125
0 0.0196078431372549 0.5471590909090909 0.03751065643648764 0.12840909090909092
0 0.4394714407502131 0.9272727272727272 0.04859335038363171 0.10909090909090909
0 0.058823529411764705 0.5386363636363637 0.04092071611253197 0.11818181818181818
0 0.4236999147485081 0.3261363636363636 0.03239556692242114 0.11136363636363636
0 0.6172208013640239 0.7835227272727273 0.04774083546462063 0.1534090909090909
0 0.4497016197783461 0.64375 0.045183290707587385 0.14886363636363636
0 0.11935208866155157 0.16818181818181818 0.023870417732310314 0.08409090909090909
0 0.5277067348678602 0.6051136363636364 0.03580562659846547 0.1215909090909091
0 0.6116794543904518 0.678409090909091 0.045183290707587385 0.15227272727272728
0 0.31202046035805625 0.4914772727272727 0.03239556692242114 0.13295454545454546
0 0.04134697357203751 0.39886363636363636 0.041773231031543054 0.12045454545454545
0 0.3836317135549872 0.4329545454545455 0.03580562659846547 0.11136363636363636
0 0.10954816709292413 0.5 0.03836317135549872 0.1318181818181818
0 0.2421142369991475 0.44943181818181815 0.03410059676044331 0.13522727272727272
0 0.32011935208866155 0.35 0.03154305200341006 0.11818181818181818
0 0.3537936913895993 0.3431818181818182 0.03751065643648764 0.11136363636363636
0 0.4143222506393862 0.44545454545454544 0.0392156862745098 0.1340909090909091
0 0.3537936913895993 0.4278409090909091 0.03410059676044331 0.1215909090909091
0 0.3955669224211424 0.3181818181818182 0.03751065643648764 0.09318181818181819
0 0.38491048593350385 0.35454545454545455 0.03324808184143223 0.10681818181818181
0 0.2753623188405797 0.38181818181818183 0.0392156862745098 0.12954545454545455
0 0.5183290707587382 0.2778409090909091 0.03580562659846547 0.10340909090909091
0 0.7361466325660699 0.5386363636363637 0.03836317135549872 0.11136363636363636
0 0.8729752770673487 0.3721590909090909 0.03239556692242114 0.11704545454545455
0 0.8908780903665814 0.6079545454545454 0.04603580562659847 0.1409090909090909
0 0.8491048593350383 0.36704545454545456 0.03410059676044331 0.125
0 0.8716965046888321 0.5693181818181818 0.041773231031543054 0.12954545454545455
0 0.829923273657289 0.6113636363636363 0.045183290707587385 0.1318181818181818
0 0.5601023017902813 0.6261363636363636 0.0392156862745098 0.1318181818181818
0 0.4057971014492754 0.7732954545454546 0.04603580562659847 0.1375
0 0.56692242114237 0.5971590909090909 0.030690537084398978 0.11022727272727273
0 0.48508098891730606 0.740909090909091 0.0494458653026428 0.13863636363636364
0 0.4057971014492754 0.2636363636363636 0.028985507246376812 0.09090909090909091
