0 0.46916565900846435 0.22407407407407406 0.03506650544135429 0.12962962962962962
0 0.4939540507859734 0.21666666666666667 0.02902055622732769 0.11851851851851852
0 0.9576783555018138 0.5699074074074074 0.045949214026602174 0.14907407407407408
0 0.3827085852478839 0.9740740740740741 0.05199516324062878 0.04814814814814815
0 0.5804111245465539 0.6212962962962963 0.037484885126964934 0.14074074074074075
0 0.5450423216444982 0.6300925925925925 0.04897218863361548 0.16944444444444445
0 0.533857315598549 0.28194444444444444 0.041112454655380895 0.14166666666666666
0 0.558645707376058 0.325 0.03506650544135429 0.12777777777777777
0 0.8349455864570737 0.649537037037037 0.04232164449818621 0.15833333333333333
0 0.7980652962515115 0.6421296296296296 0.044740024183796856 0.16574074074074074
0 0.7602781136638452 0.6324074074074074 0.0380894800483676 0.13518518518518519
0 0.9815598548972189 0.30462962962962964 0.03688029020556227 0.13518518518518519
0 0.8926844014510278 0.2824074074074074 0.04171704957678356 0.13703703703703704
0 0.5722490931076178 0.2875 0.03204353083434099 0.11574074074074074
0 0.9192865779927448 0.3851851851851852 0.039298669891172915 0.16666666666666666
0 0.9703748488512697 0.3476851851851852 0.037484885126964934 0.14537037037037037
0 0.5308343409915357 0.2064814814814815 0.03506650544135429 0.13518518518518519
0 0.49032648125755746 0.16157407407407406 0.030229746070133012 0.13796296296296295
0 0.5912938331318017 0.3333333333333333 0.032648125755743655 0.13518518518518519
0 0.6106408706166868 0.3375 0.032648125755743655 0.14537037037037037
0 0.6009673518742442 0.35462962962962963 0.036275695284159616 0.14074074074074075
0 0.6741233373639661 0.29259259259259257 0.037484885126964934 0.13518518518518519
0 0.7551390568319226 0.5361111111111111 0.053204353083434096 0.1537037037037037
0 0.7859733978234583 0.4300925925925926 0.04353083434099154 0.15092592592592594
0 0.7049576783555018 0.4375 0.04353083434099154 0.17314814814814813
0 0.6330108827085853 0.3162037037037037 0.03143893591293833 0.11574074074074074
0 0.6853083434099153 0.5856481481481481 0.034461910519951636 0.1398148148148148
0 0.5819226118500604 0.38333333333333336 0.046553808948004836 0.15185185185185185
0 0.6750302297460702 0.3680555555555556 0.046553808948004836 0.14537037037037037
0 0.5241837968561064 0.17083333333333334 0.04232164449818621 0.14907407407407408
0 0.6623337363966143 0.2361111111111111 0.044135429262394194 0.13518518518518519
0 0.7182587666263603 0.31157407407407406 0.03869407496977025 0.14537037037037037
0 0.9050785973397824 0.6060185185185185 0.04353083434099154 0.15833333333333333
0 0.8751511487303507 0.5643518518518519 0.03688029020556227 0.13240740740740742
0 0.8494558645707376 0.5652777777777778 0.04232164449818621 0.15092592592592594
0 0.7533252720677146 0.38333333333333336 0.03385731559854897 0.14074074074074075
0 0.7376058041112454 0.3236111111111111 0.03143893591293833 0.12685185185185185
0 0.6399637243047158 0.375 0.0380894800483676 0.1425925925925926
0 0.939540507859734 0.36064814814814816 0.041112454655380895 0.13796296296296295
0 0.8948004836759371 0.41574074074074074 0.036275695284159616 0.13518518518518519
0 0.903869407496977 0.3486111111111111 0.037484885126964934 0.1175925925925926
0 0.7578597339782346 0.41388888888888886 0.04171704957678356 0.14074074074074075
0 0.7750906892382105 0.34074074074074073 0.03506650544135429 0.12962962962962962
0 0.7911124546553809 0.37777777777777777 0.04171704957678356 0.15185185185185185
0 0.657496977025393 0.31851851851851853 0.039298669891172915 0.13518518518518519
0 0.8869407496977025 0.5300925925925926 0.037484885126964934 0.13240740740740742
0 0.5217654171704957 0.28194444444444444 0.02418379685610641 0.08796296296296297
0 0.567714631197098 0.22962962962962963 0.03143893591293833 0.1259259259259259
0 0.9416565900846433 0.41759259259259257 0.034461910519951636 0.10740740740740741
0 0.8225513905683193 0.7074074074074074 0.05501813784764208 0.17037037037037037
0 0.8603385731559855 0.7074074074074074 0.04353083434099154 0.15925925925925927
0 0.3192261185006046 0.1837962962962963 0.032648125755743655 0.10462962962962963
0 0.6178960096735188 0.3814814814814815 0.04353083434099154 0.14814814814814814
0 0.5471584038694075 0.3148148148148148 0.02902055622732769 0.11296296296296296
0 0.6632406287787183 0.2712962962962963 0.02902055622732769 0.12037037037037036
0 0.1336154776299879 0.975462962962963 0.037484885126964934 0.05092592592592592
0 0.004534461910519952 0.7412037037037037 0.007859733978234583 0.17314814814814813
0 0.07799274486094317 0.28055555555555556 0.044740024183796856 0.15
0 0.023881499395405077 0.1824074074074074 0.046553808948004836 0.1425925925925926
0 0.051390568319226115 0.1875 0.037484885126964934 0.1398148148148148
0 0.0743651753325272 0.15 0.041112454655380895 0.13518518518518519
0 0.056831922611850064 0.05092592592592592 0.04232164449818621 0.1
0 0.08827085852478839 0.22962962962962963 0.03869407496977025 0.12962962962962962
0 0.11668681983071343 0.2310185185185185 0.04232164449818621 0.14351851851851852
0 0.10519951632406288 0.04583333333333333 0.03506650544135429 0.08981481481481482
0 0.1185006045949214 0.052314814814814814 0.03385731559854897 0.10277777777777777
0 0.0048367593712212815 0.2722222222222222 0.008464328899637243 0.12962962962962962
0 0.010278113663845224 0.21296296296296297 0.019347037484885126 0.13518518518518519
0 0.20646916565900847 0.1087962962962963 0.03204353083434099 0.1175925925925926
0 0.17110036275695284 0.06435185185185185 0.036275695284159616 0.1175925925925926
0 0.2370012091898428 0.11064814814814815 0.037484885126964934 0.12685185185185185
0 0.21553808948004838 0.32731481481481484 0.04897218863361548 0.14351851851851852
0 0.32466747279322855 0.04212962962962963 0.04232164449818621 0.0824074074074074
0 0.3887545344619105 0.05416666666666667 0.037484885126964934 0.10648148148148148
0 0.35792019347037485 0.044444444444444446 0.032648125755743655 0.08703703703703704
0 0.3715235792019347 0.11064814814814815 0.03083434099153567 0.13055555555555556
0 0.40114873035066506 0.09259259259259259 0.034461910519951636 0.12222222222222222
0 0.4023579201934704 0.05092592592592592 0.03204353083434099 0.1
0 0.46130592503022977 0.05416666666666667 0.03506650544135429 0.10648148148148148
0 0.5849455864570737 0.029166666666666667 0.03204353083434099 0.05648148148148148
0 0.47762998790810157 0.1050925925925926 0.032648125755743655 0.13796296296296295
0 0.5048367593712213 0.10925925925925926 0.03506650544135429 0.13148148148148148
0 0.5163240628778718 0.12962962962962962 0.036275695284159616 0.1259259259259259
0 0.5516928657799275 0.1476851851851852 0.034461910519951636 0.13425925925925927
0 0.5562273276904474 0.09907407407407408 0.041112454655380895 0.1259259259259259
0 0.5903869407496977 0.1125 0.03204353083434099 0.12685185185185185
0 0.6324062877871826 0.07314814814814814 0.032648125755743655 0.12962962962962962
0 0.652962515114873 0.09166666666666666 0.030229746070133012 0.11481481481481481
0 0.6765417170495768 0.09768518518518518 0.030229746070133012 0.1175925925925926
0 0.6765417170495768 0.06851851851851852 0.036275695284159616 0.13148148148148148
0 0.6711003627569528 0.20972222222222223 0.032648125755743655 0.11574074074074074
0 0.7152357920193471 0.26851851851851855 0.03143893591293833 0.1259259259259259
0 0.7345828295042321 0.2611111111111111 0.032648125755743655 0.13518518518518519
0 0.7270253929866989 0.1986111111111111 0.039298669891172915 0.12129629629629629
0 0.7614873035066505 0.24675925925925926 0.034461910519951636 0.13796296296296295
0 0.8403869407496977 0.1935185185185185 0.032648125755743655 0.12407407407407407
0 0.9588875453446191 0.04722222222222222 0.03385731559854897 0.09259259259259259
0 0.9353083434099153 0.05787037037037037 0.032648125755743655 0.11018518518518519
0 0.8675937122128174 0.2824074074074074 0.026602176541717048 0.12037037037037036
0 0.967956469165659 0.2763888888888889 0.03506650544135429 0.1398148148148148
0 0.9685610640870617 0.19305555555555556 0.037484885126964934 0.13240740740740742
0 0.9455864570737605 0.21666666666666667 0.037484885126964934 0.13148148148148148
0 0.8678960096735188 0.125 0.03204353083434099 0.12962962962962962
0 0.8951027811366384 0.1300925925925926 0.03688029020556227 0.1287037037037037
0 0.9186819830713422 0.22546296296296298 0.03204353083434099 0.12314814814814815
0 0.9365175332527207 0.17314814814814813 0.03143893591293833 0.12962962962962962
0 0.969770253929867 0.1398148148148148 0.03385731559854897 0.12962962962962962
0 0.9425634824667473 0.13564814814814816 0.03506650544135429 0.12129629629629629
0 0.8938935912938332 0.09861111111111111 0.03204353083434099 0.12685185185185185
0 0.9165659008464329 0.11944444444444445 0.032648125755743655 0.10740740740740741
0 0.9201934703748489 0.09305555555555556 0.030229746070133012 0.10648148148148148
0 0.7699516324062878 0.2351851851851852 0.034461910519951636 0.12407407407407407
0 0.7385126964933495 0.2175925925925926 0.034461910519951636 0.11296296296296296
0 0.042926239419588876 0.049074074074074076 0.03143893591293833 0.0962962962962963
0 0.8908706166868199 0.23703703703703705 0.06469165659008465 0.1685185185185185
0 0.36668681983071344 0.5476851851851852 0.034461910519951636 0.14907407407407408
0 0.07466747279322854 0.4726851851851852 0.04050785973397823 0.1527777777777778
0 0.041414752116082226 0.5287037037037037 0.039298669891172915 0.15555555555555556
0 0.026602176541717048 0.4949074074074074 0.03506650544135429 0.16203703703703703
0 0.09159613059250302 0.5069444444444444 0.04897218863361548 0.14351851851851852
0 0.8276904474002419 0.36342592592592593 0.03990326481257558 0.1287037037037037
0 0.8382708585247884 0.34814814814814815 0.03204353083434099 0.1259259259259259
0 0.25151148730350664 0.6625 0.044740024183796856 0.16574074074074074
0 0.22309552599758162 0.6504629629629629 0.037484885126964934 0.16018518518518518
0 0.3542926239419589 0.6388888888888888 0.03869407496977025 0.13703703703703704
0 0.218863361547763 0.5703703703703704 0.03385731559854897 0.13518518518518519
0 0.22732769044740025 0.5569444444444445 0.03385731559854897 0.1527777777777778
0 0.17896009673518742 0.5527777777777778 0.03990326481257558 0.14814814814814814
0 0.19044740024183796 0.5199074074074074 0.044740024183796856 0.15462962962962962
0 0.1496372430471584 0.5324074074074074 0.03688029020556227 0.1425925925925926
0 0.3636638452237001 0.22314814814814815 0.03204353083434099 0.12962962962962962
0 0.3845223700120919 0.22083333333333333 0.03143893591293833 0.12685185185185185
0 0.4848851269649335 0.9708333333333333 0.044740024183796856 0.06018518518518518
0 0.5256952841596131 0.9782407407407407 0.046553808948004836 0.04537037037037037
0 0.27357920193470375 0.44027777777777777 0.03688029020556227 0.1287037037037037
0 0.26964933494558646 0.46620370370370373 0.036275695284159616 0.14166666666666666
0 0.25574365175332525 0.9361111111111111 0.041112454655380895 0.12962962962962962
0 0.30713422007255137 0.7773148148148148 0.041112454655380895 0.15462962962962962
0 0.3219467956469166 0.5773148148148148 0.034461910519951636 0.14907407407407408
0 0.343409915356711 0.6995370370370371 0.037484885126964934 0.15092592592592594
0 0.3515719467956469 0.7333333333333333 0.044135429262394194 0.1648148148148148
0 0.6454050785973398 0.8175925925925925 0.051390568319226115 0.1685185185185185
0 0.6880290205562273 0.8476851851851852 0.0471584038694075 0.16203703703703703
0 0.6937726723095526 0.8101851851851852 0.03688029020556227 0.14629629629629629
0 0.42140266021765416 0.7347222222222223 0.049576783555018135 0.14537037037037037
0 0.6466142684401451 0.6574074074074074 0.047762998790810154 0.14629629629629629
0 0.4467956469165659 0.5194444444444445 0.03385731559854897 0.12962962962962962
0 0.4247279322853688 0.5064814814814815 0.03325272067714631 0.13703703703703704
0 0.342503022974607 0.1787037037037037 0.034461910519951636 0.13703703703703704
0 0.4189842805320435 0.5861111111111111 0.032648125755743655 0.14814814814814814
0 0.42623941958887546 0.5560185185185185 0.03506650544135429 0.15092592592592594
0 0.23428053204353083 0.6217592592592592 0.03204353083434099 0.14351851851851852
0 0.2880894800483676 0.5916666666666667 0.042926239419588876 0.15185185185185185
0 0.28869407496977023 0.6462962962962963 0.034461910519951636 0.17222222222222222
0 0.30773881499395406 0.4097222222222222 0.04353083434099154 0.15648148148148147
0 0.3355501813784764 0.39166666666666666 0.036275695284159616 0.12962962962962962
0 0.2968561064087062 0.375 0.037484885126964934 0.14444444444444443
0 0.9183796856106409 0.7796296296296297 0.05078597339782346 0.17037037037037037
0 0.4026602176541717 0.45601851851851855 0.037484885126964934 0.14351851851851852
0 0.9168681983071342 0.6990740740740741 0.051390568319226115 0.1537037037037037
0 0.7376058041112454 0.8023148148148148 0.044740024183796856 0.13796296296296295
0 0.7629987908101572 0.18472222222222223 0.03143893591293833 0.1287037037037037
0 0.7267230955259976 0.9115740740740741 0.06771463119709795 0.175
0 0.48246674727932287 0.5657407407407408 0.03869407496977025 0.14629629629629629
0 0.8361547762998791 0.8287037037037037 0.0471584038694075 0.17592592592592593
0 0.7911124546553809 0.8041666666666667 0.05985489721886336 0.1824074074074074
0 0.0592503022974607 0.9263888888888889 0.05562273276904474 0.14722222222222223
0 0.009068923821039904 0.9439814814814815 0.016928657799274487 0.11388888888888889
0 0.6683796856106409 0.9125 0.06348246674727932 0.1638888888888889
0 0.7539298669891172 0.9712962962962963 0.045949214026602174 0.05925925925925926
0 0.8089480048367593 0.9652777777777778 0.04836759371221282 0.06574074074074074
0 0.6958887545344619 0.6939814814814815 0.045949214026602174 0.15092592592592594
0 0.8189238210399032 0.5662037037037037 0.03688029020556227 0.15462962962962962
0 0.8186215235792019 0.9254629629629629 0.0471584038694075 0.15092592592592594
0 0.26541717049576785 0.3592592592592593 0.03869407496977025 0.14074074074074075
0 0.4625151148730351 0.45092592592592595 0.04232164449818621 0.16296296296296298
0 0.5012091898428053 0.4097222222222222 0.03869407496977025 0.15462962962962962
0 0.24969770253929868 0.399537037037037 0.03385731559854897 0.1175925925925926
0 0.9298669891172914 0.5703703703703704 0.03990326481257558 0.1648148148148148
0 0.7345828295042321 0.6944444444444444 0.04353083434099154 0.14629629629629629
0 0.9863966142684402 0.5097222222222222 0.02599758162031439 0.15648148148148147
0 0.8579201934703748 0.9078703703703703 0.03869407496977025 0.16018518518518518
0 0.7787182587666264 0.8912037037037037 0.05199516324062878 0.17314814814814813
0 0.8373639661426844 0.9490740740740741 0.03385731559854897 0.10185185185185185
