0 0.27760416666666665 0.6370370370370371 0.046875 0.19074074074074074
0 0.33697916666666666 0.6412037037037037 0.04375 0.19166666666666668
0 0.4036458333333333 0.6532407407407408 0.0375 0.17685185185185184
0 0.5317708333333333 0.6185185185185185 0.035416666666666666 0.1814814814814815
0 0.5604166666666667 0.6143518518518518 0.03229166666666667 0.17685185185185184
0 0.7703125 0.5046296296296297 0.023958333333333335 0.09444444444444444
0 0.6104166666666667 0.6273148148148148 0.03854166666666667 0.16944444444444445
0 0.7203125 0.9046296296296297 0.06145833333333333 0.1925925925925926
0 0.66015625 0.9 0.06822916666666666 0.20185185185185187
0 0.46640625 0.5805555555555556 0.0234375 0.11296296296296296
0 0.49296875 0.5708333333333333 0.0328125 0.15462962962962962
0 0.4708333333333333 0.6189814814814815 0.030208333333333334 0.15462962962962962
0 0.5299479166666666 0.5685185185185185 0.025520833333333333 0.13518518518518519
0 0.5739583333333333 0.575462962962963 0.035416666666666666 0.16203703703703703
0 0.63828125 0.5986111111111111 0.03177083333333333 0.14907407407407408
0 0.87578125 0.7162037037037037 0.06927083333333334 0.21574074074074073
0 0.90234375 0.7106481481481481 0.049479166666666664 0.19537037037037036
0 0.778125 0.6944444444444444 0.046875 0.18703703703703703
0 0.815625 0.6888888888888889 0.0625 0.19074074074074074
0 0.5869791666666667 0.8935185185185185 0.0625 0.2111111111111111
0 0.8671875 0.6796296296296296 0.041666666666666664 0.17962962962962964
0 0.14140625 0.8527777777777777 0.05677083333333333 0.24259259259259258
0 0.19713541666666667 0.8689814814814815 0.05364583333333333 0.23796296296296296
0 0.13984375 0.9125 0.0546875 0.17685185185185184
0 0.13020833333333334 0.8060185185185185 0.05 0.20462962962962963
0 0.5986979166666667 0.7101851851851851 0.04010416666666667 0.18703703703703703
0 0.7619791666666667 0.7231481481481481 0.05 0.2037037037037037
0 0.6677083333333333 0.7212962962962963 0.04583333333333333 0.20555555555555555
0 0.7091145833333333 0.7152777777777778 0.04114583333333333 0.1712962962962963
0 0.7921875 0.7560185185185185 0.040625 0.1287037037037037
0 0.8481770833333333 0.7625 0.049479166666666664 0.1675925925925926
0 0.85390625 0.737037037037037 0.0515625 0.19814814814814816
0 0.5565104166666667 0.5180555555555556 0.027604166666666666 0.10648148148148148
0 0.5263020833333333 0.5115740740740741 0.034895833333333334 0.12685185185185185
0 0.43307291666666664 0.5138888888888888 0.0296875 0.13518518518518519
0 0.5013020833333334 0.4981481481481482 0.0234375 0.09814814814814815
0 0.4739583333333333 0.48518518518518516 0.030208333333333334 0.10740740740740741
0 0.44427083333333334 0.48148148148148145 0.029166666666666667 0.11296296296296296
0 0.40390625 0.4810185185185185 0.025520833333333333 0.11203703703703703
0 0.42265625 0.46805555555555556 0.0234375 0.11018518518518519
0 0.7526041666666666 0.4300925925925926 0.027083333333333334 0.0824074074074074
