0 0.527509068923821 0.5189814814814815 0.0380894800483676 0.14351851851851852
0 0.5516928657799275 0.5069444444444444 0.035671100362756954 0.13425925925925927
0 0.5640870616686819 0.6810185185185185 0.0471584038694075 0.16944444444444445
0 0.5396009673518742 0.7162037037037037 0.04534461910519952 0.15833333333333333
0 0.5779927448609432 0.6393518518518518 0.037484885126964934 0.14537037037037037
0 0.5834340991535671 0.5087962962962963 0.049576783555018135 0.1675925925925926
0 0.4501209189842805 0.30925925925925923 0.04050785973397823 0.16666666666666666
0 0.6018742442563483 0.6680555555555555 0.04171704957678356 0.15648148148148147
0 0.6109431680773881 0.6509259259259259 0.039298669891172915 0.14444444444444443
0 0.5788996372430472 0.7601851851851852 0.04534461910519952 0.15925925925925927
0 0.5417170495767836 0.6199074074074075 0.0471584038694075 0.15648148148148147
0 0.48428053204353083 0.7875 0.05199516324062878 0.18425925925925926
0 0.24032648125755743 0.9263888888888889 0.06106408706166868 0.14166666666666666
0 0.5985489721886336 0.7064814814814815 0.03990326481257558 0.14814814814814814
0 0.34008464328899635 0.8097222222222222 0.051390568319226115 0.1675925925925926
0 0.6626360338573156 0.7837962962962963 0.05441354292623942 0.17314814814814813
0 0.47128174123337363 0.3347222222222222 0.044135429262394194 0.16018518518518518
0 0.6883313180169287 0.5958333333333333 0.05501813784764208 0.175
0 0.6239419588875453 0.7685185185185185 0.03990326481257558 0.16111111111111112
0 0.4737001209189843 0.7657407407407407 0.0501813784764208 0.17592592592592593
0 0.8666868198307134 0.9203703703703704 0.05259975816203144 0.1574074074074074
0 0.658403869407497 0.649537037037037 0.045949214026602174 0.16203703703703703
0 0.6194074969770254 0.5712962962962963 0.04534461910519952 0.16296296296296298
0 0.38391777509068925 0.8125 0.05199516324062878 0.1787037037037037
0 0.528415961305925 0.7013888888888888 0.03506650544135429 0.13240740740740742
0 0.5105804111245466 0.6129629629629629 0.039298669891172915 0.15185185185185185
0 0.8237605804111245 0.924537037037037 0.044135429262394194 0.1287037037037037
0 0.06287787182587666 0.8861111111111111 0.056831922611850064 0.1648148148148148
0 0.09764207980652963 0.8694444444444445 0.05259975816203144 0.1814814814814815
0 0.6145707376058042 0.32037037037037036 0.04050785973397823 0.12962962962962962
0 0.650241837968561 0.30833333333333335 0.0380894800483676 0.13703703703703704
0 0.07587666263603386 0.5587962962962963 0.04897218863361548 0.1712962962962963
0 0.013905683192261185 0.2884259259259259 0.026602176541717048 0.1361111111111111
0 0.6753325272067715 0.4439814814814815 0.044740024183796856 0.15092592592592594
0 0.5737605804111245 0.27037037037037037 0.04353083434099154 0.1537037037037037
0 0.4588875453446191 0.3768518518518518 0.044740024183796856 0.15
0 0.6327085852478839 0.4050925925925926 0.0380894800483676 0.15462962962962962
0 0.6783555018137848 0.39537037037037037 0.03869407496977025 0.15925925925925927
0 0.5634824667472793 0.37824074074074077 0.03990326481257558 0.15648148148148147
0 0.5912938331318017 0.3888888888888889 0.041112454655380895 0.13703703703703704
0 0.49788391777509067 0.22962962962962963 0.03204353083434099 0.1259259259259259
0 0.75453446191052 0.5018518518518519 0.05078597339782346 0.1814814814814815
0 0.7998790810157195 0.4986111111111111 0.04232164449818621 0.1675925925925926
0 0.4930471584038694 0.26342592592592595 0.03204353083434099 0.13796296296296295
0 0.5051390568319226 0.33055555555555555 0.042926239419588876 0.16111111111111112
0 0.530229746070133 0.3263888888888889 0.037484885126964934 0.14166666666666666
0 0.5199516324062878 0.4115740740740741 0.03990326481257558 0.1527777777777778
0 0.5562273276904474 0.4217592592592593 0.041112454655380895 0.1361111111111111
0 0.5982466747279322 0.46064814814814814 0.047762998790810154 0.1675925925925926
0 0.623639661426844 0.48518518518518516 0.03688029020556227 0.14074074074074075
0 0.6568923821039904 0.4837962962962963 0.04050785973397823 0.14351851851851852
0 0.8881499395405078 0.6060185185185185 0.05199516324062878 0.17314814814814813
0 0.6862152357920194 0.5 0.04353083434099154 0.15
0 0.6804715840386941 0.6777777777777778 0.039298669891172915 0.15555555555555556
0 0.7469770253929867 0.6907407407407408 0.04897218863361548 0.17222222222222222
0 0.6305925030229746 0.6060185185185185 0.03990326481257558 0.16018518518518518
0 0.9773276904474002 0.45555555555555555 0.03688029020556227 0.12962962962962962
0 0.9797460701330108 0.8907407407407407 0.0380894800483676 0.17407407407407408
0 0.7787182587666264 0.34953703703703703 0.03990326481257558 0.13796296296296295
0 0.8116686819830713 0.36018518518518516 0.035671100362756954 0.12222222222222222
0 0.93863361547763 0.9023148148148148 0.05743651753325272 0.1527777777777778
0 0.8367593712212817 0.7921296296296296 0.049576783555018135 0.16944444444444445
0 0.7920193470374849 0.7939814814814815 0.05199516324062878 0.18425925925925926
0 0.8276904474002419 0.3263888888888889 0.045949214026602174 0.15092592592592594
0 0.8688029020556227 0.3277777777777778 0.037484885126964934 0.1259259259259259
0 0.9162636033857315 0.28564814814814815 0.04171704957678356 0.1361111111111111
0 0.6629383313180169 0.23981481481481481 0.044135429262394194 0.15
0 0.6327085852478839 0.2518518518518518 0.04050785973397823 0.1259259259259259
0 0.849758162031439 0.3537037037037037 0.039298669891172915 0.12222222222222222
0 0.8957073760580411 0.33194444444444443 0.035671100362756954 0.12129629629629629
0 0.7227932285368803 0.7138888888888889 0.04171704957678356 0.16111111111111112
0 0.6910519951632407 0.6995370370370371 0.04232164449818621 0.15833333333333333
0 0.008162031438935914 0.7416666666666667 0.015114873035066506 0.1648148148148148
0 0.01995163240628779 0.6967592592592593 0.03869407496977025 0.16018518518518518
0 0.5538089480048367 0.9337962962962963 0.0471584038694075 0.13240740740740742
0 0.6454050785973398 0.9347222222222222 0.047762998790810154 0.13240740740740742
0 0.10761789600967352 0.3902777777777778 0.04353083434099154 0.16018518518518518
0 0.7430471584038694 0.43657407407407406 0.05199516324062878 0.1712962962962963
0 0.7209794437726723 0.3425925925925926 0.03688029020556227 0.1259259259259259
0 0.8872430471584039 0.26481481481481484 0.03688029020556227 0.13703703703703704
0 0.9416565900846433 0.2375 0.039298669891172915 0.13796296296296295
0 0.9776299879081015 0.23055555555555557 0.041112454655380895 0.1425925925925926
0 0.9876058041112454 0.16018518518518518 0.022370012091898428 0.12222222222222222
0 0.914752116082225 0.1865740740740741 0.041112454655380895 0.1527777777777778
0 0.8969165659008465 0.1587962962962963 0.0380894800483676 0.12685185185185185
0 0.9298669891172914 0.14305555555555555 0.03869407496977025 0.13425925925925927
0 0.9709794437726723 0.050462962962962966 0.03869407496977025 0.09907407407407408
0 0.8657799274486094 0.14166666666666666 0.03869407496977025 0.12777777777777777
0 0.8343409915356711 0.10324074074074074 0.036275695284159616 0.125
0 0.8585247883917775 0.11712962962962963 0.03506650544135429 0.12314814814814815
0 0.8848246674727932 0.1175925925925926 0.034461910519951636 0.12037037037037036
0 0.9195888754534461 0.08888888888888889 0.037484885126964934 0.12407407407407407
0 0.8908706166868199 0.10138888888888889 0.03688029020556227 0.12685185185185185
0 0.8615477629987908 0.05185185185185185 0.03143893591293833 0.10185185185185185
0 0.8863361547762999 0.058333333333333334 0.036275695284159616 0.11481481481481481
0 0.9331922611850061 0.04583333333333333 0.03688029020556227 0.08981481481481482
0 0.10126964933494559 0.20694444444444443 0.046553808948004836 0.13796296296296295
0 0.07043530834340991 0.20787037037037037 0.03688029020556227 0.1398148148148148
0 0.07496977025392987 0.14722222222222223 0.036275695284159616 0.13148148148148148
0 0.002116082224909311 0.20787037037037037 0.003022974607013301 0.13240740740740742
0 0.013603385731559855 0.16574074074074074 0.02599758162031439 0.13333333333333333
0 0.046251511487303505 0.16111111111111112 0.04171704957678356 0.13518518518518519
0 0.019347037484885126 0.12731481481481483 0.037484885126964934 0.1361111111111111
0 0.07194679564691657 0.07777777777777778 0.037484885126964934 0.13703703703703704
0 0.04897218863361548 0.08564814814814815 0.032648125755743655 0.13055555555555556
0 0.12243047158403869 0.08333333333333333 0.03688029020556227 0.13518518518518519
0 0.14600967351874244 0.09953703703703703 0.02962515114873035 0.11018518518518519
0 0.13301088270858524 0.05694444444444444 0.036275695284159616 0.10833333333333334
0 0.1677750906892382 0.055092592592592596 0.03688029020556227 0.10833333333333334
0 0.22762998790810157 0.19305555555555556 0.04050785973397823 0.13796296296296295
0 0.2759975816203144 0.16203703703703703 0.04050785973397823 0.12962962962962962
0 0.2158403869407497 0.13148148148148148 0.02902055622732769 0.10925925925925926
0 0.29866989117291415 0.18518518518518517 0.03990326481257558 0.1537037037037037
0 0.23246674727932284 0.12546296296296297 0.035671100362756954 0.13796296296296295
0 0.2545344619105199 0.14722222222222223 0.02902055622732769 0.1259259259259259
0 0.2469770253929867 0.18055555555555555 0.024788391777509067 0.09074074074074075
0 0.5550181378476421 0.3023148148148148 0.03990326481257558 0.14907407407407408
0 0.6859129383313181 0.33425925925925926 0.04534461910519952 0.14629629629629629
0 0.7073760580411125 0.2972222222222222 0.041112454655380895 0.13518518518518519
0 0.5359733978234583 0.25462962962962965 0.04050785973397823 0.13518518518518519
0 0.6091293833131801 0.20972222222222223 0.039298669891172915 0.13055555555555556
0 0.6550785973397824 0.19166666666666668 0.039298669891172915 0.13518518518518519
0 0.723397823458283 0.22407407407407406 0.039298669891172915 0.14074074074074075
0 0.7382103990326482 0.16342592592592592 0.03869407496977025 0.1398148148148148
0 0.7103990326481258 0.19074074074074074 0.036275695284159616 0.13518518518518519
0 0.6819830713422007 0.19398148148148148 0.03506650544135429 0.13425925925925927
0 0.7270253929866989 0.10277777777777777 0.03083434099153567 0.10925925925925926
0 0.6420798065296252 0.15185185185185185 0.044740024183796856 0.13703703703703704
0 0.6568923821039904 0.11203703703703703 0.042926239419588876 0.13703703703703704
0 0.6073155985489722 0.09814814814814815 0.03204353083434099 0.12962962962962962
0 0.5810157194679565 0.09212962962962963 0.03385731559854897 0.125
0 0.5616686819830713 0.21203703703703702 0.03869407496977025 0.13703703703703704
0 0.46856106408706166 0.1837962962962963 0.041112454655380895 0.14351851851851852
0 0.46946795646916567 0.13703703703703704 0.03204353083434099 0.13518518518518519
0 0.5123941958887546 0.12407407407407407 0.04050785973397823 0.12962962962962962
0 0.5420193470374849 0.14166666666666666 0.03325272067714631 0.1111111111111111
0 0.5492744860943168 0.12546296296296297 0.03325272067714631 0.13055555555555556
0 0.49425634824667475 0.08703703703703704 0.04171704957678356 0.14444444444444443
0 0.5350665054413543 0.06481481481481481 0.036275695284159616 0.12777777777777777
0 0.35761789600967353 0.020370370370370372 0.02962515114873035 0.03888888888888889
0 0.3364570737605804 0.01990740740740741 0.028415961305925032 0.03796296296296296
0 0.6405683192261185 0.02175925925925926 0.03083434099153567 0.041666666666666664
0 0.6686819830713422 0.019444444444444445 0.02781136638452237 0.037037037037037035
0 0.9573760580411125 0.17916666666666667 0.034461910519951636 0.14722222222222223
0 0.23216444981862153 0.07175925925925926 0.02539298669891173 0.06388888888888888
0 0.9144498186215235 0.24305555555555555 0.03204353083434099 0.10833333333333334
0 0.5042321644498187 0.049074074074074076 0.03506650544135429 0.0962962962962963
0 0.5731559854897219 0.034722222222222224 0.03506650544135429 0.06759259259259259
0 0.3585247883917775 0.48333333333333334 0.036275695284159616 0.15555555555555556
0 0.27327690447400244 0.25925925925925924 0.03506650544135429 0.1388888888888889
0 0.13905683192261184 0.7393518518518518 0.045949214026602174 0.16203703703703703
0 0.014207980652962516 0.5189814814814815 0.02720677146311971 0.1638888888888889
0 0.13784764207980654 0.7064814814814815 0.049576783555018135 0.15925925925925927
0 0.813180169286578 0.2884259259259259 0.03869407496977025 0.1361111111111111
0 0.8403869407496977 0.28194444444444444 0.032648125755743655 0.11574074074074074
0 0.2460701330108827 0.5921296296296297 0.04836759371221282 0.1675925925925926
0 0.21311970979443773 0.5736111111111111 0.04050785973397823 0.175
0 0.35278113663845223 0.575 0.034461910519951636 0.1425925925925926
0 0.21100362756952842 0.5032407407407408 0.044740024183796856 0.14907407407407408
0 0.1837968561064087 0.4898148148148148 0.03506650544135429 0.13148148148148148
0 0.18016928657799275 0.4462962962962963 0.03990326481257558 0.14629629629629629
0 0.14268440145102781 0.47175925925925927 0.03869407496977025 0.14537037037037037
0 0.3567110036275695 0.15092592592592594 0.032648125755743655 0.13148148148148148
0 0.3802902055622733 0.1486111111111111 0.03143893591293833 0.13240740740740742
0 0.26874244256348245 0.3763888888888889 0.04534461910519952 0.14166666666666666
0 0.26088270858524787 0.3972222222222222 0.03688029020556227 0.14444444444444443
0 0.18591293833131803 0.9032407407407408 0.05380894800483676 0.15648148148148147
0 0.2980652962515115 0.7064814814814815 0.04232164449818621 0.15185185185185185
0 0.43802902055622733 0.5541666666666667 0.0380894800483676 0.14907407407407408
0 0.34189842805320436 0.6273148148148148 0.042926239419588876 0.15648148148148147
0 0.34129383313180167 0.6638888888888889 0.04050785973397823 0.1685185185185185
0 0.4135429262394196 0.6652777777777777 0.049576783555018135 0.15092592592592594
0 0.628174123337364 0.7087962962962963 0.0471584038694075 0.15648148148148147
0 0.43319226118500603 0.45694444444444443 0.034461910519951636 0.1287037037037037
0 0.42019347037484883 0.425 0.036275695284159616 0.11481481481481481
0 0.4126360338573156 0.5143518518518518 0.035671100362756954 0.15092592592592594
0 0.42200725513905685 0.48518518518518516 0.030229746070133012 0.14444444444444443
0 0.23125755743651755 0.5458333333333333 0.034461910519951636 0.13796296296296295
0 0.2717654171704958 0.5300925925925926 0.04050785973397823 0.15833333333333333
0 0.2790205562273277 0.5791666666666667 0.039298669891172915 0.1675925925925926
0 0.5411124546553809 0.5648148148148148 0.04353083434099154 0.15185185185185185
0 0.25060459492140263 0.33240740740740743 0.0380894800483676 0.1648148148148148
0 0.2790205562273277 0.3296296296296296 0.04050785973397823 0.15
0 0.3987303506650544 0.3819444444444444 0.04050785973397823 0.1398148148148148
0 0.38694074969770254 0.3074074074074074 0.03506650544135429 0.12962962962962962
0 0.4743047158403869 0.4930555555555556 0.035671100362756954 0.14907407407407408
0 0.2720677146311971 0.2916666666666667 0.037484885126964934 0.13703703703703704
