0 0.058823529411764705 0.7579545454545454 0.04603580562659847 0.15227272727272728
0 0.054987212276214836 0.8255681818181818 0.05200341005967604 0.15568181818181817
0 0.13725490196078433 0.7869318181818182 0.03751065643648764 0.14204545454545456
0 0.6223358908780904 0.9727272727272728 0.05115089514066496 0.056818181818181816
0 0.6820119352088662 0.8835227272727273 0.04603580562659847 0.15113636363636362
0 0.4518329070758738 0.8721590909090909 0.04603580562659847 0.15113636363636362
0 0.4884910485933504 0.8602272727272727 0.04603580562659847 0.15227272727272728
0 0.3435635123614663 0.7346590909090909 0.042625745950554135 0.14659090909090908
0 0.3090366581415175 0.7039772727272727 0.04859335038363171 0.1375
0 0.27450980392156865 0.7352272727272727 0.05115089514066496 0.1318181818181818
0 0.0123614663256607 0.7494318181818181 0.023017902813299233 0.13977272727272727
0 0.47698209718670076 0.7295454545454545 0.03836317135549872 0.15227272727272728
0 0.5106564364876386 0.7329545454545454 0.04603580562659847 0.15227272727272728
0 0.40664961636828645 0.9090909090909091 0.0443307757885763 0.13863636363636364
0 0.38235294117647056 0.5801136363636363 0.03836317135549872 0.13522727272727272
0 0.13341858482523444 0.5636363636363636 0.040068201193520885 0.1340909090909091
0 0.16197783461210571 0.5744318181818182 0.04603580562659847 0.12840909090909092
0 0.7476555839727195 0.6068181818181818 0.04603580562659847 0.15227272727272728
0 0.7237851662404092 0.8960227272727272 0.0443307757885763 0.14886363636363636
0 0.3410059676044331 0.51875 0.03751065643648764 0.12840909090909092
0 0.2988064791133845 0.5142045454545454 0.040068201193520885 0.12386363636363637
0 0.09676044330775789 0.4965909090909091 0.03836317135549872 0.13863636363636364
0 0.8742540494458653 0.04659090909090909 0.0247229326513214 0.08409090909090909
0 0.8495311167945439 0.821590909090909 0.05029838022165388 0.1409090909090909
0 0.5072463768115942 0.5113636363636364 0.042625745950554135 0.11363636363636363
0 0.4411764705882353 0.584659090909091 0.03836317135549872 0.13522727272727272
0 0.47911338448422847 0.5920454545454545 0.04092071611253197 0.13636363636363635
0 0.5451832907075874 0.7085227272727272 0.045183290707587385 0.12840909090909092
0 0.3111679454390452 0.06988636363636364 0.030690537084398978 0.10113636363636364
0 0.8064791133844842 0.38977272727272727 0.042625745950554135 0.10454545454545454
0 0.10485933503836317 0.9914772727272727 0.03580562659846547 0.019318181818181818
0 0.28175618073316283 0.9715909090909091 0.045183290707587385 0.05909090909090909
0 0.20460358056265984 0.9784090909090909 0.0443307757885763 0.045454545454545456
0 0.23572037510656438 0.959659090909091 0.04859335038363171 0.08295454545454546
0 0.14705882352941177 0.9261363636363636 0.043478260869565216 0.14772727272727273
0 0.1824381926683717 0.9301136363636363 0.042625745950554135 0.14204545454545456
0 0.43052003410059675 0.022727272727272728 0.02557544757033248 0.04318181818181818
0 0.4134697357203751 0.025 0.028985507246376812 0.04772727272727273
0 0.34654731457800514 0.010795454545454546 0.028132992327365727 0.019318181818181818
0 0.23572037510656438 0.05 0.028132992327365727 0.07727272727272727
0 0.8047740835464621 0.2096590909090909 0.0392156862745098 0.11704545454545455
0 0.8576300085251491 0.2125 0.03580562659846547 0.11818181818181818
0 0.8145780051150895 0.21647727272727274 0.03154305200341006 0.11477272727272728
0 0.829070758738278 0.05113636363636364 0.03495311167945439 0.09090909090909091
0 0.7195225916453538 0.38125 0.0392156862745098 0.12386363636363637
0 0.49872122762148335 0.27954545454545454 0.03239556692242114 0.11136363636363636
0 0.5430520034100597 0.2772727272727273 0.03751065643648764 0.11818181818181818
0 0.8017902813299232 0.35454545454545455 0.03836317135549872 0.10454545454545454
0 0.76768968456948 0.3840909090909091 0.040068201193520885 0.12045454545454545
0 0.7587382779198636 0.5431818181818182 0.03751065643648764 0.1318181818181818
0 0.8158567774936062 0.4954545454545455 0.028985507246376812 0.11818181818181818
0 0.7953964194373402 0.5886363636363636 0.03410059676044331 0.10454545454545454
0 0.8482523444160273 0.584659090909091 0.0392156862745098 0.13068181818181818
0 0.7988064791133845 0.5159090909090909 0.0392156862745098 0.11818181818181818
0 0.5613810741687979 0.39545454545454545 0.04688832054560955 0.12045454545454545
0 0.5336743393009378 0.4022727272727273 0.04092071611253197 0.12045454545454545
0 0.3290707587382779 0.2551136363636364 0.03580562659846547 0.11477272727272728
0 0.49701619778346123 0.10056818181818182 0.027280477408354646 0.0875
0 0.2753623188405797 0.017613636363636363 0.023870417732310314 0.03295454545454545
0 0.36061381074168797 0.03068181818181818 0.02557544757033248 0.05909090909090909
0 0.8188405797101449 0.29829545454545453 0.03836317135549872 0.10340909090909091
0 0.8337595907928389 0.6363636363636364 0.02557544757033248 0.10454545454545454
0 0.2531969309462916 0.03977272727272727 0.027280477408354646 0.07727272727272727
0 0.7127024722932651 0.2846590909090909 0.05115089514066496 0.11477272727272728
0 0.8235294117647058 0.35454545454545455 0.042625745950554135 0.125
0 0.5549872122762148 0.3482954545454545 0.03410059676044331 0.10795454545454546
0 0.8073316283034954 0.3068181818181818 0.042625745950554135 0.10454545454545454
0 0.7774936061381074 0.48920454545454545 0.04092071611253197 0.11477272727272728
0 0.5238704177323104 0.10340909090909091 0.03324808184143223 0.09318181818181819
0 0.5549872122762148 0.5079545454545454 0.03751065643648764 0.1318181818181818
0 0.5797101449275363 0.3431818181818182 0.0392156862745098 0.12272727272727273
0 0.6930946291560103 0.3880681818181818 0.03410059676044331 0.1215909090909091
0 0.7271952259164536 0.19545454545454546 0.03410059676044331 0.11363636363636363
0 0.5609548167092924 0.03806818181818182 0.028985507246376812 0.07386363636363637
0 0.5763000852514919 0.04943181818181818 0.023870417732310314 0.09431818181818181
0 0.7979539641943734 0.9789772727272728 0.028985507246376812 0.03977272727272727
0 0.8367433930093776 0.9636363636363636 0.05200341005967604 0.075
0 0.8789428815004262 0.9460227272727273 0.04092071611253197 0.11022727272727273
0 0.6138107416879796 0.8227272727272728 0.0443307757885763 0.15454545454545454
0 0.6606990622335891 0.81875 0.04603580562659847 0.15795454545454546
0 0.7911338448422848 0.7295454545454545 0.0494458653026428 0.1590909090909091
0 0.8103154305200341 0.63125 0.045183290707587385 0.15568181818181817
0 0.8648763853367434 0.64375 0.03836317135549872 0.13068181818181818
0 0.7327365728900256 0.51875 0.041773231031543054 0.12386363636363637
0 0.2514919011082694 0.16136363636363638 0.030690537084398978 0.1
0 0.4816709292412617 0.35568181818181815 0.042625745950554135 0.12045454545454545
0 0.24040920716112532 0.39431818181818185 0.03239556692242114 0.10454545454545454
0 0.26427962489343565 0.39147727272727273 0.03410059676044331 0.11477272727272728
0 0.2907075873827792 0.40795454545454546 0.03410059676044331 0.09090909090909091
0 0.29539641943734013 0.25170454545454546 0.03495311167945439 0.11477272727272728
0 0.4356351236146633 0.32954545454545453 0.03580562659846547 0.11136363636363636
0 0.3171355498721228 0.1375 0.03410059676044331 0.10454545454545454
0 0.18925831202046037 0.06136363636363636 0.027280477408354646 0.09090909090909091
0 0.3009377664109122 0.20909090909090908 0.028985507246376812 0.08409090909090909
0 0.5443307757885762 0.03465909090909091 0.03154305200341006 0.06704545454545455
0 0.4484228473998295 0.0971590909090909 0.030690537084398978 0.09431818181818181
0 0.47357203751065646 0.10795454545454546 0.03154305200341006 0.08636363636363636
0 0.21099744245524296 0.042045454545454546 0.028132992327365727 0.08181818181818182
0 0.20076726342711 0.007386363636363636 0.03495311167945439 0.0125
0 0.33248081841432225 0.08352272727272728 0.030690537084398978 0.0875
0 0.49872122762148335 0.125 0.03239556692242114 0.10227272727272728
0 0.7706734867860188 0.29375 0.042625745950554135 0.1215909090909091
0 0.386615515771526 0.03238636363636364 0.028132992327365727 0.0625
0 0.47058823529411764 0.03295454545454545 0.028985507246376812 0.06363636363636363
0 0.5234441602728048 0.35113636363636364 0.03751065643648764 0.10454545454545454
0 0.25831202046035806 0.019318181818181818 0.023870417732310314 0.03636363636363636
0 0.07800511508951406 0.9181818181818182 0.04859335038363171 0.13863636363636364
0 0.5238704177323104 0.94375 0.041773231031543054 0.1125
0 0.5626598465473146 0.9545454545454546 0.0392156862745098 0.09090909090909091
0 0.7728047740835464 0.8988636363636363 0.04688832054560955 0.15681818181818183
0 0.24808184143222506 0.6738636363636363 0.042625745950554135 0.13863636363636364
0 0.8124467178175618 0.83125 0.04092071611253197 0.1693181818181818
0 0.9104859335038363 0.8482954545454545 0.042625745950554135 0.16022727272727272
0 0.9386189258312021 0.8278409090909091 0.04092071611253197 0.16477272727272727
0 0.9249786871270247 0.7818181818181819 0.04774083546462063 0.15681818181818183
0 0.8729752770673487 0.5323863636363636 0.0392156862745098 0.12386363636363637
0 0.5788576300085252 0.21704545454545454 0.03239556692242114 0.09772727272727273
0 0.15430520034100598 0.023295454545454546 0.03239556692242114 0.04431818181818182
0 0.014919011082693947 0.5744318181818182 0.028132992327365727 0.12386363636363637
0 0.027280477408354646 0.5176136363636363 0.042625745950554135 0.11931818181818182
0 0.5754475703324808 0.6931818181818182 0.042625745950554135 0.1409090909090909
0 0.0733162830349531 0.32897727272727273 0.03751065643648764 0.12840909090909092
0 0.226768968456948 0.5545454545454546 0.0392156862745098 0.14545454545454545
0 0.5230179028132992 0.5477272727272727 0.03836317135549872 0.125
0 0.45012787723785164 0.42727272727272725 0.03580562659846547 0.11363636363636363
0 0.329923273657289 0.31988636363636364 0.03410059676044331 0.11477272727272728
0 0.061381074168797956 0.4125 0.04603580562659847 0.125
0 0.008525149190110827 0.5318181818181819 0.015345268542199489 0.125
0 0.08951406649616368 0.35397727272727275 0.042625745950554135 0.11704545454545455
0 0.2813299232736573 0.5840909090909091 0.042625745950554135 0.13863636363636364
0 0.1287297527706735 0.3465909090909091 0.04092071611253197 0.11818181818181818
0 0.4560954816709292 0.18579545454545454 0.030690537084398978 0.09431818181818181
0 0.4629156010230179 0.5153409090909091 0.03580562659846547 0.1215909090909091
0 0.4219948849104859 0.42215909090909093 0.0392156862745098 0.12840909090909092
0 0.21994884910485935 0.05 0.023870417732310314 0.07954545454545454
0 0.4629156010230179 0.39943181818181817 0.03580562659846547 0.1215909090909091
0 0.5379369138959932 0.45852272727272725 0.04092071611253197 0.13522727272727272
0 0.36061381074168797 0.3170454545454545 0.03239556692242114 0.12045454545454545
0 0.16027280477408354 0.20909090909090908 0.04092071611253197 0.09772727272727273
0 0.41901108269394716 0.26931818181818185 0.03495311167945439 0.09772727272727273
0 0.1815856777493606 0.32784090909090907 0.03751065643648764 0.11477272727272728
0 0.34697357203751067 0.27102272727272725 0.03580562659846547 0.1215909090909091
0 0.35805626598465473 0.19147727272727272 0.03239556692242114 0.10340909090909091
0 0.3853367433930094 0.19204545454545455 0.03239556692242114 0.11136363636363636
0 0.46675191815856776 0.24772727272727274 0.03836317135549872 0.11818181818181818
0 0.3989769820971867 0.2636363636363636 0.03410059676044331 0.10681818181818181
0 0.4339300937766411 0.17897727272727273 0.030690537084398978 0.10113636363636364
0 0.41091219096334186 0.19488636363636364 0.03239556692242114 0.10340909090909091
0 0.31287297527706737 0.17784090909090908 0.03410059676044331 0.11477272727272728
0 0.5285592497868713 0.13125 0.03239556692242114 0.10340909090909091
0 0.7544757033248082 0.32784090909090907 0.03580562659846547 0.11022727272727273
0 0.8789428815004262 0.22443181818181818 0.030690537084398978 0.10795454545454546
0 0.8533674339300937 0.4147727272727273 0.042625745950554135 0.11818181818181818
0 0.855924978687127 0.22102272727272726 0.03580562659846547 0.10795454545454546
0 0.8473998294970162 0.3971590909090909 0.042625745950554135 0.12386363636363637
0 0.8120204603580563 0.41306818181818183 0.03836317135549872 0.1215909090909091
0 0.7693947144075022 0.8431818181818181 0.05200341005967604 0.15454545454545454
0 0.09036658141517477 0.43920454545454546 0.04603580562659847 0.12840909090909092
0 0.48934356351236147 0.40511363636363634 0.03239556692242114 0.1215909090909091
0 0.37681159420289856 0.5068181818181818 0.0443307757885763 0.12045454545454545
0 0.6820119352088662 0.9767045454545454 0.0443307757885763 0.048863636363636366
0 0.5008525149190111 0.39431818181818185 0.03154305200341006 0.10681818181818181
0 0.42710997442455245 0.4914772727272727 0.03751065643648764 0.12840909090909092
0 0.4356351236146633 0.1403409090909091 0.02557544757033248 0.0875
