0 0.4658403869407497 0.2537037037037037 0.03688029020556227 0.13703703703703704
0 0.49244256348246673 0.23194444444444445 0.034461910519951636 0.1175925925925926
0 0.5689238210399032 0.7060185185185185 0.044740024183796856 0.14907407407407408
0 0.5326481257557436 0.7111111111111111 0.05199516324062878 0.1648148148148148
0 0.5326481257557436 0.3194444444444444 0.045949214026602174 0.1425925925925926
0 0.5637847642079806 0.38564814814814813 0.04171704957678356 0.14907407407407408
0 0.8787787182587666 0.7578703703703704 0.046553808948004836 0.16574074074074074
0 0.8422007255139057 0.7513888888888889 0.05078597339782346 0.1824074074074074
0 0.7983675937122128 0.7462962962962963 0.04171704957678356 0.14074074074074075
0 0.8960096735187424 0.3416666666666667 0.03990326481257558 0.1574074074074074
0 0.596130592503023 0.35648148148148145 0.03143893591293833 0.12407407407407407
0 0.9319830713422007 0.43287037037037035 0.04171704957678356 0.1675925925925926
0 0.9749093107617895 0.38796296296296295 0.039298669891172915 0.1574074074074074
0 0.5399032648125756 0.23842592592592593 0.04232164449818621 0.14351851851851852
0 0.47702539298669894 0.18287037037037038 0.04232164449818621 0.15462962962962962
0 0.6000604594921403 0.3888888888888889 0.039298669891172915 0.14444444444444443
0 0.6311970979443773 0.38935185185185184 0.03506650544135429 0.13425925925925927
0 0.6079201934703748 0.41805555555555557 0.04171704957678356 0.13796296296296295
0 0.656590084643289 0.31157407407407406 0.041112454655380895 0.1398148148148148
0 0.7759975816203144 0.6699074074074074 0.0562273276904474 0.18796296296296297
0 0.7309552599758162 0.4791666666666667 0.045949214026602174 0.1638888888888889
0 0.6892382103990327 0.500462962962963 0.053204353083434096 0.17685185185185184
0 0.6614268440145102 0.38425925925925924 0.037484885126964934 0.1388888888888889
0 0.7240024183796856 0.6976851851851852 0.03688029020556227 0.14351851851851852
0 0.5532043530834341 0.4287037037037037 0.044740024183796856 0.15185185185185185
0 0.6880290205562273 0.42962962962962964 0.044740024183796856 0.15555555555555556
0 0.5042321644498187 0.1875 0.04353083434099154 0.14907407407407408
0 0.6816807738814994 0.28703703703703703 0.046553808948004836 0.1537037037037037
0 0.7370012091898428 0.3875 0.04353083434099154 0.15833333333333333
0 0.9673518742442564 0.7027777777777777 0.05078597339782346 0.15925925925925927
0 0.9168681983071342 0.6763888888888889 0.044135429262394194 0.15648148148148147
0 0.8926844014510278 0.6731481481481482 0.047762998790810154 0.17407407407407408
0 0.7892986698911729 0.46296296296296297 0.04171704957678356 0.1574074074074074
0 0.7617896009673518 0.4041666666666667 0.03506650544135429 0.13796296296296295
0 0.657496977025393 0.42453703703703705 0.039298669891172915 0.14351851851851852
0 0.9531438935912938 0.412962962962963 0.044135429262394194 0.1537037037037037
0 0.905683192261185 0.4699074074074074 0.044740024183796856 0.14351851851851852
0 0.9214026602176542 0.40370370370370373 0.04232164449818621 0.14629629629629629
0 0.813180169286578 0.4046296296296296 0.0471584038694075 0.14629629629629629
0 0.8192261185006046 0.45787037037037037 0.0471584038694075 0.15462962962962962
0 0.6729141475211609 0.35555555555555557 0.041112454655380895 0.1425925925925926
0 0.9307738814993954 0.6347222222222222 0.04171704957678356 0.16018518518518518
0 0.5157194679564692 0.32037037037037036 0.02902055622732769 0.09444444444444444
0 0.567714631197098 0.2740740740740741 0.03990326481257558 0.13518518518518519
0 0.9558645707376058 0.46574074074074073 0.032648125755743655 0.10740740740740741
0 0.9226118500604595 0.8050925925925926 0.05441354292623942 0.16944444444444445
0 0.9570737605804112 0.8046296296296296 0.045949214026602174 0.1574074074074074
0 0.2478839177750907 0.23055555555555557 0.037484885126964934 0.10740740740740741
0 0.585247883917775 0.4166666666666667 0.041112454655380895 0.15925925925925927
0 0.5386940749697703 0.36574074074074076 0.03143893591293833 0.11851851851851852
0 0.6432889963724304 0.30416666666666664 0.03506650544135429 0.13425925925925927
0 0.3032043530834341 0.9773148148148149 0.02962515114873035 0.04351851851851852
0 0.002720677146311971 0.3578703703703704 0.004232164449818622 0.15462962962962962
0 0.0024183796856106408 0.24027777777777778 0.0036275695284159614 0.14351851851851852
0 0.004534461910519952 0.2 0.007859733978234583 0.1425925925925926
0 0.020556227327690448 0.1 0.03990326481257558 0.13518518518518519
0 0.05985489721886336 0.3106481481481482 0.03990326481257558 0.1361111111111111
0 0.08827085852478839 0.30416666666666664 0.041112454655380895 0.14907407407407408
0 0.04685610640870617 0.07592592592592592 0.039298669891172915 0.11851851851851852
0 0.08222490931076179 0.09074074074074075 0.037484885126964934 0.12962962962962962
0 0.06620314389359129 0.25 0.034461910519951636 0.12407407407407407
0 0.1185006045949214 0.2152777777777778 0.04232164449818621 0.1287037037037037
0 0.13240628778718258 0.1527777777777778 0.037484885126964934 0.12407407407407407
0 0.14600967351874244 0.11203703703703703 0.03688029020556227 0.11851851851851852
0 0.21342200725513905 0.05324074074074074 0.03990326481257558 0.10462962962962963
0 0.17472793228536881 0.15416666666666667 0.03869407496977025 0.13240740740740742
0 0.19316807738814995 0.04490740740740741 0.03083434099153567 0.08796296296296297
0 0.10519951632406288 0.40370370370370373 0.0471584038694075 0.15185185185185185
0 0.2992744860943168 0.06666666666666667 0.041112454655380895 0.13148148148148148
0 0.32436517533252723 0.1 0.035671100362756954 0.13148148148148148
0 0.33192261185006044 0.0712962962962963 0.037484885126964934 0.12407407407407407
0 0.4204957678355502 0.1550925925925926 0.034461910519951636 0.13425925925925927
0 0.4492140266021765 0.027777777777777776 0.02902055622732769 0.053703703703703705
0 0.3935912938331318 0.09768518518518518 0.036275695284159616 0.12685185185185185
0 0.4540507859733978 0.08425925925925926 0.03385731559854897 0.1259259259259259
0 0.5123941958887546 0.0824074074074074 0.039298669891172915 0.13518518518518519
0 0.5634824667472793 0.04675925925925926 0.037484885126964934 0.09166666666666666
0 0.5798065296251511 0.05416666666666667 0.03506650544135429 0.10648148148148148
0 0.46735187424425634 0.12361111111111112 0.032648125755743655 0.12685185185185185
0 0.6396614268440145 0.0375 0.032648125755743655 0.07314814814814814
0 0.6650544135429263 0.0375 0.03506650544135429 0.07314814814814814
0 0.6169891172914147 0.02638888888888889 0.03325272067714631 0.05092592592592592
0 0.49365175332527206 0.14074074074074075 0.039298669891172915 0.13518518518518519
0 0.5078597339782346 0.17037037037037037 0.03990326481257558 0.16111111111111112
0 0.5450423216444982 0.16111111111111112 0.03688029020556227 0.12962962962962962
0 0.5749697702539298 0.1587962962962963 0.03990326481257558 0.13240740740740742
0 0.601571946795647 0.1587962962962963 0.03990326481257558 0.13425925925925927
0 0.6375453446191052 0.12268518518518519 0.04050785973397823 0.13425925925925927
0 0.6535671100362757 0.1412037037037037 0.03385731559854897 0.11574074074074074
0 0.6668681983071342 0.15787037037037038 0.03506650544135429 0.125
0 0.7738814993954051 0.12083333333333333 0.037484885126964934 0.13240740740740742
0 0.6837968561064087 0.2388888888888889 0.036275695284159616 0.1425925925925926
0 0.7128174123337364 0.33055555555555555 0.03869407496977025 0.14074074074074075
0 0.7345828295042321 0.31666666666666665 0.03990326481257558 0.14074074074074075
0 0.7330713422007256 0.2625 0.0380894800483676 0.14351851851851852
0 0.7781136638452237 0.2953703703703704 0.036275695284159616 0.13518518518518519
0 0.785671100362757 0.23796296296296296 0.0380894800483676 0.14074074074074075
0 0.9900241837968561 0.07407407407407407 0.018742442563482467 0.1259259259259259
0 0.9597944377267231 0.07685185185185185 0.04171704957678356 0.13333333333333333
0 0.9528415961305925 0.04490740740740741 0.03990326481257558 0.08796296296296297
0 0.9268440145102781 0.07361111111111111 0.032648125755743655 0.11018518518518519
0 0.9371221281741233 0.1 0.036275695284159616 0.12962962962962962
0 0.8636638452237001 0.35648148148148145 0.03688029020556227 0.13333333333333333
0 0.9839782345828295 0.34814814814814815 0.03083434099153567 0.1574074074074074
0 0.9860943168077388 0.25324074074074077 0.026602176541717048 0.13425925925925927
0 0.9603990326481258 0.28194444444444444 0.039298669891172915 0.13796296296296295
0 0.8548972188633616 0.16296296296296298 0.03506650544135429 0.12407407407407407
0 0.8851269649334945 0.1736111111111111 0.037484885126964934 0.11203703703703703
0 0.9564691656590084 0.2439814814814815 0.037484885126964934 0.14351851851851852
0 0.9504232164449818 0.20324074074074075 0.03990326481257558 0.13240740740740742
0 0.9238210399032648 0.20555555555555555 0.045949214026602174 0.15185185185185185
0 0.8694074969770254 0.1375 0.037484885126964934 0.1361111111111111
0 0.8893591293833132 0.45231481481481484 0.030229746070133012 0.09351851851851851
0 0.8802902055622733 0.026851851851851852 0.02781136638452237 0.05185185185185185
0 0.2457678355501814 0.03009259259259259 0.04171704957678356 0.058333333333333334
0 0.847037484885127 0.15694444444444444 0.030229746070133012 0.09537037037037037
0 0.8935912938331319 0.15462962962962962 0.032648125755743655 0.10740740740740741
0 0.9071946795646917 0.13194444444444445 0.03204353083434099 0.1175925925925926
0 0.7817412333736397 0.2884259259259259 0.03869407496977025 0.13796296296296295
0 0.7397218863361548 0.28425925925925927 0.03688029020556227 0.1425925925925926
0 0.9111245465538089 0.2796296296296296 0.06408706166868199 0.1648148148148148
0 0.849758162031439 0.015277777777777777 0.034461910519951636 0.028703703703703703
0 0.36608222490931075 0.5337962962962963 0.039298669891172915 0.14907407407407408
0 0.0761789600967352 0.47638888888888886 0.04232164449818621 0.14907407407407408
0 0.04564691656590085 0.5574074074074075 0.04171704957678356 0.15185185185185185
0 0.022974607013301087 0.5023148148148148 0.044740024183796856 0.16018518518518518
0 0.08827085852478839 0.5578703703703703 0.04836759371221282 0.15648148148148147
0 0.8137847642079806 0.3402777777777778 0.037484885126964934 0.13425925925925927
0 0.8319226118500604 0.3333333333333333 0.03506650544135429 0.12407407407407407
0 0.2503022974607013 0.6462962962962963 0.0471584038694075 0.1685185185185185
0 0.21735187424425634 0.6268518518518519 0.039298669891172915 0.16296296296296298
0 0.35308343409915355 0.6259259259259259 0.03506650544135429 0.14814814814814814
0 0.218863361547763 0.5615740740740741 0.04232164449818621 0.14907407407407408
0 0.22067714631197097 0.537962962962963 0.037484885126964934 0.13518518518518519
0 0.18409915356711004 0.5347222222222222 0.04171704957678356 0.1398148148148148
0 0.19195888754534463 0.4981481481481482 0.044135429262394194 0.1425925925925926
0 0.14812575574365175 0.5208333333333334 0.03990326481257558 0.14351851851851852
0 0.36275695284159615 0.20879629629629629 0.03506650544135429 0.12685185185185185
0 0.3866384522370012 0.20462962962962963 0.02720677146311971 0.12407407407407407
0 0.27237001209189843 0.4287037037037037 0.0501813784764208 0.1425925925925926
0 0.2678355501813785 0.44583333333333336 0.036275695284159616 0.1398148148148148
0 0.23669891172914148 0.9351851851851852 0.046553808948004836 0.13148148148148148
0 0.30683192261185005 0.7560185185185185 0.04171704957678356 0.15462962962962962
0 0.3216444981862152 0.562037037037037 0.03990326481257558 0.14629629629629629
0 0.34189842805320436 0.6828703703703703 0.039298669891172915 0.15648148148148147
0 0.34885126964933494 0.7185185185185186 0.04232164449818621 0.1648148148148148
0 0.6532648125755743 0.8712962962962963 0.05380894800483676 0.1925925925925926
0 0.720677146311971 0.9009259259259259 0.045949214026602174 0.17592592592592593
0 0.717956469165659 0.8625 0.039298669891172915 0.13796296296296295
0 0.42200725513905685 0.7189814814814814 0.05199516324062878 0.14907407407407408
0 0.6324062877871826 0.6935185185185185 0.05199516324062878 0.1537037037037037
0 0.4410519951632406 0.5120370370370371 0.034461910519951636 0.14074074074074075
0 0.4289600967351874 0.48564814814814816 0.034461910519951636 0.13240740740740742
0 0.26904474002418377 0.21851851851851853 0.041112454655380895 0.13518518518518519
0 0.4204957678355502 0.5708333333333333 0.03688029020556227 0.14907407407407408
0 0.4316807738814994 0.5412037037037037 0.037484885126964934 0.14907407407407408
0 0.23669891172914148 0.6018518518518519 0.03688029020556227 0.14074074074074075
0 0.28597339782345826 0.5773148148148148 0.053204353083434096 0.16203703703703703
0 0.2892986698911729 0.6268518518518519 0.039298669891172915 0.1685185185185185
0 0.32889963724304716 0.3541666666666667 0.037484885126964934 0.13240740740740742
0 0.30350665054413545 0.38796296296296295 0.03869407496977025 0.1425925925925926
0 0.32859733978234584 0.37222222222222223 0.03688029020556227 0.13148148148148148
0 0.3044135429262394 0.36712962962962964 0.03688029020556227 0.15092592592592594
0 0.40477629987908104 0.4412037037037037 0.039298669891172915 0.14351851851851852
0 0.7699516324062878 0.9398148148148148 0.04171704957678356 0.11851851851851852
0 0.7998790810157195 0.1986111111111111 0.03506650544135429 0.14351851851851852
0 0.7382103990326482 0.13194444444444445 0.032648125755743655 0.12314814814814815
0 0.6952841596130592 0.9745370370370371 0.049576783555018135 0.05092592592592592
0 0.48246674727932287 0.549074074074074 0.037484885126964934 0.15185185185185185
0 0.8824062877871826 0.9356481481481481 0.0562273276904474 0.12685185185185185
0 0.8288996372430472 0.9212962962962963 0.07013301088270858 0.1574074074074074
0 0.6366384522370012 0.9722222222222222 0.04353083434099154 0.05740740740740741
0 0.6408706166868199 0.7921296296296296 0.0471584038694075 0.1787037037037037
0 0.8573155985489722 0.6726851851851852 0.04232164449818621 0.16574074074074074
0 0.24546553808948005 0.35694444444444445 0.037484885126964934 0.14351851851851852
0 0.5114873035066505 0.5055555555555555 0.04232164449818621 0.1537037037037037
0 0.5223700120918985 0.4726851851851852 0.041112454655380895 0.16018518518518518
0 0.24909310761789602 0.3824074074074074 0.03143893591293833 0.12037037037037036
0 0.9767230955259976 0.6597222222222222 0.042926239419588876 0.15462962962962962
0 0.6892382103990327 0.7805555555555556 0.049576783555018135 0.16296296296296298
0 0.7415356711003628 0.962037037037037 0.04897218863361548 0.07777777777777778
