0 0.47944377267230953 0.3074074074074074 0.03990326481257558 0.14074074074074075
0 0.5033252720677146 0.28425925925925927 0.034461910519951636 0.1259259259259259
0 0.6203143893591294 0.8180555555555555 0.049576783555018135 0.15092592592592594
0 0.5610640870616687 0.825 0.053204353083434096 0.17222222222222222
0 0.5471584038694075 0.4060185185185185 0.05199516324062878 0.14537037037037037
0 0.5758766626360339 0.4652777777777778 0.04171704957678356 0.14907407407407408
0 0.9498186215235792 0.9263888888888889 0.045949214026602174 0.1361111111111111
0 0.9068923821039904 0.9208333333333333 0.05078597339782346 0.16018518518518518
0 0.8597339782345829 0.9212962962962963 0.04232164449818621 0.13518518518518519
0 0.9014510278113664 0.45925925925925926 0.044740024183796856 0.1648148148148148
0 0.619105199516324 0.4393518518518518 0.032648125755743655 0.1287037037037037
0 0.9576783555018138 0.5287037037037037 0.0471584038694075 0.1574074074074074
0 0.9836759371221282 0.4689814814814815 0.03143893591293833 0.13425925925925927
0 0.5417170495767836 0.29212962962962963 0.041112454655380895 0.15092592592592594
0 0.45949214026602175 0.20694444444444443 0.04232164449818621 0.15462962962962962
0 0.6175937122128174 0.48148148148148145 0.039298669891172915 0.16296296296296298
0 0.6514510278113664 0.46435185185185185 0.034461910519951636 0.13796296296296295
0 0.6203143893591294 0.5083333333333333 0.04232164449818621 0.15185185185185185
0 0.6720072551390568 0.38287037037037036 0.04171704957678356 0.14351851851851852
0 0.8210399032648126 0.8643518518518518 0.0592503022974607 0.19722222222222222
0 0.7067714631197098 0.5601851851851852 0.044740024183796856 0.17037037037037037
0 0.6617291414752116 0.5657407407407408 0.047762998790810154 0.17777777777777778
0 0.6798669891172914 0.4648148148148148 0.03688029020556227 0.15185185185185185
0 0.7847642079806529 0.8902777777777777 0.04353083434099154 0.16018518518518518
0 0.5423216444981862 0.4935185185185185 0.04353083434099154 0.15185185185185185
0 0.7212817412333736 0.5162037037037037 0.044740024183796856 0.15648148148148147
0 0.4957678355501814 0.22175925925925927 0.04353083434099154 0.1527777777777778
0 0.6980048367593712 0.3527777777777778 0.046553808948004836 0.16296296296296298
0 0.777509068923821 0.5208333333333334 0.049576783555018135 0.16574074074074074
0 0.9673518742442564 0.8324074074074074 0.05078597339782346 0.18333333333333332
0 0.8053204353083434 0.5837962962962963 0.044740024183796856 0.15462962962962962
0 0.8044135429262395 0.5328703703703703 0.04171704957678356 0.14166666666666666
0 0.6828899637243047 0.512962962962963 0.039298669891172915 0.14814814814814814
0 0.9721886336154776 0.49675925925925923 0.044740024183796856 0.15462962962962962
0 0.9480048367593712 0.5902777777777778 0.044740024183796856 0.14351851851851852
0 0.939540507859734 0.49722222222222223 0.04232164449818621 0.14629629629629629
0 0.8524788391777509 0.500462962962963 0.0471584038694075 0.14907407407407408
0 0.8440145102781137 0.5916666666666667 0.04836759371221282 0.1648148148148148
0 0.7019347037484885 0.43657407407407406 0.04232164449818621 0.14351851851851852
0 0.5223700120918985 0.4166666666666667 0.030229746070133012 0.1111111111111111
0 0.594316807738815 0.34814814814814815 0.03869407496977025 0.14074074074074075
0 0.9809552599758162 0.5712962962962963 0.03204353083434099 0.10185185185185185
0 0.14026602176541716 0.2875 0.03990326481257558 0.10092592592592593
0 0.5804111245465539 0.5050925925925925 0.04232164449818621 0.1712962962962963
0 0.5492744860943168 0.45092592592592595 0.03204353083434099 0.12407407407407407
0 0.6432889963724304 0.3416666666666667 0.03506650544135429 0.13518518518518519
0 0.8243651753325272 0.4981481481481482 0.03688029020556227 0.11296296296296296
0 0.20495767835550183 0.7671296296296296 0.03990326481257558 0.17685185185185184
0 0.17533252720677148 0.7375 0.06408706166868199 0.15833333333333333
0 0.030229746070133012 0.4199074074074074 0.041112454655380895 0.14537037037037037
0 0.05955259975816203 0.4152777777777778 0.04050785973397823 0.15833333333333333
0 0.034159613059250304 0.16296296296296298 0.039298669891172915 0.12962962962962962
0 0.21342200725513905 0.2351851851851852 0.03869407496977025 0.12407407407407407
0 0.28355501813784767 0.1865740740740741 0.04232164449818621 0.12314814814814815
0 0.048065296251511486 0.2310185185185185 0.039298669891172915 0.12685185185185185
0 0.07345828295042321 0.17453703703703705 0.03688029020556227 0.1287037037037037
0 0.16535671100362756 0.11435185185185186 0.047762998790810154 0.13240740740740742
0 0.08494558645707376 0.2199074074074074 0.04050785973397823 0.13240740740740742
0 0.1405683192261185 0.09490740740740741 0.03325272067714631 0.1287037037037037
0 0.014510278113663845 0.5365740740740741 0.02781136638452237 0.16203703703703703
0 0.24365175332527206 0.11898148148148148 0.04232164449818621 0.14537037037037037
0 0.2400241837968561 0.175 0.04232164449818621 0.13518518518518519
0 0.2971584038694075 0.14351851851851852 0.03688029020556227 0.13518518518518519
0 0.44256348246674726 0.24166666666666667 0.03506650544135429 0.13703703703703704
0 0.439540507859734 0.06898148148148148 0.03990326481257558 0.1287037037037037
0 0.4014510278113664 0.1537037037037037 0.037484885126964934 0.12962962962962962
0 0.5462515114873036 0.17592592592592593 0.034461910519951636 0.12962962962962962
0 0.5725513905683193 0.15833333333333333 0.04232164449818621 0.1425925925925926
0 0.555925030229746 0.12638888888888888 0.03688029020556227 0.125
0 0.5801088270858524 0.10740740740740741 0.034461910519951636 0.1259259259259259
0 0.46644498186215233 0.1574074074074074 0.03204353083434099 0.12407407407407407
0 0.6227327690447401 0.09351851851851851 0.03990326481257558 0.14814814814814814
0 0.651148730350665 0.10046296296296296 0.03385731559854897 0.1361111111111111
0 0.6384522370012092 0.043055555555555555 0.032648125755743655 0.08425925925925926
0 0.4921402660217654 0.1787037037037037 0.03990326481257558 0.13518518518518519
0 0.5102781136638452 0.20277777777777778 0.03990326481257558 0.16296296296296298
0 0.5459492140266021 0.2 0.036275695284159616 0.12962962962962962
0 0.5598548972188634 0.2199074074074074 0.03990326481257558 0.1361111111111111
0 0.585247883917775 0.23981481481481481 0.03869407496977025 0.14074074074074075
0 0.6541717049576784 0.2074074074074074 0.04353083434099154 0.13518518518518519
0 0.6777509068923822 0.2222222222222222 0.036275695284159616 0.12037037037037036
0 0.7100967351874244 0.2310185185185185 0.039298669891172915 0.13240740740740742
0 0.835247883917775 0.22268518518518518 0.03688029020556227 0.14351851851851852
0 0.7037484885126964 0.2828703703703704 0.04232164449818621 0.14351851851851852
0 0.7484885126964933 0.43703703703703706 0.041112454655380895 0.14629629629629629
0 0.772067714631197 0.4199074074074074 0.03990326481257558 0.16018518518518518
0 0.7436517533252721 0.3282407407407407 0.037484885126964934 0.14351851851851852
0 0.8143893591293833 0.38564814814814813 0.03990326481257558 0.14537037037037037
0 0.783857315598549 0.34675925925925927 0.044135429262394194 0.16574074074074074
0 0.9912333736396615 0.16944444444444445 0.017533252720677146 0.13703703703703704
0 0.9637243047158404 0.1527777777777778 0.04232164449818621 0.1425925925925926
0 0.9443772672309553 0.11527777777777778 0.044740024183796856 0.13240740740740742
0 0.9334945586457074 0.15231481481481482 0.03143893591293833 0.11018518518518519
0 0.9721886336154776 0.18564814814814815 0.037484885126964934 0.13240740740740742
0 0.8836154776299879 0.4837962962962963 0.034461910519951636 0.14351851851851852
0 0.9703748488512697 0.39351851851851855 0.03869407496977025 0.14814814814814814
0 0.8694074969770254 0.21435185185185185 0.03506650544135429 0.1287037037037037
0 0.9026602176541717 0.21712962962962962 0.037484885126964934 0.11574074074074074
0 0.9776299879081015 0.34120370370370373 0.04353083434099154 0.14351851851851852
0 0.9507255139056832 0.31342592592592594 0.039298669891172915 0.1398148148148148
0 0.9207980652962515 0.3199074074074074 0.049576783555018135 0.16018518518518518
0 0.8766626360338573 0.18981481481481483 0.03990326481257558 0.14629629629629629
0 0.9214026602176542 0.5652777777777778 0.02902055622732769 0.08981481481481482
0 0.9062877871825876 0.0699074074074074 0.03506650544135429 0.11388888888888889
0 0.3818016928657799 0.0587962962962963 0.04171704957678356 0.11574074074074074
0 0.36275695284159615 0.06527777777777778 0.032648125755743655 0.11018518518518519
0 0.849758162031439 0.17731481481481481 0.02962515114873035 0.11388888888888889
0 0.9117291414752116 0.2023148148148148 0.03143893591293833 0.12129629629629629
0 0.9081015719467956 0.17824074074074073 0.03143893591293833 0.12129629629629629
0 0.7738814993954051 0.38101851851851853 0.036275695284159616 0.14351851851851852
0 0.9165659008464329 0.38101851851851853 0.07255139056831923 0.1935185185185185
0 0.3270858524788392 0.06111111111111111 0.041112454655380895 0.12037037037037036
0 0.532950423216445 0.06805555555555555 0.046553808948004836 0.13055555555555556
0 0.6166868198307134 0.06620370370370371 0.03506650544135429 0.11203703703703703
0 0.8890568319226119 0.05694444444444444 0.034461910519951636 0.11018518518518519
0 0.9304715840386941 0.04722222222222222 0.03506650544135429 0.09259259259259259
0 0.9619105199516325 0.05787037037037037 0.04232164449818621 0.11388888888888889
0 0.17261185006045948 0.03935185185185185 0.03688029020556227 0.07685185185185185
0 0.28476420798065294 0.04351851851851852 0.04232164449818621 0.08518518518518518
0 0.250906892382104 0.03888888888888889 0.03506650544135429 0.07592592592592592
0 0.20556227327690446 0.04027777777777778 0.03506650544135429 0.0787037037037037
0 0.4017533252720677 0.03981481481481482 0.042926239419588876 0.07777777777777778
0 0.5743651753325272 0.0587962962962963 0.037484885126964934 0.11574074074074074
0 0.10882708585247884 0.049074074074074076 0.03990326481257558 0.0962962962962963
0 0.0804111245465538 0.04814814814814815 0.03506650544135429 0.09444444444444444
0 0.05985489721886336 0.047685185185185185 0.03506650544135429 0.09351851851851851
0 0.05259975816203144 0.027314814814814816 0.03506650544135429 0.05277777777777778
0 0.9114268440145102 0.05 0.02962515114873035 0.0962962962962963
0 0.36698911729141476 0.524537037037037 0.03990326481257558 0.14907407407407408
0 0.11668681983071343 0.4199074074074074 0.04232164449818621 0.14907407407407408
0 0.06771463119709795 0.6680555555555555 0.041112454655380895 0.14907407407407408
0 0.04201934703748488 0.6050925925925926 0.046553808948004836 0.17685185185185184
0 0.10519951632406288 0.6574074074074074 0.04836759371221282 0.1648148148148148
0 0.813180169286578 0.3263888888888889 0.04232164449818621 0.13425925925925927
0 0.8343409915356711 0.32407407407407407 0.03385731559854897 0.12407407407407407
0 0.25634824667472794 0.6361111111111111 0.0471584038694075 0.1685185185185185
0 0.2279322853688029 0.6129629629629629 0.03990326481257558 0.1685185185185185
0 0.35368802902055624 0.6185185185185185 0.03506650544135429 0.14814814814814814
0 0.2279322853688029 0.5504629629629629 0.04232164449818621 0.14907407407407408
0 0.2249093107617896 0.5212962962962963 0.037484885126964934 0.13518518518518519
0 0.187726723095526 0.5236111111111111 0.04171704957678356 0.1398148148148148
0 0.1937726723095526 0.487962962962963 0.044135429262394194 0.1425925925925926
0 0.154776299879081 0.5143518518518518 0.03990326481257558 0.14351851851851852
0 0.36577992744860943 0.19722222222222222 0.03385731559854897 0.13148148148148148
0 0.3866384522370012 0.19444444444444445 0.02720677146311971 0.12407407407407407
0 0.280229746070133 0.42083333333333334 0.044135429262394194 0.14351851851851852
0 0.26904474002418377 0.4375 0.037484885126964934 0.1398148148148148
0 0.1946795646916566 0.9351851851851852 0.05199516324062878 0.12962962962962962
0 0.31166868198307135 0.7467592592592592 0.04171704957678356 0.15462962962962962
0 0.32496977025392987 0.5527777777777778 0.039298669891172915 0.14629629629629629
0 0.3422007255139057 0.6736111111111112 0.044740024183796856 0.15648148148148147
0 0.3512696493349456 0.7069444444444445 0.04232164449818621 0.16944444444444445
0 0.68409915356711 0.9263888888888889 0.05380894800483676 0.14722222222222223
0 0.747279322853688 0.9532407407407407 0.045949214026602174 0.09537037037037037
0 0.7460701330108828 0.9277777777777778 0.03990326481257558 0.13703703703703704
0 0.42019347037484883 0.7069444444444445 0.05562273276904474 0.14907407407407408
0 0.6314993954050786 0.7361111111111112 0.04050785973397823 0.15185185185185185
0 0.4410519951632406 0.5074074074074074 0.034461910519951636 0.14074074074074075
0 0.43500604594921405 0.4810185185185185 0.034461910519951636 0.13240740740740742
0 0.17472793228536881 0.2777777777777778 0.04836759371221282 0.14629629629629629
0 0.4189842805320435 0.5583333333333333 0.037484885126964934 0.14814814814814814
0 0.4362152357920194 0.5254629629629629 0.03688029020556227 0.14537037037037037
0 0.2400241837968561 0.5907407407407408 0.037484885126964934 0.14074074074074075
0 0.2877871825876663 0.5712962962962963 0.04232164449818621 0.16296296296296298
0 0.28960096735187424 0.6194444444444445 0.03990326481257558 0.1685185185185185
0 0.30773881499395406 0.3787037037037037 0.04232164449818621 0.1425925925925926
0 0.34159613059250304 0.37175925925925923 0.03990326481257558 0.13240740740740742
0 0.3083434099153567 0.34629629629629627 0.04232164449818621 0.15185185185185185
0 0.40598548972188636 0.43194444444444446 0.039298669891172915 0.14351851851851852
0 0.714328899637243 0.12175925925925926 0.034461910519951636 0.13240740740740742
0 0.6847037484885127 0.0875 0.03204353083434099 0.12314814814814815
0 0.48548972188633616 0.5212962962962963 0.03385731559854897 0.14074074074074075
0 0.48246674727932287 0.5398148148148149 0.037484885126964934 0.15185185185185185
0 0.624546553808948 0.9402777777777778 0.04836759371221282 0.11944444444444445
0 0.9250302297460702 0.8185185185185185 0.045949214026602174 0.1648148148148148
0 0.2551390568319226 0.34675925925925927 0.037484885126964934 0.14351851851851852
0 0.5426239419588875 0.5930555555555556 0.04897218863361548 0.15462962962962962
0 0.5290205562273277 0.5731481481481482 0.04232164449818621 0.16296296296296298
0 0.2545344619105199 0.37453703703703706 0.032648125755743655 0.12685185185185185
0 0.6505441354292624 0.9217592592592593 0.05199516324062878 0.15648148148148147
