0 0.02176541717049577 0.14953703703703702 0.04232164449818621 0.13796296296296295
0 0.10882708585247884 0.12916666666666668 0.037484885126964934 0.11574074074074074
0 0.12998790810157196 0.12685185185185185 0.03990326481257558 0.13518518518518519
0 0.16596130592503022 0.10694444444444444 0.03688029020556227 0.13240740740740742
0 0.20949214026602175 0.10694444444444444 0.04050785973397823 0.12314814814814815
0 0.24637243047158403 0.08425925925925926 0.04050785973397823 0.13148148148148148
0 0.46946795646916567 0.1736111111111111 0.03204353083434099 0.11203703703703703
0 0.43440145102781136 0.04398148148148148 0.034461910519951636 0.08611111111111111
0 0.21765417170495768 0.1638888888888889 0.03506650544135429 0.13518518518518519
0 0.44619105199516323 0.15694444444444444 0.036275695284159616 0.125
0 0.42321644498186217 0.0625 0.03869407496977025 0.11574074074074074
0 0.3802902055622733 0.06898148148148148 0.032648125755743655 0.1175925925925926
0 0.37515114873035066 0.14212962962962963 0.03204353083434099 0.12685185185185185
0 0.4108222490931076 0.12824074074074074 0.03204353083434099 0.12129629629629629
0 0.594316807738815 0.04675925925925926 0.026602176541717048 0.09166666666666666
0 0.5671100362756953 0.046296296296296294 0.03506650544135429 0.09074074074074075
0 0.5402055622732769 0.05 0.02720677146311971 0.09259259259259259
0 0.9534461910519951 0.12453703703703704 0.03506650544135429 0.13055555555555556
0 0.9271463119709794 0.11481481481481481 0.03325272067714631 0.11296296296296296
0 0.9008464328899637 0.09768518518518518 0.03385731559854897 0.125
0 0.6321039903264812 0.12314814814814815 0.03204353083434099 0.12407407407407407
0 0.6505441354292624 0.14907407407407408 0.03869407496977025 0.1425925925925926
0 0.6735187424425635 0.1587962962962963 0.02902055622732769 0.12314814814814815
0 0.9782345828295043 0.09907407407407408 0.03506650544135429 0.14629629629629629
0 0.9241233373639661 0.05925925925925926 0.03204353083434099 0.1037037037037037
0 0.8842200725513906 0.1425925925925926 0.03204353083434099 0.12962962962962962
0 0.8624546553808948 0.13657407407407407 0.02962515114873035 0.13425925925925927
0 0.8467351874244257 0.1388888888888889 0.03204353083434099 0.13518518518518519
0 0.6568923821039904 0.11805555555555555 0.03688029020556227 0.12685185185185185
0 0.9619105199516325 0.16342592592592592 0.037484885126964934 0.14351851851851852
0 0.7140266021765417 0.0375 0.030229746070133012 0.07314814814814814
0 0.9885126964933495 0.15138888888888888 0.020556227327690448 0.12129629629629629
0 0.2626964933494559 0.06435185185185185 0.039298669891172915 0.12129629629629629
0 0.2871825876662636 0.055092592592592596 0.03385731559854897 0.10648148148148148
0 0.936819830713422 0.06759259259259259 0.03204353083434099 0.1111111111111111
0 0.7016324062877872 0.03425925925925926 0.02720677146311971 0.06666666666666667
0 0.3811970979443773 0.5717592592592593 0.03688029020556227 0.15462962962962962
0 0.06680773881499395 0.4666666666666667 0.034461910519951636 0.1425925925925926
0 0.062273276904474005 0.5180555555555556 0.036275695284159616 0.14537037037037037
0 0.035973397823458285 0.49212962962962964 0.034461910519951636 0.15648148148148147
0 0.10459492140266022 0.4898148148148148 0.037484885126964934 0.1574074074074074
0 0.8258766626360339 0.3768518518518518 0.03869407496977025 0.12962962962962962
0 0.8449214026602176 0.3592592592592593 0.034461910519951636 0.12037037037037036
0 0.26874244256348245 0.6875 0.044135429262394194 0.1712962962962963
0 0.2430471584038694 0.6657407407407407 0.04836759371221282 0.1685185185185185
0 0.3769649334945586 0.6652777777777777 0.034461910519951636 0.14537037037037037
0 0.2288391777509069 0.5939814814814814 0.034461910519951636 0.14907407407407408
0 0.23730350665054414 0.5671296296296297 0.02962515114873035 0.1398148148148148
0 0.1928657799274486 0.5680555555555555 0.04232164449818621 0.13425925925925927
0 0.19951632406287786 0.5337962962962963 0.04353083434099154 0.15648148148148147
0 0.156590084643289 0.5486111111111112 0.04353083434099154 0.14907407407407408
0 0.3784764207980653 0.24166666666666667 0.03385731559854897 0.12962962962962962
0 0.40024183796856105 0.2462962962962963 0.032648125755743655 0.12962962962962962
0 0.6354292623941958 0.4097222222222222 0.044740024183796856 0.12129629629629629
0 0.7270253929866989 0.4444444444444444 0.044135429262394194 0.1388888888888889
0 0.24334945586457074 0.3851851851851852 0.0380894800483676 0.1425925925925926
0 0.2400241837968561 0.4217592592592593 0.03385731559854897 0.14537037037037037
0 0.967049576783555 0.9578703703703704 0.046553808948004836 0.08611111111111111
0 0.25574365175332525 0.9518518518518518 0.049576783555018135 0.09814814814814815
0 0.29383313180169285 0.4703703703703704 0.03869407496977025 0.1574074074074074
0 0.3101571946795647 0.7861111111111111 0.05199516324062878 0.1648148148148148
0 0.19226118500604594 0.4199074074074074 0.032648125755743655 0.15648148148148147
0 0.34068923821039904 0.48564814814814816 0.03688029020556227 0.13425925925925927
0 0.2702539298669891 0.7273148148148149 0.04353083434099154 0.1675925925925926
0 0.5157194679564692 0.6453703703703704 0.037484885126964934 0.13518518518518519
0 0.3573155985489722 0.7129629629629629 0.03990326481257558 0.1574074074074074
0 0.36185006045949214 0.7509259259259259 0.039298669891172915 0.1685185185185185
0 0.5855501813784765 0.6273148148148148 0.044135429262394194 0.1638888888888889
0 0.620918984280532 0.6481481481481481 0.044740024183796856 0.16296296296296298
0 0.6396614268440145 0.6296296296296297 0.02902055622732769 0.13333333333333333
0 0.4337968561064087 0.7523148148148148 0.046553808948004836 0.14907407407407408
0 0.6819830713422007 0.6944444444444444 0.05199516324062878 0.1425925925925926
0 0.4758162031438936 0.6300925925925925 0.03869407496977025 0.15462962962962962
0 0.4588875453446191 0.5476851851851852 0.041112454655380895 0.1398148148148148
0 0.44830713422007257 0.5120370370370371 0.044135429262394194 0.10740740740740741
0 0.49939540507859737 0.6101851851851852 0.04232164449818621 0.1537037037037037
0 0.5447400241837969 0.625 0.041112454655380895 0.15185185185185185
0 0.40870616686819833 0.027777777777777776 0.03143893591293833 0.053703703703703705
0 0.7007255139056832 0.9842592592592593 0.036275695284159616 0.03333333333333333
0 0.9782345828295043 0.275 0.037484885126964934 0.10740740740740741
0 0.748186215235792 0.8111111111111111 0.044135429262394194 0.1648148148148148
0 0.7874848851269649 0.8268518518518518 0.04171704957678356 0.15185185185185185
0 0.4277509068923821 0.6 0.044135429262394194 0.15
0 0.4625151148730351 0.5916666666666667 0.037484885126964934 0.13703703703703704
0 0.08403869407496976 0.7032407407407407 0.044740024183796856 0.15462962962962962
0 0.5359733978234583 0.7050925925925926 0.044135429262394194 0.16574074074074074
0 0.5643893591293833 0.7138888888888889 0.046553808948004836 0.1648148148148148
0 0.044135429262394194 0.6851851851851852 0.03990326481257558 0.14074074074074075
0 0.09220072551390568 0.29583333333333334 0.034461910519951636 0.12685185185185185
0 0.1354292623941959 0.29768518518518516 0.03990326481257558 0.1398148148148148
0 0.9591898428053204 0.2412037037037037 0.03204353083434099 0.12685185185185185
0 0.9398428053204353 0.2759259259259259 0.039298669891172915 0.13333333333333333
0 0.939540507859734 0.2462962962962963 0.036275695284159616 0.12407407407407407
0 0.6478234582829504 0.7046296296296296 0.044135429262394194 0.17592592592592593
0 0.6154776299879081 0.7092592592592593 0.041112454655380895 0.15555555555555556
0 0.24455864570737607 0.6472222222222223 0.04171704957678356 0.1685185185185185
0 0.2953446191051995 0.6111111111111112 0.046553808948004836 0.1648148148148148
0 0.2965538089480048 0.6671296296296296 0.03688029020556227 0.16944444444444445
0 0.3388754534461911 0.3851851851851852 0.039298669891172915 0.12407407407407407
0 0.3210399032648126 0.42777777777777776 0.041112454655380895 0.1537037037037037
0 0.34492140266021765 0.4152777777777778 0.039298669891172915 0.13055555555555556
0 0.29897218863361547 0.3907407407407407 0.03325272067714631 0.1425925925925926
0 0.781136638452237 0.25092592592592594 0.032648125755743655 0.13148148148148148
0 0.7938331318016929 0.25 0.036275695284159616 0.14814814814814814
0 0.11487303506650544 0.7560185185185185 0.036275695284159616 0.16203703703703703
0 0.08766626360338574 0.7379629629629629 0.0471584038694075 0.1814814814814815
0 0.4866989117291415 0.4356481481481482 0.03990326481257558 0.15092592592592594
0 0.4567714631197098 0.42685185185185187 0.035671100362756954 0.14629629629629629
0 0.4492140266021765 0.4041666666666667 0.03990326481257558 0.13796296296296295
0 0.9174727932285369 0.7837962962962963 0.044135429262394194 0.17685185185185184
0 0.8893591293833132 0.8078703703703703 0.053204353083434096 0.15648148148148147
0 0.9344014510278114 0.6662037037037037 0.051390568319226115 0.16018518518518518
0 0.8887545344619106 0.6574074074074074 0.053204353083434096 0.1685185185185185
0 0.6257557436517533 0.7921296296296296 0.05441354292623942 0.1712962962962963
0 0.49758162031438935 0.3087962962962963 0.03385731559854897 0.13055555555555556
0 0.12394195888754535 0.5166666666666667 0.0471584038694075 0.1685185185185185
0 0.011185006045949214 0.6337962962962963 0.021160822249093107 0.14351851851851852
0 0.8243651753325272 0.5013888888888889 0.04171704957678356 0.16574074074074074
0 0.8482466747279322 0.4930555555555556 0.04353083434099154 0.16018518518518518
0 0.2617896009673519 0.21064814814814814 0.032648125755743655 0.11574074074074074
0 0.2418379685610641 0.19907407407407407 0.03385731559854897 0.13703703703703704
0 0.15991535671100363 0.16157407407407406 0.03688029020556227 0.13425925925925927
0 0.6457073760580411 0.43703703703703706 0.04353083434099154 0.14074074074074075
0 0.018440145102781136 0.7134259259259259 0.035671100362756954 0.14907407407407408
0 0.004534461910519952 0.6842592592592592 0.007859733978234583 0.18518518518518517
0 0.5888754534461911 0.7893518518518519 0.03869407496977025 0.1287037037037037
0 0.7762998790810157 0.6504629629629629 0.041112454655380895 0.1287037037037037
0 0.7351874244256348 0.6393518518518518 0.04232164449818621 0.16018518518518518
0 0.18742442563482467 0.18472222222222223 0.03506650544135429 0.12129629629629629
0 0.687726723095526 0.6078703703703704 0.044135429262394194 0.14351851851851852
0 0.7164449818621523 0.6018518518518519 0.037484885126964934 0.1685185185185185
0 0.11033857315598548 0.6310185185185185 0.051390568319226115 0.15092592592592594
0 0.13119709794437726 0.6361111111111111 0.03990326481257558 0.15925925925925927
0 0.06499395405078598 0.638425925925926 0.039298669891172915 0.14907407407407408
0 0.7052599758162031 0.7027777777777777 0.02962515114873035 0.11481481481481481
0 0.6711003627569528 0.43333333333333335 0.036275695284159616 0.13518518518518519
0 0.7303506650544136 0.7708333333333334 0.06408706166868199 0.16203703703703703
0 0.5054413542926239 0.9337962962962963 0.06166868198307134 0.13425925925925927
0 0.7886940749697703 0.7435185185185185 0.04534461910519952 0.17592592592592593
0 0.7778113663845224 0.7157407407407408 0.047762998790810154 0.15185185185185185
0 0.8440145102781137 0.7643518518518518 0.045949214026602174 0.1824074074074074
0 0.8521765417170496 0.5921296296296297 0.03688029020556227 0.1638888888888889
0 0.28567110036275695 0.8712962962962963 0.0562273276904474 0.17592592592592593
0 0.32285368802902054 0.9606481481481481 0.045949214026602174 0.0787037037037037
0 0.7974607013301088 0.22268518518518518 0.037484885126964934 0.14537037037037037
0 0.8204353083434099 0.2125 0.03506650544135429 0.12314814814814815
0 0.910217654171705 0.35185185185185186 0.047762998790810154 0.14629629629629629
0 0.6599153567110037 0.34074074074074073 0.039298669891172915 0.14629629629629629
0 0.6768440145102781 0.31712962962962965 0.034461910519951636 0.13425925925925927
0 0.844316807738815 0.44166666666666665 0.046553808948004836 0.15185185185185185
0 0.4437726723095526 0.22685185185185186 0.03506650544135429 0.12777777777777777
0 0.46735187424425634 0.2388888888888889 0.03506650544135429 0.13333333333333333
0 0.6305925030229746 0.2351851851851852 0.044740024183796856 0.1425925925925926
0 0.6070133010882709 0.1712962962962963 0.03506650544135429 0.13703703703703704
0 0.5785973397823458 0.1439814814814815 0.04353083434099154 0.13240740740740742
0 0.007557436517533253 0.4736111111111111 0.013905683192261185 0.1398148148148148
0 0.24637243047158403 0.2773148148148148 0.04171704957678356 0.13796296296296295
0 0.21311970979443773 0.28194444444444444 0.04171704957678356 0.11574074074074074
0 0.03083434099153567 0.31712962962962965 0.041112454655380895 0.15648148148148147
0 0.06620314389359129 0.31805555555555554 0.039298669891172915 0.1398148148148148
0 0.2028415961305925 0.23703703703703705 0.039298669891172915 0.12407407407407407
0 0.017835550181378477 0.425462962962963 0.034461910519951636 0.14907407407407408
0 0.15024183796856105 0.21481481481481482 0.03688029020556227 0.14074074074074075
0 0.06287787182587666 0.21851851851851853 0.04232164449818621 0.14629629629629629
0 0.11457073760580411 0.19537037037037036 0.04171704957678356 0.13518518518518519
0 0.8772672309552599 0.3731481481481482 0.041112454655380895 0.13518518518518519
0 0.9271463119709794 0.3226851851851852 0.034461910519951636 0.11574074074074074
0 0.9564691656590084 0.3194444444444444 0.03506650544135429 0.13703703703703704
0 0.8787787182587666 0.2833333333333333 0.03688029020556227 0.14074074074074075
0 0.8146916565900847 0.15648148148148147 0.02962515114873035 0.12962962962962962
0 0.9126360338573156 0.27685185185185185 0.035671100362756954 0.15185185185185185
0 0.05350665054413543 0.4078703703703704 0.035671100362756954 0.1398148148148148
0 0.08978234582829504 0.3925925925925926 0.034461910519951636 0.14629629629629629
0 0.08524788391777509 0.3731481481481482 0.032648125755743655 0.14074074074074075
0 0.9800483675937122 0.362962962962963 0.037484885126964934 0.1259259259259259
0 0.9041717049576784 0.19305555555555556 0.03204353083434099 0.1287037037037037
0 0.0773881499395405 0.42824074074074076 0.03385731559854897 0.12129629629629629
0 0.03204353083434099 0.25833333333333336 0.045949214026602174 0.14814814814814814
0 0.2460701330108827 0.1398148148148148 0.03385731559854897 0.12962962962962962
0 0.8911729141475212 0.2611111111111111 0.03506650544135429 0.13518518518518519
0 0.914752116082225 0.20694444444444443 0.037484885126964934 0.12314814814814815
0 0.9126360338573156 0.33194444444444443 0.039298669891172915 0.13796296296296295
0 0.016928657799274487 0.3199074074074074 0.032648125755743655 0.14907407407407408
0 0.7107013301088271 0.6638888888888889 0.03688029020556227 0.15185185185185185
0 0.06287787182587666 0.9324074074074075 0.060459492140266025 0.13518518518518519
0 0.5770858524788391 0.24166666666666667 0.03325272067714631 0.13518518518518519
0 0.006045949214026602 0.950925925925926 0.010882708585247884 0.1
0 0.013301088270858524 0.4115740740740741 0.02539298669891173 0.15462962962962962
