0 0.7776041666666667 0.22314814814814815 0.025 0.11296296296296296
0 0.37916666666666665 0.22314814814814815 0.03229166666666667 0.12037037037037036
0 0.36484375 0.2300925925925926 0.025520833333333333 0.1287037037037037
0 0.54296875 0.4115740740740741 0.0421875 0.1824074074074074
0 0.4171875 0.2564814814814815 0.028125 0.12407407407407407
0 0.4265625 0.34953703703703703 0.034375 0.16203703703703703
0 0.3984375 0.33611111111111114 0.035416666666666666 0.1685185185185185
0 0.6286458333333333 0.3212962962962963 0.03229166666666667 0.13518518518518519
0 0.37734375 0.33194444444444443 0.030729166666666665 0.14722222222222223
0 0.1375 0.9236111111111112 0.09479166666666666 0.15462962962962962
0 0.10052083333333334 0.8962962962962963 0.071875 0.20925925925925926
0 0.34453125 0.8712962962962963 0.059895833333333336 0.2518518518518518
0 0.2046875 0.55 0.07083333333333333 0.23703703703703705
0 0.23671875 0.7101851851851851 0.05677083333333333 0.2518518518518518
0 0.2984375 0.611574074074074 0.06041666666666667 0.2324074074074074
0 0.34609375 0.600462962962963 0.04739583333333333 0.2064814814814815
0 0.35989583333333336 0.6555555555555556 0.046875 0.18888888888888888
0 0.340625 0.5467592592592593 0.04895833333333333 0.24166666666666667
0 0.3828125 0.5819444444444445 0.042708333333333334 0.16203703703703703
0 0.6760416666666667 0.46435185185185185 0.05520833333333333 0.2101851851851852
0 0.8901041666666667 0.4634259259259259 0.06145833333333333 0.1935185185185185
0 0.32135416666666666 0.43472222222222223 0.041666666666666664 0.17685185185185184
0 0.3651041666666667 0.4439814814814815 0.046875 0.19537037037037036
0 0.3841145833333333 0.42962962962962964 0.04010416666666667 0.1648148148148148
0 0.4315104166666667 0.4375 0.03802083333333333 0.15833333333333333
0 0.5020833333333333 0.39537037037037037 0.03958333333333333 0.1685185185185185
0 0.11119791666666666 0.6143518518518518 0.05572916666666667 0.23981481481481481
0 0.30911458333333336 0.40694444444444444 0.0359375 0.16018518518518518
0 0.7140625 0.38564814814814813 0.03958333333333333 0.19907407407407407
0 0.58515625 0.32546296296296295 0.033854166666666664 0.16203703703703703
0 0.5557291666666667 0.30925925925925923 0.034375 0.12962962962962962
0 0.51484375 0.35324074074074074 0.03177083333333333 0.15462962962962962
0 0.521875 0.3060185185185185 0.03125 0.12314814814814815
0 0.4934895833333333 0.35 0.03697916666666667 0.16296296296296298
0 0.46979166666666666 0.32592592592592595 0.028125 0.14629629629629629
0 0.47161458333333334 0.2439814814814815 0.027604166666666666 0.1287037037037037
0 0.43255208333333334 0.22824074074074074 0.03177083333333333 0.13240740740740742
0 0.5528645833333333 0.3962962962962963 0.03802083333333333 0.17037037037037037
