0 0.6341145833333334 0.24305555555555555 0.0359375 0.11944444444444445
0 0.415625 0.24537037037037038 0.036458333333333336 0.1259259259259259
0 0.3953125 0.25925925925925924 0.03229166666666667 0.12962962962962962
0 0.5591145833333333 0.4564814814814815 0.043229166666666666 0.19074074074074074
0 0.45390625 0.2712962962962963 0.027604166666666666 0.12407407407407407
0 0.44244791666666666 0.3587962962962963 0.027604166666666666 0.16203703703703703
0 0.40963541666666664 0.3486111111111111 0.03177083333333333 0.1675925925925926
0 0.11119791666666666 0.5333333333333333 0.04010416666666667 0.19814814814814816
0 0.5588541666666667 0.31203703703703706 0.030208333333333334 0.14074074074074075
0 0.40078125 0.35694444444444445 0.033854166666666664 0.17314814814814813
0 0.28463541666666664 0.9634259259259259 0.0609375 0.075
0 0.24270833333333333 0.4824074074074074 0.06145833333333333 0.2074074074074074
0 0.165625 0.8319444444444445 0.065625 0.2861111111111111
0 0.23671875 0.7106481481481481 0.06822916666666666 0.2712962962962963
0 0.30546875 0.7 0.0515625 0.24444444444444444
0 0.34270833333333334 0.7708333333333334 0.05 0.225
0 0.2638020833333333 0.6310185185185185 0.0640625 0.28055555555555556
0 0.859375 0.5018518518518519 0.07291666666666667 0.21481481481481482
0 0.29375 0.500462962962963 0.04583333333333333 0.2064814814814815
0 0.3684895833333333 0.5236111111111111 0.0546875 0.23425925925925925
0 0.3541666666666667 0.48009259259259257 0.04583333333333333 0.175
0 0.4002604166666667 0.48657407407407405 0.03802083333333333 0.16574074074074074
0 0.58515625 0.44074074074074077 0.03802083333333333 0.17592592592592593
0 0.17239583333333333 0.5421296296296296 0.05 0.2175925925925926
0 0.30703125 0.4587962962962963 0.0359375 0.175
0 0.7950520833333333 0.42268518518518516 0.043229166666666666 0.19907407407407407
0 0.7505208333333333 0.40370370370370373 0.034375 0.15185185185185185
0 0.73359375 0.40324074074074073 0.04739583333333333 0.17685185185185184
0 0.47369791666666666 0.3597222222222222 0.033854166666666664 0.15648148148148147
0 0.5838541666666667 0.33935185185185185 0.03333333333333333 0.14351851851851852
0 0.52578125 0.39351851851851855 0.0359375 0.1685185185185185
0 0.5572916666666666 0.33611111111111114 0.03229166666666667 0.12962962962962962
0 0.5010416666666667 0.3921296296296296 0.040625 0.1824074074074074
0 0.5473958333333333 0.36018518518518516 0.03229166666666667 0.15185185185185185
0 0.49895833333333334 0.26342592592592595 0.027083333333333334 0.1398148148148148
0 0.4666666666666667 0.25462962962962965 0.03125 0.12962962962962962
0 0.5059895833333333 0.24768518518518517 0.03177083333333333 0.13796296296296295
0 0.36822916666666666 0.3189814814814815 0.030208333333333334 0.13425925925925927
0 0.7723958333333333 0.47685185185185186 0.041666666666666664 0.17592592592592593
0 0.30546875 0.3050925925925926 0.03177083333333333 0.1398148148148148
0 0.6151041666666667 0.4449074074074074 0.035416666666666666 0.17314814814814813
