0 0.0859375 0.47314814814814815 0.03854166666666667 0.19074074074074074
0 0.73125 0.3574074074074074 0.040625 0.1685185185185185
0 0.041666666666666664 0.8569444444444444 0.06354166666666666 0.287962962962963
0 0.125 0.8740740740740741 0.1 0.2537037037037037
0 0.14375 0.7592592592592593 0.059375 0.2740740740740741
0 0.234375 0.825462962962963 0.06979166666666667 0.3490740740740741
0 0.76875 0.5027777777777778 0.053125 0.20925925925925926
0 0.25104166666666666 0.5898148148148148 0.05520833333333333 0.23148148148148148
0 0.3734375 0.6421296296296296 0.05625 0.2564814814814815
0 0.24869791666666666 0.6726851851851852 0.06822916666666666 0.2861111111111111
0 0.3020833333333333 0.6981481481481482 0.05520833333333333 0.26851851851851855
0 0.8221354166666667 0.48009259259259257 0.06197916666666667 0.21203703703703702
0 0.35078125 0.5365740740740741 0.0578125 0.24537037037037038
0 0.5401041666666667 0.4009259259259259 0.05 0.1962962962962963
0 0.27447916666666666 0.4398148148148148 0.04479166666666667 0.1962962962962963
0 0.6158854166666666 0.3990740740740741 0.04114583333333333 0.17962962962962964
0 0.5638020833333334 0.36898148148148147 0.0359375 0.17314814814814813
0 0.36041666666666666 0.3541666666666667 0.042708333333333334 0.1712962962962963
0 0.57890625 0.14027777777777778 0.0234375 0.09907407407407408
0 0.5067708333333333 0.2449074074074074 0.028125 0.13240740740740742
0 0.46510416666666665 0.2449074074074074 0.03229166666666667 0.1287037037037037
0 0.29791666666666666 0.5236111111111111 0.05625 0.2361111111111111
0 0.4125 0.2912037037037037 0.04375 0.2064814814814815
0 0.5296875 0.28703703703703703 0.03229166666666667 0.1537037037037037
0 0.4265625 0.29212962962962963 0.030208333333333334 0.12129629629629629
0 0.4 0.2861111111111111 0.034375 0.1425925925925926
0 0.37057291666666664 0.29953703703703705 0.021354166666666667 0.09351851851851851
0 0.3067708333333333 0.2657407407407407 0.034375 0.13703703703703704
0 0.4317708333333333 0.21712962962962962 0.029166666666666667 0.11574074074074074
0 0.4515625 0.2101851851851852 0.026041666666666668 0.11851851851851852
0 0.475 0.21064814814814814 0.022916666666666665 0.09537037037037037
0 0.4122395833333333 0.1837962962962963 0.0296875 0.12314814814814815
0 0.5263020833333333 0.2310185185185185 0.021354166666666667 0.0824074074074074
0 0.5473958333333333 0.20601851851851852 0.028125 0.13425925925925927
