0 0.8078125 0.8648148148148148 0.07083333333333333 0.2722222222222222
0 0.23020833333333332 0.4828703703703704 0.04791666666666667 0.1712962962962963
0 0.19166666666666668 0.5189814814814815 0.041666666666666664 0.15092592592592594
0 0.18723958333333332 0.4699074074074074 0.050520833333333334 0.20092592592592592
0 0.24947916666666667 0.4740740740740741 0.041666666666666664 0.1685185185185185
0 0.37552083333333336 0.725 0.06666666666666667 0.26851851851851855
0 0.30625 0.7300925925925926 0.06666666666666667 0.2657407407407407
0 0.23020833333333332 0.6925925925925925 0.06145833333333333 0.2740740740740741
0 0.3067708333333333 0.49675925925925923 0.053125 0.2064814814814815
0 0.8455729166666667 0.5143518518518518 0.04114583333333333 0.1935185185185185
0 0.4002604166666667 0.5032407407407408 0.03802083333333333 0.16574074074074074
0 0.36770833333333336 0.4837962962962963 0.046875 0.1935185185185185
0 0.32708333333333334 0.48055555555555557 0.040625 0.19444444444444445
0 0.53984375 0.475462962962963 0.043229166666666666 0.1824074074074074
0 0.49505208333333334 0.4759259259259259 0.043229166666666666 0.19444444444444445
0 0.5020833333333333 0.42962962962962964 0.040625 0.16296296296296298
0 0.390625 0.42314814814814816 0.03229166666666667 0.1537037037037037
0 0.37473958333333335 0.40694444444444444 0.033854166666666664 0.14907407407407408
0 0.49921875 0.37546296296296294 0.03177083333333333 0.14351851851851852
0 0.34817708333333336 0.41064814814814815 0.0359375 0.1787037037037037
0 0.45416666666666666 0.41759259259259257 0.03333333333333333 0.1685185185185185
0 0.42630208333333336 0.412962962962963 0.033854166666666664 0.17222222222222222
0 0.44453125 0.3365740740740741 0.03177083333333333 0.12314814814814815
0 0.29348958333333336 0.4537037037037037 0.04010416666666667 0.19074074074074074
0 0.39817708333333335 0.36666666666666664 0.033854166666666664 0.1425925925925926
0 0.38619791666666664 0.3925925925925926 0.03802083333333333 0.15185185185185185
0 0.34479166666666666 0.2810185185185185 0.029166666666666667 0.1398148148148148
0 0.7830729166666667 0.36203703703703705 0.03177083333333333 0.17407407407407408
0 0.46796875 0.37453703703703706 0.034895833333333334 0.1638888888888889
0 0.5520833333333334 0.3925925925925926 0.034375 0.18518518518518517
0 0.5197916666666667 0.39537037037037037 0.03229166666666667 0.17592592592592593
0 0.43255208333333334 0.38935185185185184 0.0296875 0.15462962962962962
0 0.32734375 0.39814814814814814 0.033854166666666664 0.16296296296296298
0 0.4765625 0.33240740740740743 0.028125 0.12407407407407407
0 0.49583333333333335 0.33055555555555555 0.03229166666666667 0.1425925925925926
0 0.528125 0.425462962962963 0.034375 0.16574074074074074
0 0.46875 0.3013888888888889 0.027083333333333334 0.12129629629629629
0 0.5388020833333333 0.4101851851851852 0.03177083333333333 0.17037037037037037
0 0.4986979166666667 0.2949074074074074 0.027604166666666666 0.11574074074074074
0 0.3734375 0.29583333333333334 0.03333333333333333 0.1361111111111111
0 0.4044270833333333 0.29814814814814816 0.0328125 0.13703703703703704
0 0.3924479166666667 0.24861111111111112 0.025520833333333333 0.11944444444444445
0 0.4278645833333333 0.28055555555555556 0.03177083333333333 0.13148148148148148
0 0.3692708333333333 0.2587962962962963 0.026041666666666668 0.11574074074074074
0 0.09296875 0.5504629629629629 0.03802083333333333 0.1935185185185185
0 0.42083333333333334 0.2652777777777778 0.027083333333333334 0.125
0 0.13125 0.5 0.03958333333333333 0.1962962962962963
0 0.4453125 0.26435185185185184 0.030208333333333334 0.11574074074074074
0 0.45677083333333335 0.47824074074074074 0.051041666666666666 0.1935185185185185
0 0.4466145833333333 0.5087962962962963 0.03802083333333333 0.20277777777777778
0 0.55859375 0.26296296296296295 0.025520833333333333 0.12222222222222222
0 0.43802083333333336 0.2518518518518518 0.028125 0.1259259259259259
0 0.60703125 0.3574074074074074 0.03177083333333333 0.13518518518518519
0 0.7690104166666667 0.37962962962962965 0.0296875 0.1685185185185185
0 0.5151041666666667 0.26064814814814813 0.026041666666666668 0.11018518518518519
