0 0.340625 0.9578703703703704 0.07083333333333333 0.08611111111111111
0 0.016666666666666666 0.937962962962963 0.03229166666666667 0.1259259259259259
0 0.07786458333333333 0.9157407407407407 0.0671875 0.17037037037037037
0 0.17421875 0.9138888888888889 0.05677083333333333 0.17407407407407408
0 0.21458333333333332 0.8842592592592593 0.06770833333333333 0.23333333333333334
0 0.29348958333333336 0.9023148148148148 0.07135416666666666 0.1935185185185185
0 0.09192708333333334 0.8097222222222222 0.0671875 0.27685185185185185
0 0.18697916666666667 0.7398148148148148 0.0625 0.25555555555555554
0 0.23177083333333334 0.8050925925925926 0.06145833333333333 0.27685185185185185
0 0.25546875 0.8625 0.06927083333333334 0.27685185185185185
0 0.5005208333333333 0.8143518518518519 0.06458333333333334 0.2916666666666667
0 0.2838541666666667 0.6185185185185185 0.046875 0.24814814814814815
0 0.3307291666666667 0.6222222222222222 0.05625 0.23703703703703705
0 0.79453125 0.500462962962963 0.058854166666666666 0.1787037037037037
0 0.7682291666666666 0.49907407407407406 0.05416666666666667 0.20185185185185187
0 0.7744791666666667 0.45046296296296295 0.04479166666666667 0.18425925925925926
0 0.7138020833333333 0.4888888888888889 0.044270833333333336 0.18703703703703703
0 0.703125 0.48564814814814816 0.046875 0.2101851851851852
0 0.23203125 0.5175925925925926 0.0359375 0.16296296296296298
0 0.2635416666666667 0.5115740740740741 0.058333333333333334 0.23425925925925925
0 0.30104166666666665 0.5319444444444444 0.04895833333333333 0.22314814814814815
0 0.5138020833333333 0.5365740740740741 0.050520833333333334 0.20462962962962963
0 0.4557291666666667 0.5726851851851852 0.053125 0.23425925925925925
0 0.33541666666666664 0.425462962962963 0.036458333333333336 0.16203703703703703
0 0.35989583333333336 0.4217592592592593 0.036458333333333336 0.18055555555555555
0 0.38125 0.4587962962962963 0.03958333333333333 0.1824074074074074
0 0.54921875 0.49907407407407406 0.0578125 0.18888888888888888
0 0.5809895833333333 0.5370370370370371 0.0484375 0.16296296296296298
0 0.6588541666666666 0.47453703703703703 0.06041666666666667 0.17314814814814813
0 0.44583333333333336 0.4583333333333333 0.046875 0.17962962962962964
0 0.6140625 0.48009259259259257 0.04583333333333333 0.1935185185185185
0 0.5231770833333333 0.4601851851851852 0.0296875 0.1685185185185185
0 0.48828125 0.4449074074074074 0.04010416666666667 0.1824074074074074
0 0.33489583333333334 0.3416666666666667 0.03229166666666667 0.1537037037037037
0 0.2765625 0.36018518518518516 0.036458333333333336 0.16296296296296298
0 0.34322916666666664 0.36666666666666664 0.03229166666666667 0.1425925925925926
0 0.3182291666666667 0.3472222222222222 0.028125 0.1574074074074074
0 0.43802083333333336 0.42824074074074076 0.036458333333333336 0.17685185185185184
0 0.44088541666666664 0.37175925925925923 0.04010416666666667 0.15092592592592594
0 0.434375 0.3523148148148148 0.029166666666666667 0.1398148148148148
0 0.40677083333333336 0.31805555555555554 0.030208333333333334 0.14351851851851852
0 0.37161458333333336 0.3574074074074074 0.03177083333333333 0.14629629629629629
0 0.5385416666666667 0.4111111111111111 0.0375 0.1925925925925926
0 0.5135416666666667 0.35185185185185186 0.03333333333333333 0.14814814814814814
0 0.5348958333333333 0.3560185185185185 0.034375 0.14907407407407408
0 0.4744791666666667 0.3138888888888889 0.029166666666666667 0.13518518518518519
0 0.428125 0.25601851851851853 0.026041666666666668 0.1175925925925926
0 0.5322916666666667 0.32083333333333336 0.030208333333333334 0.1398148148148148
0 0.55390625 0.32407407407407407 0.03177083333333333 0.14814814814814814
0 0.5544270833333333 0.300462962962963 0.025520833333333333 0.1287037037037037
0 0.54921875 0.2550925925925926 0.027604166666666666 0.11018518518518519
0 0.509375 0.23796296296296296 0.023958333333333335 0.10925925925925926
0 0.3893229166666667 0.26064814814814813 0.027604166666666666 0.11574074074074074
0 0.48385416666666664 0.24444444444444444 0.029166666666666667 0.11851851851851852
0 0.36666666666666664 0.2671296296296296 0.029166666666666667 0.1175925925925926
0 0.3455729166666667 0.24814814814814815 0.021354166666666667 0.10740740740740741
0 0.44192708333333336 0.27361111111111114 0.025520833333333333 0.10462962962962963
0 0.340625 0.26944444444444443 0.023958333333333335 0.12222222222222222
0 0.029166666666666667 0.7453703703703703 0.05 0.2722222222222222
0 0.43203125 0.31342592592592594 0.03177083333333333 0.12314814814814815
0 0.45026041666666666 0.2537037037037037 0.027604166666666666 0.11666666666666667
0 0.4078125 0.262037037037037 0.025 0.12407407407407407
0 0.5580729166666667 0.2763888888888889 0.021354166666666667 0.10092592592592593
0 0.46927083333333336 0.26481481481481484 0.021875 0.07962962962962963
0 0.5338541666666666 0.45 0.035416666666666666 0.1685185185185185
0 0.7760416666666666 0.34629629629629627 0.03229166666666667 0.1685185185185185
0 0.38203125 0.3050925925925926 0.03177083333333333 0.13055555555555556
0 0.8533854166666667 0.5287037037037037 0.06927083333333334 0.21296296296296297
