0 0.05713422007255139 0.19583333333333333 0.03688029020556227 0.11574074074074074
0 0.08101571946795647 0.1912037037037037 0.04232164449818621 0.13425925925925927
0 0.10459492140266022 0.16527777777777777 0.037484885126964934 0.13240740740740742
0 0.1466142684401451 0.16203703703703703 0.04171704957678356 0.12407407407407407
0 0.1949818621523579 0.13935185185185187 0.04171704957678356 0.1361111111111111
0 0.07315598548972188 0.027314814814814816 0.032648125755743655 0.05277777777777778
0 0.26088270858524787 0.06342592592592593 0.034461910519951636 0.125
0 0.19528415961305925 0.04212962962962963 0.03385731559854897 0.0824074074074074
0 0.21704957678355502 0.034722222222222224 0.03506650544135429 0.06759259259259259
0 0.49848851269649336 0.2351851851851852 0.03204353083434099 0.11851851851851852
0 0.3805925030229746 0.06527777777777778 0.03325272067714631 0.11388888888888889
0 0.2714631197097944 0.23333333333333334 0.03385731559854897 0.13518518518518519
0 0.46402660217654174 0.21388888888888888 0.04171704957678356 0.12962962962962962
0 0.4649334945586457 0.11851851851851852 0.032648125755743655 0.11481481481481481
0 0.4277509068923821 0.11064814814814815 0.03688029020556227 0.12129629629629629
0 0.4498186215235792 0.1824074074074074 0.032648125755743655 0.1259259259259259
0 0.48941958887545345 0.19166666666666668 0.03325272067714631 0.12037037037037036
0 0.5408101571946796 0.01712962962962963 0.028415961305925032 0.032407407407407406
0 0.5798065296251511 0.03981481481481482 0.030229746070133012 0.07777777777777778
0 0.6027811366384522 0.08935185185185185 0.02781136638452237 0.11574074074074074
0 0.5752720677146312 0.08703703703703704 0.034461910519951636 0.13148148148148148
0 0.5462515114873036 0.09305555555555556 0.03083434099153567 0.10462962962962963
0 0.9474002418379686 0.17453703703703705 0.03506650544135429 0.12314814814814815
0 0.9637243047158404 0.16435185185185186 0.030229746070133012 0.11944444444444445
0 0.9830713422007256 0.06666666666666667 0.03385731559854897 0.13148148148148148
0 0.9020556227327691 0.14814814814814814 0.03506650544135429 0.13333333333333333
0 0.6526602176541717 0.19305555555555556 0.034461910519951636 0.12314814814814815
0 0.6768440145102781 0.22361111111111112 0.039298669891172915 0.14722222222222223
0 0.6998186215235792 0.22916666666666666 0.02962515114873035 0.12314814814814815
0 0.6257557436517533 0.049074074074074076 0.032648125755743655 0.08888888888888889
0 0.9401451027811366 0.1388888888888889 0.04232164449818621 0.14629629629629629
0 0.9220072551390568 0.10601851851851851 0.03385731559854897 0.12685185185185185
0 0.8839177750906893 0.11944444444444445 0.03385731559854897 0.13518518518518519
0 0.8382708585247884 0.16574074074074074 0.034461910519951636 0.12962962962962962
0 0.8310157194679565 0.1685185185185185 0.03083434099153567 0.13518518518518519
0 0.81136638452237 0.1597222222222222 0.032648125755743655 0.1398148148148148
0 0.6798669891172914 0.18935185185185185 0.03688029020556227 0.13425925925925927
0 0.6493349455864571 0.04583333333333333 0.032648125755743655 0.08981481481481482
0 0.9492140266021766 0.09398148148148149 0.037484885126964934 0.13425925925925927
0 0.9740024183796856 0.11666666666666667 0.036275695284159616 0.11851851851851852
0 0.9050785973397824 0.0824074074074074 0.032648125755743655 0.12407407407407407
0 0.9691656590084643 0.22962962962962963 0.03506650544135429 0.1425925925925926
0 0.9912333736396615 0.21851851851851853 0.016324062877871828 0.13518518518518519
0 0.685006045949214 0.06111111111111111 0.03385731559854897 0.10555555555555556
0 0.8603385731559855 0.1527777777777778 0.03143893591293833 0.10740740740740741
0 0.33675937122128174 0.13148148148148148 0.03869407496977025 0.12962962962962962
0 0.3675937122128174 0.125 0.03506650544135429 0.11296296296296296
0 0.9226118500604595 0.026851851851851852 0.032648125755743655 0.05185185185185185
0 0.6698911729141476 0.06527777777777778 0.02539298669891173 0.08796296296296297
0 0.6738210399032648 0.06574074074074074 0.02720677146311971 0.09074074074074075
0 0.37726723095526 0.5745370370370371 0.036275695284159616 0.15462962962962962
0 0.06438935912938332 0.4824074074074074 0.034461910519951636 0.1425925925925926
0 0.05985489721886336 0.525 0.037484885126964934 0.14444444444444443
0 0.03295042321644498 0.500462962962963 0.03688029020556227 0.15648148148148147
0 0.10006045949214026 0.49074074074074076 0.03688029020556227 0.15185185185185185
0 0.8288996372430472 0.37916666666666665 0.037484885126964934 0.13240740740740742
0 0.8412938331318017 0.36157407407407405 0.035671100362756954 0.12129629629629629
0 0.26148730350665056 0.6884259259259259 0.044135429262394194 0.1712962962962963
0 0.2327690447400242 0.6689814814814815 0.04836759371221282 0.1675925925925926
0 0.3730350665054414 0.6662037037037037 0.037484885126964934 0.14537037037037037
0 0.23004836759371222 0.5995370370370371 0.034461910519951636 0.14907407407407408
0 0.23428053204353083 0.5708333333333333 0.02962515114873035 0.1398148148148148
0 0.19226118500604594 0.5699074074074074 0.04232164449818621 0.13425925925925927
0 0.19830713422007254 0.5337962962962963 0.045949214026602174 0.15648148148148147
0 0.14812575574365175 0.5541666666666667 0.04353083434099154 0.14907407407407408
0 0.374546553808948 0.24444444444444444 0.034461910519951636 0.12777777777777777
0 0.3948004836759371 0.2537037037037037 0.032648125755743655 0.12962962962962962
0 0.6133615477629988 0.4615740740740741 0.044135429262394194 0.13425925925925927
0 0.6916565900846433 0.4791666666666667 0.04353083434099154 0.1398148148148148
0 0.23760580411124546 0.3851851851851852 0.036275695284159616 0.1425925925925926
0 0.25181378476420796 0.399537037037037 0.034461910519951636 0.14537037037037037
0 0.26934703748488514 0.9462962962962963 0.04171704957678356 0.10925925925925926
0 0.24969770253929868 0.49722222222222223 0.03869407496977025 0.1574074074074074
0 0.3083434099153567 0.7870370370370371 0.05199516324062878 0.1648148148148148
0 0.13875453446191052 0.46620370370370373 0.0380894800483676 0.15648148148148147
0 0.3388754534461911 0.4935185185185185 0.03688029020556227 0.1388888888888889
0 0.21493349455864572 0.6888888888888889 0.03688029020556227 0.1574074074074074
0 0.5205562273276905 0.6722222222222223 0.037484885126964934 0.13518518518518519
0 0.3573155985489722 0.7194444444444444 0.03990326481257558 0.1574074074074074
0 0.35761789600967353 0.7546296296296297 0.039298669891172915 0.1685185185185185
0 0.5819226118500604 0.6287037037037037 0.04534461910519952 0.15925925925925927
0 0.6185006045949214 0.6537037037037037 0.044740024183796856 0.16296296296296298
0 0.6363361547762999 0.6319444444444444 0.02962515114873035 0.13425925925925927
0 0.42926239419588874 0.7560185185185185 0.0471584038694075 0.14907407407407408
0 0.6804715840386941 0.6935185185185185 0.051390568319226115 0.14814814814814814
0 0.3996372430471584 0.6833333333333333 0.044740024183796856 0.1574074074074074
0 0.45556227327690446 0.5527777777777778 0.0380894800483676 0.13703703703703704
0 0.4458887545344619 0.5157407407407407 0.044135429262394194 0.10740740740740741
0 0.49244256348246673 0.6425925925925926 0.047762998790810154 0.1537037037037037
0 0.5529020556227328 0.6611111111111111 0.04171704957678356 0.1685185185185185
0 0.40991535671100365 0.03009259259259259 0.03143893591293833 0.058333333333333334
0 0.9848851269649335 0.31666666666666665 0.02781136638452237 0.10740740740740741
0 0.7557436517533253 0.8379629629629629 0.0471584038694075 0.1648148148148148
0 0.7926239419588875 0.8564814814814815 0.04232164449818621 0.15185185185185185
0 0.4265417170495768 0.6060185185185185 0.04534461910519952 0.14907407407407408
0 0.46130592503022977 0.5962962962962963 0.037484885126964934 0.13703703703703704
0 0.08071342200725513 0.763425925925926 0.047762998790810154 0.15462962962962962
0 0.5377871825876662 0.7296296296296296 0.044135429262394194 0.16666666666666666
0 0.5710399032648126 0.737037037037037 0.046553808948004836 0.16111111111111112
0 0.04201934703748488 0.7523148148148148 0.04171704957678356 0.1398148148148148
0 0.02962515114873035 0.3537037037037037 0.03990326481257558 0.12962962962962962
0 0.06499395405078598 0.3560185185185185 0.04171704957678356 0.14351851851851852
0 0.9700725513905684 0.2791666666666667 0.03204353083434099 0.12685185185185185
0 0.9519347037484885 0.31851851851851853 0.039298669891172915 0.1425925925925926
0 0.9498186215235792 0.2810185185185185 0.036275695284159616 0.12314814814814815
0 0.6206166868198307 0.762962962962963 0.044135429262394194 0.16296296296296298
0 0.5804111245465539 0.7699074074074074 0.04232164449818621 0.16018518518518518
0 0.2469770253929867 0.6546296296296297 0.04171704957678356 0.1685185185185185
0 0.29081015719467956 0.6106481481481482 0.05199516324062878 0.16574074074074074
0 0.29171704957678357 0.662962962962963 0.03688029020556227 0.1648148148148148
0 0.3355501813784764 0.3888888888888889 0.03506650544135429 0.12407407407407407
0 0.31559854897218864 0.4305555555555556 0.04232164449818621 0.15
0 0.343409915356711 0.41805555555555557 0.03990326481257558 0.13425925925925927
0 0.3010882708585248 0.39444444444444443 0.032648125755743655 0.1425925925925926
0 0.8639661426844014 0.27870370370370373 0.03990326481257558 0.14814814814814814
0 0.12877871825876663 0.8324074074074074 0.04232164449818621 0.1648148148148148
0 0.09159613059250302 0.8143518518518519 0.047762998790810154 0.1824074074074074
0 0.44619105199516323 0.46111111111111114 0.04232164449818621 0.14814814814814814
0 0.9159613059250302 0.850925925925926 0.044740024183796856 0.16296296296296298
0 0.8796856106408706 0.8717592592592592 0.05562273276904474 0.16203703703703703
0 0.9727932285368803 0.7583333333333333 0.05199516324062878 0.1648148148148148
0 0.9247279322853688 0.7310185185185185 0.0562273276904474 0.15462962962962962
0 0.596130592503023 0.8462962962962963 0.053204353083434096 0.1814814814814815
0 0.524788391777509 0.35509259259259257 0.03869407496977025 0.1287037037037037
0 0.12031438935912939 0.6328703703703704 0.045949214026602174 0.18796296296296297
0 0.005139056831922612 0.7194444444444444 0.009068923821039904 0.1425925925925926
0 0.8814993954050786 0.5962962962962963 0.044740024183796856 0.17222222222222222
0 0.9129383313180169 0.5837962962962963 0.03869407496977025 0.15462962962962962
0 0.2279322853688029 0.24953703703703703 0.03385731559854897 0.1175925925925926
0 0.19921402660217655 0.24351851851851852 0.03688029020556227 0.13703703703703704
0 0.12575574365175332 0.20462962962962963 0.037484885126964934 0.14074074074074075
0 0.6463119709794438 0.4398148148148148 0.04353083434099154 0.14074074074074075
0 0.002720677146311971 0.7763888888888889 0.004232164449818622 0.16018518518518518
0 0.5574365175332527 0.8416666666666667 0.04232164449818621 0.12962962962962962
0 0.7551390568319226 0.7435185185185185 0.041112454655380895 0.13518518518518519
0 0.722490931076179 0.7337962962962963 0.049576783555018135 0.1638888888888889
0 0.13905683192261184 0.22546296296296298 0.03506650544135429 0.12129629629629629
0 0.7137243047158404 0.6861111111111111 0.0380894800483676 0.14814814814814814
0 0.7460701330108828 0.6796296296296296 0.04353083434099154 0.1685185185185185
0 0.0912938331318017 0.6888888888888889 0.0471584038694075 0.14629629629629629
0 0.11910519951632406 0.700462962962963 0.04353083434099154 0.16018518518518518
0 0.044740024183796856 0.6967592592592593 0.037484885126964934 0.15648148148148147
0 0.6414752116082225 0.7615740740740741 0.032648125755743655 0.1287037037037037
0 0.6692865779927448 0.4398148148148148 0.036275695284159616 0.12962962962962962
0 0.7983675937122128 0.7981481481481482 0.04534461910519952 0.18518518518518517
0 0.6798669891172914 0.962037037037037 0.04171704957678356 0.07777777777777778
0 0.8479443772672309 0.7481481481481481 0.04171704957678356 0.17592592592592593
0 0.8071342200725514 0.7402777777777778 0.044740024183796856 0.1638888888888889
0 0.843409915356711 0.774537037037037 0.04232164449818621 0.1787037037037037
0 0.874546553808948 0.663425925925926 0.039298669891172915 0.17314814814814813
0 0.34492140266021765 0.9569444444444445 0.0562273276904474 0.08796296296296297
0 0.8246674727932285 0.24814814814814815 0.03869407496977025 0.1425925925925926
0 0.8458282950423216 0.225 0.03385731559854897 0.12407407407407407
0 0.880894800483676 0.3939814814814815 0.044740024183796856 0.14907407407407408
0 0.6974002418379686 0.4222222222222222 0.039298669891172915 0.14629629629629629
0 0.7103990326481258 0.39444444444444443 0.03869407496977025 0.14444444444444443
0 0.966142684401451 0.5782407407407407 0.044740024183796856 0.15833333333333333
0 0.42200725513905685 0.2865740740740741 0.03506650544135429 0.1287037037037037
0 0.44830713422007257 0.29259259259259257 0.03204353083434099 0.13518518518518519
0 0.6732164449818622 0.31666666666666665 0.03688029020556227 0.14814814814814814
0 0.6160822249093107 0.22314814814814815 0.03506650544135429 0.12962962962962962
0 0.5813180169286578 0.2064814814814815 0.044135429262394194 0.1425925925925926
0 0.004232164449818622 0.5601851851851852 0.007255139056831923 0.14074074074074075
0 0.2067714631197098 0.3300925925925926 0.04232164449818621 0.14351851851851852
0 0.18863361547763 0.3611111111111111 0.04232164449818621 0.14629629629629629
0 0.0048367593712212815 0.39814814814814814 0.008464328899637243 0.1574074074074074
0 0.018137847642079808 0.3888888888888889 0.03506650544135429 0.14074074074074075
0 0.13724304715840388 0.28935185185185186 0.03990326481257558 0.12685185185185185
0 0.008766626360338573 0.48935185185185187 0.016324062877871828 0.14907407407407408
0 0.1293833131801693 0.2657407407407407 0.032648125755743655 0.14074074074074075
0 0.021160822249093107 0.28055555555555556 0.041112454655380895 0.1574074074074074
0 0.07103990326481258 0.25277777777777777 0.03688029020556227 0.1425925925925926
0 0.8455259975816203 0.399537037037037 0.04050785973397823 0.1398148148148148
0 0.939540507859734 0.37916666666666665 0.03385731559854897 0.11574074074074074
0 0.9600967351874244 0.3763888888888889 0.037484885126964934 0.13796296296296295
0 0.8884522370012092 0.33796296296296297 0.03688029020556227 0.14074074074074075
0 0.782950423216445 0.15601851851851853 0.030229746070133012 0.1287037037037037
0 0.9334945586457074 0.3347222222222222 0.037484885126964934 0.15092592592592594
0 0.07950423216444982 0.3814814814814815 0.034461910519951636 0.13333333333333333
0 0.1154776299879081 0.3800925925925926 0.03506650544135429 0.14537037037037037
0 0.10580411124546554 0.3638888888888889 0.032648125755743655 0.14074074074074075
0 0.9177750906892382 0.22824074074074074 0.03385731559854897 0.1287037037037037
0 0.09189842805320435 0.4097222222222222 0.03385731559854897 0.12129629629629629
0 0.29443772672309554 0.21157407407407408 0.03506650544135429 0.13796296296296295
0 0.8972188633615478 0.32407407407407407 0.03506650544135429 0.13518518518518519
0 0.9277509068923822 0.25277777777777777 0.0380894800483676 0.12407407407407407
0 0.9803506650544136 0.36712962962962964 0.034461910519951636 0.12685185185185185
0 0.9050785973397824 0.3763888888888889 0.03990326481257558 0.13796296296296295
0 0.6862152357920194 0.7518518518518519 0.044740024183796856 0.15185185185185185
0 0.22460701330108826 0.9513888888888888 0.039298669891172915 0.09907407407407408
0 0.6435912938331319 0.32592592592592595 0.034461910519951636 0.13518518518518519
0 0.17503022974607013 0.9675925925925926 0.04171704957678356 0.06481481481481481
0 0.09703748488512697 0.9740740740740741 0.044135429262394194 0.053703703703703705
0 0.010882708585247884 0.8481481481481481 0.020556227327690448 0.19074074074074074
0 0.035671100362756954 0.8231481481481482 0.044740024183796856 0.1648148148148148
0 0.003325272067714631 0.4736111111111111 0.005441354292623942 0.15462962962962962
