0 0.08541666666666667 0.4740740740740741 0.0375 0.19074074074074074
0 0.7463541666666667 0.3675925925925926 0.040625 0.1685185185185185
0 0.05677083333333333 0.8268518518518518 0.06354166666666666 0.3037037037037037
0 0.14296875 0.8550925925925926 0.0921875 0.2861111111111111
0 0.15651041666666668 0.7333333333333333 0.0578125 0.2740740740740741
0 0.24973958333333332 0.8060185185185185 0.07552083333333333 0.3453703703703704
0 0.71484375 0.5018518518518519 0.06197916666666667 0.20555555555555555
0 0.2669270833333333 0.5722222222222222 0.05572916666666667 0.2222222222222222
0 0.3927083333333333 0.6199074074074075 0.05 0.25092592592592594
0 0.265625 0.6504629629629629 0.06770833333333333 0.2675925925925926
0 0.3145833333333333 0.674074074074074 0.05 0.2611111111111111
0 0.7643229166666666 0.4787037037037037 0.058854166666666666 0.2111111111111111
0 0.35989583333333336 0.5199074074074074 0.05520833333333333 0.2361111111111111
0 0.9684895833333333 0.4412037037037037 0.049479166666666664 0.20462962962962963
0 0.58046875 0.4148148148148148 0.0578125 0.1962962962962963
0 0.265625 0.42916666666666664 0.04479166666666667 0.1935185185185185
0 0.5466145833333333 0.36064814814814816 0.044270833333333336 0.16944444444444445
0 0.35963541666666665 0.3578703703703704 0.0421875 0.1712962962962963
0 0.5098958333333333 0.3731481481481482 0.034375 0.16666666666666666
0 0.5721354166666667 0.14814814814814814 0.0234375 0.10185185185185185
0 0.49270833333333336 0.24259259259259258 0.029166666666666667 0.12962962962962962
0 0.45651041666666664 0.24351851851851852 0.027604166666666666 0.12962962962962962
0 0.31145833333333334 0.5106481481481482 0.05416666666666667 0.2324074074074074
0 0.3997395833333333 0.2875 0.04114583333333333 0.19907407407407407
0 0.5216145833333333 0.2851851851851852 0.03177083333333333 0.1537037037037037
0 0.4234375 0.2912037037037037 0.027083333333333334 0.12129629629629629
0 0.3697916666666667 0.29768518518518516 0.021875 0.09351851851851851
0 0.30130208333333336 0.2662037037037037 0.03177083333333333 0.13796296296296295
0 0.4265625 0.2152777777777778 0.029166666666666667 0.11574074074074074
0 0.43802083333333336 0.20833333333333334 0.026041666666666668 0.11481481481481481
0 0.45989583333333334 0.21342592592592594 0.022916666666666665 0.09537037037037037
0 0.39505208333333336 0.1837962962962963 0.030729166666666665 0.12314814814814815
0 0.5130208333333334 0.2337962962962963 0.021875 0.0824074074074074
0 0.52890625 0.2064814814814815 0.027604166666666666 0.12777777777777777
