0 0.3755328218243819 0.9375 0.05200341005967604 0.12727272727272726
0 0.43861892583120204 0.9340909090909091 0.04859335038363171 0.1340909090909091
0 0.2851662404092072 0.9443181818181818 0.05711849957374254 0.11363636363636363
0 0.3294970161977835 0.9380681818181819 0.05541346973572037 0.12613636363636363
0 0.08695652173913043 0.6369318181818182 0.042625745950554135 0.14204545454545456
0 0.008525149190110827 0.7443181818181818 0.015345268542199489 0.15227272727272728
0 0.48721227621483376 0.8772727272727273 0.04688832054560955 0.1590909090909091
0 0.4560954816709292 0.8880681818181818 0.056265984654731455 0.1625
0 0.049019607843137254 0.6011363636363637 0.041773231031543054 0.12954545454545455
0 0.13682864450127877 0.5954545454545455 0.04688832054560955 0.1431818181818182
0 0.1547314578005115 0.5676136363636364 0.03665814151747655 0.1215909090909091
0 0.3277919863597613 0.8676136363636363 0.05200341005967604 0.16477272727272727
0 0.6606990622335891 0.8869318181818182 0.06479113384484228 0.16704545454545455
0 0.7011935208866155 0.875 0.04688832054560955 0.15227272727272728
0 0.530690537084399 0.7727272727272727 0.05200341005967604 0.14545454545454545
0 0.578005115089514 0.6630681818181818 0.04603580562659847 0.13522727272727272
0 0.4057971014492754 0.6130681818181818 0.042625745950554135 0.12840909090909092
0 0.45481670929241264 0.6102272727272727 0.04688832054560955 0.1340909090909091
0 0.3137254901960784 0.5443181818181818 0.04092071611253197 0.12272727272727273
0 0.2749360613810742 0.5181818181818182 0.041773231031543054 0.12954545454545455
0 0.25831202046035806 0.5579545454545455 0.042625745950554135 0.12045454545454545
0 0.1155157715260017 0.5454545454545454 0.03836317135549872 0.12045454545454545
0 0.40068201193520886 0.5215909090909091 0.03580562659846547 0.11363636363636363
0 0.4411764705882353 0.5227272727272727 0.041773231031543054 0.1159090909090909
0 0.3333333333333333 0.6375 0.0392156862745098 0.13636363636363635
0 0.38917306052855927 0.42272727272727273 0.03836317135549872 0.1159090909090909
0 0.23955669224211423 0.4090909090909091 0.042625745950554135 0.12045454545454545
0 0.2544757033248082 0.4193181818181818 0.04688832054560955 0.12045454545454545
0 0.9087809036658141 0.9329545454545455 0.0443307757885763 0.13636363636363635
0 0.9411764705882353 0.7528409090909091 0.0443307757885763 0.12840909090909092
0 0.7595907928388747 0.4590909090909091 0.042625745950554135 0.1340909090909091
0 0.6052855924978687 0.6744318181818182 0.0392156862745098 0.12386363636363637
0 0.3712702472293265 0.35965909090909093 0.03836317135549872 0.11704545454545455
0 0.33631713554987214 0.3613636363636364 0.03324808184143223 0.1159090909090909
0 0.9309462915601023 0.15454545454545454 0.03239556692242114 0.10454545454545454
0 0.8341858482523444 0.6409090909090909 0.045183290707587385 0.1318181818181818
0 0.8844842284739983 0.7352272727272727 0.05200341005967604 0.1431818181818182
0 0.9369138959931799 0.6346590909090909 0.04603580562659847 0.13522727272727272
0 0.5831202046035806 0.4965909090909091 0.0392156862745098 0.125
0 0.4578005115089514 0.4289772727272727 0.0443307757885763 0.1215909090909091
0 0.489769820971867 0.43068181818181817 0.041773231031543054 0.12045454545454545
0 0.48934356351236147 0.55625 0.042625745950554135 0.11022727272727273
0 0.3333333333333333 0.029545454545454545 0.03580562659846547 0.056818181818181816
0 0.8175618073316283 0.2857954545454545 0.0392156862745098 0.11704545454545455
0 0.24040920716112532 0.9715909090909091 0.04774083546462063 0.05909090909090909
0 0.15430520034100598 0.9380681818181819 0.04603580562659847 0.12613636363636363
0 0.19053708439897699 0.9375 0.045183290707587385 0.12045454545454545
0 0.7340153452685422 0.1403409090909091 0.042625745950554135 0.10340909090909091
0 0.8405797101449275 0.13068181818181818 0.03580562659846547 0.10681818181818181
0 0.8665814151747656 0.028977272727272727 0.03495311167945439 0.05568181818181818
0 0.59846547314578 0.17670454545454545 0.028985507246376812 0.10113636363636364
0 0.7587382779198636 0.275 0.03580562659846547 0.11363636363636363
0 0.7263427109974424 0.27897727272727274 0.03239556692242114 0.10113636363636364
0 0.7092924126172208 0.3715909090909091 0.04603580562659847 0.125
0 0.7591645353793691 0.32272727272727275 0.03836317135549872 0.10454545454545454
0 0.7429667519181585 0.4096590909090909 0.03836317135549872 0.10113636363636364
0 0.8064791133844842 0.4011363636363636 0.0392156862745098 0.11818181818181818
0 0.7335890878090366 0.3409090909090909 0.03495311167945439 0.10454545454545454
0 0.587382779198636 0.26590909090909093 0.0392156862745098 0.10454545454545454
0 0.5558397271952259 0.26193181818181815 0.0392156862745098 0.10795454545454546
0 0.4560954816709292 0.15738636363636363 0.027280477408354646 0.08977272727272727
0 0.5038363171355499 0.03977272727272727 0.028985507246376812 0.07727272727272727
0 0.391304347826087 0.9227272727272727 0.0494458653026428 0.15227272727272728
0 0.8695652173913043 0.20625 0.03580562659846547 0.10113636363636364
0 0.803921568627451 0.19602272727272727 0.042625745950554135 0.11022727272727273
0 0.8252344416027281 0.24886363636363637 0.04092071611253197 0.10227272727272728
0 0.8802216538789429 0.21534090909090908 0.03665814151747655 0.09886363636363636
0 0.08908780903665814 0.9642045454545455 0.043478260869565216 0.07386363636363637
0 0.07672634271099744 0.9693181818181819 0.0443307757885763 0.06363636363636363
0 0.6896845694799659 0.70625 0.042625745950554135 0.13068181818181818
0 0.7450980392156863 0.7011363636363637 0.04603580562659847 0.1340909090909091
0 0.7851662404092071 0.6880681818181819 0.04774083546462063 0.13977272727272727
0 0.545609548167093 0.6 0.042625745950554135 0.12954545454545455
0 0.5792838874680307 0.5977272727272728 0.043478260869565216 0.12954545454545455
0 0.7655583972719523 0.5357954545454545 0.04774083546462063 0.13295454545454546
0 0.8060528559249787 0.4556818181818182 0.05200341005967604 0.13863636363636364
0 0.29028132992327366 0.0715909090909091 0.03324808184143223 0.09772727272727273
0 0.5196078431372549 0.2545454545454545 0.043478260869565216 0.1159090909090909
0 0.37894288150042627 0.27386363636363636 0.028132992327365727 0.08409090909090909
0 0.3976982097186701 0.275 0.03665814151747655 0.11136363636363636
0 0.417306052855925 0.1653409090909091 0.043478260869565216 0.10795454545454546
0 0.5127877237851662 0.22443181818181818 0.03665814151747655 0.1215909090909091
0 0.34995737425404944 0.05284090909090909 0.03324808184143223 0.09204545454545454
0 0.289002557544757 0.008522727272727272 0.02557544757033248 0.014772727272727272
0 0.20161977834612105 0.38125 0.041773231031543054 0.11022727272727273
0 0.46248934356351235 0.024431818181818183 0.03154305200341006 0.04659090909090909
0 0.49019607843137253 0.028977272727272727 0.0392156862745098 0.05568181818181818
0 0.3537936913895993 0.028977272727272727 0.03410059676044331 0.05568181818181818
0 0.5132139812446718 0.05056818181818182 0.03410059676044331 0.08977272727272727
0 0.8303495311167945 0.19715909090909092 0.03751065643648764 0.11022727272727273
0 0.5592497868712702 0.225 0.03410059676044331 0.11136363636363636
0 0.953537936913896 0.9210227272727273 0.05711849957374254 0.15795454545454546
0 0.22506393861892582 0.6863636363636364 0.0443307757885763 0.1340909090909091
0 0.4394714407502131 0.7011363636363637 0.041773231031543054 0.14772727272727273
0 0.4863597612958227 0.7034090909090909 0.041773231031543054 0.13636363636363635
0 0.6500426257459505 0.6630681818181818 0.04688832054560955 0.13522727272727272
0 0.08482523444160273 0.5375 0.043478260869565216 0.13863636363636364
0 0.24083546462063085 0.5107954545454545 0.045183290707587385 0.1215909090909091
0 0.8482523444160273 0.8147727272727273 0.0443307757885763 0.16363636363636364
0 0.8026427962489343 0.6357954545454545 0.05200341005967604 0.14204545454545456
0 0.8482523444160273 0.5869318181818182 0.042625745950554135 0.14659090909090908
0 0.8895993179880648 0.5903409090909091 0.040068201193520885 0.14204545454545456
0 0.8554987212276215 0.5244318181818182 0.04688832054560955 0.12840909090909092
0 0.8273657289002557 0.3619318181818182 0.03665814151747655 0.12613636363636363
0 0.28601875532821824 0.29318181818181815 0.029838022165387893 0.10681818181818181
0 0.11381074168797954 0.4102272727272727 0.03836317135549872 0.1159090909090909
0 0.03580562659846547 0.4244318181818182 0.04092071611253197 0.12386363636363637
0 0.07246376811594203 0.45340909090909093 0.03239556692242114 0.10681818181818181
0 0.030264279624893437 0.4653409090909091 0.03836317135549872 0.12840909090909092
0 0.5353793691389599 0.5488636363636363 0.042625745950554135 0.1340909090909091
0 0.04049445865302643 0.32443181818181815 0.03665814151747655 0.10568181818181818
0 0.19607843137254902 0.21420454545454545 0.03410059676044331 0.11022727272727273
0 0.24978687127024723 0.35852272727272727 0.03751065643648764 0.11704545454545455
0 0.4957374254049446 0.3931818181818182 0.03324808184143223 0.1159090909090909
0 0.45822676896845693 0.30511363636363636 0.03324808184143223 0.09886363636363636
0 0.37638533674339303 0.21818181818181817 0.03665814151747655 0.10227272727272728
0 0.06564364876385337 0.3215909090909091 0.03410059676044331 0.10454545454545454
0 0.13427109974424553 0.2857954545454545 0.03836317135549872 0.11704545454545455
0 0.11722080136402387 0.3494318181818182 0.03665814151747655 0.10795454545454546
0 0.17647058823529413 0.24886363636363637 0.0392156862745098 0.11818181818181818
0 0.2971014492753623 0.3795454545454545 0.04688832054560955 0.11363636363636363
0 0.20588235294117646 0.24886363636363637 0.03665814151747655 0.1159090909090909
0 0.4940323955669224 0.10738636363636364 0.041773231031543054 0.08977272727272727
0 0.4560954816709292 0.36420454545454545 0.042625745950554135 0.1215909090909091
0 0.43478260869565216 0.29602272727272727 0.042625745950554135 0.11022727272727273
0 0.0038363171355498722 0.15511363636363637 0.005967604433077579 0.09431818181818181
0 0.4539641943734015 0.26875 0.03324808184143223 0.11022727272727273
0 0.5426257459505541 0.32386363636363635 0.04688832054560955 0.12045454545454545
0 0.41304347826086957 0.21704545454545454 0.03665814151747655 0.11136363636363636
0 0.2647058823529412 0.11363636363636363 0.03324808184143223 0.09318181818181819
0 0.4863597612958227 0.1903409090909091 0.03324808184143223 0.09659090909090909
0 0.2361466325660699 0.22670454545454546 0.0392156862745098 0.10340909090909091
0 0.34654731457800514 0.16818181818181818 0.03665814151747655 0.10227272727272728
0 0.4032395566922421 0.10625 0.03239556692242114 0.09431818181818181
0 0.1466325660699062 0.06363636363636363 0.0392156862745098 0.09545454545454546
0 0.42455242966751916 0.10965909090909091 0.03751065643648764 0.09886363636363636
0 0.5017050298380221 0.15113636363636362 0.03836317135549872 0.11136363636363636
0 0.4599317988064791 0.18693181818181817 0.03665814151747655 0.10113636363636364
0 0.473998294970162 0.1028409090909091 0.03580562659846547 0.10113636363636364
0 0.44714407502131287 0.10738636363636364 0.03324808184143223 0.08522727272727272
0 0.4096334185848252 0.07102272727272728 0.03665814151747655 0.09204545454545454
0 0.5396419437340153 0.051704545454545454 0.03410059676044331 0.0875
0 0.8951406649616368 0.20681818181818182 0.0392156862745098 0.10681818181818181
0 0.9028132992327366 0.1340909090909091 0.028985507246376812 0.09090909090909091
0 0.8623188405797102 0.30625 0.04859335038363171 0.10795454545454546
0 0.8836317135549873 0.12897727272727272 0.03495311167945439 0.10113636363636364
0 0.8478260869565217 0.29204545454545455 0.041773231031543054 0.11818181818181818
0 0.8320545609548167 0.3034090909090909 0.03751065643648764 0.10681818181818181
0 0.6065643648763853 0.6215909090909091 0.060528559249786874 0.1409090909090909
0 0.9138959931798807 0.8096590909090909 0.059676044330775786 0.15795454545454546
0 0.17178175618073316 0.2943181818181818 0.041773231031543054 0.10681818181818181
0 0.46675191815856776 0.28011363636363634 0.03154305200341006 0.10568181818181818
0 0.39940323955669227 0.3613636363636364 0.04688832054560955 0.11136363636363636
0 0.5878090366581415 0.78125 0.05711849957374254 0.15568181818181817
0 0.48721227621483376 0.27329545454545456 0.03324808184143223 0.10113636363636364
0 0.4560954816709292 0.32954545454545453 0.0443307757885763 0.11136363636363636
0 0.46334185848252346 0.07386363636363637 0.03324808184143223 0.08636363636363636
0 0.3167092924126172 0.00909090909090909 0.028132992327365727 0.015909090909090907
0 0.10784313725490197 0.44886363636363635 0.03665814151747655 0.10454545454545454
