0 0.10761789600967352 0.033796296296296297 0.03506650544135429 0.06574074074074074
0 0.6553808948004837 0.01898148148148148 0.030229746070133012 0.03611111111111111
0 0.6744256348246674 0.021296296296296296 0.02962515114873035 0.040740740740740744
0 0.93409915356711 0.030555555555555555 0.03143893591293833 0.05925925925925926
0 0.9177750906892382 0.04953703703703704 0.03143893591293833 0.09722222222222222
0 0.9866989117291415 0.03611111111111111 0.02539298669891173 0.07037037037037037
0 0.41777509068923824 0.023148148148148147 0.02176541717049577 0.044444444444444446
0 0.869105199516324 0.9444444444444444 0.04897218863361548 0.11296296296296296
0 0.3884522370012092 0.5564814814814815 0.0380894800483676 0.16296296296296298
0 0.19105199516324062 0.3597222222222222 0.03506650544135429 0.14351851851851852
0 0.0773881499395405 0.49027777777777776 0.036275695284159616 0.14537037037037037
0 0.06106408706166868 0.4476851851851852 0.03385731559854897 0.15648148148148147
0 0.1033857315598549 0.4736111111111111 0.03990326481257558 0.15648148148148147
0 0.8512696493349455 0.37824074074074077 0.03506650544135429 0.13240740740740742
0 0.8688029020556227 0.3402777777777778 0.03385731559854897 0.12129629629629629
0 0.27297460701330106 0.6699074074074074 0.044135429262394194 0.1712962962962963
0 0.2747883917775091 0.6472222222222223 0.04050785973397823 0.1814814814814815
0 0.3814993954050786 0.6388888888888888 0.03506650544135429 0.14629629629629629
0 0.8337363966142685 0.9606481481481481 0.03990326481257558 0.0787037037037037
0 0.6977025392986699 0.9837962962962963 0.02902055622732769 0.03425925925925926
0 0.23065296251511488 0.5847222222222223 0.034461910519951636 0.14907407407407408
0 0.24546553808948005 0.5527777777777778 0.02902055622732769 0.14074074074074075
0 0.19649334945586458 0.5587962962962963 0.04232164449818621 0.13425925925925927
0 0.2067714631197098 0.5162037037037037 0.04232164449818621 0.15648148148148147
0 0.1626360338573156 0.5407407407407407 0.04353083434099154 0.1574074074074074
0 0.3854292623941959 0.22685185185185186 0.034461910519951636 0.12962962962962962
0 0.40598548972188636 0.22962962962962963 0.03204353083434099 0.12962962962962962
0 0.717956469165659 0.3787037037037037 0.04171704957678356 0.11481481481481481
0 0.7503022974607013 0.3902777777777778 0.04232164449818621 0.13796296296296295
0 0.2503022974607013 0.36712962962962964 0.037484885126964934 0.14351851851851852
0 0.2418379685610641 0.37962962962962965 0.03506650544135429 0.14629629629629629
0 0.9597944377267231 0.7805555555555556 0.04171704957678356 0.1425925925925926
0 0.33373639661426846 0.9601851851851851 0.044740024183796856 0.08148148148148149
0 0.4274486094316808 0.4356481481481482 0.03506650544135429 0.15092592592592594
0 0.3174123337363966 0.7722222222222223 0.0471584038694075 0.17037037037037037
0 0.9749093107617895 0.8444444444444444 0.04534461910519952 0.1648148148148148
0 0.9365175332527207 0.8398148148148148 0.03869407496977025 0.1259259259259259
0 0.3636638452237001 0.3402777777777778 0.03688029020556227 0.14537037037037037
0 0.34552599758162034 0.4703703703703704 0.039298669891172915 0.13148148148148148
0 0.34673518742442566 0.6685185185185185 0.039298669891172915 0.1685185185185185
0 0.5187424425634825 0.6259259259259259 0.032648125755743655 0.1425925925925926
0 0.3681983071342201 0.700925925925926 0.03869407496977025 0.16111111111111112
0 0.376360338573156 0.7319444444444444 0.042926239419588876 0.16203703703703703
0 0.5900846432889963 0.612037037037037 0.044740024183796856 0.16296296296296298
0 0.6287787182587666 0.6291666666666667 0.044740024183796856 0.1638888888888889
0 0.6426844014510278 0.6092592592592593 0.030229746070133012 0.1259259259259259
0 0.4398428053204353 0.7342592592592593 0.044135429262394194 0.14814814814814814
0 0.6831922611850061 0.712037037037037 0.05199516324062878 0.14629629629629629
0 0.5123941958887546 0.5087962962962963 0.044135429262394194 0.16203703703703703
0 0.46311970979443773 0.5356481481481481 0.04232164449818621 0.14537037037037037
0 0.4492140266021765 0.49722222222222223 0.044740024183796856 0.10740740740740741
0 0.5114873035066505 0.5666666666666667 0.037484885126964934 0.1537037037037037
0 0.5426239419588875 0.6027777777777777 0.044135429262394194 0.15185185185185185
0 0.42321644498186217 0.020833333333333332 0.02176541717049577 0.03981481481481482
0 0.4135429262394196 0.020370370370370372 0.03143893591293833 0.03888888888888889
0 0.18319226118500603 0.9833333333333333 0.036275695284159616 0.03518518518518519
0 0.68863361547763 0.8398148148148148 0.05441354292623942 0.1574074074074074
0 0.6136638452237001 0.8935185185185185 0.045949214026602174 0.17037037037037037
0 0.6490326481257558 0.9032407407407408 0.046553808948004836 0.15092592592592594
0 0.9764207980652962 0.6615740740740741 0.044740024183796856 0.15648148148148147
0 0.7285368802902056 0.9208333333333333 0.04353083434099154 0.14722222222222223
0 0.967049576783555 0.17592592592592593 0.03204353083434099 0.09814814814814815
0 0.9770253929866989 0.9333333333333333 0.044740024183796856 0.13148148148148148
0 0.5051390568319226 0.9351851851851852 0.04534461910519952 0.13148148148148148
0 0.44347037484885127 0.9449074074074074 0.046553808948004836 0.11018518518518519
0 0.7155380894800484 0.6717592592592593 0.04897218863361548 0.15648148148148147
0 0.7342805320435308 0.7180555555555556 0.0380894800483676 0.15092592592592594
0 0.4313784764207981 0.5856481481481481 0.04171704957678356 0.15092592592592594
0 0.46644498186215233 0.5824074074074074 0.034461910519951636 0.14814814814814814
0 0.022067714631197097 0.6810185185185185 0.042926239419588876 0.1787037037037037
0 0.15356711003627568 0.8657407407407407 0.0471584038694075 0.17407407407407408
0 0.5386940749697703 0.6884259259259259 0.044740024183796856 0.16574074074074074
0 0.5719467956469165 0.6939814814814815 0.0471584038694075 0.16018518518518518
0 0.11577992744860943 0.5305555555555556 0.03688029020556227 0.14629629629629629
0 0.22460701330108826 0.2074074074074074 0.035671100362756954 0.11851851851851852
0 0.26058041112454655 0.2064814814814815 0.044740024183796856 0.13518518518518519
0 0.9407496977025392 0.1712962962962963 0.03990326481257558 0.12962962962962962
0 0.9709794437726723 0.15 0.037484885126964934 0.12407407407407407
0 0.7974607013301088 0.9782407407407407 0.03506650544135429 0.04537037037037037
0 0.7575574365175333 0.5092592592592593 0.04353083434099154 0.16296296296296298
0 0.7243047158403869 0.4976851851851852 0.032648125755743655 0.14351851851851852
0 0.7478839177750907 0.836574074074074 0.056831922611850064 0.17314814814814813
0 0.24727932285368803 0.624537037037037 0.03385731559854897 0.15092592592592594
0 0.27660217654171704 0.5935185185185186 0.051390568319226115 0.1648148148148148
0 0.3019951632406288 0.6319444444444444 0.03688029020556227 0.16574074074074074
0 0.26844014510278114 0.42083333333333334 0.03990326481257558 0.13055555555555556
0 0.1523579201934704 0.4134259259259259 0.03506650544135429 0.14907407407407408
0 0.1989117291414752 0.40370370370370373 0.04232164449818621 0.13148148148148148
0 0.2681378476420798 0.3939814814814815 0.04171704957678356 0.14351851851851852
0 0.502720677146312 0.24444444444444444 0.035671100362756954 0.1259259259259259
0 0.5157194679564692 0.2310185185185185 0.03385731559854897 0.13240740740740742
0 0.13240628778718258 0.5851851851851851 0.03990326481257558 0.15
0 0.7602781136638452 0.9347222222222222 0.04897218863361548 0.13240740740740742
0 0.9761185006045949 0.8814814814814815 0.04534461910519952 0.17037037037037037
0 0.1033857315598549 0.5638888888888889 0.044740024183796856 0.1685185185185185
0 0.8990326481257558 0.8671296296296296 0.060459492140266025 0.175
0 0.9250302297460702 0.6458333333333334 0.06771463119709795 0.17314814814814813
0 0.5607617896009673 0.2773148148148148 0.03688029020556227 0.14907407407407408
0 0.5241837968561064 0.2675925925925926 0.036275695284159616 0.1388888888888889
0 0.49818621523579204 0.27175925925925926 0.036275695284159616 0.1398148148148148
0 0.8845223700120919 0.5657407407407408 0.049576783555018135 0.1685185185185185
0 0.8313180169286578 0.5791666666666667 0.049576783555018135 0.15092592592592594
0 0.8029020556227328 0.45416666666666666 0.045949214026602174 0.1361111111111111
0 0.7666263603385731 0.4550925925925926 0.044740024183796856 0.15462962962962962
0 0.6904474002418379 0.5611111111111111 0.0471584038694075 0.1537037037037037
0 0.4737001209189843 0.14629629629629629 0.03204353083434099 0.12037037037037036
0 0.034159613059250304 0.36157407407407405 0.06711003627569528 0.14537037037037037
0 0.23941958887545345 0.2800925925925926 0.036275695284159616 0.14351851851851852
0 0.6998186215235792 0.275 0.034461910519951636 0.1425925925925926
0 0.7255139056831923 0.26296296296296295 0.03990326481257558 0.13703703703703704
0 0.24365175332527206 0.175 0.03143893591293833 0.13703703703703704
0 0.25272067714631197 0.11388888888888889 0.032648125755743655 0.1388888888888889
0 0.5785973397823458 0.3509259259259259 0.04232164449818621 0.14074074074074075
0 0.046553808948004836 0.513425925925926 0.04232164449818621 0.15462962962962962
0 0.02357920193470375 0.49166666666666664 0.044740024183796856 0.1537037037037037
0 0.6638452237001209 0.5680555555555555 0.032648125755743655 0.12314814814814815
0 0.6517533252720678 0.43796296296296294 0.037484885126964934 0.11851851851851852
0 0.6100362756952842 0.4449074074074074 0.04232164449818621 0.15092592592592594
0 0.28597339782345826 0.11851851851851852 0.02781136638452237 0.12037037037037036
0 0.5665054413542926 0.4462962962962963 0.04232164449818621 0.13518518518518519
0 0.5937122128174124 0.4162037037037037 0.037484885126964934 0.14351851851851852
0 0.14480048367593712 0.44351851851851853 0.04171704957678356 0.15185185185185185
0 0.16203143893591293 0.46805555555555556 0.03506650544135429 0.15092592592592594
0 0.13996372430471585 0.5013888888888889 0.03688029020556227 0.14907407407407408
0 0.530229746070133 0.4587962962962963 0.02781136638452237 0.11203703703703703
0 0.5994558645707376 0.33055555555555555 0.034461910519951636 0.12037037037037036
0 0.39721886336154777 0.8291666666666667 0.07255139056831923 0.1675925925925926
0 0.11698911729141476 0.9564814814814815 0.04171704957678356 0.08888888888888889
0 0.010278113663845224 0.9680555555555556 0.019347037484885126 0.06574074074074074
0 0.20042321644498187 0.8023148148148148 0.04171704957678356 0.15833333333333333
0 0.3688029020556227 0.9935185185185185 0.03385731559854897 0.014814814814814815
0 0.5749697702539298 0.7939814814814815 0.06892382103990327 0.17685185185185184
0 0.500906892382104 0.7916666666666666 0.062273276904474005 0.1574074074074074
0 0.7548367593712213 0.7481481481481481 0.0501813784764208 0.16296296296296298
0 0.08222490931076179 0.8111111111111111 0.044740024183796856 0.16296296296296298
0 0.7769044740024184 0.7074074074074074 0.04353083434099154 0.14814814814814814
0 0.14933494558645707 0.7791666666666667 0.044740024183796856 0.15648148148148147
0 0.842503022974607 0.3962962962962963 0.04171704957678356 0.14814814814814814
0 0.8074365175332527 0.32731481481481484 0.044135429262394194 0.1287037037037037
0 0.9129383313180169 0.22962962962962963 0.0471584038694075 0.13703703703703704
0 0.558645707376058 0.1712962962962963 0.03506650544135429 0.13703703703703704
0 0.594316807738815 0.17037037037037037 0.03506650544135429 0.13148148148148148
0 0.6091293833131801 0.13935185185185187 0.034461910519951636 0.1398148148148148
0 0.4570737605804111 0.07314814814814814 0.03506650544135429 0.1111111111111111
0 0.5033252720677146 0.06435185185185185 0.03325272067714631 0.11388888888888889
0 0.5377871825876662 0.04861111111111111 0.034461910519951636 0.09537037037037037
0 0.619105199516324 0.0375 0.03506650544135429 0.07314814814814814
0 0.5819226118500604 0.030555555555555555 0.03325272067714631 0.05925925925925926
0 0.09915356711003627 0.29305555555555557 0.036275695284159616 0.1287037037037037
0 0.32769044740024184 0.13842592592592592 0.03869407496977025 0.12129629629629629
0 0.3047158403869408 0.1449074074074074 0.03990326481257558 0.11574074074074074
0 0.1336154776299879 0.14953703703703702 0.02902055622732769 0.13240740740740742
0 0.17079806529625152 0.14907407407407408 0.04534461910519952 0.13703703703703704
0 0.19044740024183796 0.1439814814814815 0.03143893591293833 0.1398148148148148
0 0.2430471584038694 0.08101851851851852 0.037484885126964934 0.11574074074074074
0 0.06529625151148731 0.287962962962963 0.03506650544135429 0.14074074074074075
0 0.18198307134220074 0.24768518518518517 0.03385731559854897 0.12685185185185185
0 0.017835550181378477 0.31157407407407406 0.034461910519951636 0.14907407407407408
0 0.04685610640870617 0.2810185185185185 0.03325272067714631 0.13240740740740742
0 0.013603385731559855 0.23981481481481481 0.02599758162031439 0.14074074074074075
0 0.09280532043530834 0.06435185185185185 0.03688029020556227 0.12129629629629629
0 0.20858524788391777 0.0699074074074074 0.03385731559854897 0.12685185185185185
0 0.005743651753325272 0.17037037037037037 0.010278113663845224 0.15925925925925927
0 0.015417170495767836 0.16898148148148148 0.02962515114873035 0.13796296296296295
0 0.013905683192261185 0.11851851851851852 0.026602176541717048 0.13148148148148148
0 0.01995163240628779 0.08981481481481482 0.03385731559854897 0.12222222222222222
0 0.14510278113663846 0.0763888888888889 0.03506650544135429 0.13796296296296295
0 0.18440145102781136 0.05694444444444444 0.03385731559854897 0.11203703703703703
0 0.9755139056831923 0.22546296296296298 0.03204353083434099 0.13796296296296295
0 0.8724304715840387 0.2351851851851852 0.041112454655380895 0.13518518518518519
0 0.8751511487303507 0.15787037037037038 0.034461910519951636 0.11574074074074074
0 0.9099153567110037 0.1597222222222222 0.02902055622732769 0.12685185185185185
0 0.8748488512696493 0.11388888888888889 0.03506650544135429 0.13518518518518519
0 0.9062877871825876 0.062037037037037036 0.036275695284159616 0.12222222222222222
0 0.9389359129383313 0.12685185185185185 0.032648125755743655 0.12407407407407407
0 0.010580411124546553 0.4486111111111111 0.01995163240628779 0.14722222222222223
0 0.02720677146311971 0.43703703703703706 0.037484885126964934 0.14629629629629629
0 0.015114873035066506 0.4152777777777778 0.02902055622732769 0.1398148148148148
0 0.9576783555018138 0.2222222222222222 0.03506650544135429 0.12037037037037036
0 0.937726723095526 0.09675925925925925 0.03143893591293833 0.12129629629629629
0 0.056831922611850064 0.04953703703703704 0.02902055622732769 0.09722222222222222
0 0.1786577992744861 0.10462962962962963 0.039298669891172915 0.13703703703703704
0 0.08464328899637243 0.05740740740740741 0.030229746070133012 0.11296296296296296
0 0.13029020556227328 0.03287037037037037 0.03204353083434099 0.06388888888888888
0 0.8990326481257558 0.10555555555555556 0.03506650544135429 0.12962962962962962
0 0.9319830713422007 0.11064814814814815 0.03204353083434099 0.12314814814814815
0 0.9053808948004837 0.14305555555555555 0.02962515114873035 0.12685185185185185
0 0.9165659008464329 0.2013888888888889 0.03990326481257558 0.13796296296296295
0 0.0063482466747279325 0.09074074074074075 0.011487303506650543 0.13518518518518519
0 0.5634824667472793 0.4486111111111111 0.03869407496977025 0.13796296296296295
0 0.06711003627569528 0.34444444444444444 0.03990326481257558 0.15925925925925927
0 0.16293833131801694 0.23703703703703705 0.03204353083434099 0.14074074074074075
