0 0.72265625 0.5814814814814815 0.0609375 0.20925925925925926
0 0.2786458333333333 0.48148148148148145 0.041666666666666664 0.1814814814814815
0 0.7385416666666667 0.4476851851851852 0.04583333333333333 0.1787037037037037
0 0.5776041666666667 0.4527777777777778 0.04375 0.1962962962962963
0 0.5341145833333333 0.45601851851851855 0.04010416666666667 0.18425925925925926
0 0.28828125 0.44305555555555554 0.0359375 0.175
0 0.6205729166666667 0.5726851851851852 0.05260416666666667 0.22314814814814815
0 0.57734375 0.38101851851851853 0.0296875 0.1287037037037037
0 0.5244791666666667 0.33240740740740743 0.030208333333333334 0.13148148148148148
0 0.5440104166666667 0.33935185185185185 0.027604166666666666 0.11944444444444445
0 0.4817708333333333 0.3384259259259259 0.030208333333333334 0.13425925925925927
0 0.8072916666666666 0.3597222222222222 0.030208333333333334 0.15462962962962962
0 0.46171875 0.37592592592592594 0.0296875 0.14629629629629629
0 0.078125 0.7092592592592593 0.065625 0.26481481481481484
0 0.41692708333333334 0.3037037037037037 0.03177083333333333 0.12407407407407407
0 0.37786458333333334 0.2967592592592593 0.0296875 0.13240740740740742
0 0.38671875 0.287962962962963 0.027604166666666666 0.12407407407407407
0 0.7317708333333334 0.8328703703703704 0.0625 0.33611111111111114
0 0.6447916666666667 0.8319444444444445 0.06458333333333334 0.3287037037037037
0 0.5927083333333333 0.9314814814814815 0.08125 0.1388888888888889
0 0.5255208333333333 0.9106481481481481 0.07708333333333334 0.17685185185185184
0 0.09817708333333333 0.562037037037037 0.044270833333333336 0.1962962962962963
0 0.3502604166666667 0.37453703703703706 0.03177083333333333 0.14537037037037037
0 0.7778645833333333 0.38981481481481484 0.033854166666666664 0.1685185185185185
0 0.09791666666666667 0.9092592592592592 0.078125 0.18333333333333332
0 0.15807291666666667 0.9212962962962963 0.0796875 0.15925925925925927
0 0.34869791666666666 0.5189814814814815 0.0546875 0.2101851851851852
0 0.030729166666666665 0.9333333333333333 0.06041666666666667 0.13518518518518519
0 0.50234375 0.4083333333333333 0.0359375 0.1685185185185185
0 0.69140625 0.3990740740740741 0.033854166666666664 0.17592592592592593
0 0.2520833333333333 0.6101851851851852 0.051041666666666666 0.26666666666666666
0 0.44557291666666665 0.5027777777777778 0.050520833333333334 0.18888888888888888
0 0.38828125 0.6430555555555556 0.050520833333333334 0.2324074074074074
0 0.84453125 0.4949074074074074 0.050520833333333334 0.19537037037037036
0 0.74921875 0.5074074074074074 0.05572916666666667 0.20185185185185187
0 0.8036458333333333 0.4759259259259259 0.058333333333333334 0.2
0 0.4752604166666667 0.45046296296296295 0.04010416666666667 0.1824074074074074
