0 0.7755208333333333 0.663425925925926 0.07083333333333333 0.23055555555555557
0 0.29270833333333335 0.5648148148148148 0.04791666666666667 0.20185185185185187
0 0.80390625 0.5194444444444445 0.04635416666666667 0.2037037037037037
0 0.6130208333333333 0.4986111111111111 0.04895833333333333 0.20833333333333334
0 0.5416666666666666 0.5092592592592593 0.04479166666666667 0.20185185185185187
0 0.2604166666666667 0.5064814814814815 0.040625 0.19444444444444445
0 0.69296875 0.5990740740740741 0.0515625 0.23703703703703705
0 0.5520833333333334 0.36666666666666664 0.030208333333333334 0.14074074074074075
0 0.565625 0.3763888888888889 0.027083333333333334 0.13796296296296295
0 0.5018229166666667 0.3675925925925926 0.0296875 0.14074074074074075
0 0.80234375 0.3597222222222222 0.0296875 0.15462962962962962
0 0.4822916666666667 0.4060185185185185 0.03333333333333333 0.15648148148148147
0 0.1484375 0.611574074074074 0.053125 0.2324074074074074
0 0.4044270833333333 0.3333333333333333 0.03177083333333333 0.12962962962962962
0 0.371875 0.32222222222222224 0.034375 0.14074074074074075
0 0.309375 0.35324074074074074 0.036458333333333336 0.14537037037037037
0 0.41354166666666664 0.30925925925925923 0.03125 0.12962962962962962
0 0.41067708333333336 0.27361111111111114 0.027604166666666666 0.11018518518518519
0 0.3875 0.2740740740740741 0.030208333333333334 0.11481481481481481
0 0.35911458333333335 0.26851851851851855 0.024479166666666666 0.1037037037037037
0 0.34869791666666666 0.274537037037037 0.027604166666666666 0.13425925925925927
0 0.6463541666666667 0.7041666666666667 0.052083333333333336 0.29907407407407405
0 0.5578125 0.7050925925925926 0.06145833333333333 0.2824074074074074
0 0.5877604166666667 0.8453703703703703 0.08072916666666667 0.29074074074074074
0 0.5216145833333333 0.8310185185185185 0.0734375 0.31203703703703706
0 0.096875 0.5638888888888889 0.04479166666666667 0.1962962962962963
0 0.353125 0.40879629629629627 0.03229166666666667 0.16018518518518518
0 0.7736979166666667 0.39444444444444443 0.033854166666666664 0.17962962962962964
0 0.5541666666666667 0.5342592592592592 0.057291666666666664 0.21481481481481482
0 0.740625 0.4388888888888889 0.03229166666666667 0.19814814814814816
0 0.5520833333333334 0.44583333333333336 0.036458333333333336 0.1824074074074074
0 0.765625 0.4388888888888889 0.0375 0.19074074074074074
0 0.21015625 0.7171296296296297 0.06197916666666667 0.30462962962962964
0 0.31953125 0.4726851851851852 0.043229166666666666 0.17685185185185184
0 0.35520833333333335 0.7819444444444444 0.06041666666666667 0.27314814814814814
