0 0.003325272067714631 0.30277777777777776 0.005441354292623942 0.14074074074074075
0 0.040810157194679564 0.29212962962962963 0.044135429262394194 0.14537037037037037
0 0.02448609431680774 0.14814814814814814 0.042926239419588876 0.14074074074074075
0 0.08192261185006046 0.28194444444444444 0.039298669891172915 0.1398148148148148
0 0.10429262394195889 0.15601851851851853 0.03688029020556227 0.1287037037037037
0 0.15175332527206772 0.15787037037037038 0.03385731559854897 0.13055555555555556
0 0.17412333736396615 0.14907407407407408 0.03869407496977025 0.13518518518518519
0 0.1033857315598549 0.11481481481481481 0.03869407496977025 0.13518518518518519
0 0.1544740024183797 0.10925925925925926 0.034461910519951636 0.13148148148148148
0 0.12515114873035066 0.06851851851851852 0.04232164449818621 0.1259259259259259
0 0.5241837968561064 0.4444444444444444 0.02902055622732769 0.12777777777777777
0 0.28597339782345826 0.14953703703703702 0.03990326481257558 0.12314814814814815
0 0.5066505441354293 0.05462962962962963 0.032648125755743655 0.10740740740740741
0 0.5259975816203144 0.04861111111111111 0.02781136638452237 0.09537037037037037
0 0.4827690447400242 0.3675925925925926 0.044135429262394194 0.13518518518518519
0 0.49667472793228534 0.4361111111111111 0.039298669891172915 0.15185185185185185
0 0.5139056831922612 0.274537037037037 0.03385731559854897 0.12685185185185185
0 0.4737001209189843 0.2763888888888889 0.03688029020556227 0.1361111111111111
0 0.6568923821039904 0.34444444444444444 0.03688029020556227 0.14074074074074075
0 0.6889359129383313 0.3439814814814815 0.0380894800483676 0.13240740740740742
0 0.5489721886336155 0.08842592592592592 0.036275695284159616 0.12129629629629629
0 0.5779927448609432 0.1337962962962963 0.02902055622732769 0.12129629629629629
0 0.6614268440145102 0.24074074074074073 0.03506650544135429 0.12222222222222222
0 0.6221281741233373 0.23564814814814813 0.03869407496977025 0.13796296296296295
0 0.5864570737605804 0.23333333333333334 0.02781136638452237 0.11296296296296296
0 0.9721886336154776 0.043055555555555555 0.030229746070133012 0.08425925925925926
0 0.9434703748488513 0.04537037037037037 0.03204353083434099 0.08888888888888889
0 0.9214026602176542 0.04537037037037037 0.03385731559854897 0.08888888888888889
0 0.8760580411124547 0.04027777777777778 0.032648125755743655 0.0787037037037037
0 0.5767835550181378 0.10324074074074074 0.02781136638452237 0.10648148148148148
0 0.9597944377267231 0.3074074074074074 0.03204353083434099 0.14074074074074075
0 0.975211608222491 0.2935185185185185 0.032648125755743655 0.12037037037037036
0 0.9721886336154776 0.21157407407407408 0.03990326481257558 0.14907407407407408
0 0.9362152357920194 0.26990740740740743 0.03204353083434099 0.13425925925925927
0 0.941354292623942 0.175 0.030229746070133012 0.1425925925925926
0 0.9141475211608222 0.25601851851851853 0.037484885126964934 0.14351851851851852
0 0.9062877871825876 0.175 0.032648125755743655 0.13518518518518519
0 0.5565296251511487 0.04953703703703704 0.034461910519951636 0.09722222222222222
0 0.5949214026602176 0.03657407407407407 0.02902055622732769 0.0712962962962963
0 0.7732769044740024 0.387037037037037 0.032648125755743655 0.12962962962962962
0 0.8143893591293833 0.3962962962962963 0.03869407496977025 0.1259259259259259
0 0.8367593712212817 0.4060185185185185 0.030229746070133012 0.13240740740740742
0 0.6076178960096735 0.125 0.02902055622732769 0.12037037037037036
0 0.6082224909310762 0.11527777777777778 0.03143893591293833 0.12685185185185185
0 0.6203143893591294 0.14027777777777778 0.037484885126964934 0.11944444444444445
0 0.8881499395405078 0.13472222222222222 0.032648125755743655 0.12129629629629629
0 0.8787787182587666 0.23564814814814813 0.04534461910519952 0.14351851851851852
0 0.8824062877871826 0.21203703703703702 0.039298669891172915 0.14074074074074075
0 0.8530834340991535 0.16018518518518518 0.03990326481257558 0.14629629629629629
0 0.6324062877871826 0.10416666666666667 0.026602176541717048 0.11203703703703703
0 0.8521765417170496 0.2361111111111111 0.02962515114873035 0.11481481481481481
0 0.7974607013301088 0.1986111111111111 0.037484885126964934 0.12685185185185185
0 0.6735187424425635 0.1361111111111111 0.03869407496977025 0.1259259259259259
0 0.6360338573155986 0.0375 0.04232164449818621 0.07314814814814814
0 0.648428053204353 0.06111111111111111 0.039298669891172915 0.12037037037037036
0 0.6813784764207981 0.05462962962962963 0.03506650544135429 0.10740740740740741
0 0.8013905683192262 0.27870370370370373 0.03688029020556227 0.13518518518518519
0 0.7823458282950423 0.25925925925925924 0.02781136638452237 0.12962962962962962
0 0.7515114873035067 0.25972222222222224 0.03506650544135429 0.14537037037037037
0 0.7560459492140266 0.14583333333333334 0.02962515114873035 0.13240740740740742
0 0.7055622732769045 0.06481481481481481 0.030229746070133012 0.12037037037037036
0 0.7926239419588875 0.3773148148148148 0.03869407496977025 0.14907407407407408
0 0.6423821039903265 0.14074074074074075 0.03204353083434099 0.12407407407407407
0 0.9211003627569528 0.2152777777777778 0.039298669891172915 0.14907407407407408
0 0.9449818621523579 0.23935185185185184 0.036275695284159616 0.12129629629629629
0 0.9105199516324063 0.13055555555555556 0.037484885126964934 0.12037037037037036
0 0.717956469165659 0.14629629629629629 0.039298669891172915 0.12037037037037036
0 0.7351874244256348 0.12407407407407407 0.032648125755743655 0.13148148148148148
0 0.6599153567110037 0.1050925925925926 0.03688029020556227 0.13425925925925927
0 0.8089480048367593 0.25277777777777777 0.03385731559854897 0.13148148148148148
0 0.5864570737605804 0.08518518518518518 0.030229746070133012 0.11481481481481481
0 0.9915356711003628 0.2388888888888889 0.016928657799274487 0.10740740740740741
0 0.48639661426844016 0.30925925925925923 0.04534461910519952 0.1425925925925926
0 0.5133010882708585 0.30925925925925923 0.03143893591293833 0.13148148148148148
0 0.4229141475211608 0.03194444444444444 0.024788391777509067 0.062037037037037036
0 0.8249697702539298 0.19074074074074074 0.03688029020556227 0.12962962962962962
0 0.5740628778718259 0.1287037037037037 0.02962515114873035 0.1
0 0.7376058041112454 0.03148148148148148 0.02539298669891173 0.06111111111111111
0 0.8594316807738815 0.03981481481481482 0.02720677146311971 0.07777777777777778
0 0.8742442563482467 0.027314814814814816 0.045949214026602174 0.05277777777777778
0 0.37726723095526 0.5851851851851851 0.037484885126964934 0.14814814814814814
0 0.06831922611850061 0.47962962962962963 0.036275695284159616 0.14629629629629629
0 0.06166868198307134 0.5259259259259259 0.03990326481257558 0.14814814814814814
0 0.02690447400241838 0.5050925925925925 0.039298669891172915 0.1527777777777778
0 0.09401451027811367 0.5097222222222222 0.04171704957678356 0.15462962962962962
0 0.8418984280532044 0.39351851851851855 0.039298669891172915 0.12962962962962962
0 0.8567110036275696 0.37546296296296294 0.032648125755743655 0.12685185185185185
0 0.2633010882708585 0.6912037037037037 0.044135429262394194 0.16574074074074074
0 0.23337363966142685 0.674537037037037 0.037484885126964934 0.16574074074074074
0 0.36305925030229746 0.6773148148148148 0.0501813784764208 0.14537037037037037
0 0.22914147521160821 0.6 0.03506650544135429 0.13518518518518519
0 0.23428053204353083 0.5893518518518519 0.03204353083434099 0.15462962962962962
0 0.18923821039903266 0.5791666666666667 0.04353083434099154 0.14537037037037037
0 0.19860943168077388 0.5421296296296296 0.044135429262394194 0.15462962962962962
0 0.15386940749697703 0.5694444444444444 0.044135429262394194 0.14629629629629629
0 0.373639661426844 0.25787037037037036 0.032648125755743655 0.12685185185185185
0 0.39691656590084645 0.26157407407407407 0.04171704957678356 0.12685185185185185
0 0.562273276904474 0.5805555555555556 0.0471584038694075 0.13703703703703704
0 0.6227327690447401 0.5972222222222222 0.049576783555018135 0.16296296296296298
0 0.250906892382104 0.4115740740740741 0.03990326481257558 0.13055555555555556
0 0.24909310761789602 0.45046296296296295 0.037484885126964934 0.14907407407407408
0 0.26451027811366384 0.95 0.04171704957678356 0.10185185185185185
0 0.1033857315598549 0.5810185185185185 0.049576783555018135 0.17314814814814813
0 0.30652962515114873 0.8009259259259259 0.0471584038694075 0.16296296296296298
0 0.09975816203143893 0.6300925925925925 0.04232164449818621 0.16574074074074074
0 0.33313180169286577 0.5009259259259259 0.03506650544135429 0.14629629629629629
0 0.07164449818621524 0.6439814814814815 0.044135429262394194 0.16018518518518518
0 0.6481257557436517 0.8305555555555556 0.036275695284159616 0.14074074074074075
0 0.3555018137847642 0.7222222222222222 0.036275695284159616 0.1537037037037037
0 0.3600362756952842 0.7578703703703704 0.044135429262394194 0.1712962962962963
0 0.5985489721886336 0.6583333333333333 0.04232164449818621 0.16296296296296298
0 0.6212212817412334 0.6944444444444444 0.04171704957678356 0.16296296296296298
0 0.6469165659008465 0.6689814814814815 0.03506650544135429 0.13240740740740742
0 0.4316807738814994 0.762962962962963 0.049576783555018135 0.14629629629629629
0 0.6844014510278114 0.6981481481481482 0.0471584038694075 0.14074074074074075
0 0.11819830713422007 0.8236111111111111 0.044135429262394194 0.16574074074074074
0 0.45435308343409914 0.562962962962963 0.03204353083434099 0.13518518518518519
0 0.43500604594921405 0.5319444444444444 0.03204353083434099 0.13796296296296295
0 0.5834340991535671 0.8203703703703704 0.0471584038694075 0.1537037037037037
0 0.7031438935912938 0.8125 0.060459492140266025 0.16203703703703703
0 0.7034461910519951 0.8726851851851852 0.035671100362756954 0.1398148148148148
0 0.4307738814993954 0.03564814814814815 0.034461910519951636 0.06944444444444445
0 0.8464328899637243 0.9587962962962963 0.036275695284159616 0.08425925925925926
0 0.4241233373639661 0.6185185185185185 0.046553808948004836 0.14814814814814814
0 0.4458887545344619 0.5861111111111111 0.034461910519951636 0.15185185185185185
0 0.1215235792019347 0.9069444444444444 0.04836759371221282 0.15462962962962962
0 0.6197097944377267 0.9171296296296296 0.045949214026602174 0.16203703703703703
0 0.6505441354292624 0.9185185185185185 0.04836759371221282 0.1537037037037037
0 0.07859733978234583 0.9166666666666666 0.044740024183796856 0.15185185185185185
0 0.010882708585247884 0.5115740740740741 0.020556227327690448 0.15648148148148147
0 0.9870012091898428 0.35648148148148145 0.02599758162031439 0.12037037037037036
0 0.9797460701330108 0.4074074074074074 0.039298669891172915 0.1425925925925926
0 0.9591898428053204 0.37222222222222223 0.039298669891172915 0.14629629629629629
0 0.6051995163240629 0.9337962962962963 0.0471584038694075 0.13240740740740742
0 0.5640870616686819 0.9337962962962963 0.03869407496977025 0.13425925925925927
0 0.2439540507859734 0.6527777777777778 0.03688029020556227 0.14629629629629629
0 0.2953446191051995 0.6203703703703703 0.042926239419588876 0.15185185185185185
0 0.2968561064087062 0.6694444444444444 0.03506650544135429 0.17222222222222222
0 0.33313180169286577 0.4013888888888889 0.03385731559854897 0.1287037037037037
0 0.32013301088270857 0.43703703703703706 0.042926239419588876 0.14814814814814814
0 0.34885126964933494 0.4222222222222222 0.037484885126964934 0.12962962962962962
0 0.3053204353083434 0.3925925925925926 0.037484885126964934 0.14629629629629629
0 0.9522370012091899 0.44351851851851853 0.037484885126964934 0.13703703703703704
0 0.9833736396614269 0.44212962962962965 0.03204353083434099 0.13425925925925927
0 0.5634824667472793 0.5166666666666667 0.041112454655380895 0.1537037037037037
0 0.4117291414752116 0.4828703703703704 0.037484885126964934 0.14351851851851852
0 0.5054413542926239 0.49074074074074076 0.037484885126964934 0.1537037037037037
0 0.5701330108827086 0.5407407407407407 0.03990326481257558 0.14074074074074075
0 0.13845223700120918 0.7689814814814815 0.04353083434099154 0.1712962962962963
0 0.07043530834340991 0.3837962962962963 0.03204353083434099 0.13240740740740742
0 0.05411124546553809 0.36574074074074076 0.03688029020556227 0.1425925925925926
0 0.0048367593712212815 0.350462962962963 0.008464328899637243 0.16018518518518518
0 0.7001209189842805 0.5847222222222223 0.049576783555018135 0.15462962962962962
0 0.7533252720677146 0.9837962962962963 0.032648125755743655 0.03425925925925926
0 0.7055622732769045 0.9662037037037037 0.044740024183796856 0.06944444444444445
0 0.026602176541717048 0.36018518518518516 0.036275695284159616 0.13333333333333333
0 0.691354292623942 0.9162037037037037 0.04897218863361548 0.15092592592592594
0 0.7345828295042321 0.9078703703703703 0.045949214026602174 0.16203703703703703
0 0.08222490931076179 0.7893518518518519 0.044740024183796856 0.16018518518518518
0 0.10006045949214026 0.8449074074074074 0.03688029020556227 0.16203703703703703
0 0.056831922611850064 0.8486111111111111 0.04232164449818621 0.15092592592592594
0 0.7246070133010882 0.5875 0.039298669891172915 0.15462962962962962
0 0.8025997581620314 0.9212962962962963 0.051390568319226115 0.1574074074074074
0 0.8908706166868199 0.8046296296296296 0.04171704957678356 0.17962962962962964
0 0.8476420798065296 0.9125 0.045949214026602174 0.1675925925925926
0 0.8651753325272068 0.8527777777777777 0.045949214026602174 0.18333333333333332
0 0.8914752116082225 0.736574074074074 0.039298669891172915 0.16574074074074074
0 0.9918379685610641 0.2986111111111111 0.015114873035066506 0.14907407407407408
0 0.8428053204353083 0.20601851851851852 0.03143893591293833 0.1287037037037037
0 0.8403869407496977 0.4962962962962963 0.05199516324062878 0.14814814814814814
0 0.723397823458283 0.6310185185185185 0.04171704957678356 0.16018518518518518
0 0.7636033857315598 0.625462962962963 0.044740024183796856 0.15648148148148147
0 0.4316807738814994 0.3925925925925926 0.02902055622732769 0.12777777777777777
0 0.4588875453446191 0.3972222222222222 0.03506650544135429 0.13148148148148148
0 0.8784764207980653 0.5810185185185185 0.04232164449818621 0.15648148148148147
0 0.6753325272067715 0.38472222222222224 0.03990326481257558 0.14351851851851852
0 0.6330108827085853 0.36944444444444446 0.05441354292623942 0.15185185185185185
0 0.1396614268440145 0.4703703703703704 0.05078597339782346 0.14629629629629629
0 0.1284764207980653 0.5041666666666667 0.0501813784764208 0.13796296296296295
0 0.014510278113663845 0.4546296296296296 0.02781136638452237 0.14814814814814814
0 0.010882708585247884 0.6578703703703703 0.020556227327690448 0.16574074074074074
0 0.024788391777509067 0.675 0.04353083434099154 0.1648148148148148
0 0.016626360338573155 0.4097222222222222 0.03204353083434099 0.14351851851851852
0 0.7892986698911729 0.49074074074074076 0.044135429262394194 0.14629629629629629
0 0.8881499395405078 0.5273148148148148 0.041112454655380895 0.1287037037037037
0 0.9232164449818622 0.5277777777777778 0.03506650544135429 0.1574074074074074
0 0.8527811366384522 0.4527777777777778 0.04171704957678356 0.14074074074074075
0 0.7379081015719468 0.24212962962962964 0.02962515114873035 0.125
0 0.9428657799274486 0.5013888888888889 0.044135429262394194 0.15648148148148147
0 0.1738210399032648 0.35648148148148145 0.039298669891172915 0.12962962962962962
0 0.23155985489721886 0.3509259259259259 0.044740024183796856 0.14074074074074075
0 0.20314389359129384 0.3333333333333333 0.030229746070133012 0.13703703703703704
0 0.9425634824667473 0.32083333333333336 0.03506650544135429 0.13240740740740742
0 0.21825876662636035 0.3837962962962963 0.036275695284159616 0.1175925925925926
0 0.5081620314389359 0.35324074074074074 0.034461910519951636 0.14537037037037037
0 0.8839177750906893 0.44074074074074077 0.04232164449818621 0.14074074074074075
0 0.9337968561064087 0.3435185185185185 0.03688029020556227 0.13703703703703704
0 0.9791414752116082 0.4976851851851852 0.03204353083434099 0.13240740740740742
0 0.873639661426844 0.48935185185185187 0.04353083434099154 0.1398148148148148
0 0.6656590084643289 0.975 0.037484885126964934 0.05185185185185185
0 0.32043530834340994 0.9564814814814815 0.0471584038694075 0.08888888888888889
0 0.8558041112454655 0.5990740740740741 0.039298669891172915 0.14629629629629629
0 0.2796251511487304 0.9837962962962963 0.02962515114873035 0.03425925925925926
0 0.1275695284159613 0.937962962962963 0.045949214026602174 0.1259259259259259
0 0.19800483675937122 0.8782407407407408 0.05743651753325272 0.1824074074074074
0 0.23760580411124546 0.837037037037037 0.053204353083434096 0.14629629629629629
