0 0.7973958333333333 0.8648148148148148 0.06875 0.26851851851851855
0 0.23333333333333334 0.4666666666666667 0.042708333333333334 0.17037037037037037
0 0.19661458333333334 0.500462962962963 0.04635416666666667 0.1398148148148148
0 0.18645833333333334 0.45555555555555555 0.051041666666666666 0.19444444444444445
0 0.24583333333333332 0.45740740740740743 0.041666666666666664 0.16296296296296298
0 0.33307291666666666 0.7689814814814815 0.06510416666666667 0.28055555555555556
0 0.27265625 0.8046296296296296 0.07447916666666667 0.29074074074074074
0 0.19479166666666667 0.7615740740740741 0.06041666666666667 0.29907407407407405
0 0.2869791666666667 0.5296296296296297 0.046875 0.21481481481481482
0 0.38958333333333334 0.5356481481481481 0.036458333333333336 0.17314814814814813
0 0.35911458333333335 0.5185185185185185 0.05260416666666667 0.2037037037037037
0 0.3182291666666667 0.5064814814814815 0.04479166666666667 0.2037037037037037
0 0.5716145833333334 0.5027777777777778 0.044270833333333336 0.18703703703703703
0 0.5231770833333333 0.5041666666666667 0.0421875 0.20092592592592592
0 0.3846354166666667 0.44166666666666665 0.03177083333333333 0.16111111111111112
0 0.5447916666666667 0.45185185185185184 0.03125 0.17407407407407408
0 0.3455729166666667 0.4300925925925926 0.04010416666666667 0.1787037037037037
0 0.48802083333333335 0.4412037037037037 0.03854166666666667 0.17314814814814813
0 0.45416666666666666 0.44305555555555554 0.03333333333333333 0.18055555555555555
0 0.44947916666666665 0.35138888888888886 0.03229166666666667 0.12314814814814815
0 0.28619791666666666 0.4300925925925926 0.027604166666666666 0.13796296296296295
0 0.2830729166666667 0.48703703703703705 0.044270833333333336 0.2074074074074074
0 0.43020833333333336 0.4222222222222222 0.03229166666666667 0.16111111111111112
0 0.40625 0.39444444444444443 0.034375 0.17222222222222222
0 0.40130208333333334 0.41944444444444445 0.03802083333333333 0.15925925925925927
0 0.36640625 0.29212962962962963 0.0296875 0.1398148148148148
0 0.34375 0.300462962962963 0.030208333333333334 0.12685185185185185
0 0.7838541666666666 0.3625 0.030208333333333334 0.17314814814814813
0 0.46510416666666665 0.39166666666666666 0.036458333333333336 0.17037037037037037
0 0.525 0.40046296296296297 0.041666666666666664 0.18425925925925926
0 0.5005208333333333 0.40879629629629627 0.034375 0.17685185185185184
0 0.32369791666666664 0.41759259259259257 0.0359375 0.16296296296296298
0 0.46979166666666666 0.35185185185185186 0.027083333333333334 0.13518518518518519
0 0.5002604166666667 0.3421296296296296 0.03177083333333333 0.14351851851851852
0 0.5260416666666666 0.4273148148148148 0.034375 0.16574074074074074
0 0.48046875 0.31805555555555554 0.027604166666666666 0.12129629629629629
0 0.540625 0.4166666666666667 0.03229166666666667 0.17037037037037037
0 0.5078125 0.31157407407407406 0.029166666666666667 0.11574074074074074
0 0.38046875 0.31157407407407406 0.03177083333333333 0.14351851851851852
0 0.4161458333333333 0.31296296296296294 0.030208333333333334 0.13703703703703704
0 0.4244791666666667 0.2611111111111111 0.026041666666666668 0.12037037037037036
0 0.446875 0.29259259259259257 0.030208333333333334 0.13148148148148148
0 0.37890625 0.2708333333333333 0.025520833333333333 0.11574074074074074
0 0.08984375 0.549074074074074 0.04010416666666667 0.1925925925925926
0 0.43984375 0.2773148148148148 0.0296875 0.12685185185185185
0 0.13020833333333334 0.5009259259259259 0.03958333333333333 0.1962962962962963
0 0.40182291666666664 0.47685185185185186 0.03802083333333333 0.1925925925925926
0 0.41432291666666665 0.5064814814814815 0.0484375 0.19814814814814816
0 0.56796875 0.2796296296296296 0.027604166666666666 0.12407407407407407
0 0.47109375 0.27037037037037037 0.030729166666666665 0.13703703703703704
0 0.76875 0.38055555555555554 0.028125 0.1685185185185185
0 0.5346354166666667 0.2726851851851852 0.025520833333333333 0.11018518518518519
