0 0.8205729166666667 0.8787037037037037 0.06302083333333333 0.24444444444444444
0 0.18932291666666667 0.4425925925925926 0.04114583333333333 0.1574074074074074
0 0.20859375 0.47638888888888886 0.03697916666666667 0.13425925925925927
0 0.27395833333333336 0.8495370370370371 0.07291666666666667 0.30277777777777776
0 0.2125 0.8819444444444444 0.0875 0.2361111111111111
0 0.12916666666666668 0.8513888888888889 0.07708333333333334 0.2972222222222222
0 0.259375 0.5680555555555555 0.057291666666666664 0.23055555555555557
0 0.3815104166666667 0.5847222222222223 0.03802083333333333 0.18611111111111112
0 0.34401041666666665 0.5638888888888889 0.050520833333333334 0.2222222222222222
0 0.30390625 0.5476851851851852 0.044270833333333336 0.21388888888888888
0 0.5955729166666667 0.5462962962962963 0.0484375 0.2074074074074074
0 0.5502604166666667 0.5462962962962963 0.044270833333333336 0.20925925925925926
0 0.6875 0.48009259259259257 0.05416666666666667 0.18425925925925926
0 0.37994791666666666 0.46296296296296297 0.034895833333333334 0.17592592592592593
0 0.3458333333333333 0.45601851851851855 0.040625 0.1787037037037037
0 0.59921875 0.4648148148148148 0.03802083333333333 0.17962962962962964
0 0.5682291666666667 0.4675925925925926 0.03958333333333333 0.19074074074074074
0 0.2799479166666667 0.45740740740740743 0.033854166666666664 0.13703703703703704
0 0.2559895833333333 0.5259259259259259 0.04635416666666667 0.21851851851851853
0 0.47552083333333334 0.4532407407407407 0.03854166666666667 0.16944444444444445
0 0.40963541666666664 0.42453703703703705 0.03802083333333333 0.18981481481481483
0 0.4348958333333333 0.45185185185185184 0.041666666666666664 0.16666666666666666
0 0.39348958333333334 0.30972222222222223 0.03177083333333333 0.1398148148148148
0 0.36796875 0.325 0.030729166666666665 0.13148148148148148
0 0.3411458333333333 0.2953703703703704 0.03229166666666667 0.13518518518518519
0 0.7885416666666667 0.3638888888888889 0.029166666666666667 0.17222222222222222
0 0.4630208333333333 0.41805555555555557 0.036458333333333336 0.1787037037037037
0 0.5013020833333334 0.42407407407407405 0.033854166666666664 0.18888888888888888
0 0.5276041666666667 0.44675925925925924 0.036458333333333336 0.15462962962962962
0 0.4239583333333333 0.43703703703703706 0.03854166666666667 0.17407407407407408
0 0.3026041666666667 0.39861111111111114 0.03854166666666667 0.14907407407407408
0 0.44296875 0.3731481481481482 0.027604166666666666 0.13518518518518519
0 0.4825520833333333 0.36527777777777776 0.03177083333333333 0.14351851851851852
0 0.534375 0.43657407407407406 0.034375 0.16574074074074074
0 0.340625 0.37546296296296294 0.03229166666666667 0.15092592592592594
0 0.47942708333333334 0.3402777777777778 0.0296875 0.12685185185185185
0 0.5614583333333333 0.4305555555555556 0.036458333333333336 0.17407407407407408
0 0.5098958333333333 0.33935185185185185 0.03125 0.12314814814814815
0 0.39036458333333335 0.3296296296296296 0.0328125 0.14629629629629629
0 0.434375 0.3296296296296296 0.030208333333333334 0.13703703703703704
0 0.4557291666666667 0.27546296296296297 0.026041666666666668 0.12314814814814815
0 0.45208333333333334 0.31157407407407406 0.030208333333333334 0.13240740740740742
0 0.34479166666666666 0.33287037037037037 0.026041666666666668 0.12129629629629629
0 0.090625 0.5550925925925926 0.040625 0.1935185185185185
0 0.13697916666666668 0.5050925925925925 0.042708333333333334 0.19537037037037036
0 0.47760416666666666 0.2935185185185185 0.027083333333333334 0.12962962962962962
0 0.034895833333333334 0.8453703703703703 0.06770833333333333 0.3111111111111111
0 0.31953125 0.4824074074074074 0.0359375 0.1925925925925926
0 0.3419270833333333 0.4976851851851852 0.04010416666666667 0.18611111111111112
0 0.5705729166666667 0.2972222222222222 0.03177083333333333 0.12962962962962962
0 0.49270833333333336 0.2884259259259259 0.030208333333333334 0.13796296296296295
0 0.6091145833333333 0.3611111111111111 0.03177083333333333 0.13518518518518519
0 0.415625 0.3226851851851852 0.027083333333333334 0.12314814814814815
0 0.77109375 0.3824074074074074 0.027604166666666666 0.1685185185185185
0 0.5518229166666667 0.2898148148148148 0.0296875 0.11481481481481481
