0 0.5163240628778718 0.06388888888888888 0.03869407496977025 0.1259259259259259
0 0.18440145102781136 0.04398148148148148 0.044740024183796856 0.08611111111111111
0 0.5837363966142685 0.029166666666666667 0.02962515114873035 0.05648148148148148
0 0.5532043530834341 0.024537037037037038 0.03506650544135429 0.04722222222222222
0 0.3561064087061669 0.018055555555555554 0.037484885126964934 0.03425925925925926
0 0.37575574365175335 0.019444444444444445 0.03688029020556227 0.037037037037037035
0 0.7212817412333736 0.06527777777777778 0.037484885126964934 0.12314814814814815
0 0.6239419588875453 0.052314814814814814 0.037484885126964934 0.10277777777777777
0 0.6816807738814994 0.055092592592592596 0.03688029020556227 0.10833333333333334
0 0.941354292623942 0.05 0.03869407496977025 0.09814814814814815
0 0.975211608222491 0.06296296296296296 0.037484885126964934 0.11666666666666667
0 0.9694679564691656 0.48564814814814816 0.044135429262394194 0.15462962962962962
0 0.12877871825876663 0.9708333333333333 0.03990326481257558 0.06018518518518518
0 0.18107617896009673 0.9629629629629629 0.051390568319226115 0.07407407407407407
0 0.02690447400241838 0.5921296296296297 0.04534461910519952 0.15462962962962962
0 0.10066505441354293 0.5879629629629629 0.047762998790810154 0.14629629629629629
0 0.10217654171704958 0.5550925925925926 0.037484885126964934 0.13796296296296295
0 0.16928657799274485 0.5601851851851852 0.0471584038694075 0.1425925925925926
0 0.1937726723095526 0.5189814814814815 0.047762998790810154 0.1398148148148148
0 0.15417170495767835 0.5064814814814815 0.03869407496977025 0.13518518518518519
0 0.02085852478839178 0.2537037037037037 0.04050785973397823 0.14074074074074075
0 0.04866989117291415 0.23287037037037037 0.03688029020556227 0.10462962962962963
0 0.05743651753325272 0.1587962962962963 0.041112454655380895 0.13796296296296295
0 0.09552599758162031 0.16157407407407406 0.037484885126964934 0.13240740740740742
0 0.13694074969770254 0.07407407407407407 0.034461910519951636 0.13148148148148148
0 0.16112454655380895 0.0837962962962963 0.044135429262394194 0.1398148148148148
0 0.06983071342200725 0.3972222222222222 0.05380894800483676 0.14629629629629629
0 0.0562273276904474 0.38425925925925924 0.03990326481257558 0.14629629629629629
0 0.6674727932285369 0.4449074074074074 0.04836759371221282 0.17685185185185184
0 0.4313784764207981 0.2199074074074074 0.034461910519951636 0.13240740740740742
0 0.3944981862152358 0.23055555555555557 0.03688029020556227 0.14074074074074075
0 0.23155985489721886 0.25462962962962965 0.03990326481257558 0.13518518518518519
0 0.2067714631197098 0.23564814814814813 0.04232164449818621 0.13796296296296295
0 0.2950423216444982 0.22175925925925927 0.03506650544135429 0.1287037037037037
0 0.3162031438935913 0.22546296296296298 0.04232164449818621 0.14537037037037037
0 0.3675937122128174 0.12314814814814815 0.036275695284159616 0.1259259259259259
0 0.37908101571946795 0.28379629629629627 0.03143893591293833 0.11574074074074074
0 0.3908706166868198 0.17731481481481481 0.03688029020556227 0.13425925925925927
0 0.4362152357920194 0.27685185185185185 0.04897218863361548 0.1574074074074074
0 0.41414752116082226 0.14212962962962963 0.03990326481257558 0.12314814814814815
0 0.5205562273276905 0.20416666666666666 0.036275695284159616 0.14166666666666666
0 0.41747279322853686 0.1087962962962963 0.034461910519951636 0.1175925925925926
0 0.4347037484885127 0.11574074074074074 0.032648125755743655 0.12407407407407407
0 0.6692865779927448 0.37222222222222223 0.05441354292623942 0.13333333333333333
0 0.621825876662636 0.34675925925925927 0.051390568319226115 0.16203703703703703
0 0.6605199516324063 0.3055555555555556 0.044135429262394194 0.16296296296296298
0 0.6762394195888755 0.2625 0.044135429262394194 0.16203703703703703
0 0.7061668681983071 0.2935185185185185 0.044740024183796856 0.15925925925925927
0 0.5429262394195888 0.07592592592592592 0.037484885126964934 0.11851851851851852
0 0.6910519951632407 0.07083333333333333 0.032648125755743655 0.09722222222222222
0 0.6859129383313181 0.11851851851851852 0.03083434099153567 0.12037037037037036
0 0.8842200725513906 0.3939814814814815 0.042926239419588876 0.1361111111111111
0 0.9567714631197098 0.42268518518518516 0.04171704957678356 0.13796296296296295
0 0.9809552599758162 0.43472222222222223 0.03204353083434099 0.13425925925925927
0 0.9755139056831923 0.3962962962962963 0.024788391777509067 0.11296296296296296
0 0.898428053204353 0.3675925925925926 0.05562273276904474 0.14629629629629629
0 0.9495163240628779 0.36944444444444446 0.05380894800483676 0.16296296296296298
0 0.8666868198307134 0.34120370370370373 0.05380894800483676 0.13796296296296295
0 0.9842805320435308 0.1476851851851852 0.02781136638452237 0.08611111111111111
0 0.9700725513905684 0.1175925925925926 0.03688029020556227 0.12037037037037036
0 0.9486094316807738 0.3300925925925926 0.037484885126964934 0.13240740740740742
0 0.9141475211608222 0.3296296296296296 0.03990326481257558 0.13148148148148148
0 0.9694679564691656 0.27824074074074073 0.039298669891172915 0.13240740740740742
0 0.9730955259975816 0.31296296296296294 0.034461910519951636 0.12407407407407407
0 0.9770253929866989 0.26296296296296295 0.037484885126964934 0.12962962962962962
0 0.03688029020556227 0.13657407407407407 0.03869407496977025 0.1175925925925926
0 0.21251511487303507 0.1439814814814815 0.03688029020556227 0.13796296296296295
0 0.29957678355501816 0.28425925925925927 0.044135429262394194 0.14814814814814814
0 0.7648125755743652 0.13240740740740742 0.032648125755743655 0.12037037037037036
0 0.9516324062877872 0.22037037037037038 0.030229746070133012 0.1111111111111111
0 0.7923216444981862 0.25462962962962965 0.046553808948004836 0.1574074074074074
0 0.9195888754534461 0.23472222222222222 0.03385731559854897 0.1175925925925926
0 0.651148730350665 0.0587962962962963 0.030229746070133012 0.10648148148148148
0 0.8288996372430472 0.29259259259259257 0.044740024183796856 0.14629629629629629
0 0.7633010882708585 0.26064814814814813 0.03204353083434099 0.10462962962962963
0 0.9455864570737605 0.25277777777777777 0.03990326481257558 0.14629629629629629
0 0.7013301088270859 0.4634259259259259 0.0471584038694075 0.14907407407407408
0 0.7351874244256348 0.45601851851851855 0.03506650544135429 0.13796296296296295
0 0.8119709794437727 0.48657407407407405 0.041112454655380895 0.1398148148148148
0 0.8409915356711004 0.412962962962963 0.05441354292623942 0.18518518518518517
0 0.7980652962515115 0.5810185185185185 0.045949214026602174 0.16574074074074074
0 0.3083434099153567 0.7282407407407407 0.05199516324062878 0.1787037037037037
0 0.8473397823458283 0.538425925925926 0.04171704957678356 0.15092592592592594
0 0.7892986698911729 0.537962962962963 0.04897218863361548 0.14074074074074075
0 0.8252720677146312 0.5425925925925926 0.0471584038694075 0.17962962962962964
0 0.6085247883917775 0.725462962962963 0.051390568319226115 0.15462962962962962
0 0.8966142684401451 0.5032407407407408 0.04232164449818621 0.14907407407407408
0 0.9114268440145102 0.4550925925925926 0.0380894800483676 0.14722222222222223
0 0.5435308343409916 0.9486111111111111 0.060459492140266025 0.09907407407407408
0 0.7478839177750907 0.5527777777777778 0.044740024183796856 0.15
0 0.7418379685610641 0.34953703703703703 0.03990326481257558 0.12129629629629629
0 0.7799274486094316 0.3486111111111111 0.04232164449818621 0.13796296296296295
0 0.6058041112454655 0.836574074074074 0.044740024183796856 0.17314814814814813
0 0.8400846432889963 0.6398148148148148 0.051390568319226115 0.17037037037037037
0 0.9649334945586457 0.5074074074074074 0.0471584038694075 0.17037037037037037
0 0.8095525997581621 0.7046296296296296 0.04836759371221282 0.1537037037037037
0 0.9353083434099153 0.7125 0.03990326481257558 0.15462962962962962
0 0.017533252720677146 0.6430555555555556 0.03385731559854897 0.16203703703703703
0 0.3192261185006046 0.5254629629629629 0.04232164449818621 0.14351851851851852
0 0.2932285368802902 0.3402777777777778 0.04232164449818621 0.13796296296296295
0 0.2850665054413543 0.35462962962962963 0.034461910519951636 0.14074074074074075
0 0.591596130592503 0.9416666666666667 0.05259975816203144 0.11851851851851852
0 0.9268440145102781 0.6458333333333334 0.05199516324062878 0.16203703703703703
0 0.7756952841596131 0.700462962962963 0.045949214026602174 0.16574074074074074
0 0.9749093107617895 0.586574074074074 0.04050785973397823 0.15462962962962962
0 0.8029020556227328 0.8004629629629629 0.049576783555018135 0.17685185185185184
0 0.900241837968561 0.7013888888888888 0.0592503022974607 0.1787037037037037
0 0.7980652962515115 0.6319444444444444 0.0592503022974607 0.17685185185185184
0 0.5483675937122128 0.4847222222222222 0.030229746070133012 0.12685185185185185
0 0.5574365175332527 0.9069444444444444 0.05199516324062878 0.15833333333333333
0 0.8748488512696493 0.4912037037037037 0.044740024183796856 0.14537037037037037
0 0.44347037484885127 0.9393518518518519 0.05380894800483676 0.12129629629629629
0 0.5151148730350665 0.7833333333333333 0.045949214026602174 0.17962962962962964
0 0.46009673518742444 0.8361111111111111 0.0471584038694075 0.16296296296296298
0 0.5798065296251511 0.5773148148148148 0.03990326481257558 0.16018518518518518
0 0.6112454655380894 0.5935185185185186 0.044740024183796856 0.15185185185185185
0 0.35278113663845223 0.7578703703703704 0.046553808948004836 0.16574074074074074
0 0.42986698911729143 0.5726851851851852 0.03385731559854897 0.1398148148148148
0 0.47339782345828296 0.5648148148148148 0.03990326481257558 0.14814814814814814
0 0.5858524788391778 0.49953703703703706 0.041112454655380895 0.13796296296296295
0 0.5519951632406288 0.5032407407407408 0.030229746070133012 0.11018518518518519
0 0.6082224909310762 0.5648148148148148 0.04232164449818621 0.15185185185185185
0 0.5272067714631197 0.8277777777777777 0.04232164449818621 0.19074074074074074
0 0.36577992744860943 0.4356481481481482 0.04232164449818621 0.13796296296296295
0 0.651148730350665 0.937037037037037 0.04836759371221282 0.12407407407407407
0 0.6934703748488513 0.9421296296296297 0.05441354292623942 0.11574074074074074
0 0.5048367593712213 0.5708333333333333 0.044740024183796856 0.16018518518518518
0 0.3893591293833132 0.34074074074074073 0.04232164449818621 0.15185185185185185
0 0.5 0.39305555555555555 0.032648125755743655 0.13240740740740742
0 0.6729141475211609 0.8032407407407407 0.030229746070133012 0.13240740740740742
0 0.6568923821039904 0.8152777777777778 0.046553808948004836 0.1712962962962963
0 0.499093107617896 0.8800925925925925 0.06348246674727932 0.1712962962962963
0 0.44135429262394194 0.9120370370370371 0.03869407496977025 0.1574074074074074
0 0.4035671100362757 0.6958333333333333 0.03688029020556227 0.16574074074074074
0 0.4062877871825877 0.7384259259259259 0.0471584038694075 0.15833333333333333
0 0.4501209189842805 0.7013888888888888 0.042926239419588876 0.15833333333333333
0 0.3851269649334946 0.7041666666666667 0.037484885126964934 0.1675925925925926
0 0.8660822249093107 0.7273148148148149 0.046553808948004836 0.15462962962962962
0 0.8548972188633616 0.8018518518518518 0.06166868198307134 0.1814814814814815
0 0.9652357920193471 0.6449074074074074 0.04534461910519952 0.15092592592592594
0 0.8836154776299879 0.45694444444444443 0.03688029020556227 0.13796296296296295
0 0.343409915356711 0.10462962962962963 0.037484885126964934 0.14074074074074075
0 0.9068923821039904 0.8541666666666666 0.06650544135429262 0.16018518518518518
0 0.9603990326481258 0.8453703703703703 0.05501813784764208 0.17037037037037037
0 0.3137847642079806 0.06805555555555555 0.032648125755743655 0.11574074074074074
0 0.020253929866989116 0.8689814814814815 0.039298669891172915 0.1824074074074074
0 0.2932285368802902 0.09907407407407408 0.032648125755743655 0.13148148148148148
0 0.903869407496977 0.7782407407407408 0.05078597339782346 0.16574074074074074
0 0.8805925030229746 0.5337962962962963 0.046553808948004836 0.15648148148148147
0 0.5734582829504232 0.6523148148148148 0.0562273276904474 0.14537037037037037
0 0.5507859733978234 0.6217592592592592 0.041112454655380895 0.1712962962962963
0 0.597037484885127 0.625462962962963 0.039298669891172915 0.15462962962962962
0 0.7028415961305925 0.6564814814814814 0.051390568319226115 0.14814814814814814
0 0.2720677146311971 0.4310185185185185 0.036275695284159616 0.14166666666666666
0 0.5250906892382105 0.5111111111111111 0.034461910519951636 0.13518518518518519
0 0.46795646916565903 0.5370370370370371 0.04232164449818621 0.15925925925925927
0 0.5015114873035067 0.4930555555555556 0.03688029020556227 0.14351851851851852
0 0.4150544135429262 0.33287037037037037 0.03688029020556227 0.13796296296296295
0 0.4147521160822249 0.3587962962962963 0.03990326481257558 0.14351851851851852
0 0.4800483675937122 0.36435185185185187 0.030229746070133012 0.14351851851851852
0 0.5211608222490931 0.3736111111111111 0.032648125755743655 0.14907407407407408
0 0.4446795646916566 0.5166666666666667 0.04171704957678356 0.15185185185185185
0 0.3192261185006046 0.10833333333333334 0.03506650544135429 0.11666666666666667
0 0.3041112454655381 0.5078703703703704 0.044740024183796856 0.15092592592592594
0 0.4616082224909311 0.4115740740740741 0.03688029020556227 0.12129629629629629
0 0.48065296251511486 0.40694444444444444 0.030229746070133012 0.11574074074074074
0 0.717049576783555 0.8171296296296297 0.0471584038694075 0.18796296296296297
0 0.7769044740024184 0.052314814814814814 0.037484885126964934 0.10277777777777777
0 0.005743651753325272 0.15925925925925927 0.010278113663845224 0.12407407407407407
