0 0.3554987212276215 0.9443181818181818 0.061381074168797956 0.11363636363636363
0 0.42668371696504687 0.9840909090909091 0.040068201193520885 0.03409090909090909
0 0.3670076726342711 0.875 0.05200341005967604 0.14545454545454545
0 0.44671781756180734 0.8784090909090909 0.04774083546462063 0.15454545454545454
0 0.24722932651321397 0.8261363636363637 0.04603580562659847 0.14772727272727273
0 0.2988064791133845 0.8176136363636364 0.05029838022165388 0.15795454545454546
0 0.10528559249786872 0.5732954545454545 0.04688832054560955 0.13522727272727272
0 0.043478260869565216 0.634090909090909 0.0392156862745098 0.1409090909090909
0 0.5076726342710998 0.9738636363636364 0.03836317135549872 0.05454545454545454
0 0.5460358056265985 0.9539772727272727 0.043478260869565216 0.09204545454545454
0 0.4484228473998295 0.7539772727272728 0.04774083546462063 0.15113636363636362
0 0.40664961636828645 0.7551136363636364 0.05456095481670929 0.15795454545454546
0 0.09505541346973571 0.5113636363636364 0.04688832054560955 0.12954545454545455
0 0.14364876385336744 0.5113636363636364 0.04688832054560955 0.12954545454545455
0 0.17689684569479966 0.5068181818181818 0.03665814151747655 0.11363636363636363
0 0.35080988917306055 0.7255681818181818 0.04688832054560955 0.14431818181818182
0 0.5971867007672634 0.7647727272727273 0.0639386189258312 0.15681818181818183
0 0.6436487638533674 0.7511363636363636 0.042625745950554135 0.1431818181818182
0 0.49317988064791135 0.6670454545454545 0.05200341005967604 0.1409090909090909
0 0.526001705029838 0.5863636363636363 0.042625745950554135 0.1340909090909091
0 0.40878090366581415 0.5096590909090909 0.041773231031543054 0.1125
0 0.44884910485933505 0.5119318181818182 0.041773231031543054 0.12613636363636363
0 0.32225063938618925 0.4721590909090909 0.03410059676044331 0.11931818181818182
0 0.28815004262574595 0.45454545454545453 0.04092071611253197 0.12045454545454545
0 0.2693947144075021 0.4772727272727273 0.0443307757885763 0.12045454545454545
0 0.1794543904518329 0.4625 0.03836317135549872 0.12045454545454545
0 0.41389599317988063 0.43977272727272726 0.03324808184143223 0.11136363636363636
0 0.44458653026427963 0.44375 0.041773231031543054 0.11477272727272728
0 0.3640238704177323 0.5267045454545455 0.0392156862745098 0.12613636363636363
0 0.4053708439897698 0.35568181818181815 0.041773231031543054 0.11136363636363636
0 0.2753623188405797 0.3443181818181818 0.03410059676044331 0.1159090909090909
0 0.30221653878942883 0.35 0.04688832054560955 0.11136363636363636
0 0.8516624040920716 0.7761363636363636 0.042625745950554135 0.125
0 0.9130434782608695 0.63125 0.0443307757885763 0.1215909090909091
0 0.763000852514919 0.3965909090909091 0.042625745950554135 0.12727272727272726
0 0.5507246376811594 0.5931818181818181 0.042625745950554135 0.12045454545454545
0 0.38448422847399827 0.29829545454545453 0.03751065643648764 0.11022727272727273
0 0.3576300085251492 0.2994318181818182 0.03836317135549872 0.11477272727272728
0 0.9207161125319693 0.2125 0.03239556692242114 0.10454545454545454
0 0.8307757885763001 0.5528409090909091 0.04688832054560955 0.11931818181818182
0 0.8533674339300937 0.6181818181818182 0.04774083546462063 0.1340909090909091
0 0.8964194373401535 0.5465909090909091 0.045183290707587385 0.125
0 0.5839727195225917 0.5068181818181818 0.0392156862745098 0.125
0 0.46675191815856776 0.3568181818181818 0.041773231031543054 0.12045454545454545
0 0.4982949701619778 0.3573863636363636 0.041773231031543054 0.11931818181818182
0 0.49019607843137253 0.4818181818181818 0.042625745950554135 0.10227272727272728
0 0.016624040920716114 0.6295454545454545 0.03154305200341006 0.1340909090909091
0 0.8329070758738278 0.2340909090909091 0.0392156862745098 0.10454545454545454
0 0.25234441602728047 0.9744318181818182 0.05456095481670929 0.053409090909090906
0 0.16112531969309463 0.9414772727272728 0.04603580562659847 0.11931818181818182
0 0.1969309462915601 0.9431818181818182 0.042625745950554135 0.1159090909090909
0 0.8371696504688833 0.08920454545454545 0.03580562659846547 0.10795454545454546
0 0.8248081841432225 0.10909090909090909 0.03154305200341006 0.09090909090909091
0 0.9441602728047741 0.019886363636363636 0.03154305200341006 0.0375
0 0.8938618925831202 0.021022727272727273 0.03154305200341006 0.03977272727272727
0 0.8367433930093776 0.007954545454545454 0.03154305200341006 0.013636363636363636
0 0.8682864450127877 0.019318181818181818 0.028132992327365727 0.03636363636363636
0 0.7254901960784313 0.2215909090909091 0.03580562659846547 0.11363636363636363
0 0.7271952259164536 0.33295454545454545 0.03410059676044331 0.09545454545454546
0 0.7800511508951407 0.3301136363636364 0.0392156862745098 0.11477272727272728
0 0.5993179880647911 0.20795454545454545 0.0392156862745098 0.09772727272727273
0 0.5601023017902813 0.20227272727272727 0.03410059676044331 0.10454545454545454
0 0.5217391304347826 0.12045454545454545 0.027280477408354646 0.09090909090909091
0 0.39258312020460356 0.8534090909090909 0.05541346973572037 0.16363636363636364
0 0.8793691389599319 0.1590909090909091 0.03495311167945439 0.09772727272727273
0 0.7412617220801364 0.3625 0.028132992327365727 0.08409090909090909
0 0.8239556692242114 0.15852272727272726 0.041773231031543054 0.11022727272727273
0 0.7838874680306905 0.2034090909090909 0.041773231031543054 0.09772727272727273
0 0.8849104859335039 0.16590909090909092 0.03751065643648764 0.08863636363636364
0 0.13554987212276215 0.9693181818181819 0.04603580562659847 0.06363636363636363
0 0.7331628303495311 0.6090909090909091 0.04603580562659847 0.12045454545454545
0 0.7519181585677749 0.5920454545454545 0.0392156862745098 0.12045454545454545
0 0.777919863597613 0.5823863636363636 0.041773231031543054 0.1375
0 0.386615515771526 0.9744318181818182 0.041773231031543054 0.05113636363636364
0 0.5311167945439045 0.5085227272727273 0.0392156862745098 0.12840909090909092
0 0.5605285592497868 0.5102272727272728 0.04688832054560955 0.12954545454545455
0 0.7446717817561808 0.44886363636363635 0.05029838022165388 0.12954545454545455
0 0.768542199488491 0.36704545454545456 0.04688832054560955 0.12954545454545455
0 0.7979539641943734 0.3715909090909091 0.03751065643648764 0.09772727272727273
0 0.6040068201193521 0.2840909090909091 0.041773231031543054 0.11136363636363636
0 0.3252344416027281 0.0375 0.028132992327365727 0.07272727272727272
0 0.5311167945439045 0.21022727272727273 0.042625745950554135 0.1159090909090909
0 0.4134697357203751 0.2215909090909091 0.028985507246376812 0.08409090909090909
0 0.42924126172208016 0.2215909090909091 0.03665814151747655 0.10681818181818181
0 0.4906223358908781 0.12102272727272727 0.041773231031543054 0.10113636363636364
0 0.5289855072463768 0.1875 0.03665814151747655 0.11363636363636363
0 0.3589087809036658 0.028409090909090908 0.03239556692242114 0.05454545454545454
0 0.10954816709292413 0.45340909090909093 0.040068201193520885 0.1159090909090909
0 0.3776641091219096 0.014772727272727272 0.03410059676044331 0.02727272727272727
0 0.5034100596760444 0.031818181818181815 0.03495311167945439 0.06136363636363636
0 0.8393009377664109 0.14829545454545454 0.03836317135549872 0.09659090909090909
0 0.5622335890878091 0.17386363636363636 0.03495311167945439 0.11136363636363636
0 0.8469735720375107 0.8931818181818182 0.05029838022165388 0.15681818181818183
0 0.8908780903665814 0.7801136363636364 0.05456095481670929 0.15113636363636362
0 0.026854219948849106 0.7403409090909091 0.05200341005967604 0.13977272727272727
0 0.25831202046035806 0.5863636363636363 0.03751065643648764 0.12954545454545455
0 0.4236999147485081 0.5909090909090909 0.04774083546462063 0.13863636363636364
0 0.453537936913896 0.5914772727272727 0.04092071611253197 0.12840909090909092
0 0.56692242114237 0.5789772727272727 0.042625745950554135 0.13295454545454546
0 0.1483375959079284 0.4602272727272727 0.04092071611253197 0.125
0 0.2331628303495311 0.43863636363636366 0.041773231031543054 0.11136363636363636
0 0.824381926683717 0.6795454545454546 0.05456095481670929 0.15454545454545454
0 0.7975277067348678 0.5556818181818182 0.045183290707587385 0.1431818181818182
0 0.8320545609548167 0.48977272727272725 0.042625745950554135 0.13863636363636364
0 0.8610400682011935 0.48579545454545453 0.04092071611253197 0.13068181818181818
0 0.8363171355498721 0.4289772727272727 0.04603580562659847 0.11704545454545455
0 0.8572037510656436 0.29204545454545455 0.03324808184143223 0.11136363636363636
0 0.13427109974424553 0.31420454545454546 0.05029838022165388 0.10568181818181818
0 0.15601023017902813 0.3534090909090909 0.03751065643648764 0.11363636363636363
0 0.10017050298380221 0.3465909090909091 0.03324808184143223 0.11136363636363636
0 0.12105711849957375 0.36079545454545453 0.03239556692242114 0.10113636363636364
0 0.06265984654731457 0.3698863636363636 0.041773231031543054 0.12613636363636363
0 0.5268542199488491 0.48068181818181815 0.042625745950554135 0.1340909090909091
0 0.1206308610400682 0.26931818181818185 0.03665814151747655 0.10681818181818181
0 0.2566069906223359 0.16818181818181818 0.03580562659846547 0.10454545454545454
0 0.27365728900255754 0.2818181818181818 0.042625745950554135 0.10681818181818181
0 0.010656436487638534 0.16704545454545455 0.0196078431372549 0.09318181818181819
0 0.49658994032395565 0.32272727272727275 0.03324808184143223 0.1159090909090909
0 0.4820971867007673 0.24829545454545454 0.03324808184143223 0.09886363636363636
0 0.0319693094629156 0.15681818181818183 0.041773231031543054 0.10909090909090909
0 0.4083546462063086 0.17272727272727273 0.03751065643648764 0.10227272727272728
0 0.13938618925831203 0.2630681818181818 0.03324808184143223 0.09886363636363636
0 0.17092924126172207 0.23295454545454544 0.03836317135549872 0.12045454545454545
0 0.1794543904518329 0.27102272727272725 0.03324808184143223 0.10568181818181818
0 0.20588235294117646 0.19943181818181818 0.03836317135549872 0.10795454545454546
0 0.30818414322250637 0.30227272727272725 0.05200341005967604 0.11136363636363636
0 0.23785166240409208 0.20113636363636364 0.03580562659846547 0.10454545454545454
0 0.5072463768115942 0.07045454545454545 0.04092071611253197 0.08409090909090909
0 0.4484228473998295 0.31477272727272726 0.042625745950554135 0.12045454545454545
0 0.06436487638533675 0.15056818181818182 0.03665814151747655 0.0875
0 0.4629156010230179 0.24261363636363636 0.03751065643648764 0.11022727272727273
0 0.011508951406649617 0.10227272727272728 0.021312872975277068 0.09545454545454546
0 0.06820119352088662 0.12443181818181819 0.03239556692242114 0.0875
0 0.0886615515771526 0.12727272727272726 0.030690537084398978 0.09090909090909091
0 0.028132992327365727 0.11079545454545454 0.027280477408354646 0.08068181818181819
0 0.05115089514066496 0.1125 0.03580562659846547 0.09090909090909091
0 0.45822676896845693 0.21931818181818183 0.03324808184143223 0.11136363636363636
0 0.5468883205456095 0.26590909090909093 0.04688832054560955 0.12045454545454545
0 0.4373401534526854 0.17045454545454544 0.03751065643648764 0.11136363636363636
0 0.3013640238704177 0.06477272727272727 0.040068201193520885 0.08636363636363636
0 0.510230179028133 0.14886363636363636 0.03324808184143223 0.09545454545454546
0 0.27237851662404094 0.18352272727272728 0.040068201193520885 0.09886363636363636
0 0.35208866155157714 0.11988636363636364 0.03751065643648764 0.10340909090909091
0 0.40153452685422 0.06931818181818182 0.03239556692242114 0.08636363636363636
0 0.24509803921568626 0.03806818181818182 0.03495311167945439 0.07386363636363637
0 0.4317988064791134 0.07215909090909091 0.03665814151747655 0.09659090909090909
0 0.47058823529411764 0.12954545454545455 0.0392156862745098 0.11136363636363636
0 0.48891730605285594 0.1494318181818182 0.03665814151747655 0.10113636363636364
0 0.484228473998295 0.06875 0.03580562659846547 0.10113636363636364
0 0.45311167945439046 0.07556818181818181 0.03324808184143223 0.08522727272727272
0 0.42071611253196933 0.033522727272727273 0.028132992327365727 0.06477272727272727
0 0.5375106564364877 0.03295454545454545 0.03495311167945439 0.06363636363636363
0 0.9207161125319693 0.14659090909090908 0.03580562659846547 0.10454545454545454
0 0.8976982097186701 0.08636363636363636 0.028985507246376812 0.08409090909090909
0 0.8815004262574595 0.2590909090909091 0.042625745950554135 0.10681818181818181
0 0.8687127024722933 0.08352272727272728 0.03410059676044331 0.09431818181818181
0 0.8610400682011935 0.24431818181818182 0.042625745950554135 0.11136363636363636
0 0.8584825234441603 0.2625 0.03580562659846547 0.10681818181818181
0 0.5413469735720375 0.5454545454545454 0.05456095481670929 0.1340909090909091
0 0.8699914748508099 0.6829545454545455 0.058823529411764705 0.14772727272727273
0 0.19053708439897699 0.2340909090909091 0.041773231031543054 0.10681818181818181
0 0.4744245524296675 0.23125 0.03324808184143223 0.10568181818181818
0 0.4057971014492754 0.2994318181818182 0.042625745950554135 0.11022727272727273
0 0.5217391304347826 0.6852272727272727 0.05115089514066496 0.1409090909090909
0 0.4957374254049446 0.23125 0.03324808184143223 0.09886363636363636
0 0.4641943734015345 0.2676136363636364 0.040068201193520885 0.10340909090909091
0 0.4641943734015345 0.048863636363636366 0.03154305200341006 0.08636363636363636
0 0.00937766410912191 0.025 0.017050298380221655 0.04772727272727273
0 0.16453537936913895 0.3664772727272727 0.03410059676044331 0.09886363636363636
