0 0.09739583333333333 0.3958333333333333 0.040625 0.18611111111111112
0 0.9067708333333333 0.4 0.04479166666666667 0.19814814814814816
0 0.023697916666666666 0.850462962962963 0.04635416666666667 0.30092592592592593
0 0.06666666666666667 0.8861111111111111 0.07604166666666666 0.22407407407407406
0 0.2515625 0.4550925925925926 0.040625 0.2101851851851852
0 0.3346354166666667 0.46296296296296297 0.0609375 0.2037037037037037
0 0.27421875 0.3976851851851852 0.04114583333333333 0.20277777777777778
0 0.38776041666666666 0.3958333333333333 0.0515625 0.21574074074074073
0 0.35703125 0.3287037037037037 0.03177083333333333 0.1814814814814815
0 0.3359375 0.32592592592592595 0.035416666666666666 0.19074074074074074
0 0.39505208333333336 0.32685185185185184 0.03697916666666667 0.17777777777777778
0 0.46484375 0.36018518518518516 0.0515625 0.20555555555555555
0 0.5244791666666667 0.36666666666666664 0.04791666666666667 0.18518518518518517
0 0.7005208333333334 0.37962962962962965 0.06354166666666666 0.18703703703703703
0 0.28619791666666666 0.3675925925925926 0.044270833333333336 0.19074074074074074
0 0.27239583333333334 0.34120370370370373 0.041666666666666664 0.18425925925925926
0 0.7825520833333334 0.3962962962962963 0.050520833333333334 0.18518518518518517
0 0.43125 0.27870370370370373 0.03958333333333333 0.17962962962962964
0 0.7088541666666667 0.3050925925925926 0.042708333333333334 0.16574074074074074
0 0.7671875 0.36064814814814816 0.0375 0.1824074074074074
0 0.8096354166666667 0.3490740740740741 0.0390625 0.18333333333333332
0 0.7265625 0.35509259259259257 0.041666666666666664 0.18981481481481483
0 0.7690104166666667 0.3263888888888889 0.0390625 0.1824074074074074
0 0.740625 0.3125 0.03958333333333333 0.19722222222222222
0 0.5557291666666667 0.29907407407407405 0.035416666666666666 0.17407407407407408
0 0.2838541666666667 0.24166666666666667 0.036458333333333336 0.15185185185185185
0 0.4518229166666667 0.20972222222222223 0.03697916666666667 0.13796296296296295
0 0.4901041666666667 0.22777777777777777 0.03125 0.12407407407407407
0 0.46927083333333336 0.21342592592592594 0.025 0.08981481481481482
0 0.49322916666666666 0.19537037037037036 0.03229166666666667 0.13518518518518519
0 0.3372395833333333 0.22083333333333333 0.044270833333333336 0.16203703703703703
0 0.321875 0.1884259259259259 0.029166666666666667 0.13796296296296295
0 0.53984375 0.11712962962962963 0.0234375 0.11574074074074074
0 0.35260416666666666 0.11435185185185186 0.03333333333333333 0.1175925925925926
0 0.3932291666666667 0.26990740740740743 0.035416666666666666 0.17685185185185184
0 0.3302083333333333 0.11712962962962963 0.03125 0.14907407407407408
0 0.44921875 0.13287037037037036 0.03177083333333333 0.12685185185185185
0 0.3984375 0.14444444444444443 0.023958333333333335 0.10925925925925926
0 0.37552083333333336 0.1412037037037037 0.03125 0.12129629629629629
0 0.35703125 0.15462962962962962 0.0234375 0.09074074074074075
