0 0.08766626360338574 0.737037037037037 0.04232164449818621 0.1537037037037037
0 0.10701330108827085 0.6976851851851852 0.04836759371221282 0.15833333333333333
0 0.031136638452237003 0.7046296296296296 0.05380894800483676 0.17037037037037037
0 0.05169286577992745 0.6837962962962963 0.0562273276904474 0.1638888888888889
0 0.0036275695284159614 0.6884259259259259 0.006045949214026602 0.15462962962962962
0 0.16989117291414751 0.6425925925925926 0.045949214026602174 0.1425925925925926
0 0.26360338573155984 0.275 0.04232164449818621 0.14629629629629629
0 0.002116082224909311 0.2263888888888889 0.003022974607013301 0.12129629629629629
0 0.017230955259975818 0.19907407407407407 0.03325272067714631 0.13703703703703704
0 0.11608222490931076 0.15092592592592594 0.044740024183796856 0.13518518518518519
0 0.10247883917775091 0.09814814814814815 0.039298669891172915 0.13518518518518519
0 0.056831922611850064 0.0912037037037037 0.030229746070133012 0.12685185185185185
0 0.12243047158403869 0.021296296296296296 0.02720677146311971 0.040740740740740744
0 0.2844619105199516 0.027314814814814816 0.034461910519951636 0.05277777777777778
0 0.21614268440145104 0.05787037037037037 0.039298669891172915 0.11388888888888889
0 0.248186215235792 0.06712962962962964 0.039298669891172915 0.13240740740740742
0 0.37817412333736394 0.19305555555555556 0.03688029020556227 0.13425925925925927
0 0.34885126964933494 0.18796296296296297 0.037484885126964934 0.12407407407407407
0 0.3561064087061669 0.03194444444444444 0.037484885126964934 0.062037037037037036
0 0.4866989117291415 0.04537037037037037 0.037484885126964934 0.08888888888888889
0 0.5262998790810157 0.06435185185185185 0.039298669891172915 0.12685185185185185
0 0.5535066505441354 0.03935185185185185 0.03688029020556227 0.07685185185185185
0 0.3987303506650544 0.03333333333333333 0.03688029020556227 0.06481481481481481
0 0.41384522370012095 0.024074074074074074 0.03204353083434099 0.046296296296296294
0 0.5377871825876662 0.1537037037037037 0.044135429262394194 0.12962962962962962
0 0.5637847642079806 0.14583333333333334 0.04171704957678356 0.12685185185185185
0 0.5695284159613059 0.06388888888888888 0.032648125755743655 0.12222222222222222
0 0.6321039903264812 0.08703703703703704 0.04171704957678356 0.12407407407407407
0 0.5946191051995163 0.06296296296296296 0.034461910519951636 0.12037037037037036
0 0.6695888754534461 0.08564814814814815 0.039298669891172915 0.12129629629629629
0 0.7085852478839177 0.36435185185185187 0.0471584038694075 0.15092592592592594
0 0.621825876662636 0.2611111111111111 0.04171704957678356 0.1425925925925926
0 0.6759371221281741 0.25833333333333336 0.036275695284159616 0.13518518518518519
0 0.6523579201934704 0.2222222222222222 0.037484885126964934 0.12037037037037036
0 0.7019347037484885 0.18009259259259258 0.03143893591293833 0.12685185185185185
0 0.6553808948004837 0.17407407407407408 0.041112454655380895 0.12962962962962962
0 0.6937726723095526 0.1412037037037037 0.034461910519951636 0.13796296296296295
0 0.786577992744861 0.14953703703703702 0.037484885126964934 0.13240740740740742
0 0.7563482466747279 0.1361111111111111 0.03990326481257558 0.11851851851851852
0 0.7669286577992744 0.10277777777777777 0.03688029020556227 0.12407407407407407
0 0.909310761789601 0.08981481481481482 0.041112454655380895 0.12407407407407407
0 0.8724304715840387 0.10185185185185185 0.03869407496977025 0.1259259259259259
0 0.7149334945586457 0.05092592592592592 0.035671100362756954 0.1
0 0.9214026602176542 0.06851851851851852 0.037484885126964934 0.12777777777777777
0 0.9374244256348246 0.06574074074074074 0.03688029020556227 0.12777777777777777
0 0.9582829504232164 0.033796296296296297 0.032648125755743655 0.06574074074074074
0 0.9915356711003628 0.03888888888888889 0.015719467956469165 0.07592592592592592
0 0.9374244256348246 0.12175925925925926 0.039298669891172915 0.13425925925925927
0 0.9821644498186215 0.1476851851851852 0.03083434099153567 0.14907407407407408
0 0.9764207980652962 0.11851851851851852 0.037484885126964934 0.1259259259259259
0 0.9313784764207981 0.3189814814814815 0.044135429262394194 0.13796296296296295
0 0.9582829504232164 0.3087962962962963 0.037484885126964934 0.13240740740740742
0 0.682285368802902 0.9648148148148148 0.04534461910519952 0.07222222222222222
0 0.7273276904474002 0.950462962962963 0.045949214026602174 0.09907407407407408
0 0.094316807738815 0.6087962962962963 0.045949214026602174 0.15462962962962962
0 0.1889359129383313 0.6097222222222223 0.04171704957678356 0.14537037037037037
0 0.1695888754534462 0.5763888888888888 0.04171704957678356 0.13796296296296295
0 0.2076783555018138 0.5773148148148148 0.039298669891172915 0.14907407407407408
0 0.19437726723095525 0.5138888888888888 0.034461910519951636 0.13518518518518519
0 0.1686819830713422 0.5125 0.03990326481257558 0.13425925925925927
0 0.012998790810157194 0.30462962962962964 0.024788391777509067 0.1537037037037037
0 0.718863361547763 0.7310185185185185 0.04836759371221282 0.1824074074074074
0 0.4480048367593712 0.22453703703703703 0.03385731559854897 0.13240740740740742
0 0.4105199516324063 0.21203703703703702 0.03506650544135429 0.13148148148148148
0 0.4153567110036276 0.2351851851851852 0.04353083434099154 0.14074074074074075
0 0.009371221281741234 0.5481481481481482 0.017533252720677146 0.16296296296296298
0 0.21221281741233375 0.35138888888888886 0.044740024183796856 0.1361111111111111
0 0.2841596130592503 0.5949074074074074 0.036275695284159616 0.13240740740740742
0 0.31892382103990324 0.44166666666666665 0.046553808948004836 0.1537037037037037
0 0.3177146311970979 0.5606481481481481 0.044135429262394194 0.16018518518518518
0 0.3143893591293833 0.6 0.045949214026602174 0.18333333333333332
0 0.24516324062877873 0.3449074074074074 0.04171704957678356 0.1398148148148148
0 0.3001813784764208 0.4097222222222222 0.044135429262394194 0.15648148148148147
0 0.18016928657799275 0.2962962962962963 0.037484885126964934 0.13518518518518519
0 0.19830713422007254 0.3050925925925926 0.036275695284159616 0.13240740740740742
0 0.6496372430471584 0.7583333333333333 0.058645707376058044 0.1685185185185185
0 0.6121523579201935 0.7148148148148148 0.06348246674727932 0.18703703703703703
0 0.8198307134220073 0.6851851851851852 0.044740024183796856 0.17962962962962964
0 0.869105199516324 0.6782407407407407 0.046553808948004836 0.18611111111111112
0 0.8412938331318017 0.712037037037037 0.05380894800483676 0.18703703703703703
0 0.29474002418379686 0.2967592592592593 0.039298669891172915 0.1398148148148148
0 0.6943772672309553 0.3 0.034461910519951636 0.12407407407407407
0 0.7146311970979444 0.47824074074074074 0.03506650544135429 0.14537037037037037
0 0.9767230955259976 0.4986111111111111 0.03325272067714631 0.12314814814814815
0 0.8887545344619106 0.5824074074074074 0.056831922611850064 0.1574074074074074
0 0.9824667472793228 0.5912037037037037 0.032648125755743655 0.17685185185185184
0 0.8591293833131801 0.55 0.056831922611850064 0.14629629629629629
0 0.9229141475211609 0.375 0.03204353083434099 0.0962962962962963
0 0.900241837968561 0.35185185185185186 0.04353083434099154 0.13518518518518519
0 0.9319830713422007 0.5708333333333333 0.039298669891172915 0.14907407407407408
0 0.2158403869407497 0.15694444444444444 0.037484885126964934 0.13796296296296295
0 0.0973397823458283 0.5074074074074074 0.053204353083434096 0.15555555555555556
0 0.7762998790810157 0.1699074074074074 0.037484885126964934 0.12129629629629629
0 0.9882103990326482 0.39537037037037037 0.022370012091898428 0.1259259259259259
0 0.9328899637243047 0.4787037037037037 0.044740024183796856 0.1574074074074074
0 0.9600967351874244 0.3439814814814815 0.03385731559854897 0.12314814814814815
0 0.6499395405078597 0.2814814814814815 0.032648125755743655 0.10740740740740741
0 0.9156590084643289 0.5166666666666667 0.04897218863361548 0.15925925925925927
0 0.9755139056831923 0.4412037037037037 0.04050785973397823 0.15648148148148147
0 0.75 0.7592592592592593 0.04897218863361548 0.16111111111111112
0 0.782950423216445 0.7532407407407408 0.03869407496977025 0.14907407407407408
0 0.9235187424425635 0.7939814814814815 0.0562273276904474 0.1712962962962963
0 0.9195888754534461 0.5962962962962963 0.049576783555018135 0.1962962962962963
0 0.9195888754534461 0.8708333333333333 0.05804111245465538 0.15092592592592594
0 0.9730955259975816 0.8694444444444445 0.047762998790810154 0.20925925925925926
0 0.8926844014510278 0.6560185185185186 0.046553808948004836 0.15092592592592594
0 0.9534461910519951 0.9490740740740741 0.049576783555018135 0.10185185185185185
0 0.7430471584038694 0.35324074074074074 0.03869407496977025 0.12129629629629629
0 0.7841596130592503 0.3560185185185185 0.04232164449818621 0.14351851851851852
0 0.9283555018137848 0.7180555555555556 0.04897218863361548 0.18611111111111112
0 0.06741233373639662 0.9787037037037037 0.04050785973397823 0.044444444444444446
0 0.43409915356711004 0.6518518518518519 0.04232164449818621 0.14814814814814814
0 0.29383313180169285 0.3472222222222222 0.04353083434099154 0.13703703703703704
0 0.2883917775090689 0.3638888888888889 0.03385731559854897 0.1425925925925926
0 0.9204957678355502 0.9680555555555556 0.05380894800483676 0.06388888888888888
0 0.564993954050786 0.4842592592592593 0.0380894800483676 0.13518518518518519
0 0.8715235792019347 0.6407407407407407 0.044135429262394194 0.15185185185185185
0 0.975211608222491 0.7287037037037037 0.045949214026602174 0.15925925925925927
0 0.44286577992744863 0.9453703703703704 0.05380894800483676 0.10925925925925926
0 0.5151148730350665 0.7939814814814815 0.04836759371221282 0.1787037037037037
0 0.46039903264812576 0.8449074074074074 0.046553808948004836 0.16203703703703703
0 0.5740628778718259 0.5916666666666667 0.039298669891172915 0.1574074074074074
0 0.6100362756952842 0.6037037037037037 0.05078597339782346 0.15185185185185185
0 0.3545949214026602 0.7680555555555556 0.04897218863361548 0.16944444444444445
0 0.17110036275695284 0.9222222222222223 0.03990326481257558 0.1574074074074074
0 0.24486094316807738 0.8907407407407407 0.049576783555018135 0.15925925925925927
0 0.5819226118500604 0.5046296296296297 0.04171704957678356 0.13703703703703704
0 0.5538089480048367 0.5148148148148148 0.030229746070133012 0.10925925925925926
0 0.6033857315598549 0.5731481481481482 0.04232164449818621 0.15185185185185185
0 0.5262998790810157 0.837037037037037 0.05380894800483676 0.1925925925925926
0 0.3672914147521161 0.4476851851851852 0.04171704957678356 0.13796296296296295
0 0.43440145102781136 0.5939814814814814 0.044135429262394194 0.16203703703703703
0 0.3966142684401451 0.35462962962962963 0.04232164449818621 0.15185185185185185
0 0.49788391777509067 0.4041666666666667 0.03204353083434099 0.13240740740740742
0 0.8228536880290206 0.9657407407407408 0.053204353083434096 0.06851851851851852
0 0.4068923821039903 0.7097222222222223 0.037484885126964934 0.16574074074074074
0 0.41324062877871826 0.7462962962962963 0.062273276904474005 0.16296296296296298
0 0.4498186215235792 0.7129629629629629 0.04232164449818621 0.1685185185185185
0 0.38361547762998793 0.7171296296296297 0.042926239419588876 0.16574074074074074
0 0.34461910519951633 0.11018518518518519 0.037484885126964934 0.14074074074074075
0 0.32980652962515117 0.055092592592592596 0.02962515114873035 0.10833333333333334
0 0.3050181378476421 0.05324074074074074 0.03204353083434099 0.10462962962962963
0 0.012696493349455865 0.8787037037037037 0.02418379685610641 0.19074074074074074
0 0.29383313180169285 0.11481481481481481 0.032648125755743655 0.13148148148148148
0 0.9519347037484885 0.6773148148148148 0.04897218863361548 0.16574074074074074
0 0.5713422007255139 0.6601851851851852 0.05078597339782346 0.14814814814814814
0 0.533857315598549 0.6148148148148148 0.03990326481257558 0.1648148148148148
0 0.689540507859734 0.6717592592592593 0.044135429262394194 0.14722222222222223
0 0.2642079806529625 0.4388888888888889 0.037484885126964934 0.14074074074074075
0 0.5120918984280532 0.5092592592592593 0.03506650544135429 0.13518518518518519
0 0.21463119709794437 0.8888888888888888 0.049576783555018135 0.1685185185185185
0 0.4818621523579202 0.49074074074074076 0.04232164449818621 0.13703703703703704
0 0.41233373639661425 0.34120370370370373 0.036275695284159616 0.13796296296296295
0 0.3503627569528416 0.41574074074074074 0.03688029020556227 0.1425925925925926
0 0.47732769044740025 0.3824074074074074 0.039298669891172915 0.1425925925925926
0 0.5187424425634825 0.39166666666666666 0.03143893591293833 0.14074074074074075
0 0.4519347037484885 0.5310185185185186 0.04534461910519952 0.14351851851851852
0 0.3213422007255139 0.11712962962962963 0.034461910519951636 0.1175925925925926
0 0.3914752116082225 0.6365740740740741 0.046553808948004836 0.16018518518518518
0 0.4619105199516324 0.4305555555555556 0.037484885126964934 0.12037037037037036
0 0.48851269649334944 0.4212962962962963 0.030229746070133012 0.12407407407407407
0 0.7629987908101572 0.05787037037037037 0.036275695284159616 0.11388888888888889
0 0.005139056831922612 0.1675925925925926 0.009068923821039904 0.12407407407407407
