0 0.7182587666263603 0.9444444444444444 0.045949214026602174 0.11296296296296296
0 0.7363966142684402 0.9148148148148149 0.060459492140266025 0.1648148148148148
0 0.3264812575574365 0.9175925925925926 0.056831922611850064 0.16666666666666666
0 0.36215235792019346 0.8694444444444445 0.05199516324062878 0.15925925925925927
0 0.2959492140266022 0.8870370370370371 0.046553808948004836 0.1648148148148148
0 0.5776904474002419 0.7458333333333333 0.047762998790810154 0.13425925925925927
0 0.08524788391777509 0.6925925925925925 0.04353083434099154 0.1685185185185185
0 0.02267230955259976 0.5009259259259259 0.044135429262394194 0.1574074074074074
0 0.4319830713422007 0.2861111111111111 0.04171704957678356 0.13703703703703704
0 0.06620314389359129 0.4236111111111111 0.04171704957678356 0.14351851851851852
0 0.03506650544135429 0.42962962962962964 0.0471584038694075 0.14074074074074075
0 0.02599758162031439 0.20787037037037037 0.03506650544135429 0.1398148148148148
0 0.13452237001209189 0.17222222222222222 0.03083434099153567 0.13333333333333333
0 0.09764207980652963 0.2023148148148148 0.034461910519951636 0.13796296296296295
0 0.12394195888754535 0.21296296296296297 0.044740024183796856 0.14074074074074075
0 0.186819830713422 0.22870370370370371 0.044740024183796856 0.14074074074074075
0 0.22974607013301088 0.24074074074074073 0.04232164449818621 0.15185185185185185
0 0.04534461910519952 0.475 0.044740024183796856 0.14814814814814814
0 0.46916565900846435 0.1398148148148148 0.03385731559854897 0.14074074074074075
0 0.18530834340991537 0.28888888888888886 0.034461910519951636 0.12962962962962962
0 0.19226118500604594 0.3435185185185185 0.04232164449818621 0.1425925925925926
0 0.26058041112454655 0.2949074074074074 0.03990326481257558 0.1398148148148148
0 0.24365175332527206 0.2828703703703704 0.037484885126964934 0.13796296296296295
0 0.5090689238210399 0.16342592592592592 0.041112454655380895 0.14907407407407408
0 0.5396009673518742 0.15462962962962962 0.03325272067714631 0.13518518518518519
0 0.6375453446191052 0.42824074074074076 0.04171704957678356 0.14907407407407408
0 0.6771463119709794 0.41574074074074074 0.03990326481257558 0.13518518518518519
0 0.46825876662636035 0.22268518518518518 0.035671100362756954 0.13055555555555556
0 0.4860943168077388 0.2518518518518518 0.026602176541717048 0.12962962962962962
0 0.50453446191052 0.2222222222222222 0.02720677146311971 0.12962962962962962
0 0.5244860943168077 0.20185185185185187 0.03204353083434099 0.12962962962962962
0 0.6000604594921403 0.19814814814814816 0.03688029020556227 0.14074074074074075
0 0.6668681983071342 0.19675925925925927 0.03506650544135429 0.13796296296296295
0 0.6390568319226119 0.21666666666666667 0.037484885126964934 0.15185185185185185
0 0.5217654171704957 0.25462962962962965 0.036275695284159616 0.13148148148148148
0 0.8192261185006046 0.9268518518518518 0.045949214026602174 0.14814814814814814
0 0.7185610640870617 0.5763888888888888 0.04171704957678356 0.15648148148148147
0 0.7892986698911729 0.5351851851851852 0.04171704957678356 0.14444444444444443
0 0.7889963724304716 0.48935185185185187 0.03385731559854897 0.1361111111111111
0 0.8963119709794438 0.449537037037037 0.0380894800483676 0.1398148148148148
0 0.8551995163240629 0.4398148148148148 0.046553808948004836 0.14814814814814814
0 0.6880290205562273 0.513425925925926 0.04232164449818621 0.15462962962962962
0 0.8382708585247884 0.37083333333333335 0.04050785973397823 0.14351851851851852
0 0.7974607013301088 0.3398148148148148 0.044740024183796856 0.12962962962962962
0 0.8455259975816203 0.33055555555555555 0.046553808948004836 0.1425925925925926
0 0.7212817412333736 0.3861111111111111 0.04232164449818621 0.14629629629629629
0 0.7034461910519951 0.39537037037037037 0.039298669891172915 0.14814814814814814
0 0.9582829504232164 0.25925925925925924 0.03990326481257558 0.13518518518518519
0 0.7046553808948005 0.3416666666666667 0.04171704957678356 0.12777777777777777
0 0.6837968561064087 0.3111111111111111 0.036275695284159616 0.14629629629629629
0 0.9201934703748489 0.20925925925925926 0.032648125755743655 0.13518518518518519
0 0.9564691656590084 0.22453703703703703 0.03869407496977025 0.13425925925925927
0 0.9156590084643289 0.17592592592592593 0.02962515114873035 0.08518518518518518
0 0.9419588875453446 0.18611111111111112 0.02902055622732769 0.10740740740740741
0 0.9392382103990327 0.40324074074074073 0.039298669891172915 0.14537037037037037
0 0.8712212817412334 0.5842592592592593 0.049576783555018135 0.17962962962962964
0 0.9561668681983071 0.3611111111111111 0.039298669891172915 0.13518518518518519
0 0.9785368802902056 0.5148148148148148 0.04050785973397823 0.1685185185185185
0 0.9020556227327691 0.5120370370370371 0.0471584038694075 0.13333333333333333
0 0.9280532043530835 0.5421296296296296 0.03869407496977025 0.14351851851851852
0 0.9455864570737605 0.04814814814814815 0.036275695284159616 0.09444444444444444
0 0.9676541717049577 0.06296296296296296 0.02962515114873035 0.11666666666666667
0 0.9510278113663845 0.10138888888888889 0.03506650544135429 0.12129629629629629
0 0.9921402660217654 0.12129629629629629 0.014510278113663845 0.12037037037037036
0 0.9833736396614269 0.1875 0.03083434099153567 0.13240740740740742
0 0.9863966142684402 0.22824074074074074 0.02599758162031439 0.13240740740740742
0 0.4455864570737606 0.025925925925925925 0.02781136638452237 0.05
0 0.6384522370012092 0.033796296296296297 0.03385731559854897 0.06574074074074074
0 0.6097339782345829 0.03611111111111111 0.03204353083434099 0.07037037037037037
0 0.6535671100362757 0.06296296296296296 0.032648125755743655 0.11296296296296296
0 0.6420798065296252 0.08101851851851852 0.02781136638452237 0.10462962962962963
0 0.6753325272067715 0.07037037037037037 0.04232164449818621 0.1259259259259259
0 0.619105199516324 0.10787037037037037 0.03506650544135429 0.12129629629629629
0 0.6496372430471584 0.1162037037037037 0.02962515114873035 0.11574074074074074
0 0.9081015719467956 0.1412037037037037 0.03990326481257558 0.12685185185185185
0 0.47249093107617895 0.0375 0.03204353083434099 0.07314814814814814
0 0.507255139056832 0.03935185185185185 0.03143893591293833 0.07685185185185185
0 0.5849455864570737 0.05787037037037037 0.03204353083434099 0.11388888888888889
0 0.5571342200725514 0.056018518518518516 0.03688029020556227 0.10833333333333334
0 0.4528415961305925 0.06435185185185185 0.032648125755743655 0.12685185185185185
0 0.4915356711003628 0.0763888888888889 0.03385731559854897 0.13240740740740742
0 0.50453446191052 0.10324074074074074 0.022370012091898428 0.0824074074074074
0 0.1354292623941959 0.1175925925925926 0.030229746070133012 0.11481481481481481
0 0.11426844014510278 0.12777777777777777 0.032648125755743655 0.11296296296296296
0 0.20707376058041113 0.09212962962962963 0.03688029020556227 0.1287037037037037
0 0.25151148730350664 0.08703703703703704 0.03506650544135429 0.12962962962962962
0 0.16596130592503022 0.14351851851851852 0.03083434099153567 0.13148148148148148
0 0.11426844014510278 0.025 0.032648125755743655 0.04814814814814815
0 0.034461910519951636 0.06666666666666667 0.030229746070133012 0.1259259259259259
0 0.06590084643288996 0.08564814814814815 0.036275695284159616 0.1287037037037037
0 0.1275695284159613 0.06018518518518518 0.03869407496977025 0.11666666666666667
0 0.06348246674727932 0.12083333333333333 0.030229746070133012 0.09907407407407408
0 0.0973397823458283 0.08796296296296297 0.03506650544135429 0.14074074074074075
0 0.04836759371221282 0.0824074074074074 0.037484885126964934 0.12962962962962962
0 0.14207980652962515 0.19814814814814816 0.02902055622732769 0.10925925925925926
0 0.22370012091898428 0.6037037037037037 0.03143893591293833 0.1425925925925926
0 0.23337363966142685 0.5685185185185185 0.03506650544135429 0.14074074074074075
0 0.15991535671100363 0.5861111111111111 0.04171704957678356 0.14074074074074075
0 0.20405078597339782 0.5921296296296297 0.039298669891172915 0.15462962962962962
0 0.21704957678355502 0.5333333333333333 0.045949214026602174 0.15185185185185185
0 0.17623941958887546 0.5324074074074074 0.0380894800483676 0.13703703703703704
0 0.6378476420798065 0.4824074074074074 0.03506650544135429 0.14814814814814814
0 0.4023579201934704 0.22824074074074074 0.03204353083434099 0.12685185185185185
0 0.42200725513905685 0.2310185185185185 0.02781136638452237 0.12685185185185185
0 0.6124546553808948 0.4671296296296296 0.032648125755743655 0.15092592592592594
0 0.06106408706166868 0.8189814814814815 0.0471584038694075 0.15462962962962962
0 0.16928657799274485 0.8935185185185185 0.03990326481257558 0.13703703703703704
0 0.23035066505441354 0.8199074074074074 0.053204353083434096 0.17314814814814813
0 0.2079806529625151 0.8824074074074074 0.0471584038694075 0.16111111111111112
0 0.1396614268440145 0.8592592592592593 0.0471584038694075 0.17037037037037037
0 0.09975816203143893 0.8138888888888889 0.041112454655380895 0.16666666666666666
0 0.26451027811366384 0.7930555555555555 0.044135429262394194 0.1712962962962963
0 0.1185006045949214 0.7 0.041112454655380895 0.16296296296296298
0 0.7732769044740024 0.5916666666666667 0.03990326481257558 0.13518518518518519
0 0.9863966142684402 0.8768518518518519 0.02599758162031439 0.13148148148148148
0 0.9597944377267231 0.9384259259259259 0.051390568319226115 0.125
0 0.8527811366384522 0.8481481481481481 0.034461910519951636 0.10925925925925926
0 0.8180169286577993 0.7851851851851852 0.05199516324062878 0.1685185185185185
0 0.06408706166868199 0.3236111111111111 0.04836759371221282 0.15462962962962962
0 0.13119709794437726 0.9291666666666667 0.060459492140266025 0.14351851851851852
0 0.8255743651753326 0.4050925925925926 0.039298669891172915 0.1398148148148148
0 0.7357920193470375 0.5532407407407407 0.03385731559854897 0.13240740740740742
0 0.7288391777509069 0.3736111111111111 0.04171704957678356 0.12314814814814815
0 0.7756952841596131 0.37175925925925923 0.03990326481257558 0.13796296296296295
0 0.7013301088270859 0.7717592592592593 0.03869407496977025 0.15462962962962962
0 0.2926239419588875 0.3675925925925926 0.044740024183796856 0.13703703703703704
0 0.2699516324062878 0.37175925925925923 0.034461910519951636 0.1287037037037037
0 0.5616686819830713 0.49166666666666664 0.032648125755743655 0.12407407407407407
0 0.2587666263603386 0.9685185185185186 0.04353083434099154 0.06481481481481481
0 0.4347037484885127 0.950925925925926 0.049576783555018135 0.1
0 0.5078597339782346 0.8064814814814815 0.049576783555018135 0.17962962962962964
0 0.45102781136638453 0.8569444444444444 0.0471584038694075 0.16203703703703703
0 0.5716444981862152 0.6134259259259259 0.044135429262394194 0.15462962962962962
0 0.5985489721886336 0.6305555555555555 0.0471584038694075 0.14814814814814814
0 0.34492140266021765 0.7824074074074074 0.046553808948004836 0.16296296296296298
0 0.5616686819830713 0.512962962962963 0.04353083434099154 0.13703703703703704
0 0.5423216444981862 0.5078703703703704 0.02539298669891173 0.10648148148148148
0 0.5894800483675937 0.600925925925926 0.03990326481257558 0.1574074074074074
0 0.5024183796856106 0.8537037037037037 0.056831922611850064 0.18703703703703703
0 0.35278113663845223 0.4675925925925926 0.03688029020556227 0.14074074074074075
0 0.2841596130592503 0.5583333333333333 0.045949214026602174 0.15925925925925927
0 0.38391777509068925 0.37222222222222223 0.03869407496977025 0.15185185185185185
0 0.5054413542926239 0.4236111111111111 0.03143893591293833 0.14351851851851852
0 0.3996372430471584 0.7611111111111111 0.04836759371221282 0.15555555555555556
0 0.4244256348246675 0.7412037037037037 0.041112454655380895 0.14907407407407408
0 0.37726723095526 0.7268518518518519 0.04232164449818621 0.17037037037037037
0 0.27690447400241835 0.18518518518518517 0.044740024183796856 0.1425925925925926
0 0.19105199516324062 0.053703703703703705 0.02781136638452237 0.10555555555555556
0 0.21009673518742442 0.05648148148148148 0.03204353083434099 0.1111111111111111
0 0.008766626360338573 0.9074074074074074 0.016324062877871828 0.17592592592592593
0 0.005441354292623942 0.20277777777777778 0.009673518742442563 0.12037037037037036
0 0.24486094316807738 0.19027777777777777 0.03143893591293833 0.1398148148148148
0 0.5619709794437727 0.6763888888888889 0.044135429262394194 0.15462962962962962
0 0.33615477629987905 0.6541666666666667 0.03990326481257558 0.1675925925925926
0 0.40477629987908104 0.6388888888888888 0.042926239419588876 0.14629629629629629
0 0.6819830713422007 0.6898148148148148 0.045949214026602174 0.14629629629629629
0 0.2663240628778718 0.45 0.034461910519951636 0.14444444444444443
0 0.4948609431680774 0.5296296296296297 0.03688029020556227 0.13703703703703704
0 0.4727932285368803 0.500462962962963 0.0471584038694075 0.13425925925925927
0 0.3730350665054414 0.36157407407407405 0.03869407496977025 0.14537037037037037
0 0.33222490931076176 0.5611111111111111 0.034461910519951636 0.1425925925925926
0 0.4752116082224909 0.39537037037037037 0.03506650544135429 0.14074074074074075
0 0.5069528415961306 0.39490740740740743 0.0380894800483676 0.14537037037037037
0 0.435912938331318 0.5435185185185185 0.03869407496977025 0.1574074074074074
0 0.21342200725513905 0.19444444444444445 0.02781136638452237 0.11851851851851852
0 0.6653567110036276 0.7699074074074074 0.05501813784764208 0.15462962962962962
0 0.4709794437726723 0.44166666666666665 0.030229746070133012 0.11851851851851852
0 0.5462515114873036 0.31805555555555554 0.044135429262394194 0.14907407407407408
