0 0.041112454655380895 0.2152777777777778 0.036275695284159616 0.12129629629629629
0 0.06741233373639662 0.21296296296296297 0.04050785973397823 0.1388888888888889
0 0.08403869407496976 0.17824074074074073 0.036275695284159616 0.13240740740740742
0 0.12454655380894801 0.17824074074074073 0.04232164449818621 0.13055555555555556
0 0.17714631197097944 0.15694444444444444 0.041112454655380895 0.14537037037037037
0 0.08524788391777509 0.03333333333333333 0.032648125755743655 0.06481481481481481
0 0.2400241837968561 0.0824074074074074 0.03385731559854897 0.13703703703703704
0 0.1735187424425635 0.03564814814814815 0.02902055622732769 0.06944444444444445
0 0.20314389359129384 0.04953703703703704 0.03385731559854897 0.09722222222222222
0 0.2240024183796856 0.037037037037037035 0.03688029020556227 0.07222222222222222
0 0.16021765417170497 0.02824074074074074 0.032648125755743655 0.05462962962962963
0 0.5087666263603385 0.25462962962962965 0.03204353083434099 0.12037037037037036
0 0.3645707376058041 0.07314814814814814 0.032648125755743655 0.11851851851851852
0 0.28960096735187424 0.2518518518518518 0.03869407496977025 0.13518518518518519
0 0.46856106408706166 0.22916666666666666 0.04232164449818621 0.13425925925925927
0 0.4758162031438936 0.13287037037037036 0.032648125755743655 0.11574074074074074
0 0.4347037484885127 0.1300925925925926 0.03869407496977025 0.13055555555555556
0 0.4758162031438936 0.19722222222222222 0.032648125755743655 0.1259259259259259
0 0.5184401451027811 0.2013888888888889 0.034461910519951636 0.12129629629629629
0 0.5465538089480049 0.02175925925925926 0.02902055622732769 0.041666666666666664
0 0.5828295042321644 0.052314814814814814 0.030229746070133012 0.10277777777777777
0 0.6070133010882709 0.10694444444444444 0.02781136638452237 0.11574074074074074
0 0.5785973397823458 0.10462962962962963 0.03506650544135429 0.13148148148148148
0 0.5468561064087062 0.10694444444444444 0.03204353083434099 0.10462962962962963
0 0.9498186215235792 0.19027777777777777 0.03506650544135429 0.12314814814814815
0 0.9619105199516325 0.18055555555555555 0.030229746070133012 0.1259259259259259
0 0.9809552599758162 0.08657407407407407 0.03688029020556227 0.13425925925925927
0 0.9480048367593712 0.07037037037037037 0.032648125755743655 0.12407407407407407
0 0.903869407496977 0.1625 0.03506650544135429 0.13425925925925927
0 0.9244256348246674 0.08101851851851852 0.037484885126964934 0.13240740740740742
0 0.657496977025393 0.21157407407407408 0.03688029020556227 0.12314814814814815
0 0.6907496977025392 0.24675925925925926 0.039298669891172915 0.15092592592592594
0 0.713422007255139 0.24583333333333332 0.030229746070133012 0.12129629629629629
0 0.6251511487303507 0.06157407407407407 0.032648125755743655 0.10092592592592593
0 0.9265417170495768 0.14907407407407408 0.04171704957678356 0.14629629629629629
0 0.9165659008464329 0.11805555555555555 0.03506650544135429 0.12685185185185185
0 0.8760580411124547 0.12777777777777777 0.03385731559854897 0.13518518518518519
0 0.8334340991535671 0.175 0.034461910519951636 0.12962962962962962
0 0.8225513905683193 0.1763888888888889 0.03204353083434099 0.13425925925925927
0 0.8010882708585247 0.16435185185185186 0.032648125755743655 0.1398148148148148
0 0.6883313180169287 0.20879629629629629 0.03688029020556227 0.13425925925925927
0 0.6493349455864571 0.05277777777777778 0.032648125755743655 0.1037037037037037
0 0.9449818621523579 0.10833333333333334 0.037484885126964934 0.13518518518518519
0 0.971584038694075 0.12777777777777777 0.036275695284159616 0.11851851851851852
0 0.9050785973397824 0.08611111111111111 0.032648125755743655 0.12407407407407407
0 0.9800483675937122 0.2518518518518518 0.02781136638452237 0.1425925925925926
0 0.9897218863361548 0.2037037037037037 0.019347037484885126 0.13518518518518519
0 0.6837968561064087 0.06944444444444445 0.036275695284159616 0.10740740740740741
0 0.848851269649335 0.1537037037037037 0.03143893591293833 0.10925925925925926
0 0.3603385731559855 0.15185185185185185 0.03869407496977025 0.12777777777777777
0 0.3987303506650544 0.14444444444444443 0.03688029020556227 0.11666666666666667
0 0.567714631197098 0.037037037037037035 0.02539298669891173 0.07222222222222222
0 0.9153567110036276 0.04027777777777778 0.032648125755743655 0.0787037037037037
0 0.6683796856106409 0.07407407407407407 0.02720677146311971 0.09074074074074075
0 0.3766626360338573 0.575462962962963 0.036275695284159616 0.15462962962962962
0 0.06378476420798065 0.48703703703703705 0.034461910519951636 0.1425925925925926
0 0.060459492140266025 0.525 0.03990326481257558 0.1425925925925926
0 0.032345828295042324 0.500462962962963 0.03688029020556227 0.15648148148148147
0 0.09824667472793229 0.4912037037037037 0.03688029020556227 0.15092592592592594
0 0.8331318016928658 0.3773148148148148 0.037484885126964934 0.13240740740740742
0 0.8409915356711004 0.36018518518518516 0.036275695284159616 0.12037037037037036
0 0.2584643288996372 0.6875 0.044135429262394194 0.1712962962962963
0 0.2351874244256348 0.6708333333333333 0.04836759371221282 0.1675925925925926
0 0.3730350665054414 0.6643518518518519 0.03869407496977025 0.14537037037037037
0 0.23065296251511488 0.600462962962963 0.034461910519951636 0.14907407407407408
0 0.23428053204353083 0.5726851851851852 0.02962515114873035 0.1398148148148148
0 0.19165659008464328 0.5708333333333333 0.04232164449818621 0.13425925925925927
0 0.19800483675937122 0.5337962962962963 0.046553808948004836 0.15648148148148147
0 0.1457073760580411 0.5560185185185185 0.04353083434099154 0.14907407407407408
0 0.3733373639661427 0.24444444444444444 0.034461910519951636 0.12777777777777777
0 0.3948004836759371 0.25462962962962965 0.032648125755743655 0.12962962962962962
0 0.6115477629987908 0.46620370370370373 0.044135429262394194 0.125
0 0.6717049576783555 0.4847222222222222 0.04353083434099154 0.1398148148148148
0 0.23851269649334947 0.38333333333333336 0.035671100362756954 0.1425925925925926
0 0.2530229746070133 0.3990740740740741 0.034461910519951636 0.14629629629629629
0 0.26964933494558646 0.9462962962962963 0.041112454655380895 0.10925925925925926
0 0.22762998790810157 0.4986111111111111 0.039298669891172915 0.14722222222222223
0 0.30773881499395406 0.7870370370370371 0.05199516324062878 0.1648148148148148
0 0.1296856106408706 0.4847222222222222 0.039298669891172915 0.15648148148148147
0 0.3382708585247884 0.49537037037037035 0.03688029020556227 0.14074074074074075
0 0.19558645707376057 0.6731481481481482 0.03688029020556227 0.1537037037037037
0 0.5296251511487303 0.687962962962963 0.037484885126964934 0.13518518518518519
0 0.3573155985489722 0.7166666666666667 0.03990326481257558 0.1574074074074074
0 0.35761789600967353 0.7546296296296297 0.039298669891172915 0.1685185185185185
0 0.5813180169286578 0.6240740740740741 0.044135429262394194 0.1574074074074074
0 0.6178960096735188 0.6532407407407408 0.044740024183796856 0.16203703703703703
0 0.6384522370012092 0.6300925925925925 0.02902055622732769 0.13425925925925927
0 0.42926239419588874 0.7560185185185185 0.0471584038694075 0.14907407407407408
0 0.68409915356711 0.687962962962963 0.051390568319226115 0.15
0 0.3639661426844015 0.687962962962963 0.044740024183796856 0.15185185185185185
0 0.4537484885126965 0.5537037037037037 0.035671100362756954 0.13703703703703704
0 0.4446795646916566 0.5157407407407407 0.044135429262394194 0.10740740740740741
0 0.49425634824667475 0.6537037037037037 0.0501813784764208 0.1537037037037037
0 0.5589480048367593 0.6694444444444444 0.04171704957678356 0.1685185185185185
0 0.4111245465538089 0.031018518518518518 0.03143893591293833 0.06018518518518518
0 0.9836759371221282 0.3287037037037037 0.030229746070133012 0.10925925925925926
0 0.7584643288996372 0.8462962962962963 0.047762998790810154 0.1648148148148148
0 0.7956469165659008 0.8574074074074074 0.04232164449818621 0.15185185185185185
0 0.4265417170495768 0.6078703703703704 0.04534461910519952 0.14907407407407408
0 0.45949214026602175 0.5944444444444444 0.037484885126964934 0.13703703703703704
0 0.08766626360338574 0.7666666666666667 0.04836759371221282 0.15555555555555556
0 0.5405078597339782 0.7412037037037037 0.044740024183796856 0.1675925925925926
0 0.5716444981862152 0.7472222222222222 0.046553808948004836 0.1648148148148148
0 0.05078597339782346 0.7671296296296296 0.04232164449818621 0.14537037037037037
0 0.018440145102781136 0.36944444444444446 0.035671100362756954 0.12962962962962962
0 0.0501813784764208 0.37453703703703706 0.04232164449818621 0.14351851851851852
0 0.9730955259975816 0.2865740740740741 0.03204353083434099 0.12685185185185185
0 0.9501209189842805 0.32314814814814813 0.039298669891172915 0.1425925925925926
0 0.9507255139056832 0.2902777777777778 0.03688029020556227 0.12314814814814815
0 0.6100362756952842 0.7837962962962963 0.04353083434099154 0.1712962962962963
0 0.5719467956469165 0.7851851851851852 0.041112454655380895 0.15925925925925927
0 0.24637243047158403 0.6564814814814814 0.04171704957678356 0.1685185185185185
0 0.2926239419588875 0.6125 0.05199516324062878 0.16574074074074074
0 0.29171704957678357 0.6555555555555556 0.03688029020556227 0.1648148148148148
0 0.3349455864570738 0.3851851851851852 0.03506650544135429 0.12407407407407407
0 0.31650544135429265 0.4310185185185185 0.04171704957678356 0.15462962962962962
0 0.343409915356711 0.4134259259259259 0.03990326481257558 0.13425925925925927
0 0.3010882708585248 0.39537037037037037 0.032648125755743655 0.1425925925925926
0 0.8827085852478839 0.2949074074074074 0.03990326481257558 0.14907407407407408
0 0.14026602176541716 0.8541666666666666 0.03869407496977025 0.16574074074074074
0 0.1033857315598549 0.8416666666666667 0.04836759371221282 0.18703703703703703
0 0.4268440145102781 0.462037037037037 0.03990326481257558 0.14629629629629629
0 0.4189842805320435 0.43472222222222223 0.03143893591293833 0.13796296296296295
0 0.9198911729141476 0.8680555555555556 0.044135429262394194 0.1787037037037037
0 0.8860338573155986 0.8986111111111111 0.05501813784764208 0.16203703703703703
0 0.9803506650544136 0.7833333333333333 0.0380894800483676 0.1648148148148148
0 0.9353083434099153 0.7606481481481482 0.05562273276904474 0.15462962962962962
0 0.592503022974607 0.8578703703703704 0.0592503022974607 0.1824074074074074
0 0.5314389359129383 0.37083333333333335 0.03869407496977025 0.125
0 0.12394195888754535 0.6597222222222222 0.045949214026602174 0.18796296296296297
0 0.003929866989117291 0.7449074074074075 0.006650544135429262 0.15462962962962962
0 0.8978234582829504 0.6231481481481481 0.044740024183796856 0.17407407407407408
0 0.9313784764207981 0.6138888888888889 0.042926239419588876 0.1574074074074074
0 0.2076783555018138 0.2564814814814815 0.03204353083434099 0.12037037037037036
0 0.1777509068923821 0.2462962962962963 0.037484885126964934 0.13703703703703704
0 0.1094316807738815 0.21574074074074073 0.037484885126964934 0.14074074074074075
0 0.6444981862152358 0.44212962962962965 0.044740024183796856 0.1398148148148148
0 0.5495767835550182 0.8546296296296296 0.04232164449818621 0.12962962962962962
0 0.74546553808948 0.7759259259259259 0.041112454655380895 0.13518518518518519
0 0.7085852478839177 0.7648148148148148 0.049576783555018135 0.1648148148148148
0 0.12484885126964934 0.23796296296296296 0.034461910519951636 0.1259259259259259
0 0.719770253929867 0.7097222222222223 0.04050785973397823 0.15648148148148147
0 0.7533252720677146 0.6990740740740741 0.04353083434099154 0.1685185185185185
0 0.09189842805320435 0.7032407407407407 0.04836759371221282 0.14907407407407408
0 0.11305925030229746 0.7125 0.04353083434099154 0.16018518518518518
0 0.04534461910519952 0.711574074074074 0.037484885126964934 0.15648148148148147
0 0.6299879081015719 0.7837962962962963 0.032648125755743655 0.1287037037037037
0 0.6707980652962515 0.4439814814814815 0.03688029020556227 0.13240740740740742
0 0.7977629987908101 0.7944444444444444 0.05259975816203144 0.18518518518518517
0 0.7321644498186215 0.9712962962962963 0.04232164449818621 0.05925925925925926
0 0.8555018137847642 0.7462962962962963 0.041112454655380895 0.17592592592592593
0 0.8077388149939541 0.7527777777777778 0.044740024183796856 0.1685185185185185
0 0.8418984280532044 0.775 0.04050785973397823 0.17777777777777778
0 0.878174123337364 0.6824074074074075 0.039298669891172915 0.17407407407407408
0 0.3615477629987908 0.975462962962963 0.045949214026602174 0.05092592592592592
0 0.8570133010882709 0.25555555555555554 0.034461910519951636 0.1388888888888889
0 0.8555018137847642 0.22037037037037038 0.03869407496977025 0.12407407407407407
0 0.8712212817412334 0.40324074074074073 0.044740024183796856 0.14907407407407408
0 0.7043530834340992 0.4398148148148148 0.03869407496977025 0.14629629629629629
0 0.719770253929867 0.41712962962962963 0.039298669891172915 0.14907407407407408
0 0.4153567110036276 0.3050925925925926 0.03506650544135429 0.1287037037037037
0 0.44256348246674726 0.30648148148148147 0.03143893591293833 0.13703703703703704
0 0.6949818621523579 0.3388888888888889 0.03688029020556227 0.14814814814814814
0 0.6221281741233373 0.23425925925925925 0.036275695284159616 0.12962962962962962
0 0.5849455864570737 0.22175925925925927 0.047762998790810154 0.14351851851851852
0 0.19588875453446192 0.34305555555555556 0.04232164449818621 0.14351851851851852
0 0.18621523579201935 0.3768518518518518 0.04232164449818621 0.14629629629629629
0 0.015719467956469165 0.40694444444444444 0.030229746070133012 0.14907407407407408
0 0.11457073760580411 0.30787037037037035 0.039298669891172915 0.13425925925925927
0 0.009068923821039904 0.5152777777777777 0.016928657799274487 0.1398148148148148
0 0.11366384522370013 0.2777777777777778 0.036275695284159616 0.14074074074074075
0 0.011487303506650543 0.2935185185185185 0.02176541717049577 0.1574074074074074
0 0.06076178960096735 0.2722222222222222 0.0380894800483676 0.1425925925925926
0 0.8319226118500604 0.4 0.037484885126964934 0.14074074074074075
0 0.9407496977025392 0.3939814814814815 0.03385731559854897 0.11574074074074074
0 0.9607013301088271 0.39305555555555555 0.037484885126964934 0.13796296296296295
0 0.8890568319226119 0.3537037037037037 0.03688029020556227 0.14074074074074075
0 0.7735792019347038 0.16064814814814815 0.03083434099153567 0.1287037037037037
0 0.9407496977025392 0.35138888888888886 0.037484885126964934 0.15092592592592594
0 0.08645707376058041 0.37453703703703706 0.03506650544135429 0.13240740740740742
0 0.12212817412333736 0.36898148148148147 0.03506650544135429 0.14166666666666666
0 0.11185006045949214 0.3509259259259259 0.032648125755743655 0.14074074074074075
0 0.9223095525997581 0.23842592592592593 0.034461910519951636 0.1287037037037037
0 0.09673518742442563 0.4041666666666667 0.03385731559854897 0.12129629629629629
0 0.31257557436517536 0.2273148148148148 0.03506650544135429 0.13796296296296295
0 0.9014510278113664 0.3388888888888889 0.03506650544135429 0.13518518518518519
0 0.9334945586457074 0.2675925925925926 0.03869407496977025 0.12407407407407407
0 0.8996372430471584 0.3861111111111111 0.041112454655380895 0.13703703703703704
0 0.6680773881499396 0.775 0.044740024183796856 0.15185185185185185
0 0.02720677146311971 0.9296296296296296 0.053204353083434096 0.1425925925925926
0 0.27750906892382105 0.9583333333333334 0.036275695284159616 0.08518518518518518
0 0.9866989117291415 0.4027777777777778 0.02539298669891173 0.14629629629629629
0 0.6659613059250302 0.3560185185185185 0.034461910519951636 0.13796296296296295
0 0.23155985489721886 0.975 0.04232164449818621 0.05185185185185185
0 0.15507859733978235 0.9763888888888889 0.04171704957678356 0.049074074074074076
0 0.018742442563482467 0.8449074074074074 0.036275695284159616 0.18425925925925926
0 0.05350665054413543 0.825462962962963 0.044135429262394194 0.1638888888888889
