0 0.019347037484885126 0.6791666666666667 0.037484885126964934 0.1287037037037037
0 0.03325272067714631 0.6439814814814815 0.053204353083434096 0.16018518518518518
0 0.015417170495767836 0.6101851851851852 0.02962515114873035 0.1537037037037037
0 0.08464328899637243 0.6296296296296297 0.044740024183796856 0.1425925925925926
0 0.3482466747279323 0.2023148148148148 0.04232164449818621 0.1361111111111111
0 0.06831922611850061 0.17916666666666667 0.037484885126964934 0.12685185185185185
0 0.037484885126964934 0.16296296296296298 0.04232164449818621 0.13518518518518519
0 0.09613059250302297 0.14444444444444443 0.041112454655380895 0.13148148148148148
0 0.08313180169286578 0.11296296296296296 0.039298669891172915 0.13148148148148148
0 0.125453446191052 0.056018518518518516 0.039298669891172915 0.11018518518518519
0 0.07920193470374849 0.05324074074074074 0.030229746070133012 0.10462962962962963
0 0.23216444981862153 0.03518518518518519 0.03990326481257558 0.06851851851851852
0 0.2651148730350665 0.03564814814814815 0.03204353083434099 0.06944444444444445
0 0.4452841596130592 0.12731481481481483 0.03325272067714631 0.1287037037037037
0 0.4117291414752116 0.12777777777777777 0.037484885126964934 0.12407407407407407
0 0.3561064087061669 0.022685185185185187 0.037484885126964934 0.04351851851851852
0 0.3827085852478839 0.027777777777777776 0.037484885126964934 0.053703703703703705
0 0.3978234582829504 0.018055555555555554 0.032648125755743655 0.03425925925925926
0 0.5157194679564692 0.10092592592592593 0.03990326481257558 0.12407407407407407
0 0.5423216444981862 0.09259259259259259 0.03869407496977025 0.12407407407407407
0 0.6006650544135429 0.04351851851851852 0.03204353083434099 0.08518518518518518
0 0.660217654171705 0.05462962962962963 0.03990326481257558 0.10740740740740741
0 0.6257557436517533 0.04537037037037037 0.03506650544135429 0.08888888888888889
0 0.6919588875453446 0.05462962962962963 0.034461910519951636 0.10740740740740741
0 0.7330713422007256 0.2601851851851852 0.039298669891172915 0.1425925925925926
0 0.6118500604594922 0.1925925925925926 0.03990326481257558 0.14074074074074075
0 0.6789600967351874 0.18981481481481483 0.036275695284159616 0.13333333333333333
0 0.6324062877871826 0.1625 0.037484885126964934 0.12129629629629629
0 0.650241837968561 0.10138888888888889 0.03204353083434099 0.12314814814814815
0 0.6160822249093107 0.1050925925925926 0.03990326481257558 0.12685185185185185
0 0.7107013301088271 0.06435185185185185 0.034461910519951636 0.12685185185185185
0 0.7660217654171705 0.10416666666666667 0.036275695284159616 0.1287037037037037
0 0.7351874244256348 0.09166666666666666 0.03990326481257558 0.11851851851851852
0 0.7391172914147521 0.07592592592592592 0.03688029020556227 0.12407407407407407
0 0.9371221281741233 0.05787037037037037 0.03506650544135429 0.11388888888888889
0 0.9594921402660218 0.07453703703703704 0.03990326481257558 0.1287037037037037
0 0.9809552599758162 0.07083333333333333 0.03204353083434099 0.1175925925925926
0 0.9365175332527207 0.23564814814814813 0.03990326481257558 0.13796296296296295
0 0.9703748488512697 0.24953703703703703 0.037484885126964934 0.13240740740740742
0 0.5169286577992744 0.9606481481481481 0.03990326481257558 0.08055555555555556
0 0.5680169286577993 0.9148148148148149 0.05501813784764208 0.16111111111111112
0 0.1336154776299879 0.611574074074074 0.04232164449818621 0.15462962962962962
0 0.19105199516324062 0.6087962962962963 0.044740024183796856 0.14537037037037037
0 0.16898428053204353 0.575462962962963 0.04050785973397823 0.13796296296296295
0 0.21130592503022974 0.5745370370370371 0.039298669891172915 0.14907407407407408
0 0.19588875453446192 0.5148148148148148 0.03506650544135429 0.13518518518518519
0 0.17049576783555018 0.5189814814814815 0.03990326481257558 0.13425925925925927
0 0.02962515114873035 0.22037037037037038 0.04232164449818621 0.14629629629629629
0 0.058645707376058044 0.22453703703703703 0.04353083434099154 0.14907407407407408
0 0.7318621523579202 0.649074074074074 0.04897218863361548 0.1925925925925926
0 0.4419588875453446 0.2273148148148148 0.03385731559854897 0.13240740740740742
0 0.41203143893591293 0.21851851851851853 0.034461910519951636 0.13148148148148148
0 0.41717049576783555 0.23981481481481481 0.04232164449818621 0.14074074074074075
0 0.021463119709794438 0.48518518518518516 0.04171704957678356 0.15185185185185185
0 0.005441354292623942 0.47314814814814815 0.009673518742442563 0.16296296296296298
0 0.06680773881499395 0.4273148148148148 0.034461910519951636 0.14351851851851852
0 0.09220072551390568 0.42962962962962964 0.046553808948004836 0.1574074074074074
0 0.2968561064087062 0.2865740740740741 0.03990326481257558 0.13425925925925927
0 0.3044135429262394 0.48842592592592593 0.03688029020556227 0.13240740740740742
0 0.33585247883917774 0.362962962962963 0.044135429262394194 0.14814814814814814
0 0.3162031438935913 0.4513888888888889 0.044740024183796856 0.16018518518518518
0 0.3346432889963724 0.47638888888888886 0.044135429262394194 0.1675925925925926
0 0.3346432889963724 0.27685185185185185 0.044135429262394194 0.13703703703703704
0 0.36094316807738813 0.34074074074074073 0.036275695284159616 0.14814814814814814
0 0.26904474002418377 0.24259259259259258 0.037484885126964934 0.12962962962962962
0 0.28869407496977023 0.2513888888888889 0.03688029020556227 0.13240740740740742
0 0.6626360338573156 0.6412037037037037 0.04836759371221282 0.15648148148148147
0 0.6626360338573156 0.5912037037037037 0.05441354292623942 0.17685185185185184
0 0.7823458282950423 0.5861111111111111 0.041112454655380895 0.17962962962962964
0 0.8016928657799275 0.538425925925926 0.0471584038694075 0.1824074074074074
0 0.8195284159613059 0.5958333333333333 0.046553808948004836 0.18425925925925926
0 0.37605804111245467 0.21435185185185185 0.03990326481257558 0.13240740740740742
0 0.6980048367593712 0.22407407407407406 0.034461910519951636 0.11296296296296296
0 0.6983071342200725 0.3458333333333333 0.03506650544135429 0.13796296296296295
0 0.9268440145102781 0.43796296296296294 0.0471584038694075 0.12407407407407407
0 0.8914752116082225 0.5175925925925926 0.0562273276904474 0.1537037037037037
0 0.9818621523579202 0.524074074074074 0.03506650544135429 0.17592592592592593
0 0.8576178960096735 0.4777777777777778 0.0501813784764208 0.1425925925925926
0 0.9582829504232164 0.3148148148148148 0.032648125755743655 0.0962962962962963
0 0.9410519951632407 0.2847222222222222 0.044135429262394194 0.12685185185185185
0 0.9824667472793228 0.48194444444444445 0.03385731559854897 0.14351851851851852
0 0.9407496977025392 0.500462962962963 0.03990326481257558 0.14907407407407408
0 0.9839782345828295 0.42407407407407405 0.03083434099153567 0.13518518518518519
0 0.2158403869407497 0.15694444444444444 0.037484885126964934 0.13796296296296295
0 0.15810157194679564 0.4300925925925926 0.051390568319226115 0.15462962962962962
0 0.7660217654171705 0.13842592592592592 0.037484885126964934 0.12129629629629629
0 0.9848851269649335 0.3509259259259259 0.02902055622732769 0.1259259259259259
0 0.8893591293833132 0.40694444444444444 0.04353083434099154 0.15648148148148147
0 0.9516324062877872 0.3453703703703704 0.03385731559854897 0.12407407407407407
0 0.6363361547762999 0.2074074074074074 0.03204353083434099 0.11296296296296296
0 0.8905683192261185 0.4439814814814815 0.04353083434099154 0.15092592592592594
0 0.8615477629987908 0.4212962962962963 0.03506650544135429 0.11296296296296296
0 0.9431680773881499 0.38472222222222224 0.03990326481257558 0.15648148148148147
0 0.7548367593712213 0.6731481481481482 0.04171704957678356 0.16296296296296298
0 0.7805320435308344 0.6606481481481481 0.03869407496977025 0.13796296296296295
0 0.8890568319226119 0.6930555555555555 0.051390568319226115 0.1712962962962963
0 0.8814993954050786 0.5337962962962963 0.049576783555018135 0.1935185185185185
0 0.9709794437726723 0.875462962962963 0.053204353083434096 0.18425925925925926
0 0.9461910519951633 0.736574074074074 0.0471584038694075 0.15648148148148147
0 0.8609431680773881 0.7481481481481481 0.05562273276904474 0.15555555555555556
0 0.9117291414752116 0.7430555555555556 0.04836759371221282 0.1935185185185185
0 0.8966142684401451 0.6134259259259259 0.045949214026602174 0.15092592592592594
0 0.9703748488512697 0.5847222222222223 0.03869407496977025 0.15092592592592594
0 0.8869407496977025 0.8398148148148148 0.049576783555018135 0.17407407407407408
0 0.7430471584038694 0.35694444444444445 0.03990326481257558 0.12129629629629629
0 0.7847642079806529 0.3587962962962963 0.04232164449818621 0.14351851851851852
0 0.9262394195888755 0.9027777777777778 0.05441354292623942 0.1814814814814815
0 0.9286577992744861 0.6611111111111111 0.045949214026602174 0.17037037037037037
0 0.8639661426844014 0.9486111111111111 0.05078597339782346 0.10277777777777777
0 0.08282950423216445 0.9023148148148148 0.0471584038694075 0.1712962962962963
0 0.3827085852478839 0.6157407407407407 0.04232164449818621 0.14814814814814814
0 0.2953446191051995 0.35138888888888886 0.044135429262394194 0.13796296296296295
0 0.28355501813784767 0.36712962962962964 0.03385731559854897 0.14351851851851852
0 0.8216444981862152 0.9462962962962963 0.05078597339782346 0.10740740740740741
0 0.874546553808948 0.8824074074074074 0.06590084643288996 0.18518518518518517
0 0.5532043530834341 0.49583333333333335 0.030229746070133012 0.12685185185185185
0 0.880894800483676 0.5939814814814814 0.044740024183796856 0.15092592592592594
0 0.9800483675937122 0.6476851851851851 0.03869407496977025 0.16018518518518518
0 0.2741837968561064 0.9601851851851851 0.04897218863361548 0.08148148148148149
0 0.44347037484885127 0.9439814814814815 0.05380894800483676 0.11388888888888889
0 0.5151148730350665 0.7967592592592593 0.049576783555018135 0.17685185185185184
0 0.46372430471584036 0.85 0.045949214026602174 0.16296296296296298
0 0.5719467956469165 0.5935185185185186 0.03990326481257558 0.1574074074074074
0 0.6133615477629988 0.6069444444444444 0.046553808948004836 0.15092592592592594
0 0.3561064087061669 0.7722222222222223 0.0471584038694075 0.1648148148148148
0 0.24486094316807738 0.7851851851851852 0.03990326481257558 0.1574074074074074
0 0.3047158403869408 0.7726851851851851 0.045949214026602174 0.15648148148148147
0 0.5873639661426844 0.5092592592592593 0.04171704957678356 0.13703703703703704
0 0.562273276904474 0.5162037037037037 0.030229746070133012 0.11018518518518519
0 0.6067110036275696 0.5787037037037037 0.04171704957678356 0.15185185185185185
0 0.5253929866989118 0.8444444444444444 0.041112454655380895 0.18888888888888888
0 0.3639661426844015 0.4476851851851852 0.04232164449818621 0.13796296296296295
0 0.468863361547763 0.587037037037037 0.044135429262394194 0.1685185185185185
0 0.3966142684401451 0.3527777777777778 0.04232164449818621 0.15185185185185185
0 0.501813784764208 0.4078703703703704 0.032648125755743655 0.13240740740740742
0 0.7100967351874244 0.912962962962963 0.058645707376058044 0.1648148148148148
0 0.6768440145102781 0.9398148148148148 0.04171704957678356 0.11851851851851852
0 0.40598548972188636 0.7069444444444445 0.03688029020556227 0.16574074074074074
0 0.4111245465538089 0.750462962962963 0.06892382103990327 0.16203703703703703
0 0.45042321644498184 0.7217592592592592 0.04232164449818621 0.16018518518518518
0 0.38905683192261187 0.7180555555555556 0.039298669891172915 0.1675925925925926
0 0.9220072551390568 0.9578703703703704 0.045949214026602174 0.0824074074074074
0 0.9353083434099153 0.5962962962962963 0.036275695284159616 0.14074074074074075
0 0.34522370012091896 0.11481481481481481 0.037484885126964934 0.14074074074074075
0 0.3092503022974607 0.0824074074074074 0.03204353083434099 0.11666666666666667
0 0.012394195888754534 0.8851851851851852 0.02357920193470375 0.18518518518518517
0 0.29897218863361547 0.11203703703703703 0.03204353083434099 0.13148148148148148
0 0.93409915356711 0.625462962962963 0.049576783555018135 0.16574074074074074
0 0.5734582829504232 0.6537037037037037 0.06590084643288996 0.17592592592592593
0 0.5477629987908101 0.6305555555555555 0.03990326481257558 0.1648148148148148
0 0.6937726723095526 0.675 0.044135429262394194 0.14814814814814814
0 0.279322853688029 0.44351851851851853 0.036275695284159616 0.14074074074074075
0 0.5120918984280532 0.5194444444444445 0.03506650544135429 0.13518518518518519
0 0.2762998790810157 0.7782407407407408 0.05078597339782346 0.15833333333333333
0 0.4969770253929867 0.49675925925925923 0.037484885126964934 0.14351851851851852
0 0.4153567110036276 0.3458333333333333 0.036275695284159616 0.13796296296296295
0 0.3639661426844015 0.40694444444444444 0.03990326481257558 0.14351851851851852
0 0.4818621523579202 0.3773148148148148 0.032648125755743655 0.14351851851851852
0 0.522067714631197 0.38935185185185184 0.03204353083434099 0.14907407407407408
0 0.4528415961305925 0.5305555555555556 0.0471584038694075 0.14814814814814814
0 0.32013301088270857 0.12314814814814815 0.034461910519951636 0.11851851851851852
0 0.3352478839177751 0.5925925925925926 0.047762998790810154 0.14814814814814814
0 0.4655380894800484 0.42592592592592593 0.037484885126964934 0.12037037037037036
0 0.49244256348246673 0.42453703703703705 0.02962515114873035 0.1175925925925926
0 0.007255139056831923 0.16944444444444445 0.013301088270858524 0.12407407407407407
