0 0.05703125 0.9481481481481482 0.0703125 0.10185185185185185
0 0.325 0.8958333333333334 0.07604166666666666 0.2064814814814815
0 0.28411458333333334 0.8425925925925926 0.08177083333333333 0.31296296296296294
0 0.2046875 0.8601851851851852 0.07395833333333333 0.2796296296296296
0 0.1734375 0.8453703703703703 0.0625 0.3074074074074074
0 0.8270833333333333 0.7462962962962963 0.06041666666666667 0.29259259259259257
0 0.7940104166666667 0.5773148148148148 0.049479166666666664 0.22870370370370371
0 0.08958333333333333 0.7546296296296297 0.06666666666666667 0.2537037037037037
0 0.023958333333333335 0.7708333333333334 0.046875 0.20092592592592592
0 0.8 0.49675925925925923 0.0375 0.1712962962962963
0 0.8828125 0.49166666666666664 0.05520833333333333 0.18518518518518517
0 0.8333333333333334 0.4898148148148148 0.040625 0.16296296296296298
0 0.8046875 0.47638888888888886 0.03854166666666667 0.1712962962962963
0 0.025260416666666667 0.7083333333333334 0.049479166666666664 0.28703703703703703
0 0.7046875 0.5115740740740741 0.04583333333333333 0.19537037037037036
0 0.22447916666666667 0.6592592592592592 0.051041666666666666 0.22407407407407406
0 0.16927083333333334 0.6509259259259259 0.053125 0.22962962962962963
0 0.25286458333333334 0.5449074074074074 0.044270833333333336 0.2064814814814815
0 0.39166666666666666 0.46064814814814814 0.04895833333333333 0.1787037037037037
0 0.3380208333333333 0.4398148148148148 0.041666666666666664 0.18518518518518517
0 0.29583333333333334 0.4217592592592593 0.036458333333333336 0.17685185185185184
0 0.46041666666666664 0.40925925925925927 0.040625 0.16296296296296298
0 0.4015625 0.3939814814814815 0.029166666666666667 0.1398148148148148
0 0.3768229166666667 0.3731481481481482 0.04010416666666667 0.16111111111111112
0 0.3263020833333333 0.3685185185185185 0.0359375 0.15185185185185185
0 0.49140625 0.35 0.0359375 0.13518518518518519
0 0.4674479166666667 0.3509259259259259 0.0296875 0.14074074074074075
0 0.5033854166666667 0.32592592592592595 0.033854166666666664 0.14629629629629629
0 0.44036458333333334 0.3421296296296296 0.027604166666666666 0.13425925925925927
0 0.41848958333333336 0.3365740740740741 0.025520833333333333 0.1287037037037037
0 0.4703125 0.32175925925925924 0.029166666666666667 0.1287037037037037
0 0.44192708333333336 0.2875 0.027604166666666666 0.12314814814814815
0 0.39739583333333334 0.3296296296296296 0.03229166666666667 0.12962962962962962
0 0.38307291666666665 0.3314814814814815 0.0296875 0.13703703703703704
0 0.41041666666666665 0.26944444444444443 0.029166666666666667 0.12407407407407407
0 0.3703125 0.2972222222222222 0.028125 0.12407407407407407
0 0.38307291666666665 0.275 0.0234375 0.09814814814814815
0 0.49296875 0.18425925925925926 0.025520833333333333 0.09444444444444444
0 0.7755208333333333 0.375 0.03958333333333333 0.17037037037037037
0 0.4083333333333333 0.28564814814814815 0.030208333333333334 0.13055555555555556
0 0.5260416666666666 0.42314814814814816 0.04375 0.1962962962962963
0 0.5010416666666667 0.42453703703703705 0.036458333333333336 0.19166666666666668
0 0.45729166666666665 0.30416666666666664 0.026041666666666668 0.11574074074074074
0 0.4080729166666667 0.300462962962963 0.0296875 0.12314814814814815
0 0.359375 0.3490740740740741 0.035416666666666666 0.1537037037037037
0 0.3763020833333333 0.25555555555555554 0.0234375 0.11296296296296296
0 0.5098958333333333 0.4888888888888889 0.04583333333333333 0.18518518518518517
0 0.47239583333333335 0.4787037037037037 0.046875 0.2
0 0.0890625 0.5518518518518518 0.04375 0.19814814814814816
0 0.13333333333333333 0.49953703703703706 0.042708333333333334 0.1935185185185185
0 0.8958333333333334 0.5893518518518519 0.046875 0.22685185185185186
0 0.6057291666666667 0.3763888888888889 0.030208333333333334 0.1361111111111111
0 0.7671875 0.3851851851851852 0.035416666666666666 0.1685185185185185
