0 0.23307291666666666 0.8277777777777777 0.0671875 0.24259259259259258
0 0.28958333333333336 0.8361111111111111 0.05520833333333333 0.25
0 0.32786458333333335 0.799537037037037 0.04635416666666667 0.21203703703703702
0 0.35104166666666664 0.8523148148148149 0.05520833333333333 0.23425925925925925
0 0.4049479166666667 0.8574074074074074 0.05677083333333333 0.22037037037037038
0 0.8075520833333333 0.5574074074074075 0.027604166666666666 0.09259259259259259
0 0.8333333333333334 0.7129629629629629 0.03958333333333333 0.18333333333333332
0 0.7515625 0.7449074074074075 0.04479166666666667 0.20092592592592592
0 0.6802083333333333 0.7435185185185185 0.05 0.1962962962962963
0 0.8216145833333334 0.6939814814814815 0.04010416666666667 0.18055555555555555
0 0.4453125 0.5421296296296296 0.023958333333333335 0.10648148148148148
0 0.47421875 0.5296296296296297 0.0296875 0.12222222222222222
0 0.434375 0.5689814814814815 0.027083333333333334 0.125
0 0.48359375 0.5583333333333333 0.030729166666666665 0.12407407407407407
0 0.4984375 0.5337962962962963 0.026041666666666668 0.11388888888888889
0 0.5393229166666667 0.5361111111111111 0.030729166666666665 0.1259259259259259
0 0.5119791666666667 0.5583333333333333 0.030208333333333334 0.12962962962962962
0 0.47421875 0.6481481481481481 0.0421875 0.17592592592592593
0 0.5010416666666667 0.6435185185185185 0.04375 0.16666666666666666
0 0.5348958333333333 0.6407407407407407 0.034375 0.15185185185185185
0 0.5606770833333333 0.6240740740740741 0.03177083333333333 0.1425925925925926
0 0.5911458333333334 0.6212962962962963 0.03229166666666667 0.15
0 0.5341145833333333 0.6782407407407407 0.044270833333333336 0.1675925925925926
0 0.5674479166666667 0.6986111111111111 0.03177083333333333 0.1287037037037037
0 0.6104166666666667 0.7055555555555556 0.040625 0.1925925925925926
0 0.6364583333333333 0.749537037037037 0.04375 0.20462962962962963
0 0.62578125 0.612037037037037 0.0296875 0.1425925925925926
0 0.01015625 0.9625 0.019270833333333334 0.075
0 0.7151041666666667 0.8490740740740741 0.04375 0.2037037037037037
0 0.8716145833333333 0.8282407407407407 0.0515625 0.21203703703703702
0 0.42291666666666666 0.5013888888888889 0.026041666666666668 0.10462962962962963
0 0.3932291666666667 0.48935185185185187 0.025 0.11574074074074074
0 0.7020833333333333 0.48055555555555557 0.026041666666666668 0.09074074074074075
