0 0.016324062877871828 0.29212962962962963 0.03143893591293833 0.14907407407407408
0 0.011487303506650543 0.25601851851851853 0.02176541717049577 0.13796296296296295
0 0.05229746070133011 0.24212962962962964 0.04171704957678356 0.13240740740740742
0 0.10247883917775091 0.23472222222222222 0.04171704957678356 0.14722222222222223
0 0.06348246674727932 0.0787037037037037 0.037484885126964934 0.13148148148148148
0 0.1587061668681983 0.1962962962962963 0.0380894800483676 0.14074074074074075
0 0.1414752116082225 0.08148148148148149 0.037484885126964934 0.12037037037037036
0 0.17835550181378476 0.09583333333333334 0.03385731559854897 0.13425925925925927
0 0.2067714631197098 0.08888888888888889 0.037484885126964934 0.13148148148148148
0 0.12273276904474002 0.0625 0.037484885126964934 0.12314814814814815
0 0.1717049576783555 0.059722222222222225 0.03506650544135429 0.1175925925925926
0 0.5296251511487303 0.35509259259259257 0.02902055622732769 0.12129629629629629
0 0.3346432889963724 0.11064814814814815 0.03204353083434099 0.1175925925925926
0 0.5021160822249093 0.03333333333333333 0.028415961305925032 0.06481481481481481
0 0.39298669891172916 0.31666666666666665 0.032648125755743655 0.13518518518518519
0 0.4857920193470375 0.3314814814814815 0.04171704957678356 0.14074074074074075
0 0.4939540507859734 0.20833333333333334 0.03385731559854897 0.1259259259259259
0 0.4546553808948005 0.20277777777777778 0.03990326481257558 0.13148148148148148
0 0.5719467956469165 0.274537037037037 0.036275695284159616 0.12685185185185185
0 0.6248488512696493 0.2875 0.0380894800483676 0.15462962962962962
0 0.5465538089480049 0.05324074074074074 0.032648125755743655 0.10462962962962963
0 0.5779927448609432 0.08796296296296297 0.030229746070133012 0.12962962962962962
0 0.6402660217654171 0.18194444444444444 0.02781136638452237 0.11574074074074074
0 0.593409915356711 0.1712962962962963 0.034461910519951636 0.13148148148148148
0 0.5662031438935913 0.1699074074074074 0.03083434099153567 0.10462962962962963
0 0.5625755743651754 0.06018518518518518 0.02962515114873035 0.1037037037037037
0 0.9537484885126964 0.25092592592592594 0.03204353083434099 0.12407407407407407
0 0.9770253929866989 0.24305555555555555 0.030229746070133012 0.12685185185185185
0 0.9746070133010882 0.15787037037037038 0.049576783555018135 0.13796296296296295
0 0.9383313180169287 0.225 0.032648125755743655 0.11296296296296296
0 0.9419588875453446 0.12361111111111112 0.032648125755743655 0.12685185185185185
0 0.9123337363966143 0.2152777777777778 0.03506650544135429 0.13425925925925927
0 0.9138452237001209 0.13287037037037036 0.03688029020556227 0.13240740740740742
0 0.7218863361547763 0.30787037037037035 0.032648125755743655 0.12314814814814815
0 0.7403264812575574 0.3365740740740741 0.04171704957678356 0.14537037037037037
0 0.7690447400241838 0.3435185185185185 0.030229746070133012 0.12962962962962962
0 0.6073155985489722 0.08935185185185185 0.03083434099153567 0.10648148148148148
0 0.6221281741233373 0.10787037037037037 0.032648125755743655 0.12685185185185185
0 0.9226118500604595 0.09166666666666666 0.03143893591293833 0.12037037037037036
0 0.8951027811366384 0.19305555555555556 0.042926239419588876 0.14537037037037037
0 0.8990326481257558 0.1638888888888889 0.037484885126964934 0.1259259259259259
0 0.8821039903264812 0.11018518518518519 0.037484885126964934 0.13518518518518519
0 0.6342200725513906 0.06712962962962964 0.030229746070133012 0.11944444444444445
0 0.8403869407496977 0.16157407407407406 0.03506650544135429 0.13240740740740742
0 0.6692865779927448 0.09027777777777778 0.037484885126964934 0.125
0 0.817714631197098 0.22268518518518518 0.034461910519951636 0.125
0 0.7983675937122128 0.21805555555555556 0.03083434099153567 0.13240740740740742
0 0.7711608222490931 0.2111111111111111 0.03325272067714631 0.1425925925925926
0 0.7070737605804112 0.09305555555555556 0.02962515114873035 0.13240740740740742
0 0.7212817412333736 0.033796296296296297 0.032648125755743655 0.06574074074074074
0 0.749093107617896 0.29768518518518516 0.03990326481257558 0.1398148148148148
0 0.6463119709794438 0.10185185185185185 0.032648125755743655 0.11851851851851852
0 0.9328899637243047 0.16620370370370371 0.037484885126964934 0.1361111111111111
0 0.9558645707376058 0.19537037037037036 0.036275695284159616 0.11851851851851852
0 0.9180773881499396 0.06111111111111111 0.02720677146311971 0.09814814814814815
0 0.6958887545344619 0.11064814814814815 0.036275695284159616 0.11018518518518519
0 0.68863361547763 0.06111111111111111 0.03385731559854897 0.10925925925925926
0 0.662031438935913 0.06157407407407407 0.03506650544135429 0.12129629629629629
0 0.8183192261185006 0.2 0.03204353083434099 0.11851851851851852
0 0.5810157194679565 0.05416666666666667 0.032648125755743655 0.10462962962962963
0 0.4265417170495768 0.2388888888888889 0.04171704957678356 0.1425925925925926
0 0.46342200725513905 0.23564814814814813 0.034461910519951636 0.12314814814814815
0 0.8633615477629988 0.15 0.032648125755743655 0.11296296296296296
0 0.6795646916565901 0.1175925925925926 0.026602176541717048 0.09074074074074075
0 0.3769649334945586 0.5819444444444445 0.03688029020556227 0.15092592592592594
0 0.06650544135429262 0.48703703703703705 0.036275695284159616 0.1425925925925926
0 0.06166868198307134 0.5259259259259259 0.041112454655380895 0.14444444444444443
0 0.031136638452237003 0.500462962962963 0.03688029020556227 0.15648148148148147
0 0.093409915356711 0.4949074074074074 0.0380894800483676 0.14722222222222223
0 0.845223700120919 0.38657407407407407 0.037484885126964934 0.12685185185185185
0 0.848851269649335 0.3648148148148148 0.037484885126964934 0.12037037037037036
0 0.26118500604594924 0.6902777777777778 0.044740024183796856 0.1675925925925926
0 0.23760580411124546 0.6759259259259259 0.03990326481257558 0.17037037037037037
0 0.37182587666263606 0.6726851851851852 0.032648125755743655 0.14537037037037037
0 0.2309552599758162 0.6013888888888889 0.03506650544135429 0.14537037037037037
0 0.23609431680773882 0.5782407407407407 0.02962515114873035 0.1398148148148148
0 0.19165659008464328 0.5791666666666667 0.04232164449818621 0.13425925925925927
0 0.19860943168077388 0.5388888888888889 0.04534461910519952 0.15555555555555556
0 0.15628778718258768 0.5652777777777778 0.044135429262394194 0.14907407407407408
0 0.373639661426844 0.24675925925925926 0.03506650544135429 0.12685185185185185
0 0.3948004836759371 0.25925925925925924 0.032648125755743655 0.12962962962962962
0 0.5937122128174124 0.524537037037037 0.04353083434099154 0.13240740740740742
0 0.6444981862152358 0.5393518518518519 0.044740024183796856 0.14907407407407408
0 0.24455864570737607 0.39490740740740743 0.04171704957678356 0.14351851851851852
0 0.2478839177750907 0.42453703703703705 0.03385731559854897 0.14537037037037037
0 0.2717654171704958 0.9518518518518518 0.04171704957678356 0.09814814814814815
0 0.14540507859733978 0.5212962962962963 0.04050785973397823 0.13703703703703704
0 0.30864570737605806 0.7953703703703704 0.051390568319226115 0.1648148148148148
0 0.10912938331318017 0.5680555555555555 0.04050785973397823 0.1675925925925926
0 0.33706166868198306 0.49722222222222223 0.03688029020556227 0.14074074074074075
0 0.14026602176541716 0.649074074074074 0.04232164449818621 0.1537037037037037
0 0.5810157194679565 0.7550925925925925 0.03990326481257558 0.13425925925925927
0 0.3573155985489722 0.725462962962963 0.041112454655380895 0.15648148148148147
0 0.35882708585247886 0.7560185185185185 0.04050785973397823 0.16944444444444445
0 0.5867593712212817 0.6393518518518518 0.044135429262394194 0.16574074074074074
0 0.6212212817412334 0.6708333333333333 0.044135429262394194 0.16203703703703703
0 0.6408706166868199 0.6541666666666667 0.02902055622732769 0.13425925925925927
0 0.43107617896009676 0.7615740740740741 0.0471584038694075 0.14907407407407408
0 0.6847037484885127 0.6986111111111111 0.05259975816203144 0.14907407407407408
0 0.2633010882708585 0.7657407407407407 0.0501813784764208 0.16296296296296298
0 0.4534461910519952 0.5587962962962963 0.032648125755743655 0.1361111111111111
0 0.4398428053204353 0.5217592592592593 0.039298669891172915 0.11944444444444445
0 0.5296251511487303 0.7333333333333333 0.05199516324062878 0.1648148148148148
0 0.6227327690447401 0.749537037037037 0.049576783555018135 0.1675925925925926
0 0.6342200725513906 0.7893518518518519 0.037484885126964934 0.12685185185185185
0 0.4147521160822249 0.03611111111111111 0.03143893591293833 0.07037037037037037
0 0.7823458282950423 0.912962962962963 0.045949214026602174 0.16296296296296298
0 0.8222490931076178 0.913425925925926 0.04232164449818621 0.1638888888888889
0 0.42503022974607013 0.6138888888888889 0.045949214026602174 0.14814814814814814
0 0.45163240628778717 0.5893518518518519 0.036275695284159616 0.14351851851851852
0 0.11819830713422007 0.837037037037037 0.04897218863361548 0.16296296296296298
0 0.5761789600967352 0.825925925925926 0.044740024183796856 0.1685185185185185
0 0.6154776299879081 0.8208333333333333 0.0471584038694075 0.16574074074074074
0 0.07164449818621524 0.8356481481481481 0.04171704957678356 0.14351851851851852
0 0.005441354292623942 0.44537037037037036 0.009673518742442563 0.12962962962962962
0 0.02781136638452237 0.4439814814814815 0.04232164449818621 0.14351851851851852
0 0.9794437726723095 0.3296296296296296 0.032648125755743655 0.1259259259259259
0 0.9588875453446191 0.3675925925925926 0.03990326481257558 0.1425925925925926
0 0.9558645707376058 0.3347222222222222 0.041112454655380895 0.12314814814814815
0 0.5973397823458283 0.8671296296296296 0.04836759371221282 0.1712962962962963
0 0.5592503022974608 0.8550925925925926 0.04353083434099154 0.16018518518518518
0 0.2953446191051995 0.6185185185185185 0.04897218863361548 0.16111111111111112
0 0.29474002418379686 0.6699074074074074 0.03688029020556227 0.15648148148148147
0 0.33373639661426846 0.4 0.037484885126964934 0.12962962962962962
0 0.3210399032648126 0.4388888888888889 0.04232164449818621 0.1537037037037037
0 0.34461910519951633 0.42314814814814816 0.03990326481257558 0.13518518518518519
0 0.3032043530834341 0.4023148148148148 0.035671100362756954 0.14722222222222223
0 0.9081015719467956 0.3611111111111111 0.03990326481257558 0.13148148148148148
0 0.9316807738814994 0.3736111111111111 0.03990326481257558 0.14907407407407408
0 0.1414752116082225 0.937037037037037 0.04353083434099154 0.12777777777777777
0 0.10399032648125756 0.9236111111111112 0.04836759371221282 0.15462962962962962
0 0.4957678355501814 0.48564814814814816 0.05441354292623942 0.15462962962962962
0 0.4159613059250302 0.4828703703703704 0.03990326481257558 0.14537037037037037
0 0.435912938331318 0.4666666666666667 0.036275695284159616 0.14814814814814814
0 0.9625151148730351 0.9453703703703704 0.04353083434099154 0.10555555555555556
0 0.9301692865779927 0.9648148148148148 0.04897218863361548 0.07222222222222222
0 0.9761185006045949 0.8893518518518518 0.046553808948004836 0.16203703703703703
0 0.5776904474002419 0.925 0.0562273276904474 0.15185185185185185
0 0.5652962515114873 0.46944444444444444 0.041112454655380895 0.14629629629629629
0 0.13059250302297462 0.737037037037037 0.04836759371221282 0.1685185185185185
0 0.9682587666263603 0.7537037037037037 0.04897218863361548 0.1814814814814815
0 0.12001209189842806 0.3162037037037037 0.03204353083434099 0.12129629629629629
0 0.10006045949214026 0.30416666666666664 0.03204353083434099 0.1398148148148148
0 0.046553808948004836 0.28055555555555556 0.037484885126964934 0.14074074074074075
0 0.6632406287787183 0.5023148148148148 0.0471584038694075 0.14351851851851852
0 0.5374848851269649 0.9384259259259259 0.04232164449818621 0.125
0 0.7291414752116082 0.9120370370370371 0.04232164449818621 0.15185185185185185
0 0.6970979443772672 0.899074074074074 0.05199516324062878 0.17777777777777778
0 0.07376058041112454 0.30277777777777776 0.03385731559854897 0.13148148148148148
0 0.6995163240628779 0.8282407407407407 0.044740024183796856 0.16018518518518518
0 0.7345828295042321 0.8087962962962963 0.04353083434099154 0.1675925925925926
0 0.08343409915356712 0.7541666666666667 0.04353083434099154 0.14907407407407408
0 0.10550181378476421 0.7791666666666667 0.044135429262394194 0.16574074074074074
0 0.04866989117291415 0.7810185185185186 0.042926239419588876 0.15648148148148147
0 0.6233373639661427 0.924537037037037 0.037484885126964934 0.13240740740740742
0 0.687726723095526 0.5050925925925925 0.034461910519951636 0.15648148148148147
0 0.8019951632406288 0.8472222222222222 0.051390568319226115 0.17962962962962964
0 0.880894800483676 0.7939814814814815 0.0471584038694075 0.1824074074074074
0 0.8307134220072552 0.8356481481481481 0.044740024183796856 0.1675925925925926
0 0.8582224909310762 0.8125 0.039298669891172915 0.1824074074074074
0 0.8842200725513906 0.7328703703703704 0.039298669891172915 0.17314814814814813
0 0.9516324062877872 0.2773148148148148 0.02781136638452237 0.13240740740740742
0 0.8573155985489722 0.20972222222222223 0.03143893591293833 0.12314814814814815
0 0.8458282950423216 0.4476851851851852 0.049576783555018135 0.14907407407407408
0 0.7164449818621523 0.5375 0.04232164449818621 0.14907407407407408
0 0.74546553808948 0.5217592592592593 0.045949214026602174 0.14907407407407408
0 0.4198911729141475 0.35694444444444445 0.034461910519951636 0.1287037037037037
0 0.4467956469165659 0.3611111111111111 0.03143893591293833 0.14074074074074075
0 0.7902055622732769 0.4703703703703704 0.041112454655380895 0.1537037037037037
0 0.6438935912938332 0.3148148148148148 0.037484885126964934 0.14074074074074075
0 0.6106408706166868 0.3037037037037037 0.04836759371221282 0.14629629629629629
0 0.1626360338573156 0.4060185185185185 0.045949214026602174 0.1287037037037037
0 0.15386940749697703 0.45740740740740743 0.04534461910519952 0.14629629629629629
0 0.05562273276904474 0.3912037037037037 0.044740024183796856 0.15092592592592594
0 0.005441354292623942 0.5689814814814815 0.009673518742442563 0.15462962962962962
0 0.029322853688029022 0.6069444444444444 0.039298669891172915 0.16203703703703703
0 0.05290205562273277 0.34444444444444444 0.03688029020556227 0.14074074074074075
0 0.016928657799274487 0.3476851851851852 0.032648125755743655 0.14351851851851852
0 0.7974607013301088 0.4324074074074074 0.04353083434099154 0.14074074074074075
0 0.9156590084643289 0.4638888888888889 0.034461910519951636 0.11666666666666667
0 0.9383313180169287 0.46064814814814814 0.041112454655380895 0.14537037037037037
0 0.870918984280532 0.4009259259259259 0.03688029020556227 0.14074074074074075
0 0.7442563482466747 0.19537037037037036 0.03506650544135429 0.12962962962962962
0 0.9416565900846433 0.42268518518518516 0.03688029020556227 0.15092592592592594
0 0.12243047158403869 0.36527777777777776 0.034461910519951636 0.13240740740740742
0 0.17140266021765418 0.3402777777777778 0.035671100362756954 0.1398148148148148
0 0.14812575574365175 0.33240740740740743 0.032648125755743655 0.14074074074074075
0 0.9268440145102781 0.28425925925925927 0.03506650544135429 0.12962962962962962
0 0.14600967351874244 0.38657407407407407 0.034461910519951636 0.125
0 0.41233373639661425 0.29907407407407405 0.03506650544135429 0.12777777777777777
0 0.898428053204353 0.39166666666666666 0.03506650544135429 0.13518518518518519
0 0.93409915356711 0.30648148148148147 0.03869407496977025 0.12407407407407407
0 0.968863361547763 0.4305555555555556 0.03325272067714631 0.13703703703703704
0 0.8839177750906893 0.4393518518518518 0.041112454655380895 0.13796296296296295
0 0.654776299879081 0.9013888888888889 0.044740024183796856 0.14351851851851852
0 0.17805320435308344 0.9537037037037037 0.04897218863361548 0.09444444444444444
0 0.9845828295042321 0.48518518518518516 0.028415961305925032 0.15925925925925927
0 0.75 0.487962962962963 0.042926239419588876 0.1425925925925926
0 0.05532043530834341 0.9842592592592593 0.039298669891172915 0.03333333333333333
0 0.03295042321644498 0.913425925925926 0.051390568319226115 0.1712962962962963
0 0.1124546553808948 0.8708333333333333 0.05441354292623942 0.1787037037037037
0 0.15568319226118502 0.8578703703703704 0.0501813784764208 0.16018518518518518
