0 0.011458333333333333 0.9587962962962963 0.021875 0.0824074074074074
0 0.06432291666666666 0.9435185185185185 0.0765625 0.11481481481481481
0 0.15859375 0.9527777777777777 0.0609375 0.0962962962962963
0 0.2015625 0.9208333333333333 0.078125 0.16018518518518518
0 0.2799479166666667 0.9467592592592593 0.0796875 0.10833333333333334
0 0.06796875 0.8555555555555555 0.07447916666666667 0.2759259259259259
0 0.17734375 0.7976851851851852 0.07552083333333333 0.27870370370370373
0 0.246875 0.8587962962962963 0.06145833333333333 0.27314814814814814
0 0.24114583333333334 0.8916666666666667 0.06979166666666667 0.21851851851851853
0 0.5419270833333333 0.8629629629629629 0.07135416666666666 0.2740740740740741
0 0.25807291666666665 0.6504629629629629 0.050520833333333334 0.262037037037037
0 0.3109375 0.6523148148148148 0.057291666666666664 0.25277777777777777
0 0.8526041666666667 0.5069444444444444 0.041666666666666664 0.18425925925925926
0 0.83359375 0.5037037037037037 0.04635416666666667 0.2074074074074074
0 0.76796875 0.5 0.0484375 0.18703703703703703
0 0.759375 0.49166666666666664 0.04375 0.21851851851851853
0 0.21458333333333332 0.5439814814814815 0.035416666666666666 0.17314814814814813
0 0.2557291666666667 0.5319444444444444 0.05625 0.23425925925925925
0 0.2950520833333333 0.5592592592592592 0.0484375 0.22962962962962963
0 0.5942708333333333 0.5356481481481481 0.04791666666666667 0.20277777777777778
0 0.42578125 0.5995370370370371 0.05572916666666667 0.24537037037037038
0 0.32005208333333335 0.43287037037037035 0.0359375 0.16203703703703703
0 0.3494791666666667 0.4263888888888889 0.036458333333333336 0.1787037037037037
0 0.37265625 0.4449074074074074 0.04010416666666667 0.1824074074074074
0 0.47890625 0.48333333333333334 0.050520833333333334 0.19074074074074074
0 0.51484375 0.5208333333333334 0.0359375 0.15648148148148147
0 0.7223958333333333 0.48194444444444445 0.046875 0.1787037037037037
0 0.4140625 0.44537037037037036 0.042708333333333334 0.17962962962962964
0 0.6703125 0.49074074074074076 0.05520833333333333 0.20185185185185187
0 0.5723958333333333 0.4615740740740741 0.04895833333333333 0.1675925925925926
0 0.49661458333333336 0.45601851851851855 0.04010416666666667 0.1824074074074074
0 0.3453125 0.3300925925925926 0.03229166666666667 0.15462962962962962
0 0.24921875 0.3523148148148148 0.03697916666666667 0.16203703703703703
0 0.32760416666666664 0.3736111111111111 0.03229166666666667 0.14351851851851852
0 0.3484375 0.3490740740740741 0.028125 0.1574074074074074
0 0.45234375 0.43657407407407406 0.0359375 0.18611111111111112
0 0.44921875 0.37916666666666665 0.04010416666666667 0.15092592592592594
0 0.7046875 0.4564814814814815 0.03854166666666667 0.1925925925925926
0 0.44166666666666665 0.3648148148148148 0.029166666666666667 0.14629629629629629
0 0.40234375 0.32685185185185184 0.0296875 0.14444444444444443
0 0.36432291666666666 0.3638888888888889 0.03177083333333333 0.14629629629629629
0 0.53828125 0.41435185185185186 0.0390625 0.19166666666666668
0 0.53125 0.35138888888888886 0.03229166666666667 0.14907407407407408
0 0.5692708333333333 0.3625 0.034375 0.14907407407407408
0 0.47369791666666666 0.32037037037037036 0.0296875 0.13518518518518519
0 0.43359375 0.25972222222222224 0.025520833333333333 0.12129629629629629
0 0.5203125 0.3287037037037037 0.030208333333333334 0.14629629629629629
0 0.5455729166666666 0.3277777777777778 0.03177083333333333 0.15555555555555556
0 0.5268229166666667 0.300462962962963 0.025520833333333333 0.1287037037037037
0 0.54765625 0.2513888888888889 0.027604166666666666 0.11018518518518519
0 0.5171875 0.24259259259259258 0.023958333333333335 0.10925925925925926
0 0.37395833333333334 0.25601851851851853 0.027083333333333334 0.1175925925925926
0 0.49192708333333335 0.2462962962962963 0.0296875 0.11851851851851852
0 0.3828125 0.27361111111111114 0.03125 0.12129629629629629
0 0.44557291666666665 0.2773148148148148 0.025520833333333333 0.10462962962962963
0 0.34713541666666664 0.2726851851851852 0.028645833333333332 0.1287037037037037
0 0.0546875 0.7023148148148148 0.05520833333333333 0.2564814814814815
0 0.4322916666666667 0.32407407407407407 0.03229166666666667 0.12962962962962962
0 0.45677083333333335 0.2611111111111111 0.028125 0.1259259259259259
0 0.4158854166666667 0.2657407407407407 0.025520833333333333 0.12407407407407407
0 0.5692708333333333 0.28379629629629627 0.025 0.10833333333333334
0 0.46875 0.26990740740740743 0.020833333333333332 0.08425925925925926
0 0.5934895833333333 0.33055555555555555 0.033854166666666664 0.14074074074074075
0 0.77265625 0.3453703703703704 0.03177083333333333 0.1685185185185185
0 0.37916666666666665 0.3189814814814815 0.03125 0.14351851851851852
0 0.7463541666666667 0.5171296296296296 0.06458333333333334 0.21574074074074073
