0 0.219770253929867 0.043055555555555555 0.03688029020556227 0.08425925925925926
0 0.28627569528415964 0.038425925925925926 0.03688029020556227 0.075
0 0.34401451027811364 0.03287037037037037 0.030229746070133012 0.06388888888888888
0 0.47218863361547764 0.053703703703703705 0.03143893591293833 0.0962962962962963
0 0.1523579201934704 0.06898148148148148 0.032648125755743655 0.125
0 0.4449818621523579 0.041666666666666664 0.036275695284159616 0.08148148148148149
0 0.23639661426844014 0.07037037037037037 0.026602176541717048 0.11851851851851852
0 0.2678355501813785 0.05462962962962963 0.037484885126964934 0.10740740740740741
0 0.9558645707376058 0.047685185185185185 0.03506650544135429 0.09351851851851851
0 0.6405683192261185 0.052314814814814814 0.04050785973397823 0.10277777777777777
0 0.6680773881499396 0.05185185185185185 0.030229746070133012 0.10185185185185185
0 0.936819830713422 0.06944444444444445 0.03204353083434099 0.11296296296296296
0 0.905683192261185 0.07731481481481481 0.03143893591293833 0.12685185185185185
0 0.9845828295042321 0.06898148148148148 0.028415961305925032 0.12685185185185185
0 0.10006045949214026 0.016203703703703703 0.03204353083434099 0.030555555555555555
0 0.42200725513905685 0.025 0.02176541717049577 0.04814814814814815
0 0.3851269649334946 0.5625 0.037484885126964934 0.16574074074074074
0 0.13694074969770254 0.41064814814814815 0.034461910519951636 0.14351851851851852
0 0.07013301088270858 0.500462962962963 0.036275695284159616 0.14537037037037037
0 0.046553808948004836 0.47314814814814815 0.032648125755743655 0.1574074074074074
0 0.10519951632406288 0.4828703703703704 0.03990326481257558 0.15648148148148147
0 0.8476420798065296 0.3902777777777778 0.037484885126964934 0.13240740740740742
0 0.8663845223700121 0.35648148148148145 0.03506650544135429 0.12407407407407407
0 0.2708585247883918 0.674537037037037 0.04353083434099154 0.1712962962962963
0 0.26088270858524787 0.6555555555555556 0.03688029020556227 0.1814814814814815
0 0.3766626360338573 0.6518518518518519 0.03506650544135429 0.14629629629629629
0 0.2288391777509069 0.586574074074074 0.034461910519951636 0.14907407407407408
0 0.24274486094316808 0.5592592592592592 0.02962515114873035 0.14074074074074075
0 0.19407496977025393 0.5634259259259259 0.04232164449818621 0.13425925925925927
0 0.2037484885126965 0.5236111111111111 0.04232164449818621 0.15648148148148147
0 0.1626360338573156 0.5472222222222223 0.04353083434099154 0.1648148148148148
0 0.38331318016928656 0.2324074074074074 0.03506650544135429 0.12962962962962962
0 0.40447400241837966 0.2388888888888889 0.032648125755743655 0.12962962962962962
0 0.7034461910519951 0.3814814814814815 0.044135429262394194 0.11481481481481481
0 0.7484885126964933 0.3972222222222222 0.04232164449818621 0.13703703703703704
0 0.24516324062877873 0.37453703703703706 0.034461910519951636 0.14351851851851852
0 0.23941958887545345 0.39490740740740743 0.037484885126964934 0.14537037037037037
0 0.9646311970979444 0.8638888888888889 0.04171704957678356 0.14444444444444443
0 0.2914147521160822 0.9643518518518519 0.0471584038694075 0.0712962962962963
0 0.3784764207980653 0.4393518518518518 0.03506650544135429 0.15648148148148147
0 0.3162031438935913 0.7791666666666667 0.0471584038694075 0.16944444444444445
0 0.9721886336154776 0.9055555555555556 0.053204353083434096 0.1685185185185185
0 0.9477025392986699 0.9125 0.034461910519951636 0.13240740740740742
0 0.2666263603385732 0.3416666666666667 0.03506650544135429 0.14814814814814814
0 0.34099153567110035 0.4777777777777778 0.037484885126964934 0.13148148148148148
0 0.343409915356711 0.6842592592592592 0.03990326481257558 0.1685185185185185
0 0.5202539298669892 0.6407407407407407 0.03325272067714631 0.1388888888888889
0 0.36577992744860943 0.7074074074074074 0.03990326481257558 0.1574074074074074
0 0.3697097944377267 0.7375 0.04171704957678356 0.16574074074074074
0 0.5864570737605804 0.6185185185185185 0.044740024183796856 0.1648148148148148
0 0.625453446191052 0.6375 0.04534461910519952 0.16944444444444445
0 0.4398428053204353 0.7407407407407407 0.042926239419588876 0.14814814814814814
0 0.6964933494558646 0.7074074074074074 0.05199516324062878 0.14814814814814814
0 0.49425634824667475 0.586574074074074 0.039298669891172915 0.16018518518518518
0 0.46130592503022977 0.5393518518518519 0.04232164449818621 0.14537037037037037
0 0.4492140266021765 0.5037037037037037 0.044740024183796856 0.10740740740740741
0 0.5208585247883918 0.587037037037037 0.0380894800483676 0.1537037037037037
0 0.5532043530834341 0.6212962962962963 0.041112454655380895 0.15185185185185185
0 0.41293833131801694 0.024074074074074074 0.03143893591293833 0.046296296296296294
0 0.6299879081015719 0.9407407407407408 0.05199516324062878 0.11851851851851852
0 0.7164449818621523 0.9629629629629629 0.03869407496977025 0.07592592592592592
0 0.9594921402660218 0.20925925925925926 0.03506650544135429 0.1037037037037037
0 0.7391172914147521 0.7398148148148148 0.044135429262394194 0.1574074074074074
0 0.7762998790810157 0.774074074074074 0.04232164449818621 0.15185185185185185
0 0.42986698911729143 0.5902777777777778 0.04232164449818621 0.15092592592592594
0 0.46372430471584036 0.5898148148148148 0.030229746070133012 0.14814814814814814
0 0.14117291414752117 0.9375 0.046553808948004836 0.12685185185185185
0 0.5380894800483675 0.6949074074074074 0.044740024183796856 0.16574074074074074
0 0.5683192261185006 0.700462962962963 0.0471584038694075 0.16018518518518518
0 0.08403869407496976 0.5842592592592593 0.036275695284159616 0.14629629629629629
0 0.20223700120918983 0.22870370370370371 0.034461910519951636 0.11851851851851852
0 0.23367593712212817 0.22685185185185186 0.047762998790810154 0.14074074074074075
0 0.9600967351874244 0.16620370370370371 0.030229746070133012 0.12685185185185185
0 0.9325876662636033 0.20833333333333334 0.039298669891172915 0.12962962962962962
0 0.9528415961305925 0.17962962962962964 0.036275695284159616 0.12407407407407407
0 0.7194679564691656 0.575462962962963 0.0471584038694075 0.16203703703703703
0 0.6883313180169287 0.5888888888888889 0.03688029020556227 0.1425925925925926
0 0.6717049576783555 0.9254629629629629 0.053204353083434096 0.15092592592592594
0 0.24455864570737607 0.6328703703703704 0.0380894800483676 0.16018518518518518
0 0.27237001209189843 0.600462962962963 0.047762998790810154 0.15833333333333333
0 0.2992744860943168 0.6504629629629629 0.036275695284159616 0.1675925925925926
0 0.3143893591293833 0.39675925925925926 0.03506650544135429 0.1287037037037037
0 0.2327690447400242 0.43333333333333335 0.03506650544135429 0.14814814814814814
0 0.28234582829504234 0.4222222222222222 0.044740024183796856 0.12962962962962962
0 0.28174123337363965 0.38935185185185184 0.04232164449818621 0.14351851851851852
0 0.6151753325272068 0.2564814814814815 0.04171704957678356 0.13148148148148148
0 0.6257557436517533 0.2375 0.03385731559854897 0.13240740740740742
0 0.13452237001209189 0.649074074074074 0.039298669891172915 0.16296296296296298
0 0.0024183796856106408 0.6013888888888889 0.0036275695284159614 0.17314814814814813
0 0.7463724304715841 0.9712962962962963 0.039298669891172915 0.05925925925925926
0 0.11366384522370013 0.6217592592592592 0.044740024183796856 0.17314814814814813
0 0.9588875453446191 0.9537037037037037 0.05441354292623942 0.09259259259259259
0 0.9570737605804112 0.7282407407407407 0.07134220072551391 0.17685185185185184
0 0.5371825876662636 0.3300925925925926 0.039298669891172915 0.14907407407407408
0 0.50453446191052 0.3282407407407407 0.03688029020556227 0.13796296296296295
0 0.4818621523579202 0.3212962962962963 0.03869407496977025 0.1425925925925926
0 0.9201934703748489 0.6453703703703704 0.044740024183796856 0.16666666666666666
0 0.8657799274486094 0.6611111111111111 0.05199516324062878 0.1574074074074074
0 0.8675937122128174 0.5305555555555556 0.044740024183796856 0.15185185185185185
0 0.8258766626360339 0.5300925925925926 0.05199516324062878 0.1675925925925926
0 0.6720072551390568 0.6643518518518519 0.04897218863361548 0.16203703703703703
0 0.46039903264812576 0.20601851851851852 0.03325272067714631 0.1287037037037037
0 0.1837968561064087 0.35555555555555557 0.037484885126964934 0.15185185185185185
0 0.007859733978234583 0.5032407407407408 0.014510278113663845 0.14351851851851852
0 0.7620918984280532 0.34953703703703703 0.04171704957678356 0.15833333333333333
0 0.7914147521160823 0.3439814814814815 0.03506650544135429 0.14537037037037037
0 0.25181378476420796 0.17777777777777778 0.024788391777509067 0.13703703703703704
0 0.24365175332527206 0.11851851851851852 0.032648125755743655 0.13518518518518519
0 0.6324062877871826 0.4027777777777778 0.04353083434099154 0.14074074074074075
0 0.03385731559854897 0.5902777777777778 0.04232164449818621 0.15092592592592594
0 0.015114873035066506 0.5606481481481481 0.02902055622732769 0.16944444444444445
0 0.6568923821039904 0.663425925925926 0.02962515114873035 0.1287037037037037
0 0.7010278113663845 0.5027777777777778 0.03688029020556227 0.11851851851851852
0 0.6677750906892382 0.5092592592592593 0.04171704957678356 0.15185185185185185
0 0.2681378476420798 0.13796296296296295 0.03204353083434099 0.12037037037037036
0 0.6100362756952842 0.5023148148148148 0.04232164449818621 0.14351851851851852
0 0.6414752116082225 0.4837962962962963 0.03869407496977025 0.14907407407407408
0 0.13784764207980654 0.4976851851851852 0.044740024183796856 0.15092592592592594
0 0.13875453446191052 0.5273148148148148 0.039298669891172915 0.15462962962962962
0 0.10671100362756952 0.5476851851851852 0.03688029020556227 0.14907407407407408
0 0.5949214026602176 0.5472222222222223 0.02781136638452237 0.11481481481481481
0 0.6553808948004837 0.39305555555555555 0.03506650544135429 0.13055555555555556
0 0.5196493349455864 0.8050925925925926 0.06711003627569528 0.16574074074074074
0 0.27660217654171704 0.9856481481481482 0.04171704957678356 0.026851851851851852
0 0.1154776299879081 0.9893518518518518 0.020556227327690448 0.023148148148148147
0 0.281136638452237 0.887962962962963 0.04232164449818621 0.16296296296296298
0 0.7176541717049577 0.7703703703703704 0.06892382103990327 0.17222222222222222
0 0.6393591293833132 0.7648148148148148 0.05743651753325272 0.1537037037037037
0 0.777509068923821 0.7111111111111111 0.04353083434099154 0.17037037037037037
0 0.14631197097944376 0.8981481481481481 0.04836759371221282 0.17037037037037037
0 0.7684401451027811 0.6560185185185186 0.045949214026602174 0.15462962962962962
0 0.062273276904474005 0.7226851851851852 0.04836759371221282 0.1675925925925926
0 0.23337363966142685 0.8712962962962963 0.041112454655380895 0.17592592592592593
0 0.8022974607013301 0.31805555555555554 0.036275695284159616 0.14722222222222223
0 0.8041112454655381 0.2601851851851852 0.03990326481257558 0.12407407407407407
0 0.9217049576783555 0.2824074074074074 0.046553808948004836 0.1425925925925926
0 0.5816203143893591 0.2199074074074074 0.036275695284159616 0.1361111111111111
0 0.6058041112454655 0.2199074074074074 0.03506650544135429 0.13425925925925927
0 0.6704957678355502 0.24768518518518517 0.04353083434099154 0.1398148148148148
0 0.45163240628778717 0.11851851851851852 0.03385731559854897 0.11296296296296296
0 0.48639661426844016 0.12546296296296297 0.03083434099153567 0.1287037037037037
0 0.5544135429262395 0.11666666666666667 0.03385731559854897 0.13518518518518519
0 0.6045949214026602 0.06388888888888888 0.03506650544135429 0.12222222222222222
0 0.5701330108827086 0.05555555555555555 0.045949214026602174 0.10925925925925926
0 0.03506650544135429 0.36435185185185187 0.037484885126964934 0.1398148148148148
0 0.30259975816203144 0.19490740740740742 0.04171704957678356 0.1287037037037037
0 0.27267230955259975 0.19768518518518519 0.04232164449818621 0.12129629629629629
0 0.0903869407496977 0.19398148148148148 0.034461910519951636 0.13425925925925927
0 0.13270858524788393 0.2111111111111111 0.034461910519951636 0.14629629629629629
0 0.15719467956469166 0.20879629629629629 0.03385731559854897 0.14351851851851852
0 0.22037484885126965 0.1388888888888889 0.039298669891172915 0.12222222222222222
0 0.012394195888754534 0.3523148148148148 0.02357920193470375 0.1398148148148148
0 0.013301088270858524 0.19583333333333333 0.02539298669891173 0.14351851851851852
0 0.1094316807738815 0.3189814814814815 0.03869407496977025 0.1398148148148148
0 0.05441354292623942 0.125 0.03506650544135429 0.14074074074074075
0 0.18288996372430472 0.12824074074074074 0.034461910519951636 0.1398148148148148
0 0.011789600967351875 0.23935185185185184 0.022370012091898428 0.13796296296296295
0 0.005441354292623942 0.14351851851851852 0.009673518742442563 0.11851851851851852
0 0.10489721886336155 0.12083333333333333 0.03688029020556227 0.14537037037037037
0 0.16505441354292624 0.10694444444444444 0.03506650544135429 0.13425925925925927
0 0.9836759371221282 0.27685185185185185 0.03143893591293833 0.14629629629629629
0 0.8866384522370012 0.2967592592592593 0.042926239419588876 0.13425925925925927
0 0.8739419588875453 0.21342592592592594 0.034461910519951636 0.11574074074074074
0 0.9144498186215235 0.2263888888888889 0.02962515114873035 0.13796296296296295
0 0.840689238210399 0.16342592592592592 0.03688029020556227 0.1361111111111111
0 0.8860338573155986 0.10925925925925926 0.03204353083434099 0.12962962962962962
0 0.909310761789601 0.17314814814814813 0.032648125755743655 0.12407407407407407
0 0.017533252720677146 0.44351851851851853 0.03385731559854897 0.14814814814814814
0 0.04201934703748488 0.4185185185185185 0.03688029020556227 0.14629629629629629
0 0.023881499395405077 0.4027777777777778 0.03204353083434099 0.14074074074074075
0 0.9607013301088271 0.2675925925925926 0.036275695284159616 0.12037037037037036
0 0.9198911729141476 0.12916666666666668 0.03204353083434099 0.12129629629629629
0 0.03688029020556227 0.4601851851851852 0.03506650544135429 0.12407407407407407
0 0.020253929866989116 0.12314814814814815 0.03204353083434099 0.12037037037037036
0 0.1375453446191052 0.1625 0.03688029020556227 0.14537037037037037
0 0.046553808948004836 0.09074074074074075 0.03385731559854897 0.13518518518518519
0 0.012696493349455865 0.09768518518518518 0.02418379685610641 0.13425925925925927
0 0.1837968561064087 0.05555555555555555 0.030229746070133012 0.10925925925925926
0 0.8890568319226119 0.15833333333333333 0.034461910519951636 0.12962962962962962
0 0.9165659008464329 0.14351851851851852 0.03506650544135429 0.12407407407407407
0 0.8996372430471584 0.20046296296296295 0.030229746070133012 0.12685185185185185
0 0.9135429262394196 0.2523148148148148 0.03990326481257558 0.13796296296296295
0 0.11457073760580411 0.2023148148148148 0.03204353083434099 0.13240740740740742
0 0.6227327690447401 0.5263888888888889 0.037484885126964934 0.15092592592592594
0 0.522067714631197 0.09953703703703703 0.03204353083434099 0.125
0 0.003325272067714631 0.41759259259259257 0.005441354292623942 0.16296296296296298
0 0.1003627569528416 0.2763888888888889 0.032648125755743655 0.13796296296296295
