0 0.657496977025393 0.012962962962962963 0.024788391777509067 0.024074074074074074
0 0.6780532043530835 0.013888888888888888 0.02599758162031439 0.025925925925925925
0 0.9289600967351874 0.02361111111111111 0.03204353083434099 0.04537037037037037
0 0.9153567110036276 0.041666666666666664 0.03143893591293833 0.08148148148148149
0 0.9836759371221282 0.025925925925925925 0.02418379685610641 0.05
0 0.41233373639661425 0.024537037037037038 0.02176541717049577 0.04722222222222222
0 0.8473397823458283 0.9337962962962963 0.04897218863361548 0.13055555555555556
0 0.3866384522370012 0.5513888888888889 0.039298669891172915 0.15833333333333333
0 0.21281741233373638 0.34953703703703703 0.036275695284159616 0.13796296296296295
0 0.07708585247883917 0.49027777777777776 0.0380894800483676 0.14722222222222223
0 0.07345828295042321 0.43796296296296294 0.04050785973397823 0.15
0 0.10217654171704958 0.46805555555555556 0.04353083434099154 0.15092592592592594
0 0.8518742442563483 0.3800925925925926 0.037484885126964934 0.13240740740740742
0 0.8645707376058042 0.34675925925925927 0.03869407496977025 0.125
0 0.2750906892382104 0.6703703703703704 0.04353083434099154 0.1648148148148148
0 0.27690447400241835 0.6291666666666667 0.044740024183796856 0.15462962962962962
0 0.3814993954050786 0.6388888888888888 0.03506650544135429 0.14444444444444443
0 0.8107617896009673 0.9574074074074074 0.045949214026602174 0.08703703703703704
0 0.6711003627569528 0.9800925925925926 0.044740024183796856 0.041666666666666664
0 0.23125755743651755 0.5851851851851851 0.034461910519951636 0.14814814814814814
0 0.24486094316807738 0.5527777777777778 0.030229746070133012 0.1388888888888889
0 0.19740024183796856 0.5583333333333333 0.04050785973397823 0.13518518518518519
0 0.20646916565900847 0.5166666666666667 0.042926239419588876 0.15555555555555556
0 0.16384522370012092 0.5398148148148149 0.04353083434099154 0.1574074074074074
0 0.3845223700120919 0.22685185185185186 0.03385731559854897 0.12962962962962962
0 0.405683192261185 0.22962962962962963 0.03143893591293833 0.12962962962962962
0 0.717049576783555 0.3787037037037037 0.04353083434099154 0.11666666666666667
0 0.7503022974607013 0.38935185185185184 0.04232164449818621 0.13796296296296295
0 0.2590689238210399 0.37037037037037035 0.042926239419588876 0.14444444444444443
0 0.24274486094316808 0.38287037037037036 0.034461910519951636 0.14907407407407408
0 0.9570737605804112 0.7592592592592593 0.04232164449818621 0.13518518518518519
0 0.34794437726723093 0.9629629629629629 0.044135429262394194 0.07592592592592592
0 0.4419588875453446 0.4356481481481482 0.036275695284159616 0.14722222222222223
0 0.3177146311970979 0.7717592592592593 0.047762998790810154 0.16944444444444445
0 0.9770253929866989 0.8268518518518518 0.04353083434099154 0.1537037037037037
0 0.9359129383313181 0.8203703703703704 0.03990326481257558 0.12777777777777777
0 0.3954050785973398 0.34305555555555556 0.0471584038694075 0.1398148148148148
0 0.3473397823458283 0.4708333333333333 0.039298669891172915 0.13055555555555556
0 0.3503627569528416 0.6689814814814815 0.04534461910519952 0.1638888888888889
0 0.5108827085852479 0.6199074074074075 0.03869407496977025 0.15092592592592594
0 0.36698911729141476 0.700462962962963 0.037484885126964934 0.16018518518518518
0 0.3775695284159613 0.7282407407407407 0.044135429262394194 0.16574074074074074
0 0.5885731559854898 0.6111111111111112 0.044135429262394194 0.16111111111111112
0 0.6278718258766627 0.6300925925925925 0.044135429262394194 0.1638888888888889
0 0.6396614268440145 0.6129629629629629 0.03385731559854897 0.1259259259259259
0 0.43923821039903266 0.7328703703703704 0.044135429262394194 0.14722222222222223
0 0.6819830713422007 0.7148148148148148 0.05199516324062878 0.1425925925925926
0 0.5117896009673518 0.48657407407407405 0.04050785973397823 0.15092592592592594
0 0.46342200725513905 0.5337962962962963 0.04171704957678356 0.14351851851851852
0 0.45102781136638453 0.4962962962962963 0.045949214026602174 0.10740740740740741
0 0.5105804111245466 0.5606481481481481 0.04171704957678356 0.15462962962962962
0 0.5353688029020556 0.6023148148148149 0.044135429262394194 0.15833333333333333
0 0.4204957678355502 0.022222222222222223 0.02357920193470375 0.04259259259259259
0 0.40840386940749696 0.01898148148148148 0.022370012091898428 0.03611111111111111
0 0.22642079806529625 0.9652777777777778 0.046553808948004836 0.0712962962962963
0 0.713422007255139 0.8157407407407408 0.0471584038694075 0.1648148148148148
0 0.9876058041112454 0.6430555555555556 0.024788391777509067 0.14907407407407408
0 0.6405683192261185 0.8564814814814815 0.04534461910519952 0.1648148148148148
0 0.6723095525997581 0.8685185185185185 0.04836759371221282 0.15
0 0.9637243047158404 0.6421296296296296 0.053204353083434096 0.16018518518518518
0 0.7345828295042321 0.8907407407407407 0.04353083434099154 0.1574074074074074
0 0.967956469165659 0.17037037037037037 0.03143893591293833 0.09814814814814815
0 0.9567714631197098 0.9162037037037037 0.05985489721886336 0.16944444444444445
0 0.5199516324062878 0.9106481481481481 0.045949214026602174 0.14537037037037037
0 0.46342200725513905 0.9203703703703704 0.046553808948004836 0.12407407407407407
0 0.7043530834340992 0.6523148148148148 0.045949214026602174 0.16203703703703703
0 0.7119105199516325 0.6912037037037037 0.04050785973397823 0.14537037037037037
0 0.4316807738814994 0.586574074074074 0.03869407496977025 0.15092592592592594
0 0.466142684401451 0.5837962962962963 0.03506650544135429 0.14907407407407408
0 0.061970979443772674 0.65 0.046553808948004836 0.1648148148148148
0 0.15507859733978235 0.8375 0.046553808948004836 0.1712962962962963
0 0.5402055622732769 0.6856481481481481 0.042926239419588876 0.16574074074074074
0 0.5713422007255139 0.6939814814814815 0.04836759371221282 0.16018518518518518
0 0.11426844014510278 0.5268518518518519 0.037484885126964934 0.14444444444444443
0 0.22249093107617895 0.2101851851851852 0.03143893591293833 0.12037037037037036
0 0.2629987908101572 0.2074074074074074 0.044740024183796856 0.13518518518518519
0 0.9788391777509069 0.14444444444444443 0.03143893591293833 0.12222222222222222
0 0.9431680773881499 0.16712962962962963 0.03990326481257558 0.13240740740740742
0 0.9667472793228536 0.14629629629629629 0.036275695284159616 0.12037037037037036
0 0.7687424425634825 0.9731481481481481 0.04050785973397823 0.05555555555555555
0 0.7611850060459492 0.48148148148148145 0.037484885126964934 0.15555555555555556
0 0.7373035066505441 0.47685185185185186 0.039298669891172915 0.1388888888888889
0 0.7756952841596131 0.8032407407407407 0.053204353083434096 0.17314814814814813
0 0.24879081015719468 0.6217592592592592 0.04050785973397823 0.14722222222222223
0 0.2759975816203144 0.5935185185185186 0.05259975816203144 0.16296296296296298
0 0.2992744860943168 0.6240740740740741 0.045949214026602174 0.17407407407407408
0 0.24425634824667472 0.42777777777777776 0.036275695284159616 0.12777777777777777
0 0.12636033857315598 0.40694444444444444 0.03990326481257558 0.14537037037037037
0 0.1626360338573156 0.39814814814814814 0.037484885126964934 0.13148148148148148
0 0.25181378476420796 0.3962962962962963 0.042926239419588876 0.1425925925925926
0 0.46311970979443773 0.25 0.041112454655380895 0.12777777777777777
0 0.46523579201934706 0.2324074074074074 0.042926239419588876 0.13333333333333333
0 0.12817412333736397 0.575925925925926 0.03869407496977025 0.15
0 0.7693470374848851 0.9069444444444444 0.0501813784764208 0.14166666666666666
0 0.9579806529625151 0.8439814814814814 0.058645707376058044 0.1527777777777778
0 0.1033857315598549 0.5532407407407407 0.045949214026602174 0.1675925925925926
0 0.8881499395405078 0.8333333333333334 0.05804111245465538 0.17407407407407408
0 0.914752116082225 0.6268518518518519 0.06650544135429262 0.1814814814814815
0 0.5652962515114873 0.25925925925925924 0.03869407496977025 0.1425925925925926
0 0.529322853688029 0.2518518518518518 0.034461910519951636 0.14444444444444443
0 0.5054413542926239 0.25972222222222224 0.03506650544135429 0.13796296296296295
0 0.8627569528415961 0.5458333333333333 0.04836759371221282 0.16018518518518518
0 0.814993954050786 0.5555555555555556 0.05199516324062878 0.15185185185185185
0 0.7826481257557436 0.4375 0.047762998790810154 0.1398148148148148
0 0.7406287787182587 0.4361111111111111 0.049576783555018135 0.14629629629629629
0 0.685006045949214 0.5365740740740741 0.053204353083434096 0.16018518518518518
0 0.48095525997581623 0.13333333333333333 0.03325272067714631 0.12222222222222222
0 0.07406287787182587 0.34074074074074073 0.06711003627569528 0.1425925925925926
0 0.25967351874244254 0.262037037037037 0.04050785973397823 0.15
0 0.005139056831922612 0.4236111111111111 0.009068923821039904 0.14722222222222223
0 0.6732164449818622 0.25462962962962965 0.0380894800483676 0.14444444444444443
0 0.6955864570737605 0.24212962962962964 0.03688029020556227 0.1398148148148148
0 0.003929866989117291 0.5675925925925925 0.006650544135429262 0.17407407407407408
0 0.24365175332527206 0.16342592592592592 0.03143893591293833 0.1175925925925926
0 0.25332527206771466 0.10833333333333334 0.03143893591293833 0.12777777777777777
0 0.555925030229746 0.33796296296296297 0.039298669891172915 0.13518518518518519
0 0.048065296251511486 0.500462962962963 0.03688029020556227 0.14537037037037037
0 0.02902055622732769 0.48009259259259257 0.044740024183796856 0.15462962962962962
0 0.6553808948004837 0.5370370370370371 0.03506650544135429 0.11666666666666667
0 0.6221281741233373 0.42592592592592593 0.045949214026602174 0.11481481481481481
0 0.5846432889963724 0.42268518518518516 0.03990326481257558 0.14351851851851852
0 0.28567110036275695 0.11944444444444445 0.028415961305925032 0.12222222222222222
0 0.5822249093107618 0.40185185185185185 0.04232164449818621 0.14074074074074075
0 0.15386940749697703 0.4356481481481482 0.044135429262394194 0.16018518518518518
0 0.15719467956469166 0.45 0.03506650544135429 0.13703703703703704
0 0.13814993954050786 0.48148148148148145 0.03688029020556227 0.14444444444444443
0 0.5172309552599759 0.4444444444444444 0.03325272067714631 0.11851851851851852
0 0.5725513905683193 0.3236111111111111 0.032648125755743655 0.13425925925925927
0 0.3512696493349456 0.8291666666666667 0.04836759371221282 0.1787037037037037
0 0.06650544135429262 0.9453703703703704 0.044740024183796856 0.10740740740740741
0 0.15991535671100363 0.7833333333333333 0.04171704957678356 0.1574074074074074
0 0.3301088270858525 0.9875 0.037484885126964934 0.026851851851851852
0 0.5314389359129383 0.7949074074074074 0.05078597339782346 0.18425925925925926
0 0.44830713422007257 0.8027777777777778 0.051390568319226115 0.16111111111111112
0 0.6937726723095526 0.7546296296296297 0.06469165659008465 0.15925925925925927
0 0.058645707376058044 0.7861111111111111 0.05562273276904474 0.1648148148148148
0 0.7400241837968561 0.7296296296296296 0.04232164449818621 0.15555555555555556
0 0.12091898428053205 0.7462962962962963 0.05441354292623942 0.14444444444444443
0 0.8712212817412334 0.43287037037037035 0.0471584038694075 0.15462962962962962
0 0.8140870616686819 0.36064814814814816 0.044135429262394194 0.13425925925925927
0 0.9126360338573156 0.21296296296296297 0.047762998790810154 0.1388888888888889
0 0.5513905683192262 0.1597222222222222 0.03385731559854897 0.13796296296296295
0 0.5864570737605804 0.1537037037037037 0.03143893591293833 0.1259259259259259
0 0.5918984280532044 0.10231481481481482 0.037484885126964934 0.1287037037037037
0 0.4658403869407497 0.058333333333333334 0.03325272067714631 0.11481481481481481
0 0.5099758162031439 0.05648148148148148 0.02962515114873035 0.10740740740740741
0 0.5344619105199516 0.03796296296296296 0.036275695284159616 0.07407407407407407
0 0.6233373639661427 0.028703703703703703 0.032648125755743655 0.05555555555555555
0 0.5870616686819831 0.021296296296296296 0.02902055622732769 0.040740740740740744
0 0.1175937122128174 0.27685185185185185 0.034461910519951636 0.13333333333333333
0 0.33766626360338575 0.12129629629629629 0.042926239419588876 0.12962962962962962
0 0.3134824667472793 0.12777777777777777 0.03688029020556227 0.11666666666666667
0 0.14631197097944376 0.14166666666666666 0.03990326481257558 0.12962962962962962
0 0.17261185006045948 0.1425925925925926 0.042926239419588876 0.15185185185185185
0 0.2067714631197098 0.125 0.036275695284159616 0.14074074074074075
0 0.2512091898428053 0.06620370370370371 0.03688029020556227 0.11203703703703703
0 0.07648125755743652 0.2675925925925926 0.03325272067714631 0.12777777777777777
0 0.9851874244256348 0.337037037037037 0.028415961305925032 0.15
0 0.21553808948004838 0.2449074074074074 0.039298669891172915 0.13425925925925927
0 0.010580411124546553 0.27685185185185185 0.01995163240628779 0.13333333333333333
0 0.032345828295042324 0.29305555555555557 0.04171704957678356 0.14722222222222223
0 0.05894800483675937 0.26666666666666666 0.034461910519951636 0.13703703703703704
0 0.016928657799274487 0.21851851851851853 0.032648125755743655 0.12962962962962962
0 0.10459492140266022 0.05925925925925926 0.041112454655380895 0.11481481481481481
0 0.21644498186215236 0.06435185185185185 0.036275695284159616 0.12314814814814815
0 0.009975816203143894 0.1587962962962963 0.018742442563482467 0.1527777777777778
0 0.018742442563482467 0.0962962962962963 0.036275695284159616 0.1388888888888889
0 0.026602176541717048 0.07824074074074074 0.036275695284159616 0.13425925925925927
0 0.15840386940749698 0.06527777777777778 0.037484885126964934 0.12314814814814815
0 0.18712212817412333 0.043055555555555555 0.0380894800483676 0.08425925925925926
0 0.9761185006045949 0.21805555555555556 0.034461910519951636 0.1361111111111111
0 0.873639661426844 0.2175925925925926 0.04353083434099154 0.13148148148148148
0 0.8854292623941958 0.1486111111111111 0.034461910519951636 0.12314814814814815
0 0.9165659008464329 0.13703703703703704 0.03506650544135429 0.11851851851851852
0 0.8845223700120919 0.10185185185185185 0.037484885126964934 0.12777777777777777
0 0.8935912938331319 0.05 0.03506650544135429 0.09814814814814815
0 0.9549576783555018 0.11527777777777778 0.035671100362756954 0.125
0 0.0063482466747279325 0.4532407407407407 0.011487303506650543 0.14351851851851852
0 0.022974607013301087 0.4425925925925926 0.037484885126964934 0.14629629629629629
0 0.9573760580411125 0.21481481481481482 0.035671100362756954 0.12222222222222222
0 0.9461910519951633 0.08101851851851852 0.030229746070133012 0.10833333333333334
0 0.014510278113663845 0.48009259259259257 0.02781136638452237 0.13055555555555556
0 0.0782950423216445 0.03935185185185185 0.034461910519951636 0.07685185185185185
0 0.18802902055622733 0.08009259259259259 0.03869407496977025 0.12129629629629629
0 0.094316807738815 0.050462962962962966 0.03143893591293833 0.09907407407407408
0 0.1175937122128174 0.029166666666666667 0.03083434099153567 0.05648148148148148
0 0.9050785973397824 0.09305555555555556 0.03506650544135429 0.12314814814814815
0 0.9389359129383313 0.09490740740740741 0.03385731559854897 0.10462962962962963
0 0.914752116082225 0.1837962962962963 0.03990326481257558 0.13240740740740742
0 0.5465538089480049 0.4300925925925926 0.03990326481257558 0.13055555555555556
0 0.9885126964933495 0.34074074074074073 0.02176541717049577 0.1537037037037037
0 0.09703748488512697 0.32175925925925924 0.04171704957678356 0.14907407407407408
0 0.18409915356711004 0.23333333333333334 0.03688029020556227 0.1388888888888889
