0 0.05583972719522592 0.7625 0.045183290707587385 0.15227272727272728
0 0.05370843989769821 0.8340909090909091 0.05115089514066496 0.15681818181818183
0 0.13384484228473997 0.7960227272727273 0.03751065643648764 0.14204545454545456
0 0.6257459505541347 0.9784090909090909 0.05115089514066496 0.045454545454545456
0 0.6875532821824382 0.8920454545454546 0.04688832054560955 0.15
0 0.45439045183290705 0.8823863636363637 0.04603580562659847 0.1534090909090909
0 0.49019607843137253 0.8681818181818182 0.04603580562659847 0.15227272727272728
0 0.34441602728047743 0.7420454545454546 0.042625745950554135 0.14772727272727273
0 0.3111679454390452 0.7107954545454546 0.04774083546462063 0.1375
0 0.27365728900255754 0.7420454545454546 0.05115089514066496 0.1318181818181818
0 0.011082693947144074 0.7568181818181818 0.020460358056265986 0.1409090909090909
0 0.4820971867007673 0.7363636363636363 0.03836317135549872 0.15227272727272728
0 0.5140664961636828 0.7397727272727272 0.04603580562659847 0.15227272727272728
0 0.40664961636828645 0.9170454545454545 0.0443307757885763 0.1340909090909091
0 0.3836317135549872 0.5875 0.03751065643648764 0.1340909090909091
0 0.1308610400682012 0.5693181818181818 0.041773231031543054 0.13636363636363635
0 0.15899403239556692 0.5801136363636363 0.045183290707587385 0.12840909090909092
0 0.7476555839727195 0.6125 0.04603580562659847 0.15227272727272728
0 0.7280477408354646 0.9051136363636364 0.0443307757885763 0.15113636363636362
0 0.3393009377664109 0.5244318181818182 0.03751065643648764 0.12840909090909092
0 0.2988064791133845 0.5204545454545455 0.03836317135549872 0.12272727272727273
0 0.10443307757885763 0.5017045454545455 0.03836317135549872 0.13977272727272727
0 0.8725490196078431 0.04431818181818182 0.0247229326513214 0.08409090909090909
0 0.8529411764705882 0.8289772727272727 0.04859335038363171 0.14204545454545456
0 0.5038363171355499 0.5147727272727273 0.042625745950554135 0.11363636363636363
0 0.4437340153452685 0.5903409090909091 0.03836317135549872 0.13522727272727272
0 0.47911338448422847 0.5971590909090909 0.04092071611253197 0.1375
0 0.5485933503836317 0.7130681818181818 0.045183290707587385 0.12840909090909092
0 0.3103154305200341 0.07329545454545454 0.030690537084398978 0.10113636363636364
0 0.8081841432225064 0.39431818181818185 0.042625745950554135 0.10454545454545454
0 0.10485933503836317 0.990909090909091 0.03580562659846547 0.020454545454545454
0 0.28175618073316283 0.9715909090909091 0.045183290707587385 0.05909090909090909
0 0.20460358056265984 0.9784090909090909 0.0443307757885763 0.045454545454545456
0 0.23529411764705882 0.959659090909091 0.04774083546462063 0.08295454545454546
0 0.1466325660699062 0.9261363636363636 0.0443307757885763 0.14772727272727273
0 0.1824381926683717 0.9301136363636363 0.042625745950554135 0.14204545454545456
0 0.43052003410059675 0.024431818181818183 0.02557544757033248 0.04659090909090909
0 0.41261722080136404 0.026136363636363635 0.028985507246376812 0.05
0 0.34484228473998296 0.0125 0.028132992327365727 0.022727272727272728
0 0.2331628303495311 0.05227272727272727 0.028132992327365727 0.07954545454545454
0 0.7911338448422848 0.30625 0.03580562659846547 0.10795454545454546
0 0.8052003410059676 0.2119318181818182 0.03836317135549872 0.11704545454545455
0 0.8576300085251491 0.21704545454545454 0.03580562659846547 0.11818181818181818
0 0.8132992327365729 0.21988636363636363 0.03239556692242114 0.11477272727272728
0 0.829923273657289 0.05397727272727273 0.03495311167945439 0.09204545454545454
0 0.7212276214833759 0.38522727272727275 0.0392156862745098 0.125
0 0.49744245524296676 0.2852272727272727 0.03324808184143223 0.11136363636363636
0 0.5426257459505541 0.28238636363636366 0.03836317135549872 0.11931818181818182
0 0.8043478260869565 0.36022727272727273 0.03836317135549872 0.10454545454545454
0 0.7698209718670077 0.3880681818181818 0.04092071611253197 0.1215909090909091
0 0.7527706734867861 0.5488636363636363 0.03751065643648764 0.1318181818181818
0 0.8188405797101449 0.5034090909090909 0.028132992327365727 0.11818181818181818
0 0.7971014492753623 0.5943181818181819 0.03410059676044331 0.10454545454545454
0 0.850383631713555 0.5903409090909091 0.040068201193520885 0.13068181818181818
0 0.7996589940323956 0.5238636363636363 0.0392156862745098 0.12045454545454545
0 0.5605285592497868 0.4022727272727273 0.04688832054560955 0.12045454545454545
0 0.5345268542199488 0.4090909090909091 0.04092071611253197 0.12272727272727273
0 0.3248081841432225 0.26079545454545455 0.03580562659846547 0.11477272727272728
0 0.49701619778346123 0.10454545454545454 0.027280477408354646 0.08863636363636364
0 0.2693947144075021 0.01875 0.023870417732310314 0.035227272727272725
0 0.36061381074168797 0.03238636363636364 0.02557544757033248 0.0625
0 0.8188405797101449 0.3028409090909091 0.03836317135549872 0.10340909090909091
0 0.8358908780903666 0.6443181818181818 0.0247229326513214 0.10454545454545454
0 0.25234441602728047 0.04375 0.027280477408354646 0.07840909090909091
0 0.710997442455243 0.28920454545454544 0.05285592497868713 0.11477272727272728
0 0.8260869565217391 0.35909090909090907 0.042625745950554135 0.125
0 0.5541346973572038 0.35397727272727275 0.03410059676044331 0.10795454545454546
0 0.8073316283034954 0.31022727272727274 0.042625745950554135 0.10454545454545454
0 0.7791986359761296 0.4960227272727273 0.04092071611253197 0.11477272727272728
0 0.5247229326513214 0.10681818181818181 0.03324808184143223 0.09318181818181819
0 0.5524296675191815 0.5113636363636364 0.03751065643648764 0.1318181818181818
0 0.5788576300085252 0.3488636363636364 0.0392156862745098 0.125
0 0.6982097186700768 0.39602272727272725 0.03410059676044331 0.1215909090909091
0 0.7289002557544757 0.2 0.03410059676044331 0.11363636363636363
0 0.5575447570332481 0.038636363636363635 0.028985507246376812 0.075
0 0.5703324808184144 0.05397727272727273 0.028985507246376812 0.09431818181818181
0 0.8405797101449275 0.9698863636363636 0.05285592497868713 0.0625
0 0.8832054560954816 0.9517045454545454 0.04092071611253197 0.09886363636363636
0 0.6163682864450127 0.8295454545454546 0.0443307757885763 0.15454545454545454
0 0.6649616368286445 0.8278409090909091 0.04603580562659847 0.15795454545454546
0 0.7945439045183291 0.7380681818181818 0.0494458653026428 0.16022727272727272
0 0.8120204603580563 0.6392045454545454 0.045183290707587385 0.15568181818181817
0 0.8665814151747656 0.6517045454545455 0.03836317135549872 0.13295454545454546
0 0.7284739982949702 0.5255681818181818 0.041773231031543054 0.12840909090909092
0 0.24978687127024723 0.16477272727272727 0.030690537084398978 0.1
0 0.47911338448422847 0.3613636363636364 0.042625745950554135 0.12272727272727273
0 0.23529411764705882 0.39886363636363636 0.03239556692242114 0.10454545454545454
0 0.2591645353793691 0.39602272727272725 0.03410059676044331 0.11477272727272728
0 0.2847399829497016 0.4113636363636364 0.03410059676044331 0.09090909090909091
0 0.2907075873827792 0.25625 0.03580562659846547 0.11477272727272728
0 0.43307757885763 0.3340909090909091 0.03580562659846547 0.11136363636363636
0 0.31628303495311166 0.13977272727272727 0.03410059676044331 0.10454545454545454
0 0.1875532821824382 0.06420454545454546 0.027280477408354646 0.09204545454545454
0 0.30605285592497866 0.20681818181818182 0.028985507246376812 0.08409090909090909
0 0.5434782608695652 0.03636363636363636 0.03154305200341006 0.07045454545454545
0 0.44884910485933505 0.10113636363636364 0.03154305200341006 0.09545454545454546
0 0.47357203751065646 0.11136363636363636 0.03154305200341006 0.08636363636363636
0 0.20886615515771526 0.04318181818181818 0.028985507246376812 0.08409090909090909
0 0.1939471440750213 0.008522727272727272 0.03495311167945439 0.014772727272727272
0 0.3316283034953112 0.08579545454545455 0.030690537084398978 0.0875
0 0.49872122762148335 0.1278409090909091 0.03239556692242114 0.10340909090909091
0 0.7693947144075022 0.29715909090909093 0.041773231031543054 0.1215909090909091
0 0.386615515771526 0.033522727272727273 0.028132992327365727 0.06477272727272727
0 0.47144075021312876 0.03409090909090909 0.028985507246376812 0.0659090909090909
0 0.5217391304347826 0.3568181818181818 0.03751065643648764 0.10454545454545454
0 0.07459505541346974 0.9261363636363636 0.05029838022165388 0.13636363636363635
0 0.526001705029838 0.9488636363636364 0.042625745950554135 0.10227272727272728
0 0.5635123614663257 0.959659090909091 0.0392156862745098 0.08068181818181819
0 0.7749360613810742 0.9068181818181819 0.04774083546462063 0.15454545454545454
0 0.25021312872975277 0.68125 0.043478260869565216 0.1375
0 0.8167092924126172 0.8392045454545455 0.04092071611253197 0.1715909090909091
0 0.9147485080988917 0.8568181818181818 0.042625745950554135 0.1590909090909091
0 0.9428815004262575 0.8380681818181818 0.0392156862745098 0.16477272727272727
0 0.9292412617220801 0.7926136363636364 0.04774083546462063 0.15795454545454546
0 0.8751065643648764 0.5414772727272728 0.03836317135549872 0.12613636363636363
0 0.5882352941176471 0.2159090909090909 0.03239556692242114 0.09772727272727273
0 0.1628303495311168 0.022727272727272728 0.03239556692242114 0.04318181818181818
0 0.014919011082693947 0.5744318181818182 0.028132992327365727 0.12386363636363637
0 0.0247229326513214 0.5227272727272727 0.042625745950554135 0.12045454545454545
0 0.578005115089514 0.6988636363636364 0.0443307757885763 0.1409090909090909
0 0.07161125319693094 0.33352272727272725 0.03751065643648764 0.12840909090909092
0 0.226768968456948 0.5613636363636364 0.0392156862745098 0.14545454545454545
0 0.5294117647058824 0.5539772727272727 0.04092071611253197 0.12386363636363637
0 0.453537936913896 0.4329545454545455 0.03580562659846547 0.11363636363636363
0 0.32821824381926684 0.32329545454545455 0.03410059676044331 0.11477272727272728
0 0.057971014492753624 0.41818181818181815 0.04603580562659847 0.125
0 0.0076726342710997444 0.5397727272727273 0.013640238704177323 0.125
0 0.08610400682011936 0.35852272727272727 0.042625745950554135 0.11704545454545455
0 0.2830349531116795 0.5897727272727272 0.042625745950554135 0.13863636363636364
0 0.12702472293265132 0.35113636363636364 0.042625745950554135 0.11818181818181818
0 0.45439045183290705 0.18920454545454546 0.030690537084398978 0.09431818181818181
0 0.46717817561807334 0.5210227272727272 0.03580562659846547 0.1215909090909091
0 0.42412617220801363 0.42670454545454545 0.03836317135549872 0.12840909090909092
0 0.21739130434782608 0.05227272727272727 0.023870417732310314 0.08409090909090909
0 0.4641943734015345 0.40511363636363634 0.03495311167945439 0.1215909090909091
0 0.5370843989769821 0.4653409090909091 0.04092071611253197 0.13522727272727272
0 0.3597612958226769 0.32045454545454544 0.03239556692242114 0.12045454545454545
0 0.15601023017902813 0.2125 0.04092071611253197 0.09772727272727273
0 0.4185848252344416 0.27386363636363636 0.03580562659846547 0.09772727272727273
0 0.17902813299232737 0.33125 0.03751065643648764 0.11477272727272728
0 0.34612105711849955 0.27443181818181817 0.03580562659846547 0.1215909090909091
0 0.35720375106564367 0.19488636363636364 0.03239556692242114 0.10340909090909091
0 0.38448422847399827 0.19545454545454546 0.03239556692242114 0.11136363636363636
0 0.46504688832054564 0.25227272727272726 0.03836317135549872 0.11818181818181818
0 0.39727195225916456 0.26590909090909093 0.03410059676044331 0.10681818181818181
0 0.4322250639386189 0.18295454545454545 0.030690537084398978 0.10227272727272728
0 0.41091219096334186 0.19829545454545455 0.03239556692242114 0.10340909090909091
0 0.3103154305200341 0.18238636363636362 0.03410059676044331 0.11477272727272728
0 0.5285592497868713 0.1340909090909091 0.03239556692242114 0.10454545454545454
0 0.7519181585677749 0.33238636363636365 0.03580562659846547 0.11022727272727273
0 0.8780903665814151 0.22897727272727272 0.030690537084398978 0.10795454545454546
0 0.8546462063086104 0.4193181818181818 0.041773231031543054 0.11818181818181818
0 0.855072463768116 0.2255681818181818 0.03580562659846547 0.10795454545454546
0 0.8482523444160273 0.4005681818181818 0.042625745950554135 0.12386363636363637
0 0.8120204603580563 0.41647727272727275 0.03836317135549872 0.1215909090909091
0 0.7736572890025576 0.8522727272727273 0.05200341005967604 0.15454545454545454
0 0.08780903665814152 0.4460227272727273 0.04603580562659847 0.12840909090909092
0 0.4906223358908781 0.4119318181818182 0.03154305200341006 0.1215909090909091
0 0.37595907928388744 0.5125 0.0443307757885763 0.12045454545454545
0 0.6837169650468883 0.9801136363636364 0.03751065643648764 0.042045454545454546
0 0.5025575447570333 0.4 0.03154305200341006 0.10909090909090909
0 0.42625745950554134 0.4971590909090909 0.03751065643648764 0.12840909090909092
0 0.4356351236146633 0.1431818181818182 0.02557544757033248 0.08636363636363636
