0 0.00980392156862745 0.8710227272727272 0.017902813299232736 0.15795454545454546
0 0.10358056265984655 0.7392045454545455 0.04859335038363171 0.15113636363636362
0 0.056265984654731455 0.6738636363636363 0.0494458653026428 0.15227272727272728
0 0.11892583120204604 0.6738636363636363 0.05200341005967604 0.13863636363636364
0 0.731457800511509 0.8636363636363636 0.061381074168797956 0.16136363636363638
0 0.3640238704177323 0.6289772727272728 0.042625745950554135 0.14431818181818182
0 0.5439045183290707 0.8755681818181819 0.056265984654731455 0.1715909090909091
0 0.45737425404944587 0.8715909090909091 0.041773231031543054 0.17045454545454544
0 0.2855924978687127 0.36875 0.042625745950554135 0.11704545454545455
0 0.8772378516624041 0.6221590909090909 0.04774083546462063 0.14204545454545456
0 0.8273657289002557 0.6431818181818182 0.040068201193520885 0.12727272727272726
0 0.5370843989769821 0.34204545454545454 0.03580562659846547 0.12045454545454545
0 0.9096334185848253 0.8011363636363636 0.04774083546462063 0.15681818181818183
0 0.02855924978687127 0.94375 0.04859335038363171 0.1125
0 0.9156010230179028 0.9613636363636363 0.04774083546462063 0.07954545454545454
0 0.8776641091219096 0.8119318181818181 0.04859335038363171 0.15568181818181817
0 0.7549019607843137 0.6142045454545455 0.045183290707587385 0.14431818181818182
0 0.7971014492753623 0.6176136363636363 0.042625745950554135 0.12840909090909092
0 0.8589087809036658 0.19772727272727272 0.041773231031543054 0.11136363636363636
0 0.8312020460358056 0.19147727272727272 0.03751065643648764 0.11022727272727273
0 0.3422847399829497 0.3710227272727273 0.045183290707587385 0.1215909090909091
0 0.31798806479113384 0.37613636363636366 0.04774083546462063 0.11818181818181818
0 0.09974424552429667 0.30454545454545456 0.04092071611253197 0.11136363636363636
0 0.1526001705029838 0.26534090909090907 0.03410059676044331 0.11704545454545455
0 0.35080988917306055 0.32784090909090907 0.03495311167945439 0.12386363636363637
0 0.36828644501278773 0.33693181818181817 0.03410059676044331 0.10795454545454546
0 0.46888320545609546 0.6357954545454545 0.04603580562659847 0.15113636363636362
0 0.4215686274509804 0.3409090909090909 0.041773231031543054 0.11136363636363636
0 0.453537936913896 0.34545454545454546 0.042625745950554135 0.11136363636363636
0 0.4458653026427962 0.44943181818181815 0.04092071611253197 0.12613636363636363
0 0.4876385336743393 0.33636363636363636 0.0392156862745098 0.1
0 0.46462063086104005 0.2948863636363636 0.04092071611253197 0.11704545454545455
0 0.39855072463768115 0.2505681818181818 0.03836317135549872 0.10795454545454546
0 0.3712702472293265 0.25113636363636366 0.03665814151747655 0.1
0 0.16027280477408354 0.2028409090909091 0.03580562659846547 0.10795454545454546
0 0.1875532821824382 0.24772727272727274 0.0392156862745098 0.11363636363636363
0 0.1947996589940324 0.2784090909090909 0.03495311167945439 0.1159090909090909
0 0.2340153452685422 0.27954545454545454 0.03836317135549872 0.11136363636363636
0 0.22122762148337596 0.26079545454545455 0.03495311167945439 0.11477272727272728
0 0.26555839727195224 0.2278409090909091 0.041773231031543054 0.10113636363636364
0 0.4838022165387894 0.2585227272727273 0.041773231031543054 0.11704545454545455
0 0.4143222506393862 0.2159090909090909 0.04092071611253197 0.11363636363636363
0 0.45439045183290705 0.2034090909090909 0.03751065643648764 0.09772727272727273
0 0.3546462063086104 0.24772727272727274 0.03580562659846547 0.11818181818181818
0 0.4424552429667519 0.14886363636363636 0.0392156862745098 0.09318181818181819
0 0.2864450127877238 0.1375 0.0392156862745098 0.10681818181818181
0 0.5076726342710998 0.3801136363636364 0.041773231031543054 0.13295454545454546
0 0.022591645353793693 0.9255681818181818 0.043478260869565216 0.14431818181818182
0 0.2826086956521739 0.3221590909090909 0.045183290707587385 0.1215909090909091
0 0.4658994032395567 0.4238636363636364 0.045183290707587385 0.11363636363636363
0 0.24168797953964194 0.23863636363636365 0.03154305200341006 0.09090909090909091
0 0.011508951406649617 0.94375 0.021312872975277068 0.1125
0 0.8751065643648764 0.9681818181818181 0.05200341005967604 0.06363636363636363
0 0.2536231884057971 0.9664772727272727 0.05200341005967604 0.06704545454545455
0 0.3150042625745951 0.9613636363636363 0.05370843989769821 0.07954545454545454
0 0.3772378516624041 0.9676136363636364 0.05200341005967604 0.06477272727272727
0 0.01918158567774936 0.3130681818181818 0.03665814151747655 0.11477272727272728
0 0.2280477408354646 0.7488636363636364 0.05200341005967604 0.15227272727272728
0 0.05328218243819267 0.3159090909090909 0.03495311167945439 0.11136363636363636
0 0.04305200341005968 0.8744318181818181 0.05200341005967604 0.13295454545454546
0 0.32310315430520037 0.33693181818181817 0.03239556692242114 0.1215909090909091
0 0.8145780051150895 0.740909090909091 0.05541346973572037 0.15
0 0.8043478260869565 0.3721590909090909 0.03836317135549872 0.13068181818181818
0 0.7523444160272805 0.36704545454545456 0.03495311167945439 0.12045454545454545
0 0.7723785166240409 0.33693181818181817 0.04603580562659847 0.1215909090909091
0 0.7289002557544757 0.3301136363636364 0.042625745950554135 0.11704545454545455
0 0.8162830349531117 0.06420454545454546 0.03836317135549872 0.09659090909090909
0 0.11167945439045183 0.01875 0.03239556692242114 0.035227272727272725
0 0.2340153452685422 0.014204545454545454 0.03495311167945439 0.026136363636363635
0 0.2020460358056266 0.05795454545454545 0.030690537084398978 0.1
0 0.56692242114237 0.3494318181818182 0.03580562659846547 0.13068181818181818
0 0.2246376811594203 0.06647727272727273 0.03154305200341006 0.10340909090909091
0 0.27195225916453536 0.031818181818181815 0.03410059676044331 0.06136363636363636
0 0.30861040068201195 0.053409090909090906 0.028985507246376812 0.09772727272727273
0 0.3734015345268542 0.17670454545454545 0.028985507246376812 0.11477272727272728
0 0.3380221653878943 0.05625 0.028132992327365727 0.0875
0 0.3776641091219096 0.08806818181818182 0.03239556692242114 0.10340909090909091
0 0.38192668371696503 0.23295454545454544 0.03580562659846547 0.10454545454545454
0 0.48934356351236147 0.10909090909090909 0.03410059676044331 0.1
0 0.5183290707587382 0.11136363636363636 0.03580562659846547 0.10454545454545454
0 0.4215686274509804 0.06647727272727273 0.03154305200341006 0.09431818181818181
0 0.45012787723785164 0.07215909090909091 0.0392156862745098 0.09204545454545454
0 0.3721227621483376 0.015909090909090907 0.03154305200341006 0.029545454545454545
0 0.46462063086104005 0.14659090909090908 0.03751065643648764 0.09772727272727273
0 0.4092071611253197 0.013636363636363636 0.028985507246376812 0.025
0 0.4032395566922421 0.17897727272727273 0.03239556692242114 0.11477272727272728
