0 0.7958333333333333 0.687037037037037 0.071875 0.23333333333333334
0 0.2869791666666667 0.5907407407407408 0.04895833333333333 0.21851851851851853
0 0.84453125 0.5458333333333333 0.0515625 0.21203703703703702
0 0.58125 0.5199074074074074 0.04895833333333333 0.21574074074074073
0 0.5177083333333333 0.5212962962962963 0.046875 0.2037037037037037
0 0.24947916666666667 0.5259259259259259 0.04479166666666667 0.1962962962962963
0 0.7244791666666667 0.6087962962962963 0.05625 0.23981481481481481
0 0.5713541666666667 0.37037037037037035 0.030208333333333334 0.14629629629629629
0 0.57890625 0.3819444444444444 0.027604166666666666 0.13796296296296295
0 0.51875 0.3787037037037037 0.030208333333333334 0.14444444444444443
0 0.8013020833333333 0.3597222222222222 0.0296875 0.15462962962962962
0 0.4890625 0.4078703703703704 0.035416666666666666 0.15648148148148147
0 0.16979166666666667 0.587037037037037 0.053125 0.22407407407407406
0 0.403125 0.3421296296296296 0.03125 0.13796296296296295
0 0.37265625 0.33240740740740743 0.033854166666666664 0.14074074074074075
0 0.3109375 0.36018518518518516 0.035416666666666666 0.14814814814814814
0 0.42552083333333335 0.3175925925925926 0.03125 0.13148148148148148
0 0.4278645833333333 0.27546296296296297 0.028645833333333332 0.11018518518518519
0 0.4036458333333333 0.2796296296296296 0.03125 0.12407407407407407
0 0.3921875 0.2671296296296296 0.028125 0.10462962962962963
0 0.3651041666666667 0.2740740740740741 0.027083333333333334 0.12962962962962962
0 0.6208333333333333 0.6731481481481482 0.04895833333333333 0.29074074074074074
0 0.5359375 0.6662037037037037 0.05416666666666667 0.2712962962962963
0 0.57109375 0.8 0.0703125 0.2796296296296296
0 0.5145833333333333 0.7976851851851852 0.06979166666666667 0.3175925925925926
0 0.09635416666666667 0.562962962962963 0.04479166666666667 0.1962962962962963
0 0.35260416666666666 0.4185185185185185 0.034375 0.15925925925925927
0 0.621875 0.5337962962962963 0.06458333333333334 0.21574074074074073
0 0.7546875 0.4527777777777778 0.03333333333333333 0.20185185185185187
0 0.5770833333333333 0.45740740740740743 0.036458333333333336 0.18703703703703703
0 0.7828125 0.44537037037037036 0.04583333333333333 0.19814814814814816
0 0.18854166666666666 0.7662037037037037 0.0625 0.33425925925925926
0 0.28541666666666665 0.462037037037037 0.040625 0.17407407407407408
0 0.34765625 0.836574074074074 0.06302083333333333 0.2972222222222222
0 0.7299479166666667 0.4949074074074074 0.0515625 0.19166666666666668
