0 0.4362152357920194 0.711574074074074 0.04534461910519952 0.1675925925925926
0 0.47158403869407495 0.7064814814814815 0.04232164449818621 0.15185185185185185
0 0.4758162031438936 0.8777777777777778 0.049576783555018135 0.17962962962962964
0 0.4655380894800484 0.9629629629629629 0.053204353083434096 0.07592592592592592
0 0.5048367593712213 0.8611111111111112 0.044740024183796856 0.1574074074074074
0 0.5235792019347038 0.7092592592592593 0.05441354292623942 0.1814814814814815
0 0.4737001209189843 0.3162037037037037 0.0501813784764208 0.14907407407407408
0 0.555925030229746 0.8819444444444444 0.05259975816203144 0.17314814814814813
0 0.5671100362756953 0.8263888888888888 0.03990326481257558 0.15462962962962962
0 0.3857315598548972 0.8055555555555556 0.05441354292623942 0.1685185185185185
0 0.4740024183796856 0.34120370370370373 0.04232164449818621 0.16203703703703703
0 0.7082829504232164 0.8166666666666667 0.06106408706166868 0.1925925925925926
0 0.20616686819830712 0.9791666666666666 0.036275695284159616 0.04351851851851852
0 0.6139661426844014 0.8634259259259259 0.05259975816203144 0.1824074074074074
0 0.46009673518742444 0.8791666666666667 0.030229746070133012 0.12129629629629629
0 0.5344619105199516 0.812037037037037 0.0471584038694075 0.14629629629629629
0 0.4235187424425635 0.8930555555555556 0.04171704957678356 0.14351851851851852
0 0.35308343409915355 0.7856481481481481 0.045949214026602174 0.16203703703703703
0 0.658403869407497 0.4875 0.045949214026602174 0.14722222222222223
0 0.7103990326481258 0.48518518518518516 0.0471584038694075 0.15925925925925927
0 0.05562273276904474 0.9791666666666666 0.03385731559854897 0.041666666666666664
0 0.8189238210399032 0.7712962962962963 0.047762998790810154 0.1685185185185185
0 0.5985489721886336 0.47824074074074074 0.049576783555018135 0.17314814814814813
0 0.4546553808948005 0.5439814814814815 0.03385731559854897 0.15648148148148147
0 0.8025997581620314 0.6689814814814815 0.04897218863361548 0.1675925925925926
0 0.840689238210399 0.6449074074074074 0.04897218863361548 0.1824074074074074
0 0.5281136638452237 0.5453703703703704 0.04171704957678356 0.15925925925925927
0 0.5471584038694075 0.5615740740740741 0.04353083434099154 0.13796296296296295
0 0.5764812575574365 0.2740740740740741 0.034461910519951636 0.1574074074074074
0 0.8733373639661427 0.9402777777777778 0.058645707376058044 0.11944444444444445
0 0.9283555018137848 0.9337962962962963 0.05259975816203144 0.13240740740740742
0 0.5574365175332527 0.29398148148148145 0.04353083434099154 0.14907407407407408
0 0.5250906892382105 0.36018518518518516 0.04171704957678356 0.15925925925925927
0 0.5474607013301088 0.3486111111111111 0.04171704957678356 0.14351851851851852
0 0.4737001209189843 0.6037037037037037 0.03688029020556227 0.16296296296296298
0 0.4996977025392987 0.5962962962962963 0.04171704957678356 0.16111111111111112
0 0.5060459492140266 0.6319444444444444 0.045949214026602174 0.1712962962962963
0 0.5435308343409916 0.6597222222222222 0.036275695284159616 0.15092592592592594
0 0.5764812575574365 0.6601851851851852 0.046553808948004836 0.1537037037037037
0 0.7055622732769045 0.6814814814814815 0.044740024183796856 0.1685185185185185
0 0.5459492140266021 0.9300925925925926 0.044740024183796856 0.13796296296296295
0 0.5840386940749698 0.950462962962963 0.09068923821039904 0.09537037037037037
0 0.48428053204353083 0.8125 0.049576783555018135 0.17314814814814813
0 0.7992744860943168 0.4976851851851852 0.03990326481257558 0.14351851851851852
0 0.8328295042321644 0.5027777777777778 0.039298669891172915 0.13333333333333333
0 0.8022974607013301 0.4699074074074074 0.05199516324062878 0.15462962962962962
0 0.8237605804111245 0.4527777777777778 0.03204353083434099 0.12962962962962962
0 0.9068923821039904 0.5337962962962963 0.04353083434099154 0.15648148148148147
0 0.9458887545344619 0.39490740740740743 0.044135429262394194 0.1638888888888889
0 0.8999395405078597 0.41064814814814815 0.047762998790810154 0.14907407407407408
0 0.8494558645707376 0.47824074074074074 0.03506650544135429 0.12685185185185185
0 0.8403869407496977 0.44907407407407407 0.032648125755743655 0.13518518518518519
0 0.5544135429262395 0.9476851851851852 0.04232164449818621 0.10462962962962963
0 0.5671100362756953 0.9319444444444445 0.04353083434099154 0.13425925925925927
0 0.38361547762998793 0.7555555555555555 0.047762998790810154 0.1685185185185185
0 0.3022974607013301 0.7467592592592592 0.05199516324062878 0.15833333333333333
0 0.07980652962515115 0.8375 0.05199516324062878 0.19907407407407407
0 0.8382708585247884 0.8652777777777778 0.06348246674727932 0.20462962962962963
0 0.7929262394195888 0.5643518518518519 0.03688029020556227 0.1398148148148148
0 0.8724304715840387 0.5231481481481481 0.03990326481257558 0.1537037037037037
0 0.7956469165659008 0.3972222222222222 0.0592503022974607 0.17037037037037037
0 0.9250302297460702 0.3282407407407407 0.037484885126964934 0.14537037037037037
0 0.9567714631197098 0.31157407407407406 0.042926239419588876 0.15648148148148147
0 0.9646311970979444 0.1925925925925926 0.044135429262394194 0.13518518518518519
0 0.912031438935913 0.3560185185185185 0.035671100362756954 0.15092592592592594
0 0.7433494558645707 0.22870370370370371 0.044135429262394194 0.14629629629629629
0 0.7723700120918985 0.2412037037037037 0.044135429262394194 0.14351851851851852
0 0.8881499395405078 0.32222222222222224 0.0471584038694075 0.14629629629629629
0 0.9280532043530835 0.2689814814814815 0.03990326481257558 0.13796296296296295
0 0.9032648125755743 0.2861111111111111 0.037484885126964934 0.14074074074074075
0 0.8893591293833132 0.22314814814814815 0.041112454655380895 0.13148148148148148
0 0.9232164449818622 0.2273148148148148 0.04232164449818621 0.13240740740740742
0 0.9256348246674728 0.17824074074074073 0.03990326481257558 0.1398148148148148
0 0.9123337363966143 0.11944444444444445 0.03869407496977025 0.13703703703703704
0 0.007859733978234583 0.35833333333333334 0.014510278113663845 0.14814814814814814
0 0.021463119709794438 0.2824074074074074 0.03688029020556227 0.1537037037037037
0 0.047762998790810154 0.25277777777777777 0.036275695284159616 0.12407407407407407
0 0.07950423216444982 0.23472222222222222 0.04171704957678356 0.14907407407407408
0 0.07980652962515115 0.36712962962962964 0.04232164449818621 0.13796296296296295
0 0.12726723095525996 0.33287037037037037 0.03688029020556227 0.14537037037037037
0 0.05108827085852479 0.3175925925925926 0.035671100362756954 0.12037037037037036
0 0.015417170495767836 0.4810185185185185 0.02962515114873035 0.1824074074074074
0 0.06529625151148731 0.300462962962963 0.044740024183796856 0.15462962962962962
0 0.10126964933494559 0.31666666666666665 0.03204353083434099 0.13518518518518519
0 0.10399032648125756 0.34814814814814815 0.02539298669891173 0.10185185185185185
0 0.5214631197097944 0.4722222222222222 0.0562273276904474 0.1685185185185185
0 0.7515114873035067 0.5643518518518519 0.0592503022974607 0.1638888888888889
0 0.7581620314389359 0.5236111111111111 0.045949214026602174 0.15462962962962962
0 0.555925030229746 0.46435185185185185 0.046553808948004836 0.16203703703703703
0 0.6429866989117291 0.42407407407407405 0.046553808948004836 0.16296296296296298
0 0.7288391777509069 0.3699074074074074 0.046553808948004836 0.13240740740740742
0 0.592503022974607 0.3837962962962963 0.04232164449818621 0.14537037037037037
0 0.8083434099153567 0.3314814814814815 0.03990326481257558 0.14444444444444443
0 0.779322853688029 0.35324074074074074 0.03869407496977025 0.14907407407407408
0 0.7484885126964933 0.3384259259259259 0.03990326481257558 0.14537037037037037
0 0.7678355501813785 0.2828703703703704 0.03506650544135429 0.12314814814814815
0 0.6765417170495768 0.35185185185185186 0.05078597339782346 0.14814814814814814
0 0.7324667472793228 0.27314814814814814 0.04897218863361548 0.1425925925925926
0 0.660217654171705 0.26296296296296295 0.037484885126964934 0.14074074074074075
0 0.686819830713422 0.2824074074074074 0.037484885126964934 0.14074074074074075
0 0.5994558645707376 0.4222222222222222 0.044135429262394194 0.1574074074074074
0 0.5646916565900847 0.40370370370370373 0.04232164449818621 0.1425925925925926
0 0.6221281741233373 0.3416666666666667 0.03990326481257558 0.15925925925925927
0 0.5779927448609432 0.34305555555555556 0.03506650544135429 0.13796296296296295
0 0.5991535671100363 0.31574074074074077 0.036275695284159616 0.1574074074074074
0 0.6369407496977025 0.3125 0.04534461910519952 0.16018518518518518
0 0.711608222490931 0.19768518518518519 0.04353083434099154 0.12685185185185185
0 0.2542321644498186 0.11203703703703703 0.042926239419588876 0.15555555555555556
0 0.22309552599758162 0.12175925925925926 0.03506650544135429 0.13240740740740742
0 0.7203748488512697 0.14722222222222223 0.04171704957678356 0.14629629629629629
0 0.752720677146312 0.14027777777777778 0.04232164449818621 0.1287037037037037
0 0.7336759371221282 0.5351851851851852 0.03204353083434099 0.1111111111111111
0 0.973397823458283 0.49074074074074076 0.036275695284159616 0.1259259259259259
0 0.9842805320435308 0.06157407407407407 0.030229746070133012 0.12129629629629629
0 0.9443772672309553 0.13703703703703704 0.037484885126964934 0.1259259259259259
0 0.9428657799274486 0.05462962962962963 0.03688029020556227 0.10740740740740741
0 0.8588270858524788 0.10740740740740741 0.034461910519951636 0.14074074074074075
0 0.9226118500604595 0.03935185185185185 0.03506650544135429 0.07685185185185185
0 0.9268440145102781 0.07407407407407407 0.037484885126964934 0.1259259259259259
0 0.8775695284159613 0.06435185185185185 0.03204353083434099 0.12685185185185185
0 0.848851269649335 0.043055555555555555 0.03869407496977025 0.08425925925925926
0 0.6076178960096735 0.25462962962962965 0.037484885126964934 0.14444444444444443
0 0.6644498186215235 0.12453703703703704 0.041112454655380895 0.13240740740740742
0 0.6366384522370012 0.13425925925925927 0.037484885126964934 0.13518518518518519
0 0.6070133010882709 0.1310185185185185 0.03143893591293833 0.12314814814814815
0 0.5909915356711004 0.1087962962962963 0.03688029020556227 0.14351851851851852
0 0.567714631197098 0.10185185185185185 0.03506650544135429 0.1425925925925926
0 0.6151753325272068 0.04212962962962963 0.02962515114873035 0.0824074074074074
0 0.16989117291414751 0.1 0.032648125755743655 0.12777777777777777
0 0.1847037484885127 0.12083333333333333 0.039298669891172915 0.1361111111111111
0 0.23155985489721886 0.05462962962962963 0.0471584038694075 0.10740740740740741
0 0.12273276904474002 0.05462962962962963 0.030229746070133012 0.10740740740740741
0 0.28355501813784767 0.03287037037037037 0.030229746070133012 0.06388888888888888
0 0.3047158403869408 0.03564814814814815 0.030229746070133012 0.06944444444444445
0 0.344316807738815 0.06111111111111111 0.039298669891172915 0.12037037037037036
0 0.5120918984280532 0.0375 0.03990326481257558 0.07314814814814814
0 0.37061668681983073 0.04212962962962963 0.037484885126964934 0.0824074074074074
0 0.5465538089480049 0.038425925925925926 0.036275695284159616 0.075
0 0.8162031438935913 0.060648148148148145 0.037484885126964934 0.1175925925925926
0 0.14993954050785974 0.04814814814814815 0.037484885126964934 0.09444444444444444
0 0.3567110036275695 0.45740740740740743 0.03506650544135429 0.1574074074074074
0 0.3349455864570738 0.22685185185185186 0.03143893591293833 0.13518518518518519
0 0.13784764207980654 0.711574074074074 0.049576783555018135 0.16018518518518518
0 0.30380894800483677 0.23796296296296296 0.04171704957678356 0.1425925925925926
0 0.12998790810157196 0.6763888888888889 0.05562273276904474 0.16203703703703703
0 0.8252720677146312 0.3074074074074074 0.037484885126964934 0.13148148148148148
0 0.8500604594921403 0.2967592592592593 0.032648125755743655 0.12314814814814815
0 0.23941958887545345 0.5657407407407408 0.04353083434099154 0.1685185185185185
0 0.21009673518742442 0.5467592592592593 0.034461910519951636 0.17685185185185184
0 0.347037484885127 0.5472222222222223 0.032648125755743655 0.14074074074074075
0 0.20495767835550183 0.48842592592592593 0.036275695284159616 0.14907407407407408
0 0.2137243047158404 0.4722222222222222 0.03204353083434099 0.1574074074074074
0 0.1807738814993954 0.4597222222222222 0.03143893591293833 0.12685185185185185
0 0.17503022974607013 0.412962962962963 0.039298669891172915 0.14629629629629629
0 0.1275695284159613 0.44351851851851853 0.037484885126964934 0.14814814814814814
0 0.3564087061668682 0.125 0.02962515114873035 0.12962962962962962
0 0.3769649334945586 0.12083333333333333 0.03204353083434099 0.1287037037037037
0 0.26541717049576785 0.3449074074074074 0.044740024183796856 0.1398148148148148
0 0.2620918984280532 0.3685185185185185 0.034461910519951636 0.14629629629629629
0 0.17412333736396615 0.8731481481481481 0.04353083434099154 0.16296296296296298
0 0.29443772672309554 0.6800925925925926 0.04232164449818621 0.15648148148148147
0 0.43863361547762997 0.5226851851851851 0.04171704957678356 0.15462962962962962
0 0.33222490931076176 0.600462962962963 0.034461910519951636 0.15462962962962962
0 0.3334340991535671 0.6375 0.04171704957678356 0.1675925925925926
0 0.4077992744860943 0.6444444444444445 0.051390568319226115 0.15185185185185185
0 0.6178960096735188 0.6782407407407407 0.0471584038694075 0.15648148148148147
0 0.4244256348246675 0.4324074074074074 0.03506650544135429 0.12407407407407407
0 0.4159613059250302 0.39537037037037037 0.037484885126964934 0.10740740740740741
0 0.40931076178960096 0.48935185185185187 0.03385731559854897 0.14907407407407408
0 0.4186819830713422 0.4532407407407407 0.02962515114873035 0.13240740740740742
0 0.22218863361547764 0.5212962962962963 0.03688029020556227 0.14629629629629629
0 0.27690447400241835 0.5097222222222222 0.05441354292623942 0.15648148148148147
0 0.2747883917775091 0.5435185185185185 0.039298669891172915 0.17407407407407408
0 0.5870616686819831 0.7694444444444445 0.05199516324062878 0.16111111111111112
0 0.2400241837968561 0.3148148148148148 0.03506650544135429 0.14074074074074075
0 0.7639056831922612 0.7375 0.044135429262394194 0.16203703703703703
0 0.28476420798065294 0.30277777777777776 0.03506650544135429 0.14814814814814814
0 0.3954050785973398 0.3587962962962963 0.03990326481257558 0.13796296296296295
0 0.21825876662636035 0.2708333333333333 0.032648125755743655 0.12685185185185185
0 0.46644498186215233 0.4666666666666667 0.039298669891172915 0.1425925925925926
0 0.1717049576783555 0.2865740740740741 0.03506650544135429 0.13796296296296295
0 0.18923821039903266 0.30972222222222223 0.03506650544135429 0.12129629629629629
