0 0.5888754534461911 0.8777777777777778 0.045949214026602174 0.17037037037037037
0 0.6411729141475212 0.9208333333333333 0.04534461910519952 0.15833333333333333
0 0.38814993954050786 0.549537037037037 0.037484885126964934 0.14537037037037037
0 0.30350665054413545 0.3106481481481482 0.04232164449818621 0.1361111111111111
0 0.08373639661426845 0.45601851851851855 0.04171704957678356 0.14722222222222223
0 0.20828295042321646 0.6537037037037037 0.04171704957678356 0.15925925925925927
0 0.22551390568319227 0.3537037037037037 0.03506650544135429 0.14444444444444443
0 0.11910519951632406 0.43796296296296294 0.044740024183796856 0.14629629629629629
0 0.6931680773881499 0.9861111111111112 0.02962515114873035 0.02962962962962963
0 0.8264812575574365 0.961574074074074 0.049576783555018135 0.0787037037037037
0 0.8941958887545345 0.937037037037037 0.06529625151148731 0.12777777777777777
0 0.967956469165659 0.9416666666666667 0.06287787182587666 0.11851851851851852
0 0.8473397823458283 0.36064814814814816 0.039298669891172915 0.13425925925925927
0 0.8648730350665055 0.3560185185185185 0.034461910519951636 0.1287037037037037
0 0.28536880290205563 0.663425925925926 0.03869407496977025 0.16018518518518518
0 0.3585247883917775 0.6171296296296296 0.03869407496977025 0.16018518518518518
0 0.38905683192261187 0.6416666666666667 0.034461910519951636 0.13518518518518519
0 0.5873639661426844 0.9449074074074074 0.034461910519951636 0.10648148148148148
0 0.5652962515114873 0.9337962962962963 0.045949214026602174 0.13425925925925927
0 0.23458282950423218 0.5782407407407407 0.03385731559854897 0.14537037037037037
0 0.23881499395405079 0.5444444444444444 0.036275695284159616 0.13148148148148148
0 0.1949818621523579 0.5662037037037037 0.044135429262394194 0.14722222222222223
0 0.20102781136638453 0.5092592592592593 0.046553808948004836 0.1388888888888889
0 0.16293833131801694 0.5319444444444444 0.042926239419588876 0.14537037037037037
0 0.3805925030229746 0.2300925925925926 0.03204353083434099 0.1287037037037037
0 0.4068923821039903 0.23055555555555557 0.032648125755743655 0.13148148148148148
0 0.714328899637243 0.37546296296296294 0.044135429262394194 0.12129629629629629
0 0.7530229746070133 0.3851851851851852 0.039298669891172915 0.12962962962962962
0 0.27357920193470375 0.3726851851851852 0.047762998790810154 0.14351851851851852
0 0.24758162031438935 0.3861111111111111 0.03325272067714631 0.14814814814814814
0 0.9737001209189843 0.7564814814814815 0.04171704957678356 0.14074074074074075
0 0.37031438935912936 0.9564814814814815 0.04171704957678356 0.08703703703703704
0 0.5411124546553809 0.45787037037037037 0.036275695284159616 0.14722222222222223
0 0.3186215235792019 0.774537037037037 0.049576783555018135 0.1675925925925926
0 0.9718863361547763 0.7828703703703703 0.05501813784764208 0.15092592592592594
0 0.9359129383313181 0.7814814814814814 0.03506650544135429 0.12962962962962962
0 0.5269044740024184 0.43287037037037035 0.039298669891172915 0.1398148148148148
0 0.3521765417170496 0.4708333333333333 0.034461910519951636 0.1287037037037037
0 0.3391777509068924 0.6453703703703704 0.04232164449818621 0.1648148148148148
0 0.507255139056832 0.5152777777777777 0.03506650544135429 0.14351851851851852
0 0.3648730350665054 0.6990740740740741 0.03204353083434099 0.1574074074074074
0 0.3784764207980653 0.7319444444444444 0.04353083434099154 0.1712962962962963
0 0.5643893591293833 0.6513888888888889 0.046553808948004836 0.16574074074074074
0 0.6260580411124547 0.6541666666666667 0.03688029020556227 0.16018518518518518
0 0.6118500604594922 0.637962962962963 0.037484885126964934 0.13148148148148148
0 0.4416565900846433 0.7310185185185185 0.046553808948004836 0.14537037037037037
0 0.6831922611850061 0.7166666666666667 0.05078597339782346 0.14074074074074075
0 0.39207980652962515 0.44166666666666665 0.0380894800483676 0.12962962962962962
0 0.466142684401451 0.525 0.03990326481257558 0.13148148148148148
0 0.45556227327690446 0.4925925925925926 0.04897218863361548 0.10740740740740741
0 0.4866989117291415 0.46064814814814814 0.04232164449818621 0.13796296296296295
0 0.530229746070133 0.5537037037037037 0.04232164449818621 0.1537037037037037
0 0.5051390568319226 0.4810185185185185 0.034461910519951636 0.1175925925925926
0 0.522067714631197 0.5958333333333333 0.04171704957678356 0.12314814814814815
0 0.4446795646916566 0.11018518518518519 0.02720677146311971 0.09259259259259259
0 0.4226118500604595 0.09537037037037037 0.03869407496977025 0.12962962962962962
0 0.6082224909310762 0.7027777777777777 0.036275695284159616 0.1648148148148148
0 0.748186215235792 0.4898148148148148 0.04897218863361548 0.1537037037037037
0 0.625453446191052 0.7467592592592592 0.039298669891172915 0.1361111111111111
0 0.8464328899637243 0.4212962962962963 0.036275695284159616 0.13148148148148148
0 0.6789600967351874 0.4949074074074074 0.044740024183796856 0.15462962962962962
0 0.7131197097944377 0.5074074074074074 0.039298669891172915 0.14629629629629629
0 0.8216444981862152 0.4217592592592593 0.04232164449818621 0.15462962962962962
0 0.8252720677146312 0.5569444444444445 0.03990326481257558 0.15833333333333333
0 0.7348851269649335 0.5879629629629629 0.04171704957678356 0.15185185185185185
0 0.9337968561064087 0.1425925925925926 0.03204353083434099 0.1259259259259259
0 0.8110640870616687 0.5888888888888889 0.044135429262394194 0.15185185185185185
0 0.8119709794437727 0.6537037037037037 0.05199516324062878 0.14629629629629629
0 0.7702539298669892 0.8162037037037037 0.05804111245465538 0.18796296296296297
0 0.7409310761789601 0.85 0.05380894800483676 0.17407407407407408
0 0.8288996372430472 0.9 0.05078597339782346 0.1648148148148148
0 0.6837968561064087 0.6337962962962963 0.03990326481257558 0.14722222222222223
0 0.6544740024183797 0.6555555555555556 0.039298669891172915 0.13518518518518519
0 0.6061064087061668 0.4388888888888889 0.046553808948004836 0.15185185185185185
0 0.5740628778718259 0.4444444444444444 0.034461910519951636 0.13703703703703704
0 0.9150544135429263 0.8412037037037037 0.058645707376058044 0.18425925925925926
0 0.4322853688029021 0.586574074074074 0.03506650544135429 0.15092592592592594
0 0.4649334945586457 0.5837962962962963 0.036275695284159616 0.14907407407407408
0 0.4667472793228537 0.7574074074074074 0.05562273276904474 0.17407407407407408
0 0.17230955259975816 0.42592592592592593 0.04353083434099154 0.14444444444444443
0 0.1175937122128174 0.5398148148148149 0.046553808948004836 0.15925925925925927
0 0.5420193470374849 0.611574074074074 0.04534461910519952 0.16018518518518518
0 0.5813180169286578 0.5722222222222222 0.047762998790810154 0.15925925925925927
0 0.16989117291414751 0.4027777777777778 0.03990326481257558 0.14074074074074075
0 0.010278113663845224 0.3527777777777778 0.019347037484885126 0.14074074074074075
0 0.22762998790810157 0.20925925925925926 0.03688029020556227 0.12222222222222222
0 0.2642079806529625 0.20555555555555555 0.041112454655380895 0.14074074074074075
0 0.9664449818621523 0.12916666666666668 0.03325272067714631 0.1398148148148148
0 0.9081015719467956 0.1527777777777778 0.045949214026602174 0.12962962962962962
0 0.8521765417170496 0.12962962962962962 0.042926239419588876 0.13333333333333333
0 0.05259975816203144 0.7314814814814815 0.045949214026602174 0.1574074074074074
0 0.8570133010882709 0.49722222222222223 0.044135429262394194 0.15555555555555556
0 0.8561064087061668 0.5277777777777778 0.044740024183796856 0.14444444444444443
0 0.015417170495767836 0.7180555555555556 0.02962515114873035 0.17314814814814813
0 0.09613059250302297 0.7069444444444445 0.05078597339782346 0.15462962962962962
0 0.40084643288996374 0.975 0.0471584038694075 0.05185185185185185
0 0.7917170495767836 0.8712962962962963 0.046553808948004836 0.15185185185185185
0 0.8050181378476421 0.8342592592592593 0.046553808948004836 0.17037037037037037
0 0.9474002418379686 0.35509259259259257 0.03869407496977025 0.15462962962962962
0 0.9099153567110037 0.34675925925925927 0.037484885126964934 0.13796296296296295
0 0.9709794437726723 0.32222222222222224 0.041112454655380895 0.12962962962962962
0 0.7962515114873036 0.4898148148148148 0.04836759371221282 0.1648148148148148
0 0.22974607013301088 0.6337962962962963 0.03869407496977025 0.14537037037037037
0 0.2539298669891173 0.6018518518518519 0.049576783555018135 0.16296296296296298
0 0.28597339782345826 0.6074074074074074 0.04232164449818621 0.15925925925925927
0 0.06136638452237001 0.4462962962962963 0.042926239419588876 0.13703703703703704
0 0.0773881499395405 0.4222222222222222 0.044740024183796856 0.1388888888888889
0 0.11366384522370013 0.26296296296296295 0.03990326481257558 0.12777777777777777
0 0.13633615477629987 0.25092592592592594 0.047762998790810154 0.14814814814814814
0 0.156590084643289 0.4708333333333333 0.037484885126964934 0.14351851851851852
0 0.7759975816203144 0.6592592592592592 0.04171704957678356 0.1537037037037037
0 0.015719467956469165 0.29814814814814816 0.030229746070133012 0.14814814814814814
0 0.7629987908101572 0.5972222222222222 0.04353083434099154 0.14444444444444443
0 0.8116686819830713 0.525 0.044135429262394194 0.1574074074074074
0 0.14631197097944376 0.4425925925925926 0.037484885126964934 0.1574074074074074
0 0.7633010882708585 0.5296296296296297 0.04897218863361548 0.1574074074074074
0 0.7956469165659008 0.40046296296296297 0.04836759371221282 0.1675925925925926
0 0.6169891172914147 0.10740740740740741 0.035671100362756954 0.13703703703703704
0 0.5798065296251511 0.11944444444444445 0.03869407496977025 0.13333333333333333
0 0.5441354292623942 0.10972222222222222 0.03143893591293833 0.13055555555555556
0 0.7826481257557436 0.337037037037037 0.04171704957678356 0.14444444444444443
0 0.6732164449818622 0.3472222222222222 0.05380894800483676 0.13518518518518519
0 0.6094316807738815 0.23842592592592593 0.045949214026602174 0.13240740740740742
0 0.5713422007255139 0.24074074074074073 0.05078597339782346 0.14444444444444443
0 0.5891777509068924 0.30277777777777776 0.04897218863361548 0.13703703703703704
0 0.3273881499395405 0.20092592592592592 0.042926239419588876 0.12962962962962962
0 0.374546553808948 0.13703703703703704 0.039298669891172915 0.1388888888888889
0 0.19619105199516323 0.17037037037037037 0.03688029020556227 0.1259259259259259
0 0.15991535671100363 0.16805555555555557 0.042926239419588876 0.14351851851851852
0 0.011487303506650543 0.24351851851851852 0.02176541717049577 0.1259259259259259
0 0.06438935912938332 0.3726851851851852 0.04171704957678356 0.14907407407407408
0 0.05471584038694075 0.21712962962962962 0.044135429262394194 0.13796296296296295
0 0.06741233373639662 0.23425925925925925 0.04171704957678356 0.13703703703703704
0 0.09492140266021766 0.2518518518518518 0.03869407496977025 0.14074074074074075
0 0.41384522370012095 0.1259259259259259 0.0380894800483676 0.14074074074074075
0 0.45042321644498184 0.06481481481481481 0.03869407496977025 0.12407407407407407
0 0.10247883917775091 0.3685185185185185 0.046553808948004836 0.1685185185185185
0 0.24727932285368803 0.16527777777777777 0.03143893591293833 0.12129629629629629
0 0.25634824667472794 0.10231481481481482 0.030229746070133012 0.11574074074074074
0 0.37273276904474 0.17037037037037037 0.034461910519951636 0.13518518518518519
0 0.16626360338573157 0.3333333333333333 0.041112454655380895 0.1574074074074074
0 0.5589480048367593 0.31527777777777777 0.034461910519951636 0.11018518518518519
0 0.5120918984280532 0.25555555555555554 0.032648125755743655 0.10925925925925926
0 0.4830713422007255 0.25601851851851853 0.03990326481257558 0.13240740740740742
0 0.2841596130592503 0.12175925925925926 0.03143893591293833 0.12129629629629629
0 0.44316807738814995 0.2550925925925926 0.04232164449818621 0.12685185185185185
0 0.4746070133010883 0.22777777777777777 0.03869407496977025 0.12962962962962962
0 0.2756952841596131 0.2625 0.044740024183796856 0.14537037037037037
0 0.2560459492140266 0.29953703703703705 0.03688029020556227 0.13240740740740742
0 0.21674727932285368 0.28703703703703703 0.042926239419588876 0.13148148148148148
0 0.4226118500604595 0.26296296296296295 0.030229746070133012 0.10740740740740741
0 0.3899637243047158 0.16296296296296298 0.03385731559854897 0.13518518518518519
0 0.021463119709794438 0.2050925925925926 0.04171704957678356 0.1361111111111111
0 0.02357920193470375 0.2351851851851852 0.03990326481257558 0.13518518518518519
0 0.08766626360338574 0.7796296296296297 0.05804111245465538 0.1814814814814815
0 0.017230955259975818 0.7851851851851852 0.03325272067714631 0.1648148148148148
0 0.1626360338573156 0.7916666666666666 0.07255139056831923 0.17407407407407408
0 0.20163240628778717 0.7699074074074074 0.044135429262394194 0.16574074074074074
0 0.9455864570737605 0.0625 0.044740024183796856 0.11944444444444445
0 0.5408101571946796 0.04351851851851852 0.03325272067714631 0.08518518518518518
0 0.5619709794437727 0.03888888888888889 0.03325272067714631 0.07592592592592592
0 0.2249093107617896 0.10092592592592593 0.03506650544135429 0.12037037037037036
0 0.4035671100362757 0.013425925925925926 0.03325272067714631 0.025
0 0.2871825876662636 0.028703703703703703 0.03143893591293833 0.05555555555555555
0 0.19135429262394196 0.10185185185185185 0.03204353083434099 0.12962962962962962
0 0.3642684401451028 0.06574074074074074 0.0380894800483676 0.12407407407407407
0 0.12908101571946795 0.10833333333333334 0.03688029020556227 0.13518518518518519
0 0.1544740024183797 0.125 0.03325272067714631 0.13333333333333333
0 0.17623941958887546 0.12222222222222222 0.04171704957678356 0.12962962962962962
0 0.17110036275695284 0.10648148148148148 0.03506650544135429 0.13518518518518519
0 0.06711003627569528 0.09768518518518518 0.03869407496977025 0.1287037037037037
0 0.9123337363966143 0.05740740740740741 0.041112454655380895 0.10925925925925926
0 0.04383313180169287 0.09074074074074075 0.04171704957678356 0.13518518518518519
0 0.07345828295042321 0.06157407407407407 0.03688029020556227 0.1175925925925926
0 0.09794437726723096 0.056018518518518516 0.030229746070133012 0.10833333333333334
0 0.8896614268440145 0.03194444444444444 0.02720677146311971 0.062037037037037036
0 0.20858524788391777 0.03287037037037037 0.02781136638452237 0.06388888888888888
0 0.044135429262394194 0.31805555555555554 0.041112454655380895 0.14907407407407408
0 0.3533857315598549 0.17777777777777778 0.0380894800483676 0.1425925925925926
0 0.3340386940749698 0.08888888888888889 0.03688029020556227 0.1259259259259259
