0 0.02557544757033248 0.9681818181818181 0.03580562659846547 0.0659090909090909
0 0.7953964194373402 0.8176136363636364 0.04603580562659847 0.14659090909090908
0 0.16155157715260018 0.5238636363636363 0.041773231031543054 0.1159090909090909
0 0.7097186700767263 0.5517045454545455 0.03495311167945439 0.11704545454545455
0 0.16751918158567775 0.48522727272727273 0.03495311167945439 0.10909090909090909
0 0.0792838874680307 0.4636363636363636 0.03580562659846547 0.11363636363636363
0 0.0443307757885763 0.4596590909090909 0.042625745950554135 0.1215909090909091
0 0.5439045183290707 0.5755681818181818 0.04092071611253197 0.13295454545454546
0 0.2979539641943734 0.40852272727272726 0.03324808184143223 0.11022727272727273
0 0.013640238704177323 0.32840909090909093 0.02557544757033248 0.09545454545454546
0 0.06010230179028133 0.3125 0.03324808184143223 0.10681818181818181
0 0.2297527706734868 0.33125 0.03324808184143223 0.11477272727272728
0 0.2911338448422847 0.31988636363636364 0.03836317135549872 0.11022727272727273
0 0.33034953111679455 0.32329545454545455 0.03665814151747655 0.10113636363636364
0 0.32438192668371696 0.37329545454545454 0.03836317135549872 0.11022727272727273
0 0.4411764705882353 0.4732954545454545 0.03324808184143223 0.12386363636363637
0 0.4812446717817562 0.4727272727272727 0.03324808184143223 0.1159090909090909
0 0.510230179028133 0.35397727272727275 0.03665814151747655 0.11022727272727273
0 0.3235294117647059 0.25738636363636364 0.029838022165387893 0.09659090909090909
0 0.45737425404944587 0.2852272727272727 0.03324808184143223 0.11136363636363636
0 0.4075021312872975 0.27954545454545454 0.028985507246376812 0.10681818181818181
0 0.29241261722080136 0.13295454545454546 0.027280477408354646 0.08409090909090909
0 0.8397271952259164 0.17329545454545456 0.027280477408354646 0.08522727272727272
0 0.8034953111679455 0.1693181818181818 0.03154305200341006 0.09318181818181819
0 0.8648763853367434 0.1846590909090909 0.028132992327365727 0.09659090909090909
0 0.841005967604433 0.31363636363636366 0.03324808184143223 0.10227272727272728
0 0.814151747655584 0.3176136363636364 0.03239556692242114 0.08295454545454546
0 0.5652173913043478 0.13522727272727272 0.03580562659846547 0.10454545454545454
0 0.8333333333333334 0.3789772727272727 0.028132992327365727 0.10113636363636364
0 0.8132992327365729 0.5306818181818181 0.0443307757885763 0.12272727272727273
0 0.9040920716112532 0.9306818181818182 0.058823529411764705 0.13863636363636364
0 0.9744245524296675 0.9289772727272727 0.0494458653026428 0.14204545454545456
0 0.8435635123614663 0.9602272727272727 0.05029838022165388 0.07954545454545454
0 0.7757885763000852 0.959659090909091 0.0443307757885763 0.08295454545454546
0 0.5046888320545609 0.7573863636363637 0.042625745950554135 0.1375
0 0.18712702472293266 0.5210227272727272 0.03665814151747655 0.11931818181818182
0 0.36018755328218244 0.4431818181818182 0.03324808184143223 0.11136363636363636
0 0.8132992327365729 0.7045454545454546 0.04774083546462063 0.1340909090909091
0 0.5558397271952259 0.7414772727272727 0.0443307757885763 0.14431818181818182
0 0.4143222506393862 0.5852272727272727 0.03410059676044331 0.12045454545454545
0 0.7446717817561808 0.5335227272727273 0.0247229326513214 0.11704545454545455
0 0.7634271099744245 0.5318181818181819 0.029838022165387893 0.09772727272727273
0 0.7855924978687127 0.5204545454545455 0.028132992327365727 0.1340909090909091
0 0.7527706734867861 0.4738636363636364 0.03751065643648764 0.12954545454545455
0 0.8687127024722933 0.509090909090909 0.03410059676044331 0.12045454545454545
0 0.8090366581415175 0.3840909090909091 0.030690537084398978 0.10454545454545454
0 0.7702472293265132 0.31136363636363634 0.03324808184143223 0.10681818181818181
0 0.7915601023017903 0.31988636363636364 0.03324808184143223 0.09886363636363636
0 0.9701619778346121 0.07272727272727272 0.03751065643648764 0.09318181818181819
0 0.9633418584825234 0.05227272727272727 0.028985507246376812 0.09318181818181819
0 0.8439897698209718 0.08409090909090909 0.02557544757033248 0.08863636363636364
0 0.8175618073316283 0.08068181818181819 0.028985507246376812 0.08863636363636364
0 0.32864450127877237 0.13920454545454544 0.0247229326513214 0.09886363636363636
0 0.31074168797953966 0.14431818181818182 0.0247229326513214 0.08409090909090909
0 0.2340153452685422 0.08522727272727272 0.0247229326513214 0.08863636363636364
0 0.25831202046035806 0.08579545454545455 0.023870417732310314 0.08068181818181819
0 0.2911338448422847 0.07272727272727272 0.021312872975277068 0.08409090909090909
0 0.39045183290707586 0.10965909090909091 0.02557544757033248 0.09431818181818181
0 0.4134697357203751 0.11875 0.02557544757033248 0.07613636363636364
0 0.4288150042625746 0.16420454545454546 0.02557544757033248 0.09659090909090909
0 0.4296675191815857 0.14772727272727273 0.02557544757033248 0.08409090909090909
0 0.4722932651321398 0.14602272727272728 0.03239556692242114 0.0875
0 0.5157715260017051 0.14545454545454545 0.03751065643648764 0.09772727272727273
0 0.46717817561807334 0.12897727272727272 0.02557544757033248 0.08068181818181819
0 0.43307757885763 0.0903409090909091 0.028985507246376812 0.07613636363636364
0 0.4680306905370844 0.06988636363636364 0.02557544757033248 0.08068181818181819
0 0.48934356351236147 0.048295454545454544 0.023870417732310314 0.08068181818181819
0 0.4722932651321398 0.05568181818181818 0.02557544757033248 0.08409090909090909
0 0.2868712702472293 0.05625 0.0247229326513214 0.08068181818181819
0 0.3145780051150895 0.05625 0.023870417732310314 0.08068181818181819
0 0.3124467178175618 0.07897727272727273 0.0247229326513214 0.08068181818181819
0 0.32651321398124467 0.07784090909090909 0.023870417732310314 0.06931818181818182
0 0.3294970161977835 0.06079545454545455 0.021312872975277068 0.060227272727272727
0 0.3695652173913043 0.06818181818181818 0.028132992327365727 0.07954545454545454
0 0.5200341005967605 0.05909090909090909 0.02557544757033248 0.08409090909090909
0 0.526001705029838 0.03295454545454545 0.02557544757033248 0.06363636363636363
0 0.5541346973572038 0.031818181818181815 0.02557544757033248 0.06136363636363636
0 0.42924126172208016 0.04715909090909091 0.0247229326513214 0.07386363636363637
0 0.4744245524296675 0.020454545454545454 0.021312872975277068 0.038636363636363635
0 0.43648763853367434 0.024431818181818183 0.02216538789428815 0.04659090909090909
0 0.5707587382779199 0.06647727272727273 0.029838022165387893 0.07386363636363637
0 0.13640238704177324 0.9857954545454546 0.030690537084398978 0.028409090909090908
0 0.3554987212276215 0.08181818181818182 0.023870417732310314 0.0659090909090909
0 0.32651321398124467 0.44488636363636364 0.042625745950554135 0.11477272727272728
0 0.638533674339301 0.8494318181818182 0.05285592497868713 0.14204545454545456
0 0.505541346973572 0.9022727272727272 0.05115089514066496 0.1431818181818182
0 0.6027280477408354 0.7698863636363636 0.04603580562659847 0.14886363636363636
0 0.6342710997442456 0.9261363636363636 0.05115089514066496 0.1340909090909091
0 0.5532821824381927 0.9017045454545455 0.05115089514066496 0.15795454545454546
0 0.5886615515771526 0.9295454545454546 0.045183290707587385 0.1
0 0.30647911338448425 0.8954545454545455 0.058823529411764705 0.1590909090909091
0 0.3473998294970162 0.9051136363636364 0.04688832054560955 0.14431818181818182
0 0.6786018755328218 0.9068181818181819 0.05115089514066496 0.15227272727272728
0 0.3452685421994885 0.8244318181818182 0.04603580562659847 0.1215909090909091
0 0.4629156010230179 0.6755681818181818 0.04603580562659847 0.14204545454545456
0 0.008525149190110827 0.5028409090909091 0.015345268542199489 0.13068181818181818
0 0.08780903665814152 0.3664772727272727 0.04092071611253197 0.10340909090909091
0 0.7020460358056266 0.4732954545454545 0.03665814151747655 0.11477272727272728
0 0.04475703324808184 0.6931818181818182 0.04859335038363171 0.14545454545454545
0 0.2728047740835465 0.5011363636363636 0.03751065643648764 0.1159090909090909
0 0.30221653878942883 0.49886363636363634 0.029838022165387893 0.12045454545454545
0 0.36018755328218244 0.5039772727272728 0.041773231031543054 0.11704545454545455
0 0.0784313725490196 0.8255681818181818 0.05285592497868713 0.14204545454545456
0 0.5089514066496164 0.6664772727272728 0.04092071611253197 0.12840909090909092
0 0.13512361466325662 0.27897727272727274 0.03324808184143223 0.10113636363636364
0 0.3776641091219096 0.55625 0.03751065643648764 0.11022727272727273
0 0.391304347826087 0.4005681818181818 0.03751065643648764 0.11477272727272728
0 0.1636828644501279 0.2846590909090909 0.028985507246376812 0.10113636363636364
0 0.0792838874680307 0.7056818181818182 0.0392156862745098 0.12045454545454545
0 0.11508951406649616 0.8244318181818182 0.0494458653026428 0.1715909090909091
0 0.8802216538789429 0.7147727272727272 0.05029838022165388 0.1409090909090909
0 0.10869565217391304 0.35568181818181815 0.03324808184143223 0.09318181818181819
0 0.3256606990622336 0.42954545454545456 0.03239556692242114 0.11136363636363636
0 0.17178175618073316 0.98125 0.03665814151747655 0.03977272727272727
0 0.35208866155157714 0.5420454545454545 0.03751065643648764 0.1340909090909091
0 0.37254901960784315 0.1159090909090909 0.020460358056265986 0.08636363636363636
0 0.4458653026427962 0.04772727272727273 0.020460358056265986 0.07954545454545454
