0 0.41807738814993956 0.7449074074074075 0.04171704957678356 0.17314814814814813
0 0.45556227327690446 0.7486111111111111 0.042926239419588876 0.15648148148148147
0 0.4628174123337364 0.9064814814814814 0.047762998790810154 0.17222222222222222
0 0.49334945586457074 0.9097222222222222 0.036275695284159616 0.15648148148148147
0 0.5036275695284159 0.7462962962962963 0.05441354292623942 0.1814814814814815
0 0.4567714631197098 0.30092592592592593 0.03688029020556227 0.1574074074074074
0 0.5429262394195888 0.9212962962962963 0.05562273276904474 0.15925925925925927
0 0.5568319226118501 0.862037037037037 0.03990326481257558 0.16111111111111112
0 0.33675937122128174 0.8398148148148148 0.05562273276904474 0.17592592592592593
0 0.470677146311971 0.33564814814814814 0.044135429262394194 0.16203703703703703
0 0.7097944377267231 0.8606481481481482 0.06166868198307134 0.18981481481481483
0 0.6039903264812576 0.912962962962963 0.05562273276904474 0.1685185185185185
0 0.4407496977025393 0.9125 0.030229746070133012 0.125
0 0.5259975816203144 0.8634259259259259 0.0471584038694075 0.14537037037037037
0 0.39721886336154777 0.9148148148148149 0.03869407496977025 0.14629629629629629
0 0.31136638452237003 0.8208333333333333 0.0471584038694075 0.1638888888888889
0 0.6707980652962515 0.5361111111111111 0.046553808948004836 0.15185185185185185
0 0.7173518742442564 0.5300925925925926 0.047762998790810154 0.16203703703703703
0 0.8391777509068924 0.8337962962962963 0.049576783555018135 0.17685185185185184
0 0.5888754534461911 0.5171296296296296 0.053204353083434096 0.17314814814814813
0 0.4144498186215236 0.5597222222222222 0.03204353083434099 0.15648148148148147
0 0.8319226118500604 0.7421296296296296 0.049576783555018135 0.17314814814814813
0 0.8724304715840387 0.6925925925925925 0.04836759371221282 0.17407407407407408
0 0.5069528415961306 0.575925925925926 0.042926239419588876 0.1574074074074074
0 0.5332527206771464 0.600925925925926 0.044740024183796856 0.14814814814814814
0 0.5888754534461911 0.29444444444444445 0.03506650544135429 0.1574074074074074
0 0.9685610640870617 0.9842592592592593 0.02418379685610641 0.03333333333333333
0 0.567714631197098 0.3143518518518518 0.04353083434099154 0.14907407407407408
0 0.5299274486094316 0.36157407407407405 0.044135429262394194 0.16018518518518518
0 0.44649334945586455 0.6226851851851852 0.04050785973397823 0.15648148148148147
0 0.47702539298669894 0.6296296296296297 0.041112454655380895 0.16296296296296298
0 0.48125755743651755 0.6708333333333333 0.045949214026602174 0.1712962962962963
0 0.5136033857315598 0.6935185185185185 0.0380894800483676 0.15185185185185185
0 0.5462515114873036 0.7023148148148148 0.04897218863361548 0.15462962962962962
0 0.7294437726723095 0.7101851851851851 0.04171704957678356 0.1648148148148148
0 0.532043530834341 0.9560185185185185 0.04353083434099154 0.08796296296296297
0 0.44135429262394194 0.8606481481481482 0.049576783555018135 0.17314814814814813
0 0.812273276904474 0.5199074074074074 0.04050785973397823 0.14907407407407408
0 0.8518742442563483 0.5254629629629629 0.04353083434099154 0.13796296296296295
0 0.8168077388149939 0.48842592592592593 0.05199516324062878 0.15462962962962962
0 0.9087061668681983 0.5875 0.044740024183796856 0.15648148148148147
0 0.9749093107617895 0.43287037037037035 0.044135429262394194 0.16944444444444445
0 0.932285368802902 0.44537037037037036 0.04836759371221282 0.14814814814814814
0 0.7850665054413543 0.5208333333333334 0.035671100362756954 0.10833333333333334
0 0.8627569528415961 0.5046296296296297 0.03506650544135429 0.12777777777777777
0 0.8503627569528416 0.4666666666666667 0.03204353083434099 0.13518518518518519
0 0.43409915356711004 0.8087962962962963 0.0471584038694075 0.1712962962962963
0 0.36275695284159615 0.7837962962962963 0.0471584038694075 0.1638888888888889
0 0.07376058041112454 0.9194444444444444 0.05078597339782346 0.1574074074074074
0 0.8582224909310762 0.9291666666666667 0.06106408706166868 0.14166666666666666
0 0.8107617896009673 0.6217592592592592 0.037484885126964934 0.15092592592592594
0 0.8727327690447401 0.5675925925925925 0.04050785973397823 0.1537037037037037
0 0.7723700120918985 0.44675925925925924 0.05380894800483676 0.16944444444444445
0 0.9365175332527207 0.3587962962962963 0.036275695284159616 0.14537037037037037
0 0.9652357920193471 0.3421296296296296 0.047762998790810154 0.16018518518518518
0 0.9561668681983071 0.2162037037037037 0.044135429262394194 0.13240740740740742
0 0.935006045949214 0.39305555555555555 0.04171704957678356 0.15092592592592594
0 0.7475816203143894 0.26296296296296295 0.044135429262394194 0.15
0 0.781136638452237 0.27546296296296297 0.04353083434099154 0.14351851851851852
0 0.898428053204353 0.36944444444444446 0.045949214026602174 0.15
0 0.9217049576783555 0.31203703703703706 0.039298669891172915 0.15185185185185185
0 0.8960096735187424 0.32592592592592595 0.037484885126964934 0.14074074074074075
0 0.9044740024183797 0.25462962962962965 0.036275695284159616 0.13148148148148148
0 0.9359129383313181 0.2625 0.041112454655380895 0.13240740740740742
0 0.9014510278113664 0.1962962962962963 0.037484885126964934 0.14074074074074075
0 0.9132406287787183 0.15462962962962962 0.039298669891172915 0.13703703703703704
0 0.005743651753325272 0.3226851851851852 0.010278113663845224 0.1527777777777778
0 0.016928657799274487 0.33935185185185185 0.03143893591293833 0.11574074074074074
0 0.021463119709794438 0.29074074074074074 0.03688029020556227 0.12407407407407407
0 0.04564691656590085 0.2708333333333333 0.04171704957678356 0.14907407407407408
0 0.06287787182587666 0.40370370370370373 0.04232164449818621 0.15
0 0.10973397823458284 0.3648148148148148 0.044135429262394194 0.15
0 0.03325272067714631 0.3625 0.03869407496977025 0.12129629629629629
0 0.045949214026602174 0.3439814814814815 0.044740024183796856 0.15462962962962962
0 0.0782950423216445 0.35 0.034461910519951636 0.13518518518518519
0 0.08887545344619105 0.37777777777777777 0.02539298669891173 0.09074074074074075
0 0.5151148730350665 0.5055555555555555 0.056831922611850064 0.1685185185185185
0 0.7551390568319226 0.6194444444444445 0.05804111245465538 0.1814814814814815
0 0.7781136638452237 0.5703703703703704 0.045949214026602174 0.1537037037037037
0 0.5504836759371221 0.4930555555555556 0.046553808948004836 0.16203703703703703
0 0.6411729141475212 0.475 0.046553808948004836 0.17407407407407408
0 0.7460701330108828 0.4074074074074074 0.0471584038694075 0.14074074074074075
0 0.5516928657799275 0.41064814814814815 0.04171704957678356 0.14537037037037037
0 0.8219467956469165 0.36527777777777776 0.039298669891172915 0.14907407407407408
0 0.7998790810157195 0.3819444444444444 0.044740024183796856 0.14907407407407408
0 0.7636033857315598 0.3699074074074074 0.03990326481257558 0.14537037037037037
0 0.7974607013301088 0.31712962962962965 0.03385731559854897 0.12314814814814815
0 0.6847037484885127 0.4 0.051390568319226115 0.15185185185185185
0 0.7551390568319226 0.3101851851851852 0.0471584038694075 0.1425925925925926
0 0.6662636033857315 0.30416666666666664 0.03869407496977025 0.1398148148148148
0 0.7019347037484885 0.3162037037037037 0.03385731559854897 0.1398148148148148
0 0.593409915356711 0.4675925925925926 0.044135429262394194 0.1574074074074074
0 0.5519951632406288 0.4351851851851852 0.04232164449818621 0.1425925925925926
0 0.6197097944377267 0.37777777777777777 0.03990326481257558 0.15925925925925927
0 0.5719467956469165 0.36944444444444446 0.036275695284159616 0.14629629629629629
0 0.5979443772672309 0.3490740740740741 0.037484885126964934 0.1574074074074074
0 0.6460096735187424 0.3597222222222222 0.04171704957678356 0.16018518518518518
0 0.7620918984280532 0.22962962962962963 0.039298669891172915 0.13518518518518519
0 0.23035066505441354 0.125 0.03869407496977025 0.17592592592592593
0 0.20253929866989118 0.13472222222222222 0.03385731559854897 0.13240740740740742
0 0.7221886336154776 0.17685185185185184 0.04171704957678356 0.1425925925925926
0 0.7539298669891172 0.17314814814814813 0.04232164449818621 0.12962962962962962
0 0.9821644498186215 0.08611111111111111 0.03325272067714631 0.12407407407407407
0 0.9480048367593712 0.16296296296296298 0.037484885126964934 0.1259259259259259
0 0.9483071342200725 0.08888888888888889 0.039298669891172915 0.14444444444444443
0 0.8539903264812576 0.1361111111111111 0.034461910519951636 0.14074074074074075
0 0.9543530834340992 0.06435185185185185 0.02962515114873035 0.12314814814814815
0 0.9214026602176542 0.055092592592592596 0.03506650544135429 0.10833333333333334
0 0.9241233373639661 0.10787037037037037 0.039298669891172915 0.12685185185185185
0 0.8784764207980653 0.08055555555555556 0.037484885126964934 0.12962962962962962
0 0.9177750906892382 0.033796296296296297 0.037484885126964934 0.06574074074074074
0 0.8688029020556227 0.04259259259259259 0.036275695284159616 0.08333333333333333
0 0.8385731559854898 0.06435185185185185 0.03506650544135429 0.1175925925925926
0 0.6233373639661427 0.29953703703703705 0.03990326481257558 0.14537037037037037
0 0.6683796856106409 0.15092592592592594 0.04171704957678356 0.14814814814814814
0 0.6387545344619106 0.1574074074074074 0.03688029020556227 0.13518518518518519
0 0.6181983071342201 0.13796296296296295 0.02962515114873035 0.12407407407407407
0 0.590689238210399 0.1375 0.037484885126964934 0.1361111111111111
0 0.567714631197098 0.13703703703703704 0.03506650544135429 0.1425925925925926
0 0.6178960096735188 0.05092592592592592 0.030229746070133012 0.1
0 0.13059250302297462 0.12824074074074074 0.03869407496977025 0.1361111111111111
0 0.1496372430471584 0.14629629629629629 0.039298669891172915 0.13703703703703704
0 0.20253929866989118 0.07916666666666666 0.03990326481257558 0.13240740740740742
0 0.06378476420798065 0.04583333333333333 0.03688029020556227 0.08981481481481482
0 0.12243047158403869 0.06898148148148148 0.02962515114873035 0.12685185185185185
0 0.22642079806529625 0.028703703703703703 0.035671100362756954 0.05555555555555555
0 0.2651148730350665 0.043055555555555555 0.02962515114873035 0.08425925925925926
0 0.281136638452237 0.05277777777777778 0.030229746070133012 0.1037037037037037
0 0.3177146311970979 0.08101851851851852 0.039298669891172915 0.1287037037037037
0 0.3128778718258767 0.05416666666666667 0.03325272067714631 0.09166666666666666
0 0.5084643288996372 0.05138888888888889 0.03990326481257558 0.10092592592592593
0 0.34522370012091896 0.05462962962962963 0.037484885126964934 0.10740740740740741
0 0.5483675937122128 0.04814814814814815 0.03990326481257558 0.09444444444444444
0 0.5949214026602176 0.05138888888888889 0.04232164449818621 0.10092592592592593
0 0.48518742442563484 0.03333333333333333 0.034461910519951636 0.06481481481481481
0 0.8077388149939541 0.0763888888888889 0.041112454655380895 0.1361111111111111
0 0.1414752116082225 0.0587962962962963 0.037484885126964934 0.11574074074074074
0 0.35399032648125756 0.4537037037037037 0.035671100362756954 0.1574074074074074
0 0.35096735187424427 0.2050925925925926 0.028415961305925032 0.1175925925925926
0 0.1354292623941959 0.7050925925925926 0.049576783555018135 0.16018518518518518
0 0.33978234582829503 0.23148148148148148 0.03385731559854897 0.13333333333333333
0 0.12998790810157196 0.6689814814814815 0.05199516324062878 0.16203703703703703
0 0.8292019347037485 0.31574074074074077 0.035671100362756954 0.13148148148148148
0 0.8591293833131801 0.30694444444444446 0.03385731559854897 0.12314814814814815
0 0.23669891172914148 0.5611111111111111 0.042926239419588876 0.1685185185185185
0 0.21130592503022974 0.5402777777777777 0.035671100362756954 0.17685185185185184
0 0.34582829504232165 0.5439814814814815 0.032648125755743655 0.1398148148148148
0 0.2037484885126965 0.48518518518518516 0.036275695284159616 0.14814814814814814
0 0.21130592503022974 0.4685185185185185 0.03204353083434099 0.1574074074074074
0 0.1777509068923821 0.45694444444444443 0.03143893591293833 0.12685185185185185
0 0.17200725513905682 0.41759259259259257 0.039298669891172915 0.14629629629629629
0 0.13391777509068925 0.4351851851851852 0.04171704957678356 0.14814814814814814
0 0.35368802902055624 0.11342592592592593 0.032648125755743655 0.12685185185185185
0 0.3730350665054414 0.11342592592592593 0.032648125755743655 0.1287037037037037
0 0.2642079806529625 0.3486111111111111 0.044740024183796856 0.1398148148148148
0 0.253627569528416 0.3578703703703704 0.034461910519951636 0.14537037037037037
0 0.17835550181378476 0.8662037037037037 0.044740024183796856 0.1675925925925926
0 0.2926239419588875 0.6736111111111112 0.045949214026602174 0.15648148148148147
0 0.4204957678355502 0.5236111111111111 0.04171704957678356 0.15462962962962962
0 0.3310157194679565 0.5958333333333333 0.035671100362756954 0.15462962962962962
0 0.3304111245465538 0.6310185185185185 0.044135429262394194 0.1675925925925926
0 0.40598548972188636 0.637962962962963 0.051390568319226115 0.15185185185185185
0 0.6103385731559855 0.6726851851851852 0.046553808948004836 0.15648148148148147
0 0.42321644498186217 0.42314814814814816 0.03506650544135429 0.12407407407407407
0 0.4150544135429262 0.39351851851851855 0.039298669891172915 0.10740740740740741
0 0.4062877871825877 0.475462962962963 0.03385731559854897 0.14351851851851852
0 0.41686819830713423 0.449537037037037 0.02962515114873035 0.13240740740740742
0 0.22370012091898428 0.5157407407407407 0.037484885126964934 0.14629629629629629
0 0.27448609431680776 0.5064814814814815 0.05562273276904474 0.1574074074074074
0 0.27237001209189843 0.55 0.039298669891172915 0.17407407407407408
0 0.6136638452237001 0.8421296296296297 0.05078597339782346 0.175
0 0.24123337363966144 0.3074074074074074 0.03506650544135429 0.14074074074074075
0 0.782950423216445 0.8134259259259259 0.045949214026602174 0.16203703703703703
0 0.28053204353083433 0.2972222222222222 0.037484885126964934 0.14814814814814814
0 0.39177750906892383 0.3486111111111111 0.03990326481257558 0.13796296296296295
0 0.20223700120918983 0.2708333333333333 0.034461910519951636 0.12685185185185185
0 0.46402660217654174 0.4671296296296296 0.039298669891172915 0.14537037037037037
0 0.14328899637243048 0.2865740740740741 0.03506650544135429 0.13796296296296295
