0 0.5175332527206772 0.39444444444444443 0.03990326481257558 0.14074074074074075
0 0.5392986698911729 0.3763888888888889 0.03506650544135429 0.12685185185185185
0 0.5894800483675937 0.5541666666666667 0.049576783555018135 0.16574074074074074
0 0.5846432889963724 0.5986111111111111 0.04353083434099154 0.14722222222222223
0 0.9365175332527207 0.6796296296296296 0.05199516324062878 0.1814814814814815
0 0.6230350665054414 0.549074074074074 0.034461910519951636 0.13703703703703704
0 0.5785973397823458 0.38425925925925924 0.04232164449818621 0.1574074074074074
0 0.4519347037484885 0.25925925925925924 0.04171704957678356 0.15925925925925927
0 0.6396614268440145 0.5851851851851851 0.03869407496977025 0.1574074074074074
0 0.6438935912938332 0.5546296296296296 0.03869407496977025 0.14074074074074075
0 0.6372430471584039 0.6194444444444445 0.04232164449818621 0.15185185185185185
0 0.6417775090689238 0.48935185185185187 0.044135429262394194 0.14907407407407408
0 0.6336154776299879 0.675 0.049576783555018135 0.17962962962962964
0 0.5392986698911729 0.7083333333333334 0.04836759371221282 0.19074074074074074
0 0.6741233373639661 0.5611111111111111 0.037484885126964934 0.15185185185185185
0 0.5208585247883918 0.6337962962962963 0.046553808948004836 0.16018518518518518
0 0.716142684401451 0.638425925925926 0.04897218863361548 0.16574074074074074
0 0.48458282950423215 0.2796296296296296 0.044135429262394194 0.1574074074074074
0 0.7046553808948005 0.4638888888888889 0.0562273276904474 0.1685185185185185
0 0.7660217654171705 0.7240740740740741 0.05562273276904474 0.17962962962962964
0 0.8657799274486094 0.8337962962962963 0.0471584038694075 0.18425925925925926
0 0.8001813784764208 0.7398148148148148 0.04897218863361548 0.1574074074074074
0 0.6807738814993954 0.6319444444444444 0.03869407496977025 0.15462962962962962
0 0.9830713422007256 0.6703703703703704 0.032648125755743655 0.14629629629629629
0 0.6185006045949214 0.6449074074074074 0.049576783555018135 0.15648148148148147
0 0.8606408706166868 0.6578703703703703 0.046553808948004836 0.14907407407407408
0 0.9077992744860943 0.8175925925925925 0.05380894800483676 0.17777777777777778
0 0.7103990326481258 0.5509259259259259 0.044740024183796856 0.1574074074074074
0 0.6121523579201935 0.44074074074074077 0.039298669891172915 0.14444444444444443
0 0.011789600967351875 0.4083333333333333 0.022370012091898428 0.11851851851851852
0 0.5562273276904474 0.6240740740740741 0.04353083434099154 0.17222222222222222
0 0.6299879081015719 0.48009259259259257 0.03506650544135429 0.15092592592592594
0 0.8295042321644498 0.6694444444444444 0.04232164449818621 0.12962962962962962
0 0.7091898428053204 0.8166666666666667 0.0773881499395405 0.17407407407407408
0 0.6378476420798065 0.850462962962963 0.041112454655380895 0.15648148148148147
0 0.016021765417170496 0.6157407407407407 0.03083434099153567 0.1574074074074074
0 0.040810157194679564 0.5990740740740741 0.047762998790810154 0.1648148148148148
0 0.4108222490931076 0.2324074074074074 0.03204353083434099 0.12962962962962962
0 0.4866989117291415 0.18888888888888888 0.03143893591293833 0.11481481481481481
0 0.10640870616686819 0.24444444444444444 0.044740024183796856 0.14629629629629629
0 0.037484885126964934 0.17777777777777778 0.036275695284159616 0.13703703703703704
0 0.14026602176541716 0.19166666666666668 0.04232164449818621 0.15185185185185185
0 0.12303506650544135 0.3277777777777778 0.04171704957678356 0.1574074074074074
0 0.1907496977025393 0.2175925925925926 0.03688029020556227 0.13518518518518519
0 0.5810157194679565 0.3300925925925926 0.04232164449818621 0.14351851851851852
0 0.4951632406287787 0.1587962962962963 0.03990326481257558 0.13240740740740742
0 0.4165659008464329 0.2537037037037037 0.04353083434099154 0.12962962962962962
0 0.5646916565900847 0.28703703703703703 0.03990326481257558 0.14814814814814814
0 0.6130592503022975 0.26666666666666666 0.041112454655380895 0.15185185185185185
0 0.5716444981862152 0.25 0.03688029020556227 0.15185185185185185
0 0.47702539298669894 0.2212962962962963 0.032648125755743655 0.12407407407407407
0 0.6834945586457074 0.26296296296296295 0.04171704957678356 0.16296296296296298
0 0.7249093107617895 0.262037037037037 0.03869407496977025 0.1537037037037037
0 0.5024183796856106 0.2351851851851852 0.03990326481257558 0.13518518518518519
0 0.5093712212817413 0.27037037037037037 0.04171704957678356 0.16296296296296298
0 0.5408101571946796 0.26990740740740743 0.03688029020556227 0.13796296296296295
0 0.5269044740024184 0.30277777777777776 0.04171704957678356 0.14074074074074075
0 0.5501813784764208 0.31712962962962965 0.03990326481257558 0.13240740740740742
0 0.6493349455864571 0.3365740740740741 0.04353083434099154 0.1527777777777778
0 0.6750302297460702 0.36064814814814816 0.034461910519951636 0.1287037037037037
0 0.7122128174123338 0.3712962962962963 0.03990326481257558 0.1425925925925926
0 0.902962515114873 0.3712962962962963 0.04171704957678356 0.15185185185185185
0 0.7221886336154776 0.3976851851851852 0.042926239419588876 0.14351851851851852
0 0.7478839177750907 0.6671296296296296 0.04232164449818621 0.16018518518518518
0 0.7714631197097944 0.6523148148148148 0.05199516324062878 0.1787037037037037
0 0.7932285368802902 0.4486111111111111 0.041112454655380895 0.15648148148148147
0 0.8615477629987908 0.5180555555555556 0.0471584038694075 0.16203703703703703
0 0.7663240628778718 0.49398148148148147 0.044135429262394194 0.16203703703703703
0 0.9815598548972189 0.2796296296296296 0.03204353083434099 0.15185185185185185
0 0.9637243047158404 0.29212962962962963 0.037484885126964934 0.12129629629629629
0 0.8954050785973398 0.6893518518518519 0.04353083434099154 0.14537037037037037
0 0.9803506650544136 0.5657407407407408 0.03688029020556227 0.1574074074074074
0 0.8845223700120919 0.2912037037037037 0.03990326481257558 0.13425925925925927
0 0.9220072551390568 0.3037037037037037 0.037484885126964934 0.12407407407407407
0 0.9404474002418379 0.5106481481481482 0.046553808948004836 0.15462962962962962
0 0.908403869407497 0.5199074074074074 0.05380894800483676 0.1712962962962963
0 0.905683192261185 0.26666666666666666 0.03990326481257558 0.14629629629629629
0 0.9800483675937122 0.7666666666666667 0.030229746070133012 0.09814814814814815
0 0.8805925030229746 0.15555555555555556 0.0380894800483676 0.12777777777777777
0 0.5006045949214026 0.1162037037037037 0.04232164449818621 0.1398148148148148
0 0.4848851269649335 0.12916666666666668 0.032648125755743655 0.11574074074074074
0 0.9319830713422007 0.2828703703703704 0.03204353083434099 0.12129629629629629
0 0.9389359129383313 0.2638888888888889 0.032648125755743655 0.12407407407407407
0 0.8325272067714631 0.5083333333333333 0.04232164449818621 0.15185185185185185
0 0.7841596130592503 0.5166666666666667 0.03990326481257558 0.15185185185185185
0 0.9552599758162031 0.5787037037037037 0.0761789600967352 0.17407407407407408
0 0.10640870616686819 0.8375 0.05804111245465538 0.17314814814814813
0 0.19709794437726724 0.8796296296296297 0.07134220072551391 0.1648148148148148
0 0.2708585247883918 0.18796296296296297 0.041112454655380895 0.14814814814814814
0 0.6475211608222491 0.21574074074074073 0.045949214026602174 0.15185185185185185
0 0.68863361547763 0.16574074074074074 0.03506650544135429 0.12037037037037036
0 0.8555018137847642 0.13425925925925927 0.037484885126964934 0.12777777777777777
0 0.9232164449818622 0.1259259259259259 0.03869407496977025 0.12962962962962962
0 0.9613059250302297 0.13564814814814816 0.04353083434099154 0.1398148148148148
0 0.9646311970979444 0.09675925925925925 0.04050785973397823 0.1398148148148148
0 0.9353083434099153 0.07546296296296297 0.03506650544135429 0.11018518518518519
0 0.9564691656590084 0.05416666666666667 0.03506650544135429 0.10648148148148148
0 0.9226118500604595 0.06296296296296296 0.037484885126964934 0.11851851851851852
0 0.8935912938331319 0.04259259259259259 0.037484885126964934 0.08333333333333333
0 0.08736396614268441 0.10092592592592593 0.03688029020556227 0.12407407407407407
0 0.20888754534461912 0.12129629629629629 0.04171704957678356 0.12962962962962962
0 0.16414752116082226 0.09768518518518518 0.034461910519951636 0.12685185185185185
0 0.20012091898428053 0.046296296296296294 0.032648125755743655 0.09074074074074075
0 0.12877871825876663 0.10925925925925926 0.03506650544135429 0.13518518518518519
0 0.1003627569528416 0.052314814814814814 0.037484885126964934 0.10277777777777777
0 0.1293833131801693 0.05555555555555555 0.041112454655380895 0.1037037037037037
0 0.3137847642079806 0.07777777777777778 0.037484885126964934 0.12407407407407407
0 0.34522370012091896 0.06157407407407407 0.037484885126964934 0.11388888888888889
0 0.30169286577992743 0.0375 0.030229746070133012 0.07314814814814814
0 0.4114268440145103 0.03287037037037037 0.03688029020556227 0.06388888888888888
0 0.4452841596130592 0.14953703703703702 0.03688029020556227 0.14351851851851852
0 0.6581015719467956 0.16064814814814815 0.04171704957678356 0.1398148148148148
0 0.4455864570737606 0.10555555555555556 0.03990326481257558 0.12407407407407407
0 0.564993954050786 0.06342592592592593 0.039298669891172915 0.1175925925925926
0 0.6490326481257558 0.0699074074074074 0.039298669891172915 0.125
0 0.8530834340991535 0.08657407407407407 0.037484885126964934 0.12129629629629629
0 0.689540507859734 0.075 0.03325272067714631 0.13518518518518519
0 0.6892382103990327 0.0962962962962963 0.03506650544135429 0.12407407407407407
0 0.6581015719467956 0.09444444444444444 0.034461910519951636 0.12037037037037036
0 0.6378476420798065 0.02962962962962963 0.03990326481257558 0.05740740740740741
0 0.531136638452237 0.06157407407407407 0.03688029020556227 0.11574074074074074
0 0.4371221281741233 0.05092592592592592 0.037484885126964934 0.1
0 0.48972188633615477 0.03148148148148148 0.037484885126964934 0.06111111111111111
0 0.4746070133010883 0.041666666666666664 0.03385731559854897 0.08148148148148149
0 0.5139056831922612 0.03425925925925926 0.032648125755743655 0.06666666666666667
0 0.011185006045949214 0.09907407407407408 0.021160822249093107 0.14074074074074075
0 0.010580411124546553 0.1675925925925926 0.01995163240628779 0.1425925925925926
0 0.9800483675937122 0.06574074074074074 0.03869407496977025 0.11296296296296296
0 0.6360338573155986 0.13796296296296295 0.02902055622732769 0.09259259259259259
0 0.8911729141475212 0.12824074074074074 0.030229746070133012 0.10277777777777777
0 0.3688029020556227 0.5115740740740741 0.03990326481257558 0.14907407407407408
0 0.18319226118500603 0.3351851851851852 0.04232164449818621 0.14074074074074075
0 0.13724304715840388 0.774074074074074 0.06650544135429262 0.16111111111111112
0 0.11305925030229746 0.7305555555555555 0.056831922611850064 0.16111111111111112
0 0.1568923821039903 0.7375 0.0501813784764208 0.1675925925925926
0 0.812273276904474 0.3199074074074074 0.04171704957678356 0.13425925925925927
0 0.841596130592503 0.31203703703703706 0.03385731559854897 0.12037037037037036
0 0.2551390568319226 0.6240740740740741 0.0471584038694075 0.1685185185185185
0 0.22551390568319227 0.6074074074074074 0.04232164449818621 0.1685185185185185
0 0.3597339782345828 0.6101851851851852 0.03506650544135429 0.15185185185185185
0 0.22218863361547764 0.5356481481481481 0.044135429262394194 0.14907407407407408
0 0.18712212817412333 0.5143518518518518 0.04171704957678356 0.1398148148148148
0 0.19740024183796856 0.47638888888888886 0.04171704957678356 0.14351851851851852
0 0.14540507859733978 0.5013888888888889 0.044135429262394194 0.14907407407407408
0 0.3672914147521161 0.18796296296296297 0.03204353083434099 0.12962962962962962
0 0.3887545344619105 0.18611111111111112 0.026602176541717048 0.12407407407407407
0 0.28234582829504234 0.4148148148148148 0.044740024183796856 0.1425925925925926
0 0.2714631197097944 0.425462962962963 0.037484885126964934 0.1398148148148148
0 0.19951632406287786 0.9310185185185185 0.0592503022974607 0.13796296296296295
0 0.31197097944377267 0.7384259259259259 0.04232164449818621 0.15462962962962962
0 0.3802902055622733 0.5652777777777778 0.03990326481257558 0.1398148148148148
0 0.34613059250302297 0.6620370370370371 0.039298669891172915 0.15925925925925927
0 0.3518742442563482 0.700925925925926 0.04232164449818621 0.1685185185185185
0 0.42019347037484883 0.6976851851851852 0.049576783555018135 0.14907407407407408
0 0.6390568319226119 0.7402777777777778 0.049576783555018135 0.15462962962962962
0 0.439540507859734 0.4981481481481482 0.03506650544135429 0.14074074074074075
0 0.43016928657799275 0.46805555555555556 0.034461910519951636 0.13240740740740742
0 0.03506650544135429 0.39444444444444443 0.04232164449818621 0.1574074074074074
0 0.4226118500604595 0.5504629629629629 0.03990326481257558 0.14907407407407408
0 0.43319226118500603 0.525 0.03204353083434099 0.14629629629629629
0 0.2409310761789601 0.5833333333333334 0.03688029020556227 0.14074074074074075
0 0.2883917775090689 0.5671296296296297 0.05078597339782346 0.16203703703703703
0 0.28960096735187424 0.6078703703703704 0.03990326481257558 0.1675925925925926
0 0.4740024183796856 0.40694444444444444 0.03990326481257558 0.14907407407407408
0 0.2968561064087062 0.37824074074074077 0.05078597339782346 0.14351851851851852
0 0.29474002418379686 0.3472222222222222 0.04171704957678356 0.15185185185185185
0 0.4062877871825877 0.41805555555555557 0.03990326481257558 0.14351851851851852
0 0.6033857315598549 0.0625 0.032648125755743655 0.12314814814814815
0 0.4839782345828295 0.500462962962963 0.034461910519951636 0.14351851851851852
0 0.4833736396614268 0.5282407407407408 0.03688029020556227 0.15092592592592594
0 0.2762998790810157 0.3226851851851852 0.037484885126964934 0.14351851851851852
0 0.5909915356711004 0.7643518518518518 0.051390568319226115 0.1787037037037037
0 0.558645707376058 0.7666666666666667 0.044740024183796856 0.17037037037037037
0 0.2593712212817412 0.34953703703703703 0.032648125755743655 0.13240740740740742
