0 0.08645833333333333 0.46944444444444444 0.04375 0.19074074074074074
0 0.7143229166666667 0.34444444444444444 0.04010416666666667 0.16296296296296298
0 0.025260416666666667 0.8787037037037037 0.049479166666666664 0.24444444444444444
0 0.10208333333333333 0.8935185185185185 0.10625 0.20925925925925926
0 0.12760416666666666 0.8023148148148148 0.06458333333333334 0.30833333333333335
0 0.2171875 0.8425925925925926 0.07708333333333334 0.31666666666666665
0 0.8270833333333333 0.5087962962962963 0.0625 0.21203703703703702
0 0.22838541666666667 0.6041666666666666 0.0609375 0.23425925925925925
0 0.35260416666666666 0.6671296296296296 0.053125 0.2638888888888889
0 0.22630208333333332 0.6944444444444444 0.06302083333333333 0.29259259259259257
0 0.2869791666666667 0.7273148148148149 0.05625 0.27870370370370373
0 0.8755208333333333 0.48194444444444445 0.06666666666666667 0.21203703703703702
0 0.3411458333333333 0.5546296296296296 0.05625 0.24814814814814815
0 0.5026041666666666 0.38564814814814813 0.05416666666666667 0.18981481481481483
0 0.3 0.4532407407407407 0.046875 0.20462962962962963
0 0.65859375 0.40555555555555556 0.05260416666666667 0.17962962962962964
0 0.6744791666666666 0.412962962962963 0.04375 0.14814814814814814
0 0.5541666666666667 0.3976851851851852 0.03125 0.11203703703703703
0 0.36223958333333334 0.34953703703703703 0.04114583333333333 0.17314814814814813
0 0.57421875 0.3912037037037037 0.03802083333333333 0.17685185185185184
0 0.590625 0.1337962962962963 0.023958333333333335 0.09907407407407408
0 0.5098958333333333 0.24583333333333332 0.028125 0.13240740740740742
0 0.47265625 0.2490740740740741 0.0328125 0.13148148148148148
0 0.28411458333333334 0.5421296296296296 0.058854166666666666 0.24166666666666667
0 0.4270833333333333 0.2972222222222222 0.04479166666666667 0.21296296296296297
0 0.53515625 0.28888888888888886 0.03177083333333333 0.15555555555555556
0 0.40208333333333335 0.2912037037037037 0.036458333333333336 0.14722222222222223
0 0.309375 0.2712962962962963 0.034375 0.14074074074074075
0 0.43359375 0.21712962962962962 0.030729166666666665 0.11574074074074074
0 0.46041666666666664 0.21388888888888888 0.026041666666666668 0.11851851851851852
0 0.4734375 0.20879629629629629 0.023958333333333335 0.09537037037037037
0 0.42473958333333334 0.18564814814814815 0.0296875 0.12314814814814815
0 0.5377604166666666 0.2300925925925926 0.021354166666666667 0.08055555555555556
0 0.559375 0.20833333333333334 0.028125 0.13518518518518519
0 0.3380208333333333 0.16574074074074074 0.027083333333333334 0.12407407407407407
