0 0.08653026427962489 0.8693181818181818 0.05200341005967604 0.1590909090909091
0 0.0443307757885763 0.7892045454545454 0.057971014492753624 0.15568181818181817
0 0.8657289002557544 0.9835227272727273 0.041773231031543054 0.035227272727272725
0 0.3593350383631714 0.7573863636363637 0.045183290707587385 0.15568181818181817
0 0.27237851662404094 0.43920454545454546 0.041773231031543054 0.12840909090909092
0 0.8776641091219096 0.7125 0.05200341005967604 0.14772727272727273
0 0.8418584825234442 0.725 0.043478260869565216 0.1318181818181818
0 0.530690537084399 0.4107954545454545 0.03836317135549872 0.12386363636363637
0 0.9842284739982949 0.9289772727272727 0.03154305200341006 0.1375
0 0.9658994032395567 0.9386363636363636 0.04603580562659847 0.125
0 0.7578857630008525 0.7028409090909091 0.042625745950554135 0.15113636363636362
0 0.8077578857630009 0.7045454545454546 0.041773231031543054 0.1318181818181818
0 0.8508098891730606 0.24545454545454545 0.0443307757885763 0.11136363636363636
0 0.8235294117647058 0.2375 0.03580562659846547 0.11818181818181818
0 0.335464620630861 0.43636363636363634 0.045183290707587385 0.1318181818181818
0 0.30221653878942883 0.44431818181818183 0.05200341005967604 0.12727272727272726
0 0.020034100596760442 0.375 0.03836317135549872 0.125
0 0.10912190963341858 0.325 0.0392156862745098 0.11818181818181818
0 0.32608695652173914 0.39034090909090907 0.03836317135549872 0.12386363636363637
0 0.3431372549019608 0.40625 0.03665814151747655 0.11477272727272728
0 0.4117647058823529 0.8119318181818181 0.056265984654731455 0.1625
0 0.38704177323103156 0.4102272727272727 0.042625745950554135 0.11136363636363636
0 0.43052003410059675 0.4090909090909091 0.04092071611253197 0.1318181818181818
0 0.4143222506393862 0.5329545454545455 0.04603580562659847 0.1318181818181818
0 0.45907928388746805 0.42159090909090907 0.045183290707587385 0.12045454545454545
0 0.46504688832054564 0.375 0.045183290707587385 0.125
0 0.3631713554987212 0.3125 0.04092071611253197 0.10681818181818181
0 0.33034953111679455 0.31420454545454546 0.040068201193520885 0.1125
0 0.12702472293265132 0.24147727272727273 0.03580562659846547 0.10795454545454546
0 0.13853367433930094 0.3073863636363636 0.03495311167945439 0.11477272727272728
0 0.15515771526001704 0.3409090909090909 0.042625745950554135 0.125
0 0.18329070758738278 0.3397727272727273 0.0392156862745098 0.11818181818181818
0 0.17561807331628304 0.3153409090909091 0.0392156862745098 0.1215909090909091
0 0.22762148337595908 0.27329545454545456 0.042625745950554135 0.10795454545454546
0 0.505541346973572 0.32045454545454544 0.042625745950554135 0.125
0 0.37638533674339303 0.2761363636363636 0.041773231031543054 0.11818181818181818
0 0.42028985507246375 0.2596590909090909 0.0392156862745098 0.11477272727272728
0 0.30861040068201195 0.29772727272727273 0.03580562659846547 0.11818181818181818
0 0.3755328218243819 0.19147727272727272 0.03154305200341006 0.08295454545454546
0 0.42028985507246375 0.18636363636363637 0.0392156862745098 0.09318181818181819
0 0.4040920716112532 0.19715909090909092 0.02557544757033248 0.08295454545454546
0 0.2651321398124467 0.18238636363636362 0.03751065643648764 0.10795454545454546
0 0.5281329923273658 0.4863636363636364 0.045183290707587385 0.1409090909090909
0 0.021739130434782608 0.9835227272727273 0.03836317135549872 0.035227272727272725
0 0.4731457800511509 0.28238636363636366 0.04603580562659847 0.1215909090909091
0 0.45098039215686275 0.5068181818181818 0.057971014492753624 0.1159090909090909
0 0.19735720375106564 0.28352272727272726 0.03154305200341006 0.09431818181818181
0 0.005115089514066497 0.3380681818181818 0.008525149190110827 0.11477272727272728
0 0.14791133844842286 0.8488636363636364 0.05200341005967604 0.1590909090909091
0 0.02855924978687127 0.3431818181818182 0.03495311167945439 0.1159090909090909
0 0.29923273657289 0.3971590909090909 0.03239556692242114 0.1215909090909091
0 0.8610400682011935 0.9181818181818182 0.06308610400682012 0.15227272727272728
0 0.8256606990622336 0.4460227272727273 0.043478260869565216 0.13068181818181818
0 0.7796248934356351 0.4420454545454545 0.041773231031543054 0.12272727272727273
0 0.8064791133844842 0.40795454545454546 0.04603580562659847 0.1318181818181818
0 0.7659846547314578 0.39488636363636365 0.045183290707587385 0.11704545454545455
0 0.8175618073316283 0.0971590909090909 0.03751065643648764 0.09659090909090909
0 0.14492753623188406 0.03125 0.03580562659846547 0.060227272727272727
0 0.11253196930946291 0.10397727272727272 0.03410059676044331 0.10568181818181818
0 0.5579710144927537 0.41818181818181815 0.03495311167945439 0.1340909090909091
0 0.1423699914748508 0.10965909090909091 0.03751065643648764 0.10795454545454546
0 0.2340153452685422 0.04602272727272727 0.03495311167945439 0.08977272727272727
0 0.2949701619778346 0.08522727272727272 0.028985507246376812 0.10681818181818181
0 0.3410059676044331 0.23522727272727273 0.0392156862745098 0.125
0 0.33034953111679455 0.08636363636363636 0.028132992327365727 0.08863636363636364
0 0.3546462063086104 0.12556818181818183 0.03751065643648764 0.10340909090909091
0 0.34185848252344414 0.29318181818181815 0.042625745950554135 0.12045454545454545
0 0.48508098891730606 0.15454545454545454 0.04092071611253197 0.10227272727272728
0 0.5187553282182438 0.15795454545454546 0.03836317135549872 0.10681818181818181
0 0.4096334185848252 0.08977272727272727 0.03154305200341006 0.09772727272727273
0 0.4352088661551577 0.09659090909090909 0.03836317135549872 0.1
0 0.35038363171355497 0.028977272727272727 0.03239556692242114 0.05568181818181818
0 0.48721227621483376 0.013636363636363636 0.028132992327365727 0.025
0 0.4492753623188406 0.18125 0.03751065643648764 0.10795454545454546
0 0.39641943734015345 0.02727272727272727 0.028985507246376812 0.05227272727272727
0 0.46121057118499575 0.010227272727272727 0.03239556692242114 0.01818181818181818
0 0.7190963341858483 0.44886363636363635 0.041773231031543054 0.12954545454545455
0 0.5421994884910486 0.34204545454545454 0.03751065643648764 0.12045454545454545
0 0.309462915601023 0.014772727272727272 0.030690537084398978 0.02727272727272727
0 0.9701619778346121 0.00909090909090909 0.03239556692242114 0.015909090909090907
0 0.5745950554134698 0.34488636363636366 0.0443307757885763 0.1215909090909091
0 0.5447570332480819 0.44545454545454544 0.03751065643648764 0.11818181818181818
0 0.386615515771526 0.22329545454545455 0.041773231031543054 0.11477272727272728
