0 0.041773231031543054 0.7880681818181818 0.0392156862745098 0.15113636363636362
0 0.0392156862745098 0.8784090909090909 0.05285592497868713 0.16363636363636364
0 0.11594202898550725 0.8357954545454546 0.03751065643648764 0.14204545454545456
0 0.7105711849957375 0.928409090909091 0.05370843989769821 0.13863636363636364
0 0.45694799658994034 0.9267045454545455 0.0443307757885763 0.14886363636363636
0 0.505541346973572 0.9204545454545454 0.04603580562659847 0.15454545454545454
0 0.34867860187553285 0.7761363636363636 0.042625745950554135 0.15227272727272728
0 0.31202046035805625 0.7448863636363636 0.04774083546462063 0.1375
0 0.2753623188405797 0.7789772727272727 0.05115089514066496 0.13522727272727272
0 0.004688832054560955 0.79375 0.0076726342710997444 0.14431818181818182
0 0.5 0.7738636363636363 0.03836317135549872 0.15227272727272728
0 0.5319693094629157 0.7727272727272727 0.04603580562659847 0.15227272727272728
0 0.4092071611253197 0.9511363636363637 0.0443307757885763 0.09772727272727273
0 0.39215686274509803 0.6193181818181818 0.03751065643648764 0.1340909090909091
0 0.11807331628303495 0.6039772727272728 0.045183290707587385 0.14204545454545456
0 0.14407502131287298 0.6085227272727273 0.0443307757885763 0.12840909090909092
0 0.7536231884057971 0.6465909090909091 0.04774083546462063 0.15227272727272728
0 0.7502131287297528 0.9369318181818181 0.0443307757885763 0.12386363636363637
0 0.33418584825234443 0.55625 0.03751065643648764 0.12840909090909092
0 0.3052003410059676 0.5653409090909091 0.03751065643648764 0.12840909090909092
0 0.13938618925831203 0.5261363636363636 0.041773231031543054 0.1409090909090909
0 0.8576300085251491 0.035227272727272725 0.02557544757033248 0.06818181818181818
0 0.8695652173913043 0.8664772727272727 0.03751065643648764 0.14204545454545456
0 0.49232736572890023 0.5363636363636364 0.041773231031543054 0.125
0 0.453537936913896 0.6204545454545455 0.0392156862745098 0.13636363636363635
0 0.48081841432225064 0.6244318181818181 0.042625745950554135 0.14431818181818182
0 0.5626598465473146 0.7369318181818182 0.04603580562659847 0.12386363636363637
0 0.30647911338448425 0.08977272727272727 0.03154305200341006 0.10454545454545454
0 0.8175618073316283 0.4147727272727273 0.042625745950554135 0.10454545454545454
0 0.10315430520034101 0.9886363636363636 0.03580562659846547 0.025
0 0.28218243819266836 0.9710227272727273 0.0443307757885763 0.060227272727272727
0 0.20460358056265984 0.977840909090909 0.0443307757885763 0.04431818181818182
0 0.2348678601875533 0.9590909090909091 0.04859335038363171 0.08409090909090909
0 0.14492753623188406 0.9278409090909091 0.04774083546462063 0.14431818181818182
0 0.1815856777493606 0.9295454545454546 0.042625745950554135 0.1431818181818182
0 0.43137254901960786 0.03295454545454545 0.02557544757033248 0.05909090909090909
0 0.41389599317988063 0.033522727272727273 0.028132992327365727 0.06477272727272727
0 0.33461210571184996 0.02159090909090909 0.028132992327365727 0.04090909090909091
0 0.22421142369991476 0.06363636363636363 0.027280477408354646 0.08863636363636364
0 0.793691389599318 0.33238636363636365 0.03580562659846547 0.10795454545454546
0 0.8064791133844842 0.225 0.0392156862745098 0.11818181818181818
0 0.8567774936061381 0.23636363636363636 0.03580562659846547 0.11818181818181818
0 0.8081841432225064 0.2346590909090909 0.03239556692242114 0.11477272727272728
0 0.8333333333333334 0.0659090909090909 0.03495311167945439 0.09772727272727273
0 0.7280477408354646 0.4068181818181818 0.0392156862745098 0.125
0 0.49317988064791135 0.31477272727272726 0.03495311167945439 0.11136363636363636
0 0.5396419437340153 0.3085227272727273 0.0392156862745098 0.12840909090909092
0 0.815004262574595 0.38295454545454544 0.03751065643648764 0.10454545454545454
0 0.7740835464620631 0.4107954545454545 0.04092071611253197 0.1215909090909091
0 0.7327365728900256 0.5886363636363636 0.03836317135549872 0.15
0 0.8303495311167945 0.5357954545454545 0.027280477408354646 0.11704545454545455
0 0.8073316283034954 0.6306818181818182 0.03410059676044331 0.10454545454545454
0 0.8653026427962489 0.625 0.042625745950554135 0.1318181818181818
0 0.8064791133844842 0.5619318181818181 0.0392156862745098 0.13522727272727272
0 0.5541346973572038 0.43977272727272726 0.04603580562659847 0.12954545454545455
0 0.5400682011935208 0.4414772727272727 0.041773231031543054 0.13522727272727272
0 0.30264279624893436 0.28011363636363634 0.03580562659846547 0.11477272727272728
0 0.4957374254049446 0.12045454545454545 0.028132992327365727 0.09090909090909091
0 0.2412617220801364 0.023295454545454546 0.023870417732310314 0.04431818181818182
0 0.35720375106564367 0.04090909090909091 0.02557544757033248 0.07954545454545454
0 0.8162830349531117 0.32443181818181815 0.03836317135549872 0.10340909090909091
0 0.8456947996589941 0.6795454545454546 0.02557544757033248 0.10454545454545454
0 0.24552429667519182 0.060227272727272727 0.027280477408354646 0.08181818181818182
0 0.7092924126172208 0.3096590909090909 0.05285592497868713 0.11477272727272728
0 0.8380221653878943 0.3795454545454545 0.042625745950554135 0.125
0 0.5473145780051151 0.3806818181818182 0.03410059676044331 0.10909090909090909
0 0.8073316283034954 0.32954545454545453 0.042625745950554135 0.10454545454545454
0 0.7860187553282183 0.5346590909090909 0.04092071611253197 0.11477272727272728
0 0.5281329923273658 0.12272727272727273 0.03324808184143223 0.09318181818181819
0 0.5362318840579711 0.5323863636363636 0.0392156862745098 0.13977272727272727
0 0.5750213128729753 0.375 0.03836317135549872 0.12727272727272726
0 0.722080136402387 0.4278409090909091 0.03410059676044331 0.1215909090909091
0 0.7374254049445865 0.22386363636363638 0.03410059676044331 0.11363636363636363
0 0.5302642796248934 0.056818181818181816 0.028985507246376812 0.09090909090909091
0 0.5549872122762148 0.060227272727272727 0.023870417732310314 0.09772727272727273
0 0.5524296675191815 0.07102272727272728 0.028985507246376812 0.09431818181818181
0 0.922847399829497 0.9835227272727273 0.028132992327365727 0.035227272727272725
0 0.629156010230179 0.8721590909090909 0.0494458653026428 0.15568181818181817
0 0.6760443307757886 0.8738636363636364 0.0443307757885763 0.16363636363636364
0 0.809462915601023 0.7784090909090909 0.04859335038363171 0.16590909090909092
0 0.8235294117647058 0.6778409090909091 0.04603580562659847 0.15568181818181817
0 0.8785166240409207 0.6914772727272728 0.03836317135549872 0.1375
0 0.7046035805626598 0.5596590909090909 0.041773231031543054 0.14204545454545456
0 0.24296675191815856 0.18295454545454545 0.030690537084398978 0.1
0 0.46888320545609546 0.3880681818181818 0.04092071611253197 0.12840909090909092
0 0.20673486786018755 0.425 0.03154305200341006 0.10454545454545454
0 0.23358908780903667 0.41761363636363635 0.03410059676044331 0.11477272727272728
0 0.2595907928388747 0.4369318181818182 0.03495311167945439 0.09431818181818181
0 0.26768968456947995 0.2778409090909091 0.03580562659846547 0.11477272727272728
0 0.4258312020460358 0.3573863636363636 0.03495311167945439 0.1215909090909091
0 0.30861040068201195 0.1625 0.03410059676044331 0.10454545454545454
0 0.17817561807331628 0.08181818181818182 0.027280477408354646 0.09772727272727273
0 0.33248081841432225 0.19204545454545455 0.028985507246376812 0.08409090909090909
0 0.5370843989769821 0.04318181818181818 0.03239556692242114 0.08409090909090909
0 0.4484228473998295 0.12840909090909092 0.03239556692242114 0.10454545454545454
0 0.4722932651321398 0.13295454545454546 0.03239556692242114 0.08636363636363636
0 0.19735720375106564 0.04943181818181818 0.028132992327365727 0.09431818181818181
0 0.16410912190963342 0.016477272727272726 0.03836317135549872 0.03068181818181818
0 0.329923273657289 0.09829545454545455 0.030690537084398978 0.0875
0 0.4978687127024723 0.15 0.03410059676044331 0.10454545454545454
0 0.7647058823529411 0.31420454545454546 0.042625745950554135 0.1215909090909091
0 0.38917306052855927 0.042045454545454546 0.028132992327365727 0.07727272727272727
0 0.4731457800511509 0.04090909090909091 0.028985507246376812 0.07727272727272727
0 0.5157715260017051 0.38636363636363635 0.03751065643648764 0.10454545454545454
0 0.22634271099744246 0.028409090909090908 0.0247229326513214 0.05454545454545454
0 0.05328218243819267 0.9505681818181818 0.041773231031543054 0.09659090909090909
0 0.5281329923273658 0.9767045454545454 0.03665814151747655 0.04431818181818182
0 0.7945439045183291 0.9386363636363636 0.05285592497868713 0.125
0 0.257459505541347 0.7159090909090909 0.0443307757885763 0.13863636363636364
0 0.8371696504688833 0.8795454545454545 0.04092071611253197 0.175
0 0.9335038363171355 0.8977272727272727 0.042625745950554135 0.1590909090909091
0 0.9599317988064792 0.8914772727272727 0.03580562659846547 0.16477272727272727
0 0.9514066496163683 0.84375 0.04774083546462063 0.16477272727272727
0 0.886615515771526 0.5886363636363636 0.03751065643648764 0.13863636363636364
0 0.01619778346121057 0.5755681818181818 0.030690537084398978 0.12386363636363637
0 0.017902813299232736 0.5454545454545454 0.03410059676044331 0.12045454545454545
0 0.5942028985507246 0.727840909090909 0.04774083546462063 0.14204545454545456
0 0.06308610400682012 0.35625 0.03751065643648764 0.12840909090909092
0 0.23273657289002558 0.5965909090909091 0.03751065643648764 0.14545454545454545
0 0.5558397271952259 0.5852272727272727 0.042625745950554135 0.125
0 0.4620630861040068 0.4630681818181818 0.03410059676044331 0.1125
0 0.3192668371696505 0.3443181818181818 0.03495311167945439 0.11818181818181818
0 0.042625745950554135 0.4465909090909091 0.0443307757885763 0.125
0 0.0034100596760443308 0.5840909090909091 0.005115089514066497 0.12954545454545455
0 0.07587382779198636 0.3778409090909091 0.042625745950554135 0.11704545454545455
0 0.2958226768968457 0.6295454545454545 0.042625745950554135 0.13863636363636364
0 0.1155157715260017 0.3715909090909091 0.041773231031543054 0.11818181818181818
0 0.4514066496163683 0.20909090909090908 0.03154305200341006 0.10454545454545454
0 0.49872122762148335 0.5482954545454546 0.03580562659846547 0.1215909090909091
0 0.4309462915601023 0.4505681818181818 0.03836317135549872 0.12840909090909092
0 0.20375106564364875 0.06818181818181818 0.023870417732310314 0.08409090909090909
0 0.4718670076726343 0.4289772727272727 0.03495311167945439 0.1215909090909091
0 0.5345268542199488 0.49375 0.04092071611253197 0.13522727272727272
0 0.35294117647058826 0.34488636363636366 0.03239556692242114 0.12613636363636363
0 0.14151747655583974 0.23522727272727273 0.042625745950554135 0.10227272727272728
0 0.41602728047740833 0.29545454545454547 0.03580562659846547 0.09772727272727273
0 0.16965046888320545 0.3522727272727273 0.03751065643648764 0.1159090909090909
0 0.3358908780903666 0.2948863636363636 0.03580562659846547 0.1215909090909091
0 0.35208866155157714 0.2096590909090909 0.03239556692242114 0.10340909090909091
0 0.3797953964194373 0.21363636363636362 0.03324808184143223 0.11136363636363636
0 0.4599317988064791 0.2784090909090909 0.03836317135549872 0.11818181818181818
0 0.39215686274509803 0.28920454545454544 0.03410059676044331 0.11477272727272728
0 0.4279624893435635 0.20113636363636364 0.030690537084398978 0.10681818181818181
0 0.40494458653026427 0.21761363636363637 0.03239556692242114 0.10340909090909091
0 0.3009377664109122 0.20852272727272728 0.03410059676044331 0.11477272727272728
0 0.5294117647058824 0.1534090909090909 0.03239556692242114 0.10454545454545454
0 0.7450980392156863 0.3528409090909091 0.03751065643648764 0.11022727272727273
0 0.8729752770673487 0.24943181818181817 0.030690537084398978 0.10795454545454546
0 0.8593350383631714 0.43977272727272726 0.04092071611253197 0.11818181818181818
0 0.8516624040920716 0.24375 0.03580562659846547 0.10795454545454546
0 0.8554987212276215 0.4198863636363636 0.041773231031543054 0.12386363636363637
0 0.8132992327365729 0.43920454545454546 0.03751065643648764 0.1215909090909091
0 0.7941176470588235 0.8977272727272727 0.05200341005967604 0.15
0 0.07161125319693094 0.4772727272727273 0.04603580562659847 0.12954545454545455
0 0.49744245524296676 0.44375 0.03154305200341006 0.1215909090909091
0 0.37595907928388744 0.5431818181818182 0.0443307757885763 0.12045454545454545
0 0.5089514066496164 0.42556818181818185 0.03239556692242114 0.11022727272727273
0 0.43137254901960786 0.5295454545454545 0.03751065643648764 0.12954545454545455
0 0.43478260869565216 0.15795454545454546 0.02557544757033248 0.08636363636363636
