0 0.13938618925831203 0.31875 0.03495311167945439 0.11477272727272728
0 0.7169650468883205 0.2528409090909091 0.04092071611253197 0.09431818181818181
0 0.10272804774083547 0.3153409090909091 0.03324808184143223 0.1215909090909091
0 0.005115089514066497 0.9471590909090909 0.008525149190110827 0.10568181818181818
0 0.5664961636828645 0.36022727272727273 0.04688832054560955 0.125
0 0.49019607843137253 0.11136363636363636 0.028985507246376812 0.09318181818181819
0 0.8162830349531117 0.30568181818181817 0.03836317135549872 0.1159090909090909
0 0.7310315430520035 0.2840909090909091 0.03324808184143223 0.10681818181818181
0 0.731457800511509 0.30511363636363636 0.03580562659846547 0.1125
0 0.7659846547314578 0.2909090909090909 0.03495311167945439 0.1159090909090909
0 0.7587382779198636 0.32784090909090907 0.03751065643648764 0.11704545454545455
0 0.7301790281329923 0.4784090909090909 0.043478260869565216 0.12045454545454545
0 0.8751065643648764 0.49318181818181817 0.043478260869565216 0.12045454545454545
0 0.5605285592497868 0.6176136363636363 0.03665814151747655 0.13295454545454546
0 0.18542199488491048 0.019318181818181818 0.0247229326513214 0.03636363636363636
0 0.2608695652173913 0.020454545454545454 0.02557544757033248 0.038636363636363635
0 0.49232736572890023 0.038636363636363635 0.03836317135549872 0.075
0 0.4019607843137255 0.031818181818181815 0.029838022165387893 0.06136363636363636
0 0.37595907928388744 0.028977272727272727 0.02557544757033248 0.05568181818181818
0 0.47655583972719523 0.008522727272727272 0.028985507246376812 0.014772727272727272
0 0.4373401534526854 0.036931818181818184 0.03410059676044331 0.0715909090909091
0 0.45652173913043476 0.04147727272727273 0.0247229326513214 0.053409090909090906
0 0.3734015345268542 0.016477272727272726 0.028985507246376812 0.03068181818181818
0 0.4458653026427962 0.007386363636363636 0.030690537084398978 0.0125
0 0.5767263427109974 0.42556818181818185 0.041773231031543054 0.1215909090909091
0 0.5916453537936914 0.7153409090909091 0.042625745950554135 0.1375
0 0.22847399829497017 0.21931818181818183 0.03580562659846547 0.10454545454545454
0 0.4198635976129582 0.14488636363636365 0.03324808184143223 0.10568181818181818
0 0.2553282182438193 0.4602272727272727 0.03836317135549872 0.13636363636363635
0 0.7710997442455243 0.3835227272727273 0.03324808184143223 0.10795454545454546
0 0.22208013640238705 0.9715909090909091 0.05200341005967604 0.056818181818181816
0 0.13043478260869565 0.9403409090909091 0.04774083546462063 0.1215909090909091
0 0.16709292412617222 0.9420454545454545 0.0443307757885763 0.1159090909090909
0 0.4360613810741688 0.32670454545454547 0.03154305200341006 0.09659090909090909
0 0.4143222506393862 0.32670454545454547 0.03751065643648764 0.10113636363636364
0 0.31415174765558396 0.25681818181818183 0.03836317135549872 0.10909090909090909
0 0.054987212276214836 0.38977272727272727 0.041773231031543054 0.12727272727272726
0 0.8098891730605285 0.5204545454545455 0.042625745950554135 0.12954545454545455
0 0.9087809036658141 0.6534090909090909 0.056265984654731455 0.12954545454545455
0 0.8546462063086104 0.6840909090909091 0.04688832054560955 0.14772727272727273
0 0.8073316283034954 0.3880681818181818 0.03751065643648764 0.11477272727272728
0 0.9002557544757033 0.9494318181818182 0.04603580562659847 0.09886363636363636
0 0.6726342710997443 0.9193181818181818 0.05115089514066496 0.1318181818181818
0 0.7203751065643649 0.9159090909090909 0.056265984654731455 0.16818181818181818
0 0.9701619778346121 0.8982954545454546 0.0392156862745098 0.1806818181818182
0 0.9377664109121909 0.9511363636363637 0.0392156862745098 0.09772727272727273
0 0.530690537084399 0.5215909090909091 0.03324808184143223 0.1159090909090909
0 0.3452685421994885 0.35625 0.04092071611253197 0.11022727272727273
0 0.39428815004262574 0.3261363636363636 0.03324808184143223 0.10681818181818181
0 0.8546462063086104 0.8602272727272727 0.05200341005967604 0.1431818181818182
0 0.8145780051150895 0.9176136363636364 0.060528559249786874 0.16477272727272727
0 0.9335038363171355 0.8897727272727273 0.056265984654731455 0.1431818181818182
0 0.5537084398976982 0.55 0.04688832054560955 0.1340909090909091
0 0.007246376811594203 0.0715909090909091 0.01278772378516624 0.09318181818181819
0 0.09974424552429667 0.05738636363636364 0.03239556692242114 0.08295454545454546
0 0.18073316283034954 0.11022727272727273 0.028985507246376812 0.08636363636363636
0 0.05456095481670929 0.9619318181818182 0.05456095481670929 0.07840909090909091
0 0.5826939471440751 0.9806818181818182 0.045183290707587385 0.04090909090909091
0 0.8034953111679455 0.9693181818181819 0.05029838022165388 0.06136363636363636
0 0.7723785166240409 0.5204545454545455 0.04092071611253197 0.1340909090909091
0 0.13725490196078433 0.40397727272727274 0.03580562659846547 0.11022727272727273
0 0.17092924126172207 0.39943181818181817 0.03665814151747655 0.11477272727272728
0 0.5098039215686274 0.43920454545454546 0.04092071611253197 0.1215909090909091
0 0.5447570332480819 0.45454545454545453 0.042625745950554135 0.1159090909090909
0 0.06351236146632566 0.24659090909090908 0.028132992327365727 0.1
0 0.159846547314578 0.20795454545454545 0.029838022165387893 0.08863636363636364
0 0.18797953964194372 0.20511363636363636 0.029838022165387893 0.10340909090909091
0 0.3546462063086104 0.2028409090909091 0.0392156862745098 0.10568181818181818
0 0.39940323955669227 0.14659090909090908 0.023017902813299233 0.09318181818181819
0 0.31202046035805625 0.12613636363636363 0.023870417732310314 0.075
0 0.20375106564364875 0.10909090909090909 0.030690537084398978 0.1
0 0.2331628303495311 0.11420454545454546 0.026427962489343565 0.0875
0 0.46930946291560105 0.13977272727272727 0.03324808184143223 0.09318181818181819
0 0.5038363171355499 0.14659090909090908 0.028985507246376812 0.08863636363636364
0 0.896845694799659 0.16875 0.03410059676044331 0.10340909090909091
0 0.1939471440750213 0.033522727272727273 0.03324808184143223 0.06477272727272727
0 0.22762148337595908 0.020454545454545454 0.030690537084398978 0.038636363636363635
0 0.29028132992327366 0.11136363636363636 0.028132992327365727 0.09318181818181819
0 0.7450980392156863 0.58125 0.0494458653026428 0.1375
0 0.8175618073316283 0.5965909090909091 0.042625745950554135 0.13863636363636364
0 0.7071611253196931 0.6920454545454545 0.041773231031543054 0.1431818181818182
0 0.7395566922421143 0.6829545454545455 0.04688832054560955 0.15227272727272728
0 0.4518329070758738 0.7505681818181819 0.04603580562659847 0.15113636363636362
0 0.7131287297527706 0.6215909090909091 0.041773231031543054 0.125
0 0.6739130434782609 0.6897727272727273 0.04859335038363171 0.12954545454545455
0 0.788150042625746 0.6136363636363636 0.03665814151747655 0.1340909090909091
0 0.36828644501278773 0.3079545454545455 0.03410059676044331 0.10454545454545454
0 0.34697357203751067 0.29659090909090907 0.03580562659846547 0.12045454545454545
0 0.8363171355498721 0.05113636363636364 0.03239556692242114 0.09318181818181819
0 0.7387041773231031 0.4011363636363636 0.03324808184143223 0.07954545454545454
0 0.7485080988917306 0.6375 0.04092071611253197 0.13863636363636364
0 0.21184995737425405 0.07443181818181818 0.03154305200341006 0.08295454545454546
0 0.03793691389599318 0.7079545454545455 0.041773231031543054 0.14545454545454545
0 0.6014492753623188 0.9181818181818182 0.058823529411764705 0.14772727272727273
0 0.46717817561807334 0.959659090909091 0.04603580562659847 0.08068181818181819
0 0.0639386189258312 0.7892045454545454 0.0494458653026428 0.16022727272727272
0 0.45737425404944587 0.4954545454545455 0.040068201193520885 0.1340909090909091
0 0.463768115942029 0.675 0.04774083546462063 0.13863636363636364
0 0.5029838022165388 0.6801136363636363 0.04092071611253197 0.12840909090909092
0 0.2851662404092072 0.47102272727272726 0.043478260869565216 0.11477272727272728
0 0.4641943734015345 0.6261363636363636 0.04688832054560955 0.13863636363636364
0 0.8704177323103154 0.8943181818181818 0.04603580562659847 0.14545454545454545
0 0.37595907928388744 0.35454545454545455 0.03410059676044331 0.11136363636363636
0 0.4475703324808184 0.3693181818181818 0.0392156862745098 0.10681818181818181
0 0.2855924978687127 0.8625 0.05115089514066496 0.16818181818181818
0 0.4036658141517477 0.6619318181818182 0.04688832054560955 0.14204545454545456
0 0.3375959079283887 0.8710227272727272 0.04603580562659847 0.17613636363636365
0 0.4403239556692242 0.7869318181818182 0.045183290707587385 0.13068181818181818
0 0.08439897698209718 0.8863636363636364 0.056265984654731455 0.15681818181818183
0 0.32608695652173914 0.6892045454545455 0.041773231031543054 0.13295454545454546
0 0.3627450980392157 0.7005681818181818 0.05029838022165388 0.14659090909090908
0 0.3989769820971867 0.8505681818181818 0.05115089514066496 0.16477272727272727
0 0.39940323955669227 0.7846590909090909 0.04688832054560955 0.13977272727272727
0 0.3712702472293265 0.6511363636363636 0.05029838022165388 0.1431818181818182
0 0.3998294970161978 0.7119318181818182 0.04603580562659847 0.14659090909090908
0 0.5294117647058824 0.6278409090909091 0.0392156862745098 0.13068181818181818
0 0.8397271952259164 0.7301136363636364 0.0392156862745098 0.13522727272727272
0 0.815004262574595 0.7215909090909091 0.05115089514066496 0.15227272727272728
0 0.40153452685422 0.5193181818181818 0.042625745950554135 0.11818181818181818
