0 0.5520833333333334 0.2337962962962963 0.030208333333333334 0.1287037037037037
0 0.37864583333333335 0.23194444444444445 0.027083333333333334 0.1287037037037037
0 0.11614583333333334 0.4912037037037037 0.034375 0.18981481481481483
0 0.6158854166666666 0.29953703703703705 0.03177083333333333 0.14907407407407408
0 0.35625 0.23287037037037037 0.028125 0.14351851851851852
0 0.25364583333333335 0.912962962962963 0.09583333333333334 0.17592592592592593
0 0.3484375 0.7736111111111111 0.06666666666666667 0.30833333333333335
0 0.153125 0.9041666666666667 0.09479166666666666 0.19166666666666668
0 0.37994791666666666 0.49907407407407406 0.058854166666666666 0.3
0 0.58125 0.42962962962962964 0.046875 0.2037037037037037
0 0.48489583333333336 0.4388888888888889 0.03854166666666667 0.16666666666666666
0 0.42239583333333336 0.43657407407407406 0.04583333333333333 0.18981481481481483
0 0.31171875 0.41898148148148145 0.0390625 0.175
0 0.3046875 0.3449074074074074 0.03229166666666667 0.15648148148148147
0 0.421875 0.31203703703703706 0.03333333333333333 0.13703703703703704
0 0.434375 0.30833333333333335 0.030208333333333334 0.13518518518518519
0 0.37447916666666664 0.32222222222222224 0.03125 0.11481481481481481
0 0.45364583333333336 0.2759259259259259 0.03333333333333333 0.15185185185185185
0 0.4765625 0.3 0.029166666666666667 0.10185185185185185
0 0.42916666666666664 0.25092592592592594 0.03333333333333333 0.13518518518518519
0 0.43307291666666664 0.22268518518518518 0.0296875 0.12129629629629629
0 0.5401041666666667 0.3236111111111111 0.03125 0.09907407407407408
0 0.5739583333333333 0.30185185185185187 0.040625 0.1648148148148148
0 0.49973958333333335 0.2310185185185185 0.03177083333333333 0.13796296296296295
0 0.45234375 0.2152777777777778 0.0296875 0.1287037037037037
0 0.37057291666666664 0.2023148148148148 0.027604166666666666 0.1287037037037037
0 0.45755208333333336 0.22916666666666666 0.0265625 0.12129629629629629
