0 0.39903264812575573 0.8078703703703703 0.04232164449818621 0.17314814814814813
0 0.4328899637243047 0.8212962962962963 0.03990326481257558 0.1574074074074074
0 0.44316807738814995 0.9388888888888889 0.045949214026602174 0.12037037037037036
0 0.4818621523579202 0.9550925925925926 0.036275695284159616 0.09166666666666666
0 0.47944377267230953 0.812962962962963 0.05441354292623942 0.1814814814814815
0 0.4492140266021765 0.32407407407407407 0.037484885126964934 0.1574074074074074
0 0.5278113663845224 0.9601851851851851 0.05804111245465538 0.08148148148148149
0 0.5468561064087062 0.9277777777777778 0.04171704957678356 0.14444444444444443
0 0.27690447400241835 0.9194444444444444 0.05562273276904474 0.15925925925925927
0 0.468863361547763 0.3625 0.04897218863361548 0.16203703703703703
0 0.717956469165659 0.9185185185185185 0.05985489721886336 0.1648148148148148
0 0.587968561064087 0.9564814814814815 0.047762998790810154 0.08888888888888889
0 0.5012091898428053 0.9324074074074075 0.0471584038694075 0.13518518518518519
0 0.3778718258766626 0.9560185185185185 0.03869407496977025 0.08796296296296297
0 0.24153567110036275 0.9074074074074074 0.044135429262394194 0.1648148148148148
0 0.6807738814993954 0.6129629629629629 0.045949214026602174 0.14629629629629629
0 0.7285368802902056 0.6046296296296296 0.04836759371221282 0.17037037037037037
0 0.8742442563482467 0.9217592592592593 0.04836759371221282 0.14537037037037037
0 0.5701330108827086 0.5995370370370371 0.049576783555018135 0.17685185185185184
0 0.3802902055622733 0.6226851851851852 0.03385731559854897 0.1638888888888889
0 0.8591293833131801 0.8458333333333333 0.0471584038694075 0.175
0 0.908403869407497 0.7981481481481482 0.04897218863361548 0.18888888888888888
0 0.47672309552599756 0.6268518518518519 0.046553808948004836 0.1537037037037037
0 0.5057436517533253 0.6560185185185186 0.044135429262394194 0.13796296296296295
0 0.6039903264812576 0.3365740740740741 0.036275695284159616 0.15648148148148147
0 0.5773881499395405 0.3509259259259259 0.04232164449818621 0.14814814814814814
0 0.5287182587666264 0.3819444444444444 0.046553808948004836 0.16018518518518518
0 0.3957073760580411 0.6736111111111112 0.05259975816203144 0.16018518518518518
0 0.4407496977025393 0.6861111111111111 0.041112454655380895 0.16296296296296298
0 0.4437726723095526 0.7245370370370371 0.0471584038694075 0.1712962962962963
0 0.47309552599758165 0.7597222222222222 0.04171704957678356 0.16018518518518518
0 0.49939540507859737 0.7699074074074074 0.049576783555018135 0.14907407407407408
0 0.7330713422007256 0.7870370370370371 0.04897218863361548 0.17222222222222222
0 0.39903264812575573 0.9162037037037037 0.053204353083434096 0.16944444444444445
0 0.8225513905683193 0.5837962962962963 0.044135429262394194 0.14907407407407408
0 0.8645707376058042 0.5925925925925926 0.04353083434099154 0.1388888888888889
0 0.8367593712212817 0.5412037037037037 0.05199516324062878 0.15462962962962962
0 0.8700120918984281 0.5324074074074074 0.03385731559854897 0.13518518518518519
0 0.9123337363966143 0.6611111111111111 0.04353083434099154 0.1574074074074074
0 0.9860943168077388 0.4986111111111111 0.02539298669891173 0.1712962962962963
0 0.9597944377267231 0.5175925925925926 0.051390568319226115 0.15555555555555556
0 0.7974607013301088 0.5699074074074074 0.037484885126964934 0.11018518518518519
0 0.879081015719468 0.5643518518518519 0.036275695284159616 0.13425925925925927
0 0.8990326481257558 0.5277777777777778 0.036275695284159616 0.13703703703703704
0 0.4740024183796856 0.8851851851851852 0.04836759371221282 0.1685185185185185
0 0.41414752116082226 0.8759259259259259 0.04836759371221282 0.18703703703703703
0 0.8228536880290206 0.7268518518518519 0.04353083434099154 0.1537037037037037
0 0.8760580411124547 0.6449074074074074 0.04353083434099154 0.16018518518518518
0 0.7693470374848851 0.5310185185185186 0.058645707376058044 0.17314814814814813
0 0.9495163240628779 0.42453703703703705 0.03688029020556227 0.14537037037037037
0 0.9685610640870617 0.39814814814814814 0.03990326481257558 0.15925925925925927
0 0.9156590084643289 0.2657407407407407 0.044135429262394194 0.14074074074074075
0 0.9513301088270859 0.4587962962962963 0.039298669891172915 0.15092592592592594
0 0.7542321644498187 0.3300925925925926 0.047762998790810154 0.15462962962962962
0 0.7908101571946796 0.33287037037037037 0.04353083434099154 0.13796296296296295
0 0.9192865779927448 0.44166666666666665 0.046553808948004836 0.15
0 0.9129383313180169 0.37777777777777777 0.03990326481257558 0.15185185185185185
0 0.8796856106408706 0.3921296296296296 0.03506650544135429 0.1398148148148148
0 0.9244256348246674 0.324537037037037 0.037484885126964934 0.13240740740740742
0 0.9564691656590084 0.325 0.04232164449818621 0.1388888888888889
0 0.8645707376058042 0.2412037037037037 0.0471584038694075 0.1398148148148148
0 0.9129383313180169 0.21574074074074073 0.03990326481257558 0.1388888888888889
0 0.019649334945586457 0.35185185185185186 0.0380894800483676 0.1648148148148148
0 0.03536880290205562 0.47453703703703703 0.04171704957678356 0.15648148148148147
0 0.08675937122128174 0.43148148148148147 0.046553808948004836 0.14814814814814814
0 0.023276904474002418 0.4115740740740741 0.044135429262394194 0.15462962962962962
0 0.05259975816203144 0.4074074074074074 0.03506650544135429 0.13518518518518519
0 0.06650544135429262 0.4398148148148148 0.02539298669891173 0.09074074074074075
0 0.5036275695284159 0.5800925925925926 0.053204353083434096 0.1675925925925926
0 0.75453446191052 0.7199074074074074 0.05804111245465538 0.18611111111111112
0 0.7998790810157195 0.6555555555555556 0.04836759371221282 0.1574074074074074
0 0.5389963724304716 0.5662037037037037 0.046553808948004836 0.16203703703703703
0 0.6472188633615478 0.5611111111111111 0.04897218863361548 0.1574074074074074
0 0.7648125755743652 0.475462962962963 0.0471584038694075 0.1398148148148148
0 0.502720677146312 0.4837962962962963 0.04534461910519952 0.15833333333333333
0 0.8343409915356711 0.41898148148148145 0.03990326481257558 0.14907407407407408
0 0.81136638452237 0.44166666666666665 0.044740024183796856 0.14814814814814814
0 0.776602176541717 0.42824074074074076 0.04171704957678356 0.14537037037037037
0 0.8331318016928658 0.37453703703703706 0.032648125755743655 0.12314814814814815
0 0.6949818621523579 0.4666666666666667 0.051390568319226115 0.15185185185185185
0 0.7923216444981862 0.36435185185185187 0.044135429262394194 0.14351851851851852
0 0.6783555018137848 0.36574074074074076 0.03869407496977025 0.14074074074074075
0 0.7209794437726723 0.3912037037037037 0.04050785973397823 0.1398148148148148
0 0.597037484885127 0.5532407407407407 0.046553808948004836 0.15648148148148147
0 0.5290205562273277 0.4912037037037037 0.045949214026602174 0.14351851851851852
0 0.6121523579201935 0.44537037037037036 0.04171704957678356 0.15925925925925927
0 0.5547158403869408 0.40694444444444444 0.04171704957678356 0.1398148148148148
0 0.5492744860943168 0.44166666666666665 0.03688029020556227 0.14074074074074075
0 0.5861547762998791 0.4148148148148148 0.04171704957678356 0.1574074074074074
0 0.6438935912938332 0.4393518518518518 0.04232164449818621 0.16574074074074074
0 0.8207376058041113 0.2875 0.039298669891172915 0.13425925925925927
0 0.21281741233373638 0.17037037037037037 0.03990326481257558 0.16666666666666666
0 0.1795646916565901 0.18287037037037038 0.03385731559854897 0.13240740740740742
0 0.7261185006045949 0.23796296296296296 0.04353083434099154 0.14629629629629629
0 0.7593712212817413 0.23194444444444445 0.037484885126964934 0.1287037037037037
0 0.7708585247883918 0.6787037037037037 0.03385731559854897 0.11851851851851852
0 0.007557436517533253 0.7296296296296296 0.013905683192261185 0.17962962962962964
0 0.9770253929866989 0.14537037037037037 0.03869407496977025 0.13148148148148148
0 0.9401451027811366 0.225 0.03990326481257558 0.12962962962962962
0 0.9455864570737605 0.14953703703703702 0.041112454655380895 0.14907407407407408
0 0.8618500604594922 0.1912037037037037 0.03204353083434099 0.1398148148148148
0 0.9516324062877872 0.11574074074074074 0.02539298669891173 0.13148148148148148
0 0.9244256348246674 0.09351851851851851 0.03506650544135429 0.14074074074074075
0 0.9138452237001209 0.1726851851851852 0.039298669891172915 0.12685185185185185
0 0.9437726723095526 0.06759259259259259 0.037484885126964934 0.12407407407407407
0 0.8848246674727932 0.1287037037037037 0.03688029020556227 0.12962962962962962
0 0.9177750906892382 0.06759259259259259 0.037484885126964934 0.11481481481481481
0 0.848851269649335 0.05555555555555555 0.036275695284159616 0.10925925925925926
0 0.8337363966142685 0.10833333333333334 0.032648125755743655 0.11851851851851852
0 0.6221281741233373 0.38101851851851853 0.037484885126964934 0.14537037037037037
0 0.6807738814993954 0.20601851851851852 0.04232164449818621 0.13796296296296295
0 0.6441958887545345 0.20277777777777778 0.03688029020556227 0.13703703703703704
0 0.6151753325272068 0.1925925925925926 0.02962515114873035 0.13148148148148148
0 0.5991535671100363 0.2064814814814815 0.037484885126964934 0.1425925925925926
0 0.5722490931076178 0.2013888888888889 0.039298669891172915 0.14907407407407408
0 0.7418379685610641 0.062037037037037036 0.02902055622732769 0.07777777777777778
0 0.7173518742442564 0.0587962962962963 0.035671100362756954 0.09907407407407408
0 0.6251511487303507 0.09259259259259259 0.030229746070133012 0.12962962962962962
0 0.0973397823458283 0.17962962962962964 0.03869407496977025 0.1425925925925926
0 0.11487303506650544 0.19675925925925927 0.041112454655380895 0.14351851851851852
0 0.16444981862152358 0.12638888888888888 0.03990326481257558 0.13796296296296295
0 0.03083434099153567 0.0837962962962963 0.036275695284159616 0.12314814814814815
0 0.05592503022974607 0.03935185185185185 0.03204353083434099 0.07685185185185185
0 0.07164449818621524 0.08425925925925926 0.03204353083434099 0.14074074074074075
0 0.10429262394195889 0.08888888888888889 0.034461910519951636 0.13148148148148148
0 0.1605199516324063 0.044444444444444446 0.034461910519951636 0.08703703703703704
0 0.11215235792019347 0.1125 0.03083434099153567 0.1287037037037037
0 0.19165659008464328 0.06342592592592593 0.03869407496977025 0.125
0 0.25272067714631197 0.10092592592592593 0.032648125755743655 0.09074074074074075
0 0.26451027811366384 0.09768518518518518 0.035671100362756954 0.12685185185185185
0 0.2880894800483676 0.13194444444444445 0.039298669891172915 0.1287037037037037
0 0.5108827085852479 0.0875 0.03990326481257558 0.12314814814814815
0 0.31650544135429265 0.09305555555555556 0.04171704957678356 0.1398148148148148
0 0.5519951632406288 0.07824074074074074 0.03990326481257558 0.12685185185185185
0 0.5701330108827086 0.06342592592592593 0.036275695284159616 0.11944444444444445
0 0.5946191051995163 0.08981481481481482 0.04171704957678356 0.13703703703703704
0 0.5172309552599759 0.046296296296296294 0.03204353083434099 0.09074074074074075
0 0.4528415961305925 0.06481481481481481 0.036275695284159616 0.12777777777777777
0 0.6744256348246674 0.05 0.034461910519951636 0.09814814814814815
0 0.3352478839177751 0.025925925925925925 0.02962515114873035 0.05
0 0.8119709794437727 0.12731481481481483 0.041112454655380895 0.14351851851851852
0 0.8083434099153567 0.059722222222222225 0.03990326481257558 0.1175925925925926
0 0.1357315598548972 0.09583333333333334 0.0380894800483676 0.13425925925925927
0 0.34945586457073763 0.4675925925925926 0.03506650544135429 0.1574074074074074
0 0.344316807738815 0.2310185185185185 0.02962515114873035 0.1175925925925926
0 0.13180169286577992 0.7217592592592592 0.049576783555018135 0.16018518518518518
0 0.3603385731559855 0.23287037037037037 0.02781136638452237 0.12685185185185185
0 0.1333131801692866 0.6833333333333333 0.0562273276904474 0.16296296296296298
0 0.8367593712212817 0.3574074074074074 0.032648125755743655 0.1388888888888889
0 0.8615477629987908 0.34814814814814815 0.03385731559854897 0.11851851851851852
0 0.23186215235792018 0.575925925925926 0.042926239419588876 0.1685185185185185
0 0.20707376058041113 0.5578703703703703 0.039298669891172915 0.17685185185185184
0 0.342503022974607 0.5560185185185185 0.03204353083434099 0.14166666666666666
0 0.20163240628778717 0.48518518518518516 0.03688029020556227 0.14814814814814814
0 0.2076783555018138 0.47129629629629627 0.03204353083434099 0.1574074074074074
0 0.17230955259975816 0.4675925925925926 0.03143893591293833 0.12962962962962962
0 0.16717049576783555 0.4287037037037037 0.039298669891172915 0.14629629629629629
0 0.13452237001209189 0.44814814814814813 0.044135429262394194 0.14814814814814814
0 0.34401451027811364 0.12685185185185185 0.030229746070133012 0.12407407407407407
0 0.36698911729141476 0.1300925925925926 0.03143893591293833 0.13055555555555556
0 0.2617896009673519 0.3578703703703704 0.044740024183796856 0.1398148148148148
0 0.2469770253929867 0.3726851851851852 0.034461910519951636 0.14537037037037037
0 0.19800483675937122 0.8648148148148148 0.04534461910519952 0.16666666666666666
0 0.2874848851269649 0.6875 0.04897218863361548 0.15648148148148147
0 0.4017533252720677 0.5421296296296296 0.04171704957678356 0.15462962962962962
0 0.32678355501813783 0.611574074074074 0.03688029020556227 0.15462962962962962
0 0.3273881499395405 0.6449074074074074 0.044135429262394194 0.16574074074074074
0 0.4023579201934704 0.6416666666666667 0.051390568319226115 0.15
0 0.5949214026602176 0.6902777777777778 0.05078597339782346 0.14907407407407408
0 0.42956469165659006 0.43796296296296294 0.034461910519951636 0.12407407407407407
0 0.4114268440145103 0.40370370370370373 0.04171704957678356 0.10740740740740741
0 0.40205562273276907 0.487962962962963 0.03385731559854897 0.13518518518518519
0 0.4126360338573156 0.4597222222222222 0.02962515114873035 0.13240740740740742
0 0.2708585247883918 0.5101851851851852 0.053204353083434096 0.1574074074074074
0 0.26934703748488514 0.5583333333333333 0.039298669891172915 0.17407407407407408
0 0.6360338573155986 0.9365740740740741 0.05199516324062878 0.1287037037037037
0 0.2370012091898428 0.3212962962962963 0.03506650544135429 0.14074074074074075
0 0.808645707376058 0.9162037037037037 0.047762998790810154 0.1527777777777778
0 0.27781136638452236 0.3106481481481482 0.039298669891172915 0.15092592592592594
0 0.38694074969770254 0.36712962962962964 0.03990326481257558 0.13796296296296295
0 0.19528415961305925 0.2902777777777778 0.03506650544135429 0.12685185185185185
0 0.45979443772672307 0.48148148148148145 0.039298669891172915 0.14814814814814814
0 0.10368802902055622 0.31527777777777777 0.04171704957678356 0.13796296296296295
0 0.08585247883917775 0.3435185185185185 0.03506650544135429 0.12407407407407407
