0 0.06318016928657799 0.9629629629629629 0.06469165659008465 0.07407407407407407
0 0.3854292623941959 0.9236111111111112 0.046553808948004836 0.13796296296296295
0 0.4077992744860943 0.8935185185185185 0.05380894800483676 0.16296296296296298
0 0.18500604594921402 0.8689814814814815 0.0471584038694075 0.1675925925925926
0 0.20949214026602175 0.8263888888888888 0.04897218863361548 0.16203703703703703
0 0.13845223700120918 0.8425925925925926 0.04836759371221282 0.15555555555555556
0 0.4325876662636034 0.6837962962962963 0.034461910519951636 0.14351851851851852
0 0.09401451027811367 0.5032407407407408 0.044135429262394194 0.15462962962962962
0 0.2741837968561064 0.2814814814814815 0.035671100362756954 0.1259259259259259
0 0.03204353083434099 0.22314814814814815 0.04232164449818621 0.14074074074074075
0 0.014510278113663845 0.2953703703703704 0.02781136638452237 0.13518518518518519
0 0.014207980652962516 0.21388888888888888 0.02720677146311971 0.13148148148148148
0 0.015114873035066506 0.1125 0.02902055622732769 0.12129629629629629
0 0.0501813784764208 0.12314814814814815 0.03506650544135429 0.1425925925925926
0 0.02750906892382104 0.07962962962962963 0.03204353083434099 0.12407407407407407
0 0.19588875453446192 0.07222222222222222 0.030229746070133012 0.12407407407407407
0 0.1435912938331318 0.11435185185185186 0.034461910519951636 0.13055555555555556
0 0.18984280532043532 0.13703703703703704 0.037484885126964934 0.12962962962962962
0 0.1928657799274486 0.17175925925925925 0.03869407496977025 0.1398148148148148
0 0.2711608222490931 0.1726851851851852 0.034461910519951636 0.15092592592592594
0 0.19558645707376057 0.36712962962962964 0.03688029020556227 0.14537037037037037
0 0.16021765417170497 0.36342592592592593 0.044740024183796856 0.13240740740740742
0 0.3935912938331318 0.08055555555555556 0.02902055622732769 0.13703703703703704
0 0.33313180169286577 0.19768518518518519 0.03385731559854897 0.12685185185185185
0 0.33615477629987905 0.22870370370370371 0.041112454655380895 0.13518518518518519
0 0.4017533252720677 0.1935185185185185 0.03325272067714631 0.14074074074074075
0 0.3775695284159613 0.18009259259259258 0.04171704957678356 0.12685185185185185
0 0.4519347037484885 0.07777777777777778 0.039298669891172915 0.14074074074074075
0 0.4785368802902056 0.07731481481481481 0.03325272067714631 0.12685185185185185
0 0.5804111245465539 0.3138888888888889 0.041112454655380895 0.1388888888888889
0 0.6227327690447401 0.30462962962962964 0.044740024183796856 0.13518518518518519
0 0.5187424425634825 0.17453703703703705 0.032648125755743655 0.1398148148148148
0 0.5583434099153567 0.19907407407407407 0.03204353083434099 0.12962962962962962
0 0.5444377267230955 0.17037037037037037 0.035671100362756954 0.12407407407407407
0 0.5350665054413543 0.13055555555555556 0.032648125755743655 0.12962962962962962
0 0.6463119709794438 0.08101851851851852 0.037484885126964934 0.13240740740740742
0 0.6698911729141476 0.08657407407407407 0.02902055622732769 0.12685185185185185
0 0.6856106408706167 0.08148148148148149 0.03506650544135429 0.12407407407407407
0 0.7131197097944377 0.09537037037037037 0.035671100362756954 0.14074074074074075
0 0.5870616686819831 0.1912037037037037 0.03869407496977025 0.1287037037037037
0 0.7974607013301088 0.6777777777777778 0.045949214026602174 0.16666666666666666
0 0.6952841596130592 0.4550925925925926 0.03869407496977025 0.1638888888888889
0 0.7623941958887546 0.42268518518518516 0.03385731559854897 0.13425925925925927
0 0.7146311970979444 0.387037037037037 0.037484885126964934 0.12962962962962962
0 0.8319226118500604 0.33796296296296297 0.032648125755743655 0.13148148148148148
0 0.7995767835550182 0.33287037037037037 0.034461910519951636 0.13796296296296295
0 0.6922611850060459 0.3523148148148148 0.04232164449818621 0.13796296296296295
0 0.7986698911729141 0.27824074074074073 0.03869407496977025 0.14351851851851852
0 0.7708585247883918 0.25 0.041112454655380895 0.12407407407407407
0 0.8101571946795647 0.24166666666666667 0.03869407496977025 0.1425925925925926
0 0.7158403869407497 0.23425925925925925 0.037484885126964934 0.13148148148148148
0 0.6837968561064087 0.2388888888888889 0.03990326481257558 0.14074074074074075
0 0.8636638452237001 0.175 0.039298669891172915 0.13518518518518519
0 0.7539298669891172 0.21435185185185185 0.032648125755743655 0.1287037037037037
0 0.7889963724304716 0.1935185185185185 0.03385731559854897 0.12962962962962962
0 0.9262394195888755 0.11944444444444445 0.032648125755743655 0.11481481481481481
0 0.9709794437726723 0.14305555555555555 0.03990326481257558 0.13240740740740742
0 0.9274486094316807 0.09537037037037037 0.030229746070133012 0.08518518518518518
0 0.964328899637243 0.11388888888888889 0.030229746070133012 0.10740740740740741
0 0.9356106408706167 0.2912037037037037 0.0380894800483676 0.1398148148148148
0 0.9059854897218863 0.38333333333333336 0.04171704957678356 0.1574074074074074
0 0.9504232164449818 0.26481481481481484 0.03990326481257558 0.13518518518518519
0 0.9842805320435308 0.3439814814814815 0.03143893591293833 0.15462962962962962
0 0.9044740024183797 0.4439814814814815 0.05078597339782346 0.14351851851851852
0 0.9449818621523579 0.462037037037037 0.037484885126964934 0.1425925925925926
0 0.9957678355501813 0.08796296296296297 0.007255139056831923 0.08703703703703704
0 0.6744256348246674 0.02824074074074074 0.03688029020556227 0.05462962962962963
0 0.6127569528415961 0.049074074074074076 0.034461910519951636 0.0962962962962963
0 0.6360338573155986 0.04953703703703704 0.030229746070133012 0.09722222222222222
0 0.9344014510278114 0.05648148148148148 0.03688029020556227 0.10925925925925926
0 0.5607617896009673 0.022685185185185187 0.02599758162031439 0.04351851851851852
0 0.5819226118500604 0.033796296296296297 0.02720677146311971 0.06574074074074074
0 0.5982466747279322 0.037037037037037035 0.022370012091898428 0.07222222222222222
0 0.1354292623941959 0.0712962962962963 0.030229746070133012 0.10925925925925926
0 0.15810157194679564 0.06111111111111111 0.03204353083434099 0.11296296296296296
0 0.3137847642079806 0.025925925925925925 0.030229746070133012 0.05
0 0.3473397823458283 0.024537037037037038 0.02962515114873035 0.04722222222222222
0 0.17049576783555018 0.05185185185185185 0.032648125755743655 0.10185185185185185
0 0.2370012091898428 0.017592592592592594 0.019347037484885126 0.03333333333333333
0 0.21342200725513905 0.02824074074074074 0.03506650544135429 0.05462962962962963
0 0.17230955259975816 0.1537037037037037 0.02418379685610641 0.08148148148148149
0 0.17654171704957677 0.6287037037037037 0.032648125755743655 0.1537037037037037
0 0.22581620314389358 0.6069444444444444 0.03325272067714631 0.14907407407407408
0 0.1635429262394196 0.586574074074074 0.04171704957678356 0.1398148148148148
0 0.20495767835550183 0.5902777777777778 0.03990326481257558 0.15462962962962962
0 0.1925634824667473 0.5328703703703703 0.04171704957678356 0.15092592592592594
0 0.15840386940749698 0.524074074074074 0.037484885126964934 0.12962962962962962
0 0.6816807738814994 0.9425925925925925 0.04897218863361548 0.11666666666666667
0 0.593409915356711 0.37777777777777777 0.03325272067714631 0.14074074074074075
0 0.4023579201934704 0.2300925925925926 0.03204353083434099 0.125
0 0.42714631197097946 0.23472222222222222 0.02720677146311971 0.12685185185185185
0 0.563180169286578 0.3962962962962963 0.03204353083434099 0.15185185185185185
0 0.062273276904474005 0.5962962962962963 0.049576783555018135 0.14074074074074075
0 0.25634824667472794 0.7685185185185185 0.03990326481257558 0.12407407407407407
0 0.28264812575574366 0.6972222222222222 0.044135429262394194 0.16296296296296298
0 0.282950423216445 0.7712962962962963 0.032648125755743655 0.16296296296296298
0 0.2309552599758162 0.7699074074074074 0.0471584038694075 0.1712962962962963
0 0.10399032648125756 0.587037037037037 0.044740024183796856 0.14444444444444443
0 0.28657799274486095 0.6421296296296296 0.045949214026602174 0.1638888888888889
0 0.5716444981862152 0.9726851851851852 0.04897218863361548 0.05648148148148148
0 0.8548972188633616 0.950462962962963 0.04232164449818621 0.10092592592592593
0 0.9486094316807738 0.9476851851851852 0.04836759371221282 0.10648148148148148
0 0.8996372430471584 0.9532407407407407 0.053204353083434096 0.09537037037037037
0 0.12303506650544135 0.5050925925925925 0.04171704957678356 0.12685185185185185
0 0.7515114873035067 0.47638888888888886 0.032648125755743655 0.12685185185185185
0 0.6825876662636033 0.8546296296296296 0.04836759371221282 0.1574074074074074
0 0.9389359129383313 0.8083333333333333 0.06650544135429262 0.14814814814814814
0 0.9740024183796856 0.725 0.05078597339782346 0.15925925925925927
0 0.900241837968561 0.788425925925926 0.05804111245465538 0.16574074074074074
0 0.8766626360338573 0.6291666666666667 0.032648125755743655 0.10462962962962963
0 0.8491535671100363 0.5819444444444445 0.046553808948004836 0.14351851851851852
0 0.9740024183796856 0.7944444444444444 0.03869407496977025 0.17037037037037037
0 0.15900846432889965 0.2351851851851852 0.03506650544135429 0.14074074074074075
0 0.09492140266021766 0.7638888888888888 0.05804111245465538 0.17777777777777778
0 0.7805320435308344 0.30185185185185187 0.03990326481257558 0.12407407407407407
0 0.9709794437726723 0.4685185185185185 0.02781136638452237 0.12037037037037036
0 0.7267230955259976 0.44074074074074077 0.03506650544135429 0.1259259259259259
0 0.9767230955259976 0.6652777777777777 0.04534461910519952 0.1638888888888889
0 0.9888149939540508 0.5763888888888888 0.022370012091898428 0.15462962962962962
0 0.7152357920193471 0.9671296296296297 0.041112454655380895 0.06759259259259259
0 0.7430471584038694 0.9662037037037037 0.04232164449818621 0.06944444444444445
0 0.841596130592503 0.8680555555555556 0.044740024183796856 0.16944444444444445
0 0.7388149939540508 0.36898148148148147 0.041112454655380895 0.12685185185185185
0 0.7756952841596131 0.37175925925925923 0.03990326481257558 0.13796296296296295
0 0.9794437726723095 0.9337962962962963 0.03990326481257558 0.13425925925925927
0 0.5882708585247884 0.7240740740740741 0.03506650544135429 0.14629629629629629
0 0.2962515114873035 0.3680555555555556 0.044740024183796856 0.13796296296296295
0 0.27237001209189843 0.37083333333333335 0.034461910519951636 0.13240740740740742
0 0.563180169286578 0.4935185185185185 0.03204353083434099 0.12407407407407407
0 0.8083434099153567 0.8657407407407407 0.044740024183796856 0.16296296296296298
0 0.4371221281741233 0.95 0.05199516324062878 0.09814814814814815
0 0.5108827085852479 0.8055555555555556 0.049576783555018135 0.17962962962962964
0 0.4549576783555018 0.8601851851851852 0.046553808948004836 0.16296296296296298
0 0.5795042321644498 0.612037037037037 0.04171704957678356 0.1537037037037037
0 0.6039903264812576 0.6296296296296297 0.045949214026602174 0.15185185185185185
0 0.3503627569528416 0.7824074074074074 0.0562273276904474 0.15925925925925927
0 0.5680169286577993 0.5203703703703704 0.03688029020556227 0.13703703703703704
0 0.5447400241837969 0.5222222222222223 0.02902055622732769 0.10740740740740741
0 0.596130592503023 0.5851851851851851 0.041112454655380895 0.14629629629629629
0 0.5136033857315598 0.8532407407407407 0.04897218863361548 0.18796296296296297
0 0.3639661426844015 0.46064814814814814 0.03990326481257558 0.1287037037037037
0 0.3255743651753325 0.6046296296296296 0.04050785973397823 0.1537037037037037
0 0.3851269649334946 0.375 0.03990326481257558 0.15185185185185185
0 0.5030229746070133 0.4263888888888889 0.03143893591293833 0.14351851851851852
0 0.3987303506650544 0.7138888888888889 0.03204353083434099 0.14444444444444443
0 0.40538089480048367 0.7611111111111111 0.04897218863361548 0.1574074074074074
0 0.435912938331318 0.7333333333333333 0.03869407496977025 0.1574074074074074
0 0.37605804111245467 0.725 0.04232164449818621 0.17037037037037037
0 0.3334340991535671 0.14351851851851852 0.039298669891172915 0.13518518518518519
0 0.2720677146311971 0.032407407407407406 0.03385731559854897 0.06296296296296296
0 0.26148730350665056 0.047685185185185185 0.02720677146311971 0.09351851851851851
0 0.009975816203143894 0.8893518518518518 0.018742442563482467 0.2101851851851852
0 0.2790205562273277 0.14166666666666666 0.035671100362756954 0.12962962962962962
0 0.5674123337363967 0.6726851851851852 0.044135429262394194 0.1527777777777778
0 0.3984280532043531 0.6152777777777778 0.037484885126964934 0.16018518518518518
0 0.5541112454655381 0.6449074074074074 0.042926239419588876 0.15462962962962962
0 0.6847037484885127 0.687037037037037 0.044135429262394194 0.15185185185185185
0 0.25634824667472794 0.44814814814814813 0.04232164449818621 0.14074074074074075
0 0.5030229746070133 0.524074074074074 0.03506650544135429 0.13703703703703704
0 0.47944377267230953 0.5037037037037037 0.0471584038694075 0.13518518518518519
0 0.39933494558645705 0.3578703703703704 0.039298669891172915 0.1398148148148148
0 0.3222490931076179 0.5222222222222223 0.04353083434099154 0.1425925925925926
0 0.4791414752116082 0.3939814814814815 0.03204353083434099 0.1398148148148148
0 0.5133010882708585 0.3925925925925926 0.037484885126964934 0.13518518518518519
0 0.4492140266021765 0.5398148148148149 0.03990326481257558 0.14629629629629629
0 0.2941354292623942 0.16666666666666666 0.02720677146311971 0.11851851851851852
0 0.5389963724304716 0.7013888888888888 0.044135429262394194 0.14722222222222223
0 0.45525997581620314 0.42777777777777776 0.030229746070133012 0.09814814814814815
0 0.4800483675937122 0.4398148148148148 0.030229746070133012 0.11851851851851852
0 0.6393591293833132 0.20462962962962963 0.04897218863361548 0.14814814814814814
