0 0.2361466325660699 0.634090909090909 0.04603580562659847 0.13863636363636364
0 0.5869565217391305 0.6465909090909091 0.04859335038363171 0.14772727272727273
0 0.969309462915601 0.9289772727272727 0.0494458653026428 0.1375
0 0.9317988064791134 0.9448863636363637 0.05456095481670929 0.1125
0 0.5183290707587382 0.5886363636363636 0.04092071611253197 0.1409090909090909
0 0.8482523444160273 0.9238636363636363 0.05115089514066496 0.15227272727272728
0 0.8972719522591646 0.9306818181818182 0.058823529411764705 0.13863636363636364
0 0.8256606990622336 0.38238636363636364 0.045183290707587385 0.12840909090909092
0 0.789002557544757 0.3664772727272727 0.045183290707587385 0.12386363636363637
0 0.31287297527706737 0.6244318181818181 0.0494458653026428 0.14886363636363636
0 0.283461210571185 0.6511363636363636 0.058823529411764705 0.125
0 0.2796248934356351 0.56875 0.04092071611253197 0.13977272727272727
0 0.30264279624893436 0.5892045454545455 0.0392156862745098 0.12386363636363637
0 0.355924978687127 0.5818181818181818 0.041773231031543054 0.12727272727272726
0 0.39215686274509803 0.5835227272727272 0.042625745950554135 0.13522727272727272
0 0.4373401534526854 0.7875 0.04774083546462063 0.15227272727272728
0 0.38192668371696503 0.5647727272727273 0.03580562659846547 0.125
0 0.3853367433930094 0.6198863636363636 0.042625745950554135 0.14204545454545456
0 0.46462063086104005 0.6204545454545455 0.0494458653026428 0.13863636363636364
0 0.2442455242966752 0.5 0.041773231031543054 0.1318181818181818
0 0.20971867007672634 0.4943181818181818 0.042625745950554135 0.1318181818181818
0 0.05200341005967604 0.3619318181818182 0.0392156862745098 0.12386363636363637
0 0.018329070758738276 0.4642045454545455 0.03495311167945439 0.12386363636363637
0 0.0196078431372549 0.4965909090909091 0.03751065643648764 0.125
0 0.045183290707587385 0.5051136363636364 0.04092071611253197 0.11704545454545455
0 0.04560954816709292 0.47102272727272726 0.03836317135549872 0.1215909090909091
0 0.14151747655583974 0.4119318181818182 0.04774083546462063 0.11477272727272728
0 0.5277067348678602 0.4960227272727273 0.042625745950554135 0.1375
0 0.2915601023017903 0.4340909090909091 0.042625745950554135 0.1340909090909091
0 0.355924978687127 0.42556818181818185 0.045183290707587385 0.12840909090909092
0 0.21057118499573743 0.44829545454545455 0.03580562659846547 0.12840909090909092
0 0.3307757885763001 0.31931818181818183 0.03580562659846547 0.08636363636363636
0 0.37041773231031544 0.3119318181818182 0.03495311167945439 0.11022727272727273
0 0.35038363171355497 0.3261363636363636 0.02557544757033248 0.08409090909090909
0 0.2421142369991475 0.31363636363636366 0.042625745950554135 0.12272727272727273
0 0.6223358908780904 0.7698863636363636 0.04603580562659847 0.1625
0 0.7979539641943734 0.22386363636363638 0.03751065643648764 0.12045454545454545
0 0.48721227621483376 0.7681818181818182 0.05200341005967604 0.13863636363636364
0 0.11935208866155157 0.4198863636363636 0.0392156862745098 0.10113636363636364
0 0.24978687127024723 0.575 0.03580562659846547 0.12045454545454545
0 0.8397271952259164 0.6482954545454546 0.04774083546462063 0.1375
0 0.80306905370844 0.65 0.04774083546462063 0.13863636363636364
0 0.8312020460358056 0.5971590909090909 0.0443307757885763 0.14431818181818182
0 0.7953964194373402 0.5840909090909091 0.0494458653026428 0.12727272727272726
0 0.773231031543052 0.21647727272727274 0.03751065643648764 0.10795454545454546
0 0.5494458653026428 0.5988636363636364 0.041773231031543054 0.14545454545454545
0 0.12915601023017903 0.1278409090909091 0.03836317135549872 0.10113636363636364
0 0.25618073316283035 0.1653409090909091 0.03495311167945439 0.10795454545454546
0 0.32225063938618925 0.3806818181818182 0.03751065643648764 0.1318181818181818
0 0.2979539641943734 0.175 0.03154305200341006 0.1
0 0.2847399829497016 0.24204545454545454 0.04092071611253197 0.11363636363636363
0 0.24978687127024723 0.4329545454545455 0.04603580562659847 0.12272727272727273
0 0.4803921568627451 0.2897727272727273 0.041773231031543054 0.1159090909090909
0 0.5089514066496164 0.2909090909090909 0.04092071611253197 0.11818181818181818
0 0.3589087809036658 0.17670454545454545 0.03580562659846547 0.10795454545454546
0 0.3976982097186701 0.18181818181818182 0.041773231031543054 0.10227272727272728
0 0.3209718670076726 0.11022727272727273 0.03836317135549872 0.10681818181818181
0 0.4936061381074169 0.0875 0.030690537084398978 0.1
0 0.40664961636828645 0.31022727272727274 0.04092071611253197 0.11363636363636363
0 0.37084398976982097 0.10397727272727272 0.028985507246376812 0.09659090909090909
0 0.46717817561807334 0.08352272727272728 0.03410059676044331 0.10113636363636364
0 0.8601875532821824 0.7357954545454546 0.05285592497868713 0.15568181818181817
0 0.47698209718670076 0.5136363636363637 0.043478260869565216 0.1409090909090909
0 0.5745950554134698 0.3261363636363636 0.03410059676044331 0.10454545454545454
0 0.24509803921568626 0.08295454545454546 0.03495311167945439 0.10681818181818181
0 0.21739130434782608 0.03295454545454545 0.030690537084398978 0.06363636363636363
0 0.2753623188405797 0.045454545454545456 0.03239556692242114 0.08863636363636364
0 0.29923273657289 0.0375 0.030690537084398978 0.07272727272727272
0 0.21099744245524296 0.00909090909090909 0.03154305200341006 0.015909090909090907
0 0.8341858482523444 0.04772727272727273 0.03154305200341006 0.09090909090909091
0 0.7988064791133845 0.04090909090909091 0.02557544757033248 0.07954545454545454
0 0.8768115942028986 0.014204545454545454 0.0247229326513214 0.026136363636363635
0 0.9134697357203752 0.00909090909090909 0.03154305200341006 0.015909090909090907
0 0.4454390451832907 0.013636363636363636 0.028132992327365727 0.025
0 0.47271952259164535 0.014772727272727272 0.0247229326513214 0.02727272727272727
0 0.5051150895140665 0.5215909090909091 0.045183290707587385 0.1318181818181818
0 0.5524296675191815 0.6482954545454546 0.042625745950554135 0.12840909090909092
0 0.5017050298380221 0.6369318181818182 0.04859335038363171 0.14204545454545456
0 0.3597612958226769 0.37670454545454546 0.04603580562659847 0.13068181818181818
0 0.4578005115089514 0.019886363636363636 0.02216538789428815 0.0375
