0 0.23548972188633616 0.03333333333333333 0.035671100362756954 0.06481481481481481
0 0.2720677146311971 0.02638888888888889 0.03506650544135429 0.05092592592592592
0 0.1314993954050786 0.05092592592592592 0.03204353083434099 0.1
0 0.2439540507859734 0.04861111111111111 0.035671100362756954 0.09537037037037037
0 0.9573760580411125 0.03935185185185185 0.03325272067714631 0.07685185185185185
0 0.6405683192261185 0.03888888888888889 0.04050785973397823 0.07592592592592592
0 0.6704957678355502 0.03796296296296296 0.030229746070133012 0.07407407407407407
0 0.936819830713422 0.053703703703703705 0.03204353083434099 0.09444444444444444
0 0.9153567110036276 0.06435185185185185 0.03143893591293833 0.12685185185185185
0 0.9866989117291415 0.056018518518518516 0.02539298669891173 0.11018518518518519
0 0.42321644498186217 0.024537037037037038 0.02176541717049577 0.04722222222222222
0 0.9153567110036276 0.9662037037037037 0.04836759371221282 0.06944444444444445
0 0.3866384522370012 0.5606481481481481 0.03688029020556227 0.16574074074074074
0 0.15507859733978235 0.3939814814814815 0.034461910519951636 0.14351851851851852
0 0.07255139056831923 0.49675925925925923 0.036275695284159616 0.14537037037037037
0 0.051390568319226115 0.46435185185185185 0.03385731559854897 0.15648148148148147
0 0.10459492140266022 0.4791666666666667 0.03990326481257558 0.15648148148148147
0 0.8506650544135429 0.387037037037037 0.03506650544135429 0.13148148148148148
0 0.8688029020556227 0.3490740740740741 0.03385731559854897 0.12222222222222222
0 0.27237001209189843 0.6726851851851852 0.044135429262394194 0.1712962962962963
0 0.2669286577992745 0.6527777777777778 0.03688029020556227 0.1814814814814815
0 0.3778718258766626 0.6472222222222223 0.03506650544135429 0.14629629629629629
0 0.8748488512696493 0.9898148148148148 0.030229746070133012 0.022222222222222223
0 0.22944377267230956 0.5856481481481481 0.034461910519951636 0.14907407407407408
0 0.24334945586457074 0.5564814814814815 0.02962515114873035 0.14074074074074075
0 0.1946795646916566 0.5615740740740741 0.04232164449818621 0.13425925925925927
0 0.20465538089480048 0.5208333333333334 0.04171704957678356 0.15648148148148147
0 0.1626360338573156 0.5449074074074074 0.04353083434099154 0.16203703703703703
0 0.3845223700120919 0.23055555555555557 0.03506650544135429 0.12962962962962962
0 0.40477629987908104 0.2351851851851852 0.03204353083434099 0.12962962962962962
0 0.7085852478839177 0.3787037037037037 0.04232164449818621 0.11481481481481481
0 0.7506045949214026 0.39444444444444443 0.04171704957678356 0.13703703703703704
0 0.2457678355501814 0.3712962962962963 0.035671100362756954 0.1425925925925926
0 0.24032648125755743 0.3875 0.03688029020556227 0.14537037037037037
0 0.961608222490931 0.836574074074074 0.04050785973397823 0.14537037037037037
0 0.3053204353083434 0.9671296296296297 0.0471584038694075 0.06759259259259259
0 0.39600967351874244 0.43842592592592594 0.03506650544135429 0.15648148148148147
0 0.31650544135429265 0.7777777777777778 0.046553808948004836 0.17037037037037037
0 0.9673518742442564 0.8870370370370371 0.06166868198307134 0.1648148148148148
0 0.3010882708585248 0.337037037037037 0.03506650544135429 0.14814814814814814
0 0.342503022974607 0.475 0.0380894800483676 0.13148148148148148
0 0.3464328899637243 0.6796296296296296 0.03990326481257558 0.1685185185185185
0 0.5217654171704957 0.6388888888888888 0.03143893591293833 0.14074074074074075
0 0.36698911729141476 0.7060185185185185 0.03990326481257558 0.15833333333333333
0 0.37182587666263606 0.7351851851851852 0.04232164449818621 0.1648148148148148
0 0.5861547762998791 0.6208333333333333 0.044135429262394194 0.16574074074074074
0 0.6275695284159613 0.6328703703703704 0.044740024183796856 0.16574074074074074
0 0.6426844014510278 0.6111111111111112 0.02902055622732769 0.12777777777777777
0 0.44135429262394194 0.7398148148148148 0.03990326481257558 0.14814814814814814
0 0.6862152357920194 0.7074074074074074 0.05199516324062878 0.14814814814814814
0 0.49727932285368803 0.5611111111111111 0.039298669891172915 0.15555555555555556
0 0.4619105199516324 0.5393518518518519 0.04232164449818621 0.14537037037037037
0 0.4492140266021765 0.5018518518518519 0.044740024183796856 0.10740740740740741
0 0.5281136638452237 0.5833333333333334 0.03688029020556227 0.1537037037037037
0 0.5538089480048367 0.6171296296296296 0.03990326481257558 0.15092592592592594
0 0.41293833131801694 0.022685185185185187 0.03143893591293833 0.04351851851851852
0 0.6423821039903265 0.9078703703703703 0.06106408706166868 0.15462962962962962
0 0.593409915356711 0.9597222222222223 0.04534461910519952 0.0787037037037037
0 0.6293833131801693 0.9629629629629629 0.03869407496977025 0.07037037037037037
0 0.9876058041112454 0.7236111111111111 0.022370012091898428 0.13796296296296295
0 0.717049576783555 0.9574074074074074 0.044740024183796856 0.08703703703703704
0 0.9613059250302297 0.19907407407407407 0.03385731559854897 0.1037037037037037
0 0.4960701330108827 0.9722222222222222 0.039298669891172915 0.05740740740740741
0 0.7357920193470375 0.7245370370370371 0.045949214026602174 0.15648148148148147
0 0.7714631197097944 0.7657407407407407 0.04232164449818621 0.15185185185185185
0 0.43047158403869407 0.5884259259259259 0.04232164449818621 0.15092592592592594
0 0.4649334945586457 0.587037037037037 0.03143893591293833 0.14814814814814814
0 0.11789600967351874 0.5828703703703704 0.044740024183796856 0.15462962962962962
0 0.14480048367593712 0.9203703703703704 0.046553808948004836 0.16111111111111112
0 0.5386940749697703 0.6921296296296297 0.044740024183796856 0.16574074074074074
0 0.5695284159613059 0.6986111111111111 0.0471584038694075 0.16018518518518518
0 0.09220072551390568 0.5694444444444444 0.03688029020556227 0.14629629629629629
0 0.21251511487303507 0.22037037037037038 0.034461910519951636 0.11851851851851852
0 0.248186215235792 0.2162037037037037 0.044135429262394194 0.1398148148148148
0 0.9655380894800484 0.15694444444444444 0.030229746070133012 0.12685185185185185
0 0.9334945586457074 0.1935185185185185 0.03990326481257558 0.12962962962962962
0 0.9628174123337364 0.1685185185185185 0.03688029020556227 0.12407407407407407
0 0.7333736396614269 0.5560185185185185 0.04353083434099154 0.1675925925925926
0 0.6989117291414753 0.5550925925925926 0.037484885126964934 0.14351851851851852
0 0.6977025392986699 0.9032407407407408 0.05562273276904474 0.17314814814814813
0 0.24516324062877873 0.6300925925925925 0.03688029020556227 0.15648148148148147
0 0.27448609431680776 0.5958333333333333 0.0471584038694075 0.1638888888888889
0 0.29957678355501816 0.6467592592592593 0.03688029020556227 0.16574074074074074
0 0.30713422007255137 0.4046296296296296 0.03990326481257558 0.1259259259259259
0 0.20616686819830712 0.42453703703703705 0.03506650544135429 0.14907407407407408
0 0.25634824667472794 0.41944444444444445 0.04232164449818621 0.13148148148148148
0 0.27690447400241835 0.3912037037037037 0.04232164449818621 0.14351851851851852
0 0.5788996372430472 0.25046296296296294 0.039298669891172915 0.1287037037037037
0 0.5931076178960096 0.23472222222222222 0.03385731559854897 0.13240740740740742
0 0.13482466747279323 0.6231481481481481 0.03990326481257558 0.15555555555555556
0 0.7524183796856106 0.961574074074074 0.04534461910519952 0.07685185185185185
0 0.10761789600967352 0.600925925925926 0.044740024183796856 0.17037037037037037
0 0.9359129383313181 0.9314814814814815 0.053204353083434096 0.1388888888888889
0 0.9570737605804112 0.6995370370370371 0.05562273276904474 0.1712962962962963
0 0.5495767835550182 0.3143518518518518 0.037484885126964934 0.14907407407407408
0 0.5114873035066505 0.3111111111111111 0.036275695284159616 0.1388888888888889
0 0.4830713422007255 0.30092592592592593 0.03990326481257558 0.14074074074074075
0 0.9111245465538089 0.6175925925925926 0.04836759371221282 0.1685185185185185
0 0.8561064087061668 0.6333333333333333 0.05199516324062878 0.1574074074074074
0 0.8476420798065296 0.5050925925925925 0.045949214026602174 0.14537037037037037
0 0.808645707376058 0.49722222222222223 0.04897218863361548 0.1574074074074074
0 0.6865175332527207 0.6328703703703704 0.04897218863361548 0.16203703703703703
0 0.4607013301088271 0.1875 0.032648125755743655 0.1287037037037037
0 0.20253929866989118 0.32731481481481484 0.036275695284159616 0.14722222222222223
0 0.003929866989117291 0.48657407407407405 0.006650544135429262 0.14351851851851852
0 0.7448609431680774 0.325 0.03869407496977025 0.15555555555555556
0 0.7735792019347038 0.32407407407407407 0.034461910519951636 0.1537037037037037
0 0.24758162031438935 0.17685185185185184 0.028415961305925032 0.13703703703703704
0 0.25272067714631197 0.11388888888888889 0.032648125755743655 0.13518518518518519
0 0.6203143893591294 0.38796296296296295 0.04353083434099154 0.14074074074074075
0 0.04050785973397823 0.5638888888888889 0.04232164449818621 0.1574074074074074
0 0.016324062877871828 0.538425925925926 0.03143893591293833 0.17314814814814813
0 0.6695888754534461 0.6300925925925925 0.02962515114873035 0.12314814814814815
0 0.6856106408706167 0.48055555555555557 0.037484885126964934 0.11851851851851852
0 0.6553808948004837 0.48657407407407405 0.041112454655380895 0.15092592592592594
0 0.28083434099153565 0.1259259259259259 0.028415961305925032 0.12037037037037036
0 0.5967351874244257 0.4847222222222222 0.04232164449818621 0.14166666666666666
0 0.628174123337364 0.4537037037037037 0.03869407496977025 0.14814814814814814
0 0.14510278113663846 0.47638888888888886 0.04232164449818621 0.15092592592592594
0 0.14812575574365175 0.5050925925925925 0.036275695284159616 0.15462962962962962
0 0.12061668681983072 0.5319444444444444 0.03688029020556227 0.14907407407407408
0 0.5692261185006046 0.5162037037037037 0.03204353083434099 0.11203703703703703
0 0.6399637243047158 0.3731481481481482 0.034461910519951636 0.1259259259259259
0 0.48428053204353083 0.8203703703703704 0.0592503022974607 0.17962962962962964
0 0.21946795646916567 0.9787037037037037 0.041112454655380895 0.044444444444444446
0 0.10368802902055622 0.9773148148148149 0.03204353083434099 0.04722222222222222
0 0.07073760580411124 0.9787037037037037 0.030229746070133012 0.044444444444444446
0 0.25211608222490933 0.8629629629629629 0.04232164449818621 0.16296296296296298
0 0.6729141475211609 0.7777777777777778 0.06892382103990327 0.17407407407407408
0 0.5958282950423216 0.7773148148148148 0.062273276904474005 0.15648148148148147
0 0.7826481257557436 0.7245370370370371 0.044135429262394194 0.17314814814814813
0 0.12484885126964934 0.8643518518518518 0.044135429262394194 0.16944444444444445
0 0.7660217654171705 0.6754629629629629 0.045949214026602174 0.15462962962962962
0 0.02418379685610641 0.6958333333333333 0.045949214026602174 0.1675925925925926
0 0.20737605804111245 0.8449074074074074 0.041112454655380895 0.1712962962962963
0 0.814993954050786 0.3421296296296296 0.036275695284159616 0.14907407407407408
0 0.7983675937122128 0.2814814814814815 0.0380894800483676 0.12407407407407407
0 0.9207980652962515 0.2652777777777778 0.0471584038694075 0.14166666666666666
0 0.5743651753325272 0.20185185185185187 0.03506650544135429 0.13703703703703704
0 0.5979443772672309 0.2013888888888889 0.03506650544135429 0.13240740740740742
0 0.6463119709794438 0.2125 0.04353083434099154 0.1398148148148148
0 0.45042321644498184 0.10277777777777777 0.03506650544135429 0.11296296296296296
0 0.4879081015719468 0.10416666666666667 0.032648125755743655 0.125
0 0.5483675937122128 0.08796296296296297 0.03990326481257558 0.13518518518518519
0 0.6106408706166868 0.05462962962962963 0.03506650544135429 0.10740740740740741
0 0.5728536880290206 0.04675925925925926 0.04171704957678356 0.09166666666666666
0 0.05471584038694075 0.3365740740740741 0.03688029020556227 0.1361111111111111
0 0.31197097944377267 0.1787037037037037 0.04232164449818621 0.12222222222222222
0 0.28536880290205563 0.18009259259259258 0.04232164449818621 0.11944444444444445
0 0.10822249093107618 0.17546296296296296 0.032648125755743655 0.13240740740740742
0 0.14328899637243048 0.19166666666666668 0.03506650544135429 0.14629629629629629
0 0.16989117291414751 0.18564814814814815 0.03385731559854897 0.14351851851851852
0 0.2227932285368803 0.11574074074074074 0.0380894800483676 0.11666666666666667
0 0.028415961305925032 0.3300925925925926 0.03506650544135429 0.1398148148148148
0 0.007859733978234583 0.17731481481481481 0.014510278113663845 0.14351851851851852
0 0.13180169286577992 0.2912037037037037 0.03385731559854897 0.1398148148148148
0 0.014510278113663845 0.33055555555555555 0.02781136638452237 0.13518518518518519
0 0.07013301088270858 0.09537037037037037 0.036275695284159616 0.1259259259259259
0 0.1907496977025393 0.10833333333333334 0.034461910519951636 0.13148148148148148
0 0.018440145102781136 0.21435185185185185 0.035671100362756954 0.13796296296296295
0 0.011185006045949214 0.125 0.021160822249093107 0.11851851851851852
0 0.11819830713422007 0.10601851851851851 0.035671100362756954 0.14537037037037037
0 0.17200725513905682 0.08611111111111111 0.034461910519951636 0.12962962962962962
0 0.9800483675937122 0.2587962962962963 0.03143893591293833 0.1398148148148148
0 0.8805925030229746 0.275 0.04171704957678356 0.13518518518518519
0 0.8703143893591294 0.19212962962962962 0.034461910519951636 0.11574074074074074
0 0.907496977025393 0.20972222222222223 0.030229746070133012 0.13796296296296295
0 0.8485489721886336 0.14629629629629629 0.03688029020556227 0.13518518518518519
0 0.8948004836759371 0.09351851851851851 0.03385731559854897 0.12962962962962962
0 0.9159613059250302 0.15648148148148147 0.032648125755743655 0.12407407407407407
0 0.015719467956469165 0.4462962962962963 0.030229746070133012 0.14814814814814814
0 0.03657799274486094 0.4236111111111111 0.0380894800483676 0.14537037037037037
0 0.0190447400241838 0.4101851851851852 0.03204353083434099 0.14074074074074075
0 0.9585852478839177 0.25046296296296294 0.03688029020556227 0.12129629629629629
0 0.9274486094316807 0.11898148148148148 0.03143893591293833 0.12129629629629629
0 0.03385731559854897 0.4648148148148148 0.03506650544135429 0.1259259259259259
0 0.032345828295042324 0.09305555555555556 0.03083434099153567 0.12129629629629629
0 0.15779927448609432 0.1425925925925926 0.03506650544135429 0.1388888888888889
0 0.06015719467956469 0.07361111111111111 0.03204353083434099 0.13055555555555556
0 0.02267230955259976 0.06805555555555555 0.03688029020556227 0.1287037037037037
0 0.16626360338573157 0.04814814814814815 0.03385731559854897 0.09444444444444444
0 0.8917775090689238 0.1425925925925926 0.03506650544135429 0.12962962962962962
0 0.9217049576783555 0.13287037037037036 0.03325272067714631 0.12314814814814815
0 0.8966142684401451 0.18009259259259258 0.030229746070133012 0.12685185185185185
0 0.9141475211608222 0.23657407407407408 0.03990326481257558 0.13796296296296295
0 0.13029020556227328 0.1837962962962963 0.03204353083434099 0.13240740740740742
0 0.6000604594921403 0.5046296296296297 0.039298669891172915 0.15185185185185185
0 0.5139056831922612 0.07592592592592592 0.032648125755743655 0.11481481481481481
0 0.012998790810157194 0.3939814814814815 0.024788391777509067 0.16018518518518518
0 0.12243047158403869 0.2625 0.03204353083434099 0.14351851851851852
