0 0.3784764207980653 0.8800925925925925 0.04232164449818621 0.17314814814814813
0 0.41293833131801694 0.8907407407407407 0.03990326481257558 0.1574074074074074
0 0.45979443772672307 0.8731481481481481 0.0562273276904474 0.1814814814814815
0 0.4419588875453446 0.34814814814814815 0.03869407496977025 0.1574074074074074
0 0.5259975816203144 0.9694444444444444 0.041112454655380895 0.06111111111111111
0 0.17684401451027812 0.9587962962962963 0.051390568319226115 0.07685185185185185
0 0.4579806529625151 0.37962962962962965 0.0501813784764208 0.16296296296296298
0 0.727932285368803 0.9601851851851851 0.053204353083434096 0.07962962962962963
0 0.15779927448609432 0.9513888888888888 0.03143893591293833 0.09907407407407408
0 0.6949818621523579 0.6953703703703704 0.046553808948004836 0.16666666666666666
0 0.7469770253929867 0.6916666666666667 0.05259975816203144 0.17222222222222222
0 0.914752116082225 0.986574074074074 0.032648125755743655 0.028703703703703703
0 0.5423216444981862 0.6763888888888889 0.05441354292623942 0.18425925925925926
0 0.3533857315598549 0.6810185185185185 0.04534461910519952 0.15648148148148147
0 0.8860338573155986 0.9310185185185185 0.04897218863361548 0.1398148148148148
0 0.9543530834340992 0.8953703703703704 0.04897218863361548 0.1925925925925926
0 0.45042321644498184 0.6898148148148148 0.05199516324062878 0.17037037037037037
0 0.47249093107617895 0.7166666666666667 0.044135429262394194 0.14814814814814814
0 0.6215235792019347 0.38101851851851853 0.036275695284159616 0.15648148148148147
0 0.585247883917775 0.3824074074074074 0.04232164449818621 0.14814814814814814
0 0.5214631197097944 0.3939814814814815 0.042926239419588876 0.16018518518518518
0 0.5178355501813785 0.38935185185185184 0.04897218863361548 0.14351851851851852
0 0.3364570737605804 0.7125 0.06831922611850061 0.16203703703703703
0 0.39993954050785974 0.7277777777777777 0.04171704957678356 0.16296296296296298
0 0.39117291414752114 0.787962962962963 0.0471584038694075 0.1962962962962963
0 0.42321644498186217 0.8208333333333333 0.041112454655380895 0.16018518518518518
0 0.46946795646916567 0.8384259259259259 0.04897218863361548 0.16203703703703703
0 0.727932285368803 0.874537037037037 0.05078597339782346 0.18981481481481483
0 0.35489721886336156 0.9462962962962963 0.053204353083434096 0.10925925925925926
0 0.8373639661426844 0.6476851851851851 0.04353083434099154 0.1527777777777778
0 0.8793833131801693 0.6689814814814815 0.044135429262394194 0.14166666666666666
0 0.8530834340991535 0.6078703703703704 0.05199516324062878 0.15462962962962962
0 0.900241837968561 0.5995370370370371 0.03385731559854897 0.14166666666666666
0 0.9292623941958887 0.7439814814814815 0.05441354292623942 0.16018518518518518
0 0.9830713422007256 0.5884259259259259 0.03143893591293833 0.15462962962962962
0 0.8140870616686819 0.6259259259259259 0.03688029020556227 0.10925925925925926
0 0.8990326481257558 0.6342592592592593 0.03990326481257558 0.13518518518518519
0 0.9268440145102781 0.5962962962962963 0.03869407496977025 0.14074074074074075
0 0.49032648125755746 0.9310185185185185 0.05199516324062878 0.1398148148148148
0 0.4371221281741233 0.9310185185185185 0.04836759371221282 0.1398148148148148
0 0.8313180169286578 0.8300925925925926 0.044740024183796856 0.15462962962962962
0 0.8866384522370012 0.7356481481481482 0.044135429262394194 0.16574074074074074
0 0.7726723095525998 0.6097222222222223 0.060459492140266025 0.1787037037037037
0 0.9640266021765417 0.4828703703703704 0.03688029020556227 0.14537037037037037
0 0.9827690447400241 0.45 0.03083434099153567 0.15925925925925927
0 0.8588270858524788 0.29259259259259257 0.044135429262394194 0.14074074074074075
0 0.9591898428053204 0.524537037037037 0.04534461910519952 0.15092592592592594
0 0.7557436517533253 0.39166666666666666 0.049576783555018135 0.1537037037037037
0 0.7905078597339782 0.3921296296296296 0.04897218863361548 0.13425925925925927
0 0.93409915356711 0.5037037037037037 0.0471584038694075 0.14629629629629629
0 0.9117291414752116 0.4425925925925926 0.041112454655380895 0.15185185185185185
0 0.8811970979443773 0.45555555555555555 0.039298669891172915 0.14074074074074075
0 0.9467956469165659 0.3875 0.03506650544135429 0.1287037037037037
0 0.9770253929866989 0.39490740740740743 0.03990326481257558 0.1398148148148148
0 0.8282950423216445 0.26435185185185184 0.044740024183796856 0.14537037037037037
0 0.9062877871825876 0.26342592592592595 0.03990326481257558 0.1361111111111111
0 0.004534461910519952 0.4236111111111111 0.007859733978234583 0.16574074074074074
0 0.017230955259975818 0.5435185185185185 0.03325272067714631 0.16296296296296298
0 0.05411124546553809 0.4981481481481482 0.046553808948004836 0.1574074074074074
0 0.011185006045949214 0.4828703703703704 0.021160822249093107 0.16574074074074074
0 0.024788391777509067 0.4583333333333333 0.03506650544135429 0.13518518518518519
0 0.4906287787182588 0.6467592592592593 0.0562273276904474 0.1675925925925926
0 0.7629987908101572 0.8185185185185185 0.05562273276904474 0.1925925925925926
0 0.8192261185006046 0.7532407407407408 0.049576783555018135 0.16203703703703703
0 0.5226723095525998 0.6375 0.046553808948004836 0.16203703703703703
0 0.6499395405078597 0.6615740740740741 0.0471584038694075 0.16574074074074074
0 0.7708585247883918 0.5314814814814814 0.04836759371221282 0.14074074074074075
0 0.4440749697702539 0.5550925925925926 0.047762998790810154 0.16574074074074074
0 0.8482466747279322 0.46805555555555556 0.03990326481257558 0.14907407407407408
0 0.8264812575574365 0.4912037037037037 0.04836759371221282 0.14907407407407408
0 0.7847642079806529 0.4861111111111111 0.04353083434099154 0.14629629629629629
0 0.8627569528415961 0.4134259259259259 0.03143893591293833 0.12314814814814815
0 0.7028415961305925 0.5296296296296297 0.051390568319226115 0.15185185185185185
0 0.8310157194679565 0.4078703703703704 0.0501813784764208 0.13796296296296295
0 0.6937726723095526 0.43472222222222223 0.039298669891172915 0.14537037037037037
0 0.7360943168077388 0.45416666666666666 0.04171704957678356 0.1398148148148148
0 0.6073155985489722 0.6472222222222223 0.04897218863361548 0.1574074074074074
0 0.4957678355501814 0.5648148148148148 0.044740024183796856 0.15185185185185185
0 0.6188029020556227 0.5291666666666667 0.044135429262394194 0.16574074074074074
0 0.524788391777509 0.47453703703703703 0.0471584038694075 0.14166666666666666
0 0.5299274486094316 0.5148148148148148 0.04171704957678356 0.14074074074074075
0 0.560459492140266 0.47824074074074074 0.045949214026602174 0.15648148148148147
0 0.6493349455864571 0.5185185185185185 0.041112454655380895 0.1648148148148148
0 0.8739419588875453 0.3416666666666667 0.0380894800483676 0.1388888888888889
0 0.1907496977025393 0.21296296296296297 0.039298669891172915 0.14444444444444443
0 0.1568923821039903 0.23194444444444445 0.034461910519951636 0.13240740740740742
0 0.7394195888754534 0.29259259259259257 0.04353083434099154 0.13703703703703704
0 0.7648125755743652 0.28935185185185186 0.03385731559854897 0.1287037037037037
0 0.7871825876662636 0.7805555555555556 0.036275695284159616 0.12962962962962962
0 0.07255139056831923 0.9314814814814815 0.044740024183796856 0.1388888888888889
0 0.022370012091898428 0.9703703703703703 0.04232164449818621 0.06111111111111111
0 0.002720677146311971 0.8421296296296297 0.004232164449818622 0.16018518518518518
0 0.04897218863361548 0.8069444444444445 0.049576783555018135 0.17685185185185184
0 0.9794437726723095 0.2050925925925926 0.03869407496977025 0.13425925925925927
0 0.9316807738814994 0.275 0.036275695284159616 0.12962962962962962
0 0.9467956469165659 0.20833333333333334 0.041112454655380895 0.1574074074074074
0 0.871825876662636 0.24259259259259258 0.036275695284159616 0.14074074074074075
0 0.9489117291414753 0.17222222222222222 0.024788391777509067 0.13148148148148148
0 0.9232164449818622 0.16018518518518518 0.03506650544135429 0.14074074074074075
0 0.9005441354292624 0.2152777777777778 0.039298669891172915 0.12685185185185185
0 0.9903264812575574 0.12175925925925926 0.018137847642079808 0.1287037037037037
0 0.9452841596130592 0.12546296296296297 0.03688029020556227 0.12314814814814815
0 0.9534461910519951 0.02546296296296296 0.041112454655380895 0.049074074074074076
0 0.8857315598548973 0.1787037037037037 0.037484885126964934 0.11481481481481481
0 0.9168681983071342 0.06851851851851852 0.03688029020556227 0.12407407407407407
0 0.9050785973397824 0.11851851851851852 0.037484885126964934 0.11481481481481481
0 0.9014510278113664 0.05138888888888889 0.03506650544135429 0.10092592592592593
0 0.8479443772672309 0.1087962962962963 0.03688029020556227 0.12129629629629629
0 0.8343409915356711 0.14953703703703702 0.032648125755743655 0.1175925925925926
0 0.6033857315598549 0.4444444444444444 0.03990326481257558 0.14629629629629629
0 0.6925634824667473 0.2574074074074074 0.04171704957678356 0.14074074074074075
0 0.6550785973397824 0.25925925925925924 0.0380894800483676 0.14074074074074075
0 0.6266626360338573 0.24351851851851852 0.034461910519951636 0.13333333333333333
0 0.5982466747279322 0.27546296296296297 0.044135429262394194 0.14907407407407408
0 0.5701330108827086 0.26342592592592595 0.03869407496977025 0.14907407407407408
0 0.7678355501813785 0.1125 0.030229746070133012 0.09351851851851851
0 0.8518742442563483 0.0587962962962963 0.032648125755743655 0.10833333333333334
0 0.8337363966142685 0.04722222222222222 0.030229746070133012 0.09259259259259259
0 0.8110640870616687 0.05416666666666667 0.034461910519951636 0.10648148148148148
0 0.7285368802902056 0.10555555555555556 0.037484885126964934 0.11296296296296296
0 0.7028415961305925 0.1 0.044135429262394194 0.14074074074074075
0 0.6384522370012092 0.14166666666666666 0.030229746070133012 0.12962962962962962
0 0.006045949214026602 0.31805555555555554 0.010882708585247884 0.14907407407407408
0 0.06438935912938332 0.23981481481481481 0.039298669891172915 0.14814814814814814
0 0.08887545344619105 0.2569444444444444 0.04232164449818621 0.14907407407407408
0 0.11608222490931076 0.18333333333333332 0.03990326481257558 0.1388888888888889
0 0.013603385731559855 0.13518518518518519 0.02599758162031439 0.1425925925925926
0 0.023881499395405077 0.06296296296296296 0.035671100362756954 0.12407407407407407
0 0.04322853688029021 0.13703703703703704 0.03204353083434099 0.1259259259259259
0 0.06469165659008465 0.1125 0.03506650544135429 0.13796296296296295
0 0.07466747279322854 0.13194444444444445 0.034461910519951636 0.13240740740740742
0 0.10701330108827085 0.07314814814814814 0.03990326481257558 0.13518518518518519
0 0.09885126964933495 0.15787037037037038 0.03083434099153567 0.13240740740740742
0 0.15296251511487305 0.0824074074074074 0.032648125755743655 0.15185185185185185
0 0.09159613059250302 0.05694444444444444 0.03688029020556227 0.11203703703703703
0 0.23246674727932284 0.15601851851851853 0.03204353083434099 0.09722222222222222
0 0.25151148730350664 0.1486111111111111 0.032648125755743655 0.12685185185185185
0 0.26964933494558646 0.1763888888888889 0.04232164449818621 0.1287037037037037
0 0.20344619105199516 0.030555555555555555 0.03083434099153567 0.05925925925925926
0 0.31136638452237003 0.032407407407407406 0.03143893591293833 0.06296296296296296
0 0.33706166868198306 0.05092592592592592 0.03204353083434099 0.1
0 0.28174123337363965 0.16805555555555557 0.026602176541717048 0.10648148148148148
0 0.5139056831922612 0.1412037037037037 0.03990326481257558 0.12314814814814815
0 0.46765417170495766 0.10925925925925926 0.03688029020556227 0.1259259259259259
0 0.39510278113663844 0.047685185185185185 0.03204353083434099 0.09351851851851851
0 0.3996372430471584 0.05555555555555555 0.032648125755743655 0.10925925925925926
0 0.30743651753325274 0.14027777777777778 0.034461910519951636 0.1398148148148148
0 0.5513905683192262 0.1412037037037037 0.03990326481257558 0.13796296296296295
0 0.5719467956469165 0.1111111111111111 0.036275695284159616 0.13333333333333333
0 0.6121523579201935 0.14305555555555555 0.039298669891172915 0.13796296296296295
0 0.4658403869407497 0.06944444444444445 0.04171704957678356 0.13703703703703704
0 0.4930471584038694 0.07175925925925926 0.02962515114873035 0.125
0 0.5244860943168077 0.07361111111111111 0.03204353083434099 0.1398148148148148
0 0.5353688029020556 0.08425925925925926 0.024788391777509067 0.09259259259259259
0 0.5743651753325272 0.07037037037037037 0.03990326481257558 0.12407407407407407
0 0.6118500604594922 0.11157407407407408 0.03990326481257558 0.13425925925925927
0 0.6475211608222491 0.06296296296296296 0.037484885126964934 0.12407407407407407
0 0.5592503022974608 0.050462962962962966 0.032648125755743655 0.09907407407407408
0 0.4347037484885127 0.11018518518518519 0.036275695284159616 0.1388888888888889
0 0.777509068923821 0.05416666666666667 0.03506650544135429 0.10648148148148148
0 0.6892382103990327 0.0787037037037037 0.03506650544135429 0.12407407407407407
0 0.31680773881499397 0.04675925925925926 0.030229746070133012 0.09166666666666666
0 0.8301088270858524 0.17592592592592593 0.036275695284159616 0.1425925925925926
0 0.7880894800483675 0.08148148148148149 0.03688029020556227 0.12407407407407407
0 0.12333736396614269 0.1439814814814815 0.03990326481257558 0.14351851851851852
0 0.3437122128174123 0.48055555555555557 0.034461910519951636 0.1574074074074074
0 0.34159613059250304 0.23657407407407408 0.030229746070133012 0.1175925925925926
0 0.12515114873035066 0.7347222222222223 0.05199516324062878 0.15833333333333333
0 0.3585247883917775 0.24861111111111112 0.02781136638452237 0.12685185185185185
0 0.12515114873035066 0.6995370370370371 0.060459492140266025 0.16203703703703703
0 0.8349455864570737 0.3837962962962963 0.037484885126964934 0.1398148148148148
0 0.8585247883917775 0.38796296296296295 0.030229746070133012 0.13148148148148148
0 0.2288391777509069 0.5972222222222222 0.04171704957678356 0.1685185185185185
0 0.20253929866989118 0.5763888888888888 0.041112454655380895 0.17314814814814813
0 0.33585247883917774 0.5740740740740741 0.03204353083434099 0.14629629629629629
0 0.1967956469165659 0.49722222222222223 0.03688029020556227 0.14814814814814814
0 0.20133010882708585 0.4824074074074074 0.032648125755743655 0.1574074074074074
0 0.16717049576783555 0.4837962962962963 0.03204353083434099 0.13240740740740742
0 0.16233373639661428 0.44074074074074077 0.039298669891172915 0.14629629629629629
0 0.13089480048367594 0.4703703703703704 0.044135429262394194 0.14814814814814814
0 0.3373639661426844 0.13842592592592592 0.03143893591293833 0.12314814814814815
0 0.3633615477629988 0.14074074074074075 0.032648125755743655 0.12962962962962962
0 0.25634824667472794 0.37546296296296294 0.044740024183796856 0.1398148148148148
0 0.24334945586457074 0.39305555555555555 0.034461910519951636 0.14537037037037037
0 0.22551390568319227 0.8703703703703703 0.04836759371221282 0.16296296296296298
0 0.27871825876662637 0.6962962962962963 0.05199516324062878 0.1574074074074074
0 0.3941958887545345 0.5574074074074075 0.045949214026602174 0.1537037037037037
0 0.31892382103990324 0.6226851851851852 0.03688029020556227 0.15462962962962962
0 0.3177146311970979 0.6597222222222222 0.044135429262394194 0.16574074074074074
0 0.39691656590084645 0.6583333333333333 0.051390568319226115 0.14629629629629629
0 0.5801088270858524 0.7064814814814815 0.05380894800483676 0.14814814814814814
0 0.42019347037484883 0.44675925925925924 0.03506650544135429 0.12314814814814815
0 0.40931076178960096 0.4185185185185185 0.04232164449818621 0.10740740740740741
0 0.3975211608222491 0.5046296296296297 0.034461910519951636 0.1425925925925926
0 0.40991535671100365 0.47824074074074074 0.02902055622732769 0.13240740740740742
0 0.20858524788391777 0.5472222222222223 0.037484885126964934 0.14629629629629629
0 0.2666263603385732 0.525 0.0471584038694075 0.1574074074074074
0 0.2633010882708585 0.5666666666666667 0.039298669891172915 0.16666666666666666
0 0.2348851269649335 0.3388888888888889 0.039298669891172915 0.14074074074074075
0 0.8252720677146312 0.9800925925925926 0.04353083434099154 0.041666666666666664
0 0.2720677146311971 0.32222222222222224 0.03990326481257558 0.15185185185185185
0 0.3784764207980653 0.3819444444444444 0.03990326481257558 0.13796296296296295
0 0.19528415961305925 0.30694444444444446 0.03506650544135429 0.12685185185185185
0 0.4525392986698912 0.49444444444444446 0.04050785973397823 0.14814814814814814
0 0.04564691656590085 0.3388888888888889 0.044135429262394194 0.13703703703703704
0 0.024788391777509067 0.37037037037037035 0.03506650544135429 0.12407407407407407
