0 0.0988917306052856 0.13295454545454546 0.027280477408354646 0.10681818181818181
0 0.4641943734015345 0.9488636363636364 0.05200341005967604 0.1
0 0.008098891730605285 0.9369318181818181 0.014492753623188406 0.12386363636363637
0 0.042625745950554135 0.9375 0.056265984654731455 0.12272727272727273
0 0.7877237851662404 0.9607954545454546 0.0443307757885763 0.07840909090909091
0 0.3312020460358056 0.9136363636363637 0.03836317135549872 0.15
0 0.36445012787723785 0.9357954545454545 0.045183290707587385 0.13068181818181818
0 0.2728047740835465 0.31022727272727274 0.0392156862745098 0.10454545454545454
0 0.5980392156862745 0.8306818181818182 0.05370843989769821 0.16363636363636364
0 0.040068201193520885 0.13863636363636364 0.030690537084398978 0.10681818181818181
0 0.329923273657289 0.7392045454545455 0.04603580562659847 0.14204545454545456
0 0.5341005967604433 0.9511363636363637 0.05200341005967604 0.1
0 0.578005115089514 0.9477272727272728 0.04603580562659847 0.10681818181818181
0 0.5677749360613811 0.3931818181818182 0.030690537084398978 0.10681818181818181
0 0.3312020460358056 0.040340909090909094 0.029838022165387893 0.07386363636363637
0 0.4394714407502131 0.030113636363636363 0.029838022165387893 0.05795454545454545
0 0.27067348678601877 0.25681818181818183 0.03324808184143223 0.1159090909090909
0 0.8009377664109122 0.21931818181818183 0.028132992327365727 0.09318181818181819
0 0.8465473145780051 0.6659090909090909 0.04092071611253197 0.12727272727272726
0 0.26641091219096336 0.9880681818181818 0.026427962489343565 0.026136363636363635
0 0.22506393861892582 0.96875 0.056265984654731455 0.0625
0 0.13171355498721227 0.9369318181818181 0.04859335038363171 0.12840909090909092
0 0.16965046888320545 0.9363636363636364 0.0494458653026428 0.12727272727272726
0 0.40451832907075874 0.1744318181818182 0.026427962489343565 0.08977272727272727
0 0.546462063086104 0.10113636363636364 0.027280477408354646 0.1
0 0.38618925831202044 0.17045454545454544 0.028985507246376812 0.09090909090909091
0 0.3614663256606991 0.10738636363636364 0.028985507246376812 0.09431818181818181
0 0.21099744245524296 0.16420454545454546 0.03324808184143223 0.11022727272727273
0 0.11381074168797954 0.23011363636363635 0.029838022165387893 0.09886363636363636
0 0.710997442455243 0.60625 0.03410059676044331 0.13522727272727272
0 0.7953964194373402 0.36420454545454545 0.0392156862745098 0.11704545454545455
0 0.8456947996589941 0.42102272727272727 0.03751065643648764 0.11704545454545455
0 0.8226768968456948 0.43579545454545454 0.03751065643648764 0.11931818181818182
0 0.8329070758738278 0.2125 0.03580562659846547 0.1
0 0.7651321398124468 0.6465909090909091 0.03836317135549872 0.125
0 0.5080988917306053 0.575 0.03410059676044331 0.11818181818181818
0 0.5477408354646206 0.5619318181818181 0.045183290707587385 0.13068181818181818
0 0.8448422847399829 0.6142045454545455 0.0392156862745098 0.14431818181818182
0 0.8013640238704177 0.6596590909090909 0.042625745950554135 0.14204545454545456
0 0.8759590792838875 0.9352272727272727 0.045183290707587385 0.12954545454545455
0 0.63384484228474 0.7357954545454546 0.05200341005967604 0.1534090909090909
0 0.6061381074168798 0.7517045454545455 0.042625745950554135 0.15795454545454546
0 0.13853367433930094 0.5096590909090909 0.03836317135549872 0.13068181818181818
0 0.49872122762148335 0.31420454545454546 0.030690537084398978 0.10795454545454546
0 0.33674339300937767 0.18579545454545454 0.027280477408354646 0.09431818181818181
0 0.3699914748508099 0.1625 0.02557544757033248 0.08636363636363636
0 0.8098891730605285 0.5619318181818181 0.0392156862745098 0.12386363636363637
0 0.14705882352941177 0.23522727272727273 0.03154305200341006 0.09318181818181819
0 0.7301790281329923 0.5710227272727273 0.05200341005967604 0.13522727272727272
0 0.8891730605285593 0.6022727272727273 0.042625745950554135 0.13863636363636364
0 0.4919011082693947 0.6602272727272728 0.042625745950554135 0.125
0 0.8239556692242114 0.59375 0.04859335038363171 0.12613636363636363
0 0.943307757885763 0.9380681818181819 0.04859335038363171 0.11704545454545455
0 0.5247229326513214 0.3096590909090909 0.03324808184143223 0.10113636363636364
0 0.36018755328218244 0.7551136363636364 0.03836317135549872 0.14431818181818182
0 0.5549872122762148 0.6664772727272728 0.042625745950554135 0.13522727272727272
0 0.572463768115942 0.6386363636363637 0.03154305200341006 0.11136363636363636
0 0.7114236999147485 0.7215909090909091 0.040068201193520885 0.1318181818181818
0 0.7736572890025576 0.7363636363636363 0.045183290707587385 0.15
0 0.7668371696504689 0.3619318181818182 0.03495311167945439 0.11704545454545455
0 0.35080988917306055 0.2119318181818182 0.029838022165387893 0.09204545454545454
0 0.37084398976982097 0.21022727272727273 0.027280477408354646 0.10454545454545454
0 0.5208866155157715 0.24602272727272728 0.03580562659846547 0.10113636363636364
0 0.556692242114237 0.2551136363636364 0.0392156862745098 0.09659090909090909
0 0.17433930093776642 0.06477272727272727 0.0247229326513214 0.08181818181818182
0 0.226768968456948 0.07556818181818181 0.027280477408354646 0.0875
0 0.2557544757033248 0.048295454545454544 0.023870417732310314 0.07840909090909091
0 0.1526001705029838 0.058522727272727275 0.027280477408354646 0.10568181818181818
0 0.2753623188405797 0.044886363636363634 0.02557544757033248 0.0875
0 0.41602728047740833 0.05454545454545454 0.030690537084398978 0.07954545454545454
0 0.4185848252344416 0.029545454545454545 0.02216538789428815 0.056818181818181816
0 0.3900255754475703 0.021022727272727273 0.023017902813299233 0.03977272727272727
0 0.5063938618925832 0.03068181818181818 0.030690537084398978 0.05909090909090909
0 0.5277067348678602 0.028977272727272727 0.02216538789428815 0.05568181818181818
0 0.90153452685422 0.017613636363636363 0.028132992327365727 0.03295454545454545
0 0.5763000852514919 0.1318181818181818 0.03751065643648764 0.10227272727272728
0 0.3516624040920716 0.015909090909090907 0.0196078431372549 0.029545454545454545
0 0.3657289002557545 0.02159090909090909 0.01875532821824382 0.04090909090909091
0 0.6999147485080989 0.3159090909090909 0.042625745950554135 0.11363636363636363
0 0.7190963341858483 0.3704545454545455 0.041773231031543054 0.12045454545454545
0 0.7365728900255755 0.45625 0.03580562659846547 0.11477272727272728
0 0.7519181585677749 0.45 0.03580562659846547 0.1318181818181818
0 0.48508098891730606 0.5125 0.04092071611253197 0.1318181818181818
0 0.7331628303495311 0.4017045454545455 0.0392156862745098 0.10113636363636364
0 0.7050298380221653 0.46647727272727274 0.042625745950554135 0.11477272727272728
0 0.4982949701619778 0.15738636363636363 0.0247229326513214 0.06704545454545455
0 0.4774083546462063 0.1431818181818182 0.03239556692242114 0.09090909090909091
0 0.43435635123614663 0.13125 0.03836317135549872 0.10795454545454546
0 0.7762148337595908 0.23920454545454545 0.028132992327365727 0.06931818181818182
0 0.7604433077578857 0.4 0.03751065643648764 0.11818181818181818
0 0.8252344416027281 0.9386363636363636 0.04774083546462063 0.125
0 0.18414322250639387 0.4102272727272727 0.0392156862745098 0.12954545454545455
0 0.4616368286445013 0.6295454545454545 0.04859335038363171 0.13863636363636364
0 0.00980392156862745 0.7204545454545455 0.017902813299232736 0.11818181818181818
0 0.03580562659846547 0.7045454545454546 0.042625745950554135 0.13863636363636364
0 0.06820119352088662 0.7130681818181818 0.03580562659846547 0.10795454545454546
0 0.10059676044330776 0.50625 0.0392156862745098 0.1215909090909091
0 0.4075021312872975 0.6511363636363636 0.03580562659846547 0.14772727272727273
0 0.23145780051150894 0.39147727272727273 0.041773231031543054 0.12386363636363637
0 0.06308610400682012 0.3039772727272727 0.03580562659846547 0.11022727272727273
0 0.46675191815856776 0.23522727272727273 0.03324808184143223 0.10909090909090909
0 0.4219948849104859 0.36022727272727273 0.03410059676044331 0.11363636363636363
0 0.4424552429667519 0.3755681818181818 0.030690537084398978 0.10795454545454546
0 0.07075873827791987 0.19147727272727272 0.028985507246376812 0.10340909090909091
0 0.2907075873827792 0.2676136363636364 0.03239556692242114 0.09886363636363636
0 0.4859335038363171 0.35965909090909093 0.03410059676044331 0.11704545454545455
0 0.7809036658141517 0.5738636363636364 0.042625745950554135 0.1318181818181818
0 0.3627450980392157 0.18863636363636363 0.026427962489343565 0.10454545454545454
0 0.4825234441602728 0.18522727272727274 0.03239556692242114 0.09318181818181819
0 0.4578005115089514 0.6795454545454546 0.0443307757885763 0.14545454545454545
0 0.9258312020460358 0.21647727272727274 0.028985507246376812 0.060227272727272727
0 0.7399829497016198 0.9340909090909091 0.04092071611253197 0.11818181818181818
0 0.5157715260017051 0.7738636363636363 0.0392156862745098 0.13636363636363635
0 0.26555839727195224 0.5767045454545454 0.03836317135549872 0.13522727272727272
0 0.023017902813299233 0.6272727272727273 0.04092071611253197 0.11818181818181818
0 0.41091219096334186 0.4119318181818182 0.03239556692242114 0.11022727272727273
0 0.675618073316283 0.9164772727272728 0.04859335038363171 0.14886363636363636
0 0.47570332480818417 0.76875 0.04774083546462063 0.1625
0 0.09505541346973571 0.22897727272727272 0.0247229326513214 0.09431818181818181
0 0.5639386189258312 0.7113636363636363 0.03495311167945439 0.12045454545454545
0 0.649616368286445 0.7852272727272728 0.04603580562659847 0.15227272727272728
0 0.2971014492753623 0.5698863636363637 0.03154305200341006 0.14204545454545456
0 0.005967604433077579 0.4909090909090909 0.010230179028132993 0.12045454545454545
0 0.37595907928388744 0.5159090909090909 0.03410059676044331 0.11136363636363636
0 0.06905370843989769 0.59375 0.042625745950554135 0.13068181818181818
0 0.1926683716965047 0.5420454545454545 0.03410059676044331 0.1340909090909091
0 0.30647911338448425 0.42670454545454545 0.03154305200341006 0.11704545454545455
0 0.34697357203751067 0.4289772727272727 0.03751065643648764 0.1125
0 0.3938618925831202 0.5482954545454546 0.0392156862745098 0.13522727272727272
0 0.34782608695652173 0.5159090909090909 0.03580562659846547 0.1318181818181818
0 0.38107416879795397 0.39488636363636365 0.03751065643648764 0.08977272727272727
0 0.38107416879795397 0.4346590909090909 0.03580562659846547 0.10795454545454546
0 0.21824381926683717 0.4863636363636364 0.03580562659846547 0.12954545454545455
0 0.514919011082694 0.35909090909090907 0.03580562659846547 0.11136363636363636
0 0.7195225916453538 0.6454545454545455 0.03751065643648764 0.11136363636363636
0 0.8729752770673487 0.4602272727272727 0.03239556692242114 0.11818181818181818
0 0.8887468030690537 0.6971590909090909 0.040068201193520885 0.14204545454545456
0 0.8542199488491049 0.45795454545454545 0.03580562659846547 0.125
0 0.887468030690537 0.6579545454545455 0.042625745950554135 0.13863636363636364
0 0.8439897698209718 0.6982954545454545 0.0443307757885763 0.1375
0 0.5903665814151747 0.7306818181818182 0.03836317135549872 0.1318181818181818
0 0.4092071611253197 0.9079545454545455 0.0494458653026428 0.16136363636363638
0 0.597612958226769 0.6982954545454545 0.030690537084398978 0.11022727272727273
0 0.5166240409207161 0.8727272727272727 0.05115089514066496 0.15454545454545454
0 0.38491048593350385 0.3261363636363636 0.03665814151747655 0.09545454545454546
