0 0.5217654171704957 0.9523148148148148 0.053204353083434096 0.09722222222222222
0 0.5683192261185006 0.9314814814814815 0.0471584038694075 0.1388888888888889
0 0.5145102781136639 0.9402777777777778 0.041112454655380895 0.12129629629629629
0 0.7651148730350665 0.8157407407407408 0.051390568319226115 0.14074074074074075
0 0.05562273276904474 0.9268518518518518 0.05078597339782346 0.14814814814814814
0 0.07315598548972188 0.649074074074074 0.04836759371221282 0.16296296296296298
0 0.031136638452237003 0.6824074074074075 0.04171704957678356 0.15555555555555556
0 0.5918984280532044 0.43657407407407406 0.044740024183796856 0.13796296296296295
0 0.23428053204353083 0.5152777777777777 0.034461910519951636 0.14537037037037037
0 0.18742442563482467 0.5041666666666667 0.041112454655380895 0.14537037037037037
0 0.11577992744860943 0.27870370370370373 0.04050785973397823 0.13703703703703704
0 0.02629987908101572 0.3074074074074074 0.034461910519951636 0.14629629629629629
0 0.0761789600967352 0.3226851851851852 0.044740024183796856 0.14351851851851852
0 0.1354292623941959 0.36712962962962964 0.04353083434099154 0.15462962962962962
0 0.1825876662636034 0.37546296296296294 0.041112454655380895 0.17314814814814813
0 0.5616686819830713 0.22361111111111112 0.036275695284159616 0.13425925925925927
0 0.008464328899637243 0.45740740740740743 0.015719467956469165 0.14629629629629629
0 0.13845223700120918 0.41759259259259257 0.04836759371221282 0.14814814814814814
0 0.05199516324062878 0.4212962962962963 0.03990326481257558 0.14074074074074075
0 0.5562273276904474 0.26342592592592595 0.041112454655380895 0.14907407407407408
0 0.589782345828295 0.2759259259259259 0.03204353083434099 0.1425925925925926
0 0.6798669891172914 0.5768518518518518 0.044135429262394194 0.15185185185185185
0 0.7240024183796856 0.5777777777777777 0.044135429262394194 0.14814814814814814
0 0.3887545344619105 0.2601851851851852 0.037484885126964934 0.12407407407407407
0 0.37908101571946795 0.2814814814814815 0.02781136638452237 0.11296296296296296
0 0.4667472793228537 0.2518518518518518 0.02539298669891173 0.13518518518518519
0 0.4703748488512696 0.274537037037037 0.032648125755743655 0.1398148148148148
0 0.5486698911729141 0.4009259259259259 0.03688029020556227 0.13518518518518519
0 0.5798065296251511 0.3587962962962963 0.032648125755743655 0.14537037037037037
0 0.6194074969770254 0.36157407407407405 0.034461910519951636 0.14166666666666666
0 0.5241837968561064 0.4597222222222222 0.03506650544135429 0.14351851851851852
0 0.4105199516324063 0.2962962962962963 0.037484885126964934 0.13148148148148148
0 0.7094921402660218 0.7180555555555556 0.044135429262394194 0.17314814814814813
0 0.7808343409915357 0.6921296296296297 0.04171704957678356 0.15092592592592594
0 0.7778113663845224 0.6453703703703704 0.044135429262394194 0.14074074074074075
0 0.9486094316807738 0.6407407407407407 0.03869407496977025 0.14629629629629629
0 0.906590084643289 0.6208333333333333 0.047762998790810154 0.15092592592592594
0 0.6363361547762999 0.7328703703703704 0.04897218863361548 0.16574074074074074
0 0.8811970979443773 0.5037037037037037 0.0380894800483676 0.13703703703703704
0 0.8361547762998791 0.46620370370370373 0.0471584038694075 0.13240740740740742
0 0.904776299879081 0.4550925925925926 0.04171704957678356 0.14351851851851852
0 0.8295042321644498 0.5462962962962963 0.044740024183796856 0.1388888888888889
0 0.8591293833131801 0.5652777777777778 0.041112454655380895 0.1527777777777778
0 0.7950423216444982 0.5555555555555556 0.041112454655380895 0.14629629629629629
0 0.7587666263603385 0.4986111111111111 0.04232164449818621 0.1638888888888889
0 0.909310761789601 0.29444444444444445 0.03143893591293833 0.13518518518518519
0 0.9374244256348246 0.31805555555555554 0.039298669891172915 0.13796296296296295
0 0.9815598548972189 0.5648148148148148 0.035671100362756954 0.15185185185185185
0 0.7276299879081015 0.837037037037037 0.06831922611850061 0.17407407407407408
0 0.9866989117291415 0.5125 0.02539298669891173 0.14351851851851852
0 0.9087061668681983 0.7726851851851851 0.04836759371221282 0.18425925925925926
0 0.839782345828295 0.6291666666666667 0.07134220072551391 0.14537037037037037
0 0.8627569528415961 0.6768518518518518 0.041112454655380895 0.14629629629629629
0 0.3766626360338573 0.03611111111111111 0.037484885126964934 0.07037037037037037
0 0.23246674727932284 0.0587962962962963 0.04171704957678356 0.11574074074074074
0 0.4540507859733978 0.050462962962962966 0.053204353083434096 0.09907407407407408
0 0.26964933494558646 0.011574074074074073 0.032648125755743655 0.021296296296296296
0 0.4788391777509069 0.022685185185185187 0.02539298669891173 0.04351851851851852
0 0.5640870616686819 0.06157407407407407 0.032648125755743655 0.12129629629629629
0 0.5867593712212817 0.03657407407407407 0.03083434099153567 0.0712962962962963
0 0.6958887545344619 0.055092592592592596 0.03506650544135429 0.10833333333333334
0 0.7028415961305925 0.08194444444444444 0.02720677146311971 0.09907407407407408
0 0.7267230955259976 0.07175925925925926 0.03143893591293833 0.11203703703703703
0 0.9334945586457074 0.03518518518518519 0.026602176541717048 0.06851851851851852
0 0.9682587666263603 0.03564814814814815 0.03083434099153567 0.06944444444444445
0 0.9721886336154776 0.08148148148148149 0.030229746070133012 0.12037037037037036
0 0.9486094316807738 0.07916666666666666 0.03143893591293833 0.1175925925925926
0 0.8966142684401451 0.11388888888888889 0.02539298669891173 0.08518518518518518
0 0.9105199516324063 0.1087962962962963 0.036275695284159616 0.11574074074074074
0 0.9359129383313181 0.12222222222222222 0.032648125755743655 0.11296296296296296
0 0.9570737605804112 0.11157407407407408 0.02781136638452237 0.09907407407407408
0 0.9857920193470375 0.03888888888888889 0.02599758162031439 0.07592592592592592
0 0.9214026602176542 0.14907407407407408 0.044740024183796856 0.11851851851851852
0 0.9425634824667473 0.1824074074074074 0.030229746070133012 0.12407407407407407
0 0.971584038694075 0.1638888888888889 0.03506650544135429 0.1259259259259259
0 0.9873035066505441 0.19027777777777777 0.02418379685610641 0.12129629629629629
0 0.9588875453446191 0.25046296296296294 0.032648125755743655 0.12129629629629629
0 0.9860943168077388 0.26805555555555555 0.026602176541717048 0.1398148148148148
0 0.9537484885126964 0.2777777777777778 0.034461910519951636 0.13148148148148148
0 0.9613059250302297 0.31574074074074077 0.03869407496977025 0.13148148148148148
0 0.6142684401451027 0.058333333333333334 0.03506650544135429 0.11481481481481481
0 0.6417775090689238 0.06342592592592593 0.02962515114873035 0.11203703703703703
0 0.5583434099153567 0.09583333333333334 0.02962515114873035 0.10648148148148148
0 0.5399032648125756 0.09953703703703703 0.030229746070133012 0.12129629629629629
0 0.6148730350665055 0.11944444444444445 0.03506650544135429 0.12962962962962962
0 0.5692261185006046 0.13194444444444445 0.034461910519951636 0.13240740740740742
0 0.6426844014510278 0.15555555555555556 0.032648125755743655 0.11481481481481481
0 0.6668681983071342 0.17083333333333334 0.026602176541717048 0.10462962962962963
0 0.6916565900846433 0.16712962962962963 0.03506650544135429 0.1287037037037037
0 0.6977025392986699 0.2175925925925926 0.037484885126964934 0.12407407407407407
0 0.7261185006045949 0.21898148148148147 0.02902055622732769 0.11574074074074074
0 0.8204353083434099 0.26342592592592595 0.041112454655380895 0.1287037037037037
0 0.3814993954050786 0.12037037037037036 0.032648125755743655 0.12407407407407407
0 0.4198911729141475 0.12731481481481483 0.03325272067714631 0.12129629629629629
0 0.49425634824667475 0.15462962962962962 0.02962515114873035 0.13518518518518519
0 0.4268440145102781 0.1574074074074074 0.03143893591293833 0.13518518518518519
0 0.30773881499395406 0.17916666666666667 0.03143893591293833 0.13796296296296295
0 0.3512696493349456 0.1865740740740741 0.030229746070133012 0.13240740740740742
0 0.376360338573156 0.22037037037037038 0.022370012091898428 0.09259259259259259
0 0.6106408706166868 0.3300925925925926 0.03385731559854897 0.13425925925925927
0 0.15084643288996372 0.13796296296296295 0.034461910519951636 0.11851851851851852
0 0.0912938331318017 0.1685185185185185 0.032648125755743655 0.11296296296296296
0 0.09250302297460701 0.18981481481481483 0.03385731559854897 0.12962962962962962
0 0.12273276904474002 0.2101851851851852 0.030229746070133012 0.13518518518518519
0 0.14993954050785974 0.26805555555555555 0.03990326481257558 0.12685185185185185
0 0.003929866989117291 0.13240740740740742 0.006650544135429262 0.11851851851851852
0 0.034461910519951636 0.18194444444444444 0.04353083434099154 0.12685185185185185
0 0.008162031438935914 0.23935185185185184 0.015114873035066506 0.09907407407407408
0 0.01995163240628779 0.2222222222222222 0.03385731559854897 0.14074074074074075
0 0.0024183796856106408 0.6356481481481482 0.0036275695284159614 0.15648148148148147
0 0.007557436517533253 0.6046296296296296 0.013905683192261185 0.1425925925925926
0 0.013301088270858524 0.9254629629629629 0.02539298669891173 0.15092592592592594
0 0.05955259975816203 0.3337962962962963 0.02962515114873035 0.10648148148148148
0 0.06015719467956469 0.2689814814814815 0.02720677146311971 0.08796296296296297
0 0.500906892382104 0.031018518518518518 0.02962515114873035 0.06018518518518518
0 0.5362756952841596 0.056018518518518516 0.037484885126964934 0.11018518518518519
0 0.23821039903264812 0.5902777777777778 0.036275695284159616 0.15648148148148147
0 0.24365175332527206 0.5625 0.03506650544135429 0.1398148148148148
0 0.15840386940749698 0.5842592592592593 0.044740024183796856 0.14074074074074075
0 0.20495767835550183 0.5879629629629629 0.041112454655380895 0.13518518518518519
0 0.2140266021765417 0.538425925925926 0.0471584038694075 0.15092592592592594
0 0.16505441354292624 0.5476851851851852 0.04232164449818621 0.13796296296296295
0 0.6339177750906893 0.5333333333333333 0.034461910519951636 0.14814814814814814
0 0.40054413542926237 0.2361111111111111 0.03204353083434099 0.12407407407407407
0 0.4204957678355502 0.23981481481481481 0.02720677146311971 0.1259259259259259
0 0.6248488512696493 0.5185185185185185 0.039298669891172915 0.14629629629629629
0 0.13845223700120918 0.9745370370370371 0.04836759371221282 0.049074074074074076
0 0.18319226118500603 0.950925925925926 0.05441354292623942 0.1
0 0.09854897218863362 0.937962962962963 0.06287787182587666 0.1259259259259259
0 0.7506045949214026 0.7342592592592593 0.039298669891172915 0.14074074074074075
0 0.6720072551390568 0.9523148148148148 0.046553808948004836 0.09722222222222222
0 0.8606408706166868 0.5375 0.04171704957678356 0.1398148148148148
0 0.7360943168077388 0.6953703703703704 0.0380894800483676 0.13703703703703704
0 0.725211608222491 0.37962962962962965 0.04171704957678356 0.11851851851851852
0 0.7723700120918985 0.37592592592592594 0.04050785973397823 0.13703703703703704
0 0.8802902055622733 0.9212962962962963 0.049576783555018135 0.1537037037037037
0 0.28234582829504234 0.3731481481481482 0.03990326481257558 0.13703703703703704
0 0.2633010882708585 0.3800925925925926 0.034461910519951636 0.1287037037037037
0 0.25272067714631197 0.9712962962962963 0.044740024183796856 0.05925925925925926
0 0.4458887545344619 0.9555555555555556 0.04897218863361548 0.09074074074074075
0 0.5172309552599759 0.8231481481481482 0.051390568319226115 0.1814814814814815
0 0.44830713422007257 0.8694444444444445 0.046553808948004836 0.16111111111111112
0 0.5374848851269649 0.5856481481481481 0.037484885126964934 0.15462962962962962
0 0.596130592503023 0.6921296296296297 0.049576783555018135 0.16018518518518518
0 0.3385731559854897 0.7851851851851852 0.04353083434099154 0.16296296296296298
0 0.5580411124546554 0.5180555555555556 0.041112454655380895 0.13796296296296295
0 0.538391777509069 0.4981481481481482 0.02357920193470375 0.08333333333333333
0 0.5616686819830713 0.6194444444444445 0.0471584038694075 0.1574074074074074
0 0.49788391777509067 0.8587962962962963 0.04897218863361548 0.19722222222222222
0 0.36577992744860943 0.48194444444444445 0.036275695284159616 0.13796296296296295
0 0.30743651753325274 0.4736111111111111 0.04171704957678356 0.16018518518518518
0 0.3639661426844015 0.41388888888888886 0.03506650544135429 0.14629629629629629
0 0.4960701330108827 0.4222222222222222 0.03204353083434099 0.12222222222222222
0 0.3802902055622733 0.712037037037037 0.032648125755743655 0.15185185185185185
0 0.40054413542926237 0.7722222222222223 0.0501813784764208 0.16111111111111112
0 0.42140266021765416 0.7453703703703703 0.04232164449818621 0.17037037037037037
0 0.3715235792019347 0.7324074074074074 0.035671100362756954 0.17592592592592593
0 0.19830713422007254 0.24259259259259258 0.041112454655380895 0.1425925925925926
0 0.14177750906892383 0.1638888888888889 0.02720677146311971 0.11296296296296296
0 0.16717049576783555 0.15555555555555556 0.03204353083434099 0.1259259259259259
0 0.006952841596130592 0.9074074074074074 0.012696493349455865 0.17407407407407408
0 0.003325272067714631 0.21157407407407408 0.005441354292623942 0.12129629629629629
0 0.15538089480048367 0.2523148148148148 0.03385731559854897 0.1527777777777778
0 0.5607617896009673 0.6814814814814815 0.044135429262394194 0.15
0 0.2542321644498186 0.7768518518518519 0.042926239419588876 0.17962962962962964
0 0.29897218863361547 0.7347222222222223 0.039298669891172915 0.17685185185185184
0 0.6774486094316807 0.6981481481481482 0.046553808948004836 0.14629629629629629
0 0.26088270858524787 0.4583333333333333 0.039298669891172915 0.14074074074074075
0 0.47702539298669894 0.5393518518518519 0.032648125755743655 0.13240740740740742
0 0.47128174123337363 0.5120370370370371 0.046553808948004836 0.12962962962962962
0 0.3769649334945586 0.37175925925925923 0.03325272067714631 0.14351851851851852
0 0.3216444981862152 0.5861111111111111 0.04836759371221282 0.1425925925925926
0 0.470677146311971 0.4064814814814815 0.03083434099153567 0.14074074074074075
0 0.5003022974607013 0.3907407407407407 0.03204353083434099 0.14629629629629629
0 0.48125755743651755 0.6134259259259259 0.03869407496977025 0.15833333333333333
0 0.13905683192261184 0.23796296296296296 0.02781136638452237 0.11851851851851852
0 0.845223700120919 0.9259259259259259 0.049576783555018135 0.15
0 0.45102781136638453 0.4398148148148148 0.03506650544135429 0.09814814814814815
0 0.4996977025392987 0.45601851851851855 0.03083434099153567 0.1175925925925926
0 0.38784764207980654 0.3851851851851852 0.04171704957678356 0.14814814814814814
