0 0.7557291666666667 0.6314814814814815 0.0625 0.2222222222222222
0 0.29244791666666664 0.5407407407407407 0.0484375 0.1962962962962963
0 0.7666666666666667 0.49027777777777776 0.04583333333333333 0.18611111111111112
0 0.6143229166666667 0.48055555555555557 0.0484375 0.1962962962962963
0 0.553125 0.4912037037037037 0.04375 0.20092592592592592
0 0.2708333333333333 0.48657407407407405 0.040625 0.19166666666666668
0 0.6591145833333333 0.5921296296296297 0.05677083333333333 0.22870370370370371
0 0.5411458333333333 0.3574074074074074 0.030208333333333334 0.14074074074074075
0 0.5609375 0.3638888888888889 0.027083333333333334 0.12407407407407407
0 0.49192708333333335 0.36018518518518516 0.0296875 0.1388888888888889
0 0.8033854166666666 0.3587962962962963 0.0296875 0.15462962962962962
0 0.47604166666666664 0.3958333333333333 0.03333333333333333 0.1527777777777778
0 0.12916666666666668 0.6444444444444445 0.05625 0.23703703703703705
0 0.40703125 0.32314814814814813 0.030729166666666665 0.12777777777777777
0 0.3734375 0.3138888888888889 0.03125 0.13518518518518519
0 0.30234375 0.34814814814814815 0.04010416666666667 0.14629629629629629
0 0.40572916666666664 0.300462962962963 0.03229166666666667 0.12314814814814815
0 0.38828125 0.2671296296296296 0.0234375 0.11018518518518519
0 0.36171875 0.2662037037037037 0.0265625 0.11574074074074074
0 0.6768229166666667 0.7546296296296297 0.0546875 0.32592592592592595
0 0.5828125 0.7310185185185185 0.06041666666666667 0.27685185185185185
0 0.5984375 0.8736111111111111 0.08541666666666667 0.25462962962962965
0 0.5283854166666667 0.8583333333333333 0.07760416666666667 0.2851851851851852
0 0.09739583333333333 0.5638888888888889 0.04479166666666667 0.1962962962962963
0 0.353125 0.39814814814814814 0.035416666666666666 0.14814814814814814
0 0.7744791666666667 0.39351851851851855 0.03333333333333333 0.17592592592592593
0 0.037760416666666664 0.9560185185185185 0.059895833333333336 0.08981481481481482
0 0.48515625 0.5282407407407408 0.05260416666666667 0.21388888888888888
0 0.7192708333333333 0.42407407407407405 0.03125 0.19074074074074074
0 0.5317708333333333 0.4305555555555556 0.036458333333333336 0.17407407407407408
0 0.7458333333333333 0.4222222222222222 0.0375 0.18518518518518517
0 0.22395833333333334 0.6837962962962963 0.057291666666666664 0.2953703703703704
0 0.35104166666666664 0.47824074074074074 0.04479166666666667 0.1787037037037037
0 0.3690104166666667 0.7314814814814815 0.05572916666666667 0.25925925925925924
0 0.8807291666666667 0.5259259259259259 0.042708333333333334 0.22037037037037038
0 0.5966145833333333 0.4708333333333333 0.059895833333333336 0.1787037037037037
