0 0.7975277067348678 0.3704545454545455 0.041773231031543054 0.11136363636363636
0 0.1999147485080989 0.0846590909090909 0.03324808184143223 0.09431818181818181
0 0.1423699914748508 0.07954545454545454 0.03239556692242114 0.09090909090909091
0 0.5166240409207161 0.08238636363636363 0.02557544757033248 0.0875
0 0.38022165387894286 0.1028409090909091 0.027280477408354646 0.0875
0 0.5140664961636828 0.10795454545454546 0.030690537084398978 0.08409090909090909
0 0.3375959079283887 0.09943181818181818 0.028985507246376812 0.08068181818181819
0 0.3150042625745951 0.08352272727272728 0.028132992327365727 0.0875
0 0.2979539641943734 0.08011363636363636 0.028132992327365727 0.09431818181818181
0 0.4884910485933504 0.10397727272727272 0.030690537084398978 0.09431818181818181
0 0.3635976129582268 0.07897727272727273 0.03154305200341006 0.09431818181818181
0 0.283461210571185 0.03636363636363636 0.03154305200341006 0.07045454545454545
0 0.30605285592497866 0.030113636363636363 0.028985507246376812 0.05795454545454545
0 0.3316283034953112 0.028977272727272727 0.028985507246376812 0.05568181818181818
0 0.3755328218243819 0.028977272727272727 0.028132992327365727 0.05568181818181818
0 0.396845694799659 0.03238636363636364 0.03154305200341006 0.0625
0 0.42284739982949704 0.0375 0.03239556692242114 0.07272727272727272
0 0.48934356351236147 0.042045454545454546 0.03239556692242114 0.07727272727272727
0 0.5110826939471441 0.03806818181818182 0.03154305200341006 0.07386363636363637
0 0.902387041773231 0.06306818181818181 0.03495311167945439 0.10113636363636364
0 0.5379369138959932 0.07329545454545454 0.03239556692242114 0.09431818181818181
0 0.8316283034953111 0.055113636363636365 0.03154305200341006 0.08977272727272727
0 0.8056265984654731 0.05454545454545454 0.030690537084398978 0.09318181818181819
0 0.7242114236999148 0.3465909090909091 0.03665814151747655 0.09772727272727273
0 0.6892583120204604 0.3613636363636364 0.03324808184143223 0.09772727272727273
0 0.3976982097186701 0.11079545454545454 0.03154305200341006 0.0875
0 0.03751065643648764 0.9318181818181818 0.05115089514066496 0.13636363636363635
0 0.06095481670929241 0.9255681818181818 0.045183290707587385 0.14431818181818182
0 0.8746803069053708 0.9721590909090909 0.05456095481670929 0.053409090909090906
0 0.23955669224211423 0.49375 0.04603580562659847 0.1215909090909091
0 0.9292412617220801 0.8056818181818182 0.04092071611253197 0.1409090909090909
0 0.8635976129582268 0.8272727272727273 0.04603580562659847 0.14545454545454545
0 0.8601875532821824 0.8511363636363637 0.04603580562659847 0.14545454545454545
0 0.9032395566922421 0.8238636363636364 0.041773231031543054 0.14545454545454545
0 0.954390451832907 0.8431818181818181 0.04859335038363171 0.16590909090909092
0 0.9211423699914748 0.8721590909090909 0.04859335038363171 0.15795454545454546
0 0.5191815856777494 0.32897727272727273 0.04092071611253197 0.10795454545454546
0 0.3900255754475703 0.32954545454545453 0.03665814151747655 0.09772727272727273
0 0.3976982097186701 0.3079545454545455 0.03324808184143223 0.11136363636363636
0 0.5174765558397272 0.30113636363636365 0.03580562659846547 0.10227272727272728
0 0.42838874680306904 0.3340909090909091 0.04688832054560955 0.1159090909090909
0 0.4492753623188406 0.3573863636363636 0.023870417732310314 0.0715909090909091
0 0.1999147485080989 0.33579545454545456 0.040068201193520885 0.11477272727272728
0 0.3030690537084399 0.30170454545454545 0.03324808184143223 0.11477272727272728
0 0.3320545609548167 0.3039772727272727 0.03324808184143223 0.10795454545454546
0 0.0123614663256607 0.19715909090909092 0.023017902813299233 0.10113636363636364
0 0.14492753623188406 0.17386363636363636 0.028985507246376812 0.09772727272727273
0 0.48891730605285594 0.2948863636363636 0.03324808184143223 0.1125
0 0.3998294970161978 0.24886363636363637 0.03751065643648764 0.11136363636363636
0 0.479539641943734 0.22840909090909092 0.03324808184143223 0.10681818181818181
0 0.1082693947144075 0.1431818181818182 0.03239556692242114 0.09772727272727273
0 0.19735720375106564 0.14545454545454545 0.03324808184143223 0.09772727272727273
0 0.16453537936913895 0.14488636363636365 0.027280477408354646 0.09431818181818181
0 0.24552429667519182 0.09431818181818181 0.03239556692242114 0.08409090909090909
0 0.5473145780051151 0.11136363636363636 0.03239556692242114 0.09772727272727273
0 0.2651321398124467 0.14431818181818182 0.03751065643648764 0.10227272727272728
0 0.340153452685422 0.13522727272727272 0.03410059676044331 0.09090909090909091
0 0.38618925831202044 0.1340909090909091 0.03239556692242114 0.10454545454545454
0 0.4219948849104859 0.13352272727272727 0.03239556692242114 0.0875
0 0.39428815004262574 0.1784090909090909 0.03324808184143223 0.08863636363636364
0 0.5046888320545609 0.225 0.028985507246376812 0.10681818181818181
0 0.3073316283034953 0.060227272727272727 0.028132992327365727 0.07727272727272727
0 0.49531116794543906 0.13977272727272727 0.03239556692242114 0.09090909090909091
0 0.4560954816709292 0.5818181818181818 0.03751065643648764 0.125
0 0.03154305200341006 0.08522727272727272 0.03239556692242114 0.08409090909090909
0 0.0038363171355498722 0.16875 0.005967604433077579 0.09659090909090909
0 0.45822676896845693 0.10454545454545454 0.03495311167945439 0.09090909090909091
0 0.3256606990622336 0.06704545454545455 0.028985507246376812 0.08409090909090909
0 0.3013640238704177 0.16136363636363638 0.028132992327365727 0.08863636363636364
0 0.42497868712702475 0.17613636363636365 0.03324808184143223 0.10909090909090909
0 0.26768968456947995 0.0875 0.03239556692242114 0.07727272727272727
0 0.39300937766410915 0.08579545454545455 0.03239556692242114 0.0875
0 0.4799658994032396 0.5284090909090909 0.0443307757885763 0.13636363636363635
0 0.7041773231031543 0.8829545454545454 0.0443307757885763 0.15227272727272728
0 0.11082693947144075 0.9732954545454545 0.03410059676044331 0.05568181818181818
0 0.15515771526001704 0.9732954545454545 0.04092071611253197 0.05113636363636364
0 0.4884910485933504 0.8460227272727273 0.030690537084398978 0.1215909090909091
0 0.7919863597612958 0.7159090909090909 0.0494458653026428 0.14545454545454545
0 0.4663256606990622 0.8573863636363637 0.03751065643648764 0.12840909090909092
0 0.3145780051150895 0.7198863636363636 0.05115089514066496 0.14431818181818182
0 0.8674339300937767 0.9369318181818181 0.05370843989769821 0.12840909090909092
0 0.76768968456948 0.8454545454545455 0.05200341005967604 0.15
0 0.3333333333333333 0.9068181818181819 0.0494458653026428 0.13863636363636364
0 0.4296675191815857 0.8409090909090909 0.04603580562659847 0.13863636363636364
0 0.8320545609548167 0.9380681818181819 0.05456095481670929 0.12613636363636363
0 0.7254901960784313 0.9704545454545455 0.04603580562659847 0.056818181818181816
0 0.7655583972719523 0.9806818181818182 0.04774083546462063 0.03636363636363636
0 0.13597612958226768 0.7170454545454545 0.05711849957374254 0.14545454545454545
0 0.4416027280477408 0.5335227272727273 0.03580562659846547 0.12840909090909092
0 0.12915601023017903 0.45 0.026427962489343565 0.09545454545454546
0 0.44799658994032393 0.4903409090909091 0.043478260869565216 0.11477272727272728
0 0.5 0.4960227272727273 0.03495311167945439 0.11477272727272728
0 0.4701619778346121 0.13068181818181818 0.03495311167945439 0.09090909090909091
0 0.08226768968456948 0.42215909090909093 0.03665814151747655 0.11704545454545455
0 0.10485933503836317 0.4426136363636364 0.023870417732310314 0.07840909090909091
0 0.045183290707587385 0.834659090909091 0.0392156862745098 0.10340909090909091
0 0.0247229326513214 0.80625 0.04774083546462063 0.13295454545454546
0 0.8201193520886616 0.3926136363636364 0.03410059676044331 0.10568181818181818
0 0.6670929241261722 0.9113636363636364 0.03665814151747655 0.10681818181818181
0 0.017476555839727195 0.45852272727272725 0.03324808184143223 0.1215909090909091
0 0.3776641091219096 0.9028409090909091 0.0494458653026428 0.15568181818181817
0 0.49317988064791135 0.9289772727272727 0.05541346973572037 0.1375
0 0.8623188405797102 0.06647727272727273 0.03154305200341006 0.0875
0 0.5694799658994032 0.07386363636363637 0.03410059676044331 0.08636363636363636
