0 0.8337595907928389 0.9386363636363636 0.05115089514066496 0.1159090909090909
0 0.11125319693094629 0.5818181818181818 0.041773231031543054 0.11818181818181818
0 0.7442455242966752 0.6375 0.0392156862745098 0.12954545454545455
0 0.13725490196078433 0.5431818181818182 0.03410059676044331 0.12954545454545455
0 0.05583972719522592 0.5164772727272727 0.041773231031543054 0.1215909090909091
0 0.018329070758738276 0.5159090909090909 0.03495311167945439 0.12727272727272726
0 0.5319693094629157 0.6494318181818182 0.05285592497868713 0.14886363636363636
0 0.26811594202898553 0.45681818181818185 0.03665814151747655 0.1318181818181818
0 0.020034100596760442 0.3477272727272727 0.03495311167945439 0.11363636363636363
0 0.20673486786018755 0.36420454545454545 0.041773231031543054 0.11477272727272728
0 0.2728047740835465 0.35113636363636364 0.042625745950554135 0.125
0 0.309462915601023 0.3613636363636364 0.0443307757885763 0.10909090909090909
0 0.27664109121909636 0.4147727272727273 0.041773231031543054 0.11818181818181818
0 0.4288150042625746 0.5380681818181818 0.03580562659846547 0.13068181818181818
0 0.47911338448422847 0.5409090909090909 0.04092071611253197 0.1318181818181818
0 0.520460358056266 0.4017045454545455 0.041773231031543054 0.11477272727272728
0 0.3350383631713555 0.29545454545454547 0.03410059676044331 0.1159090909090909
0 0.4497016197783461 0.33579545454545456 0.045183290707587385 0.11931818181818182
0 0.40878090366581415 0.32272727272727275 0.03495311167945439 0.1159090909090909
0 0.2928388746803069 0.1590909090909091 0.028132992327365727 0.08409090909090909
0 0.8486786018755328 0.19886363636363635 0.03154305200341006 0.09318181818181819
0 0.8162830349531117 0.1875 0.03324808184143223 0.10227272727272728
0 0.8742540494458653 0.21022727272727273 0.03495311167945439 0.10227272727272728
0 0.824381926683717 0.34545454545454546 0.03751065643648764 0.11136363636363636
0 0.7945439045183291 0.3494318181818182 0.030690537084398978 0.09204545454545454
0 0.5703324808184144 0.14545454545454545 0.028985507246376812 0.09772727272727273
0 0.8239556692242114 0.4147727272727273 0.041773231031543054 0.10681818181818181
0 0.83461210571185 0.6045454545454545 0.04092071611253197 0.13636363636363635
0 0.5477408354646206 0.825 0.040068201193520885 0.15
0 0.14578005115089515 0.5823863636363636 0.04092071611253197 0.12613636363636363
0 0.3329070758738278 0.4960227272727273 0.03495311167945439 0.12613636363636363
0 0.8235294117647058 0.8056818181818182 0.04092071611253197 0.15227272727272728
0 0.5801364023870418 0.8125 0.05029838022165388 0.15
0 0.3388746803069054 0.6579545454545455 0.041773231031543054 0.13863636363636364
0 0.7553282182438192 0.5857954545454546 0.03410059676044331 0.11022727272727273
0 0.773231031543052 0.5886363636363636 0.030690537084398978 0.12045454545454545
0 0.8056265984654731 0.5965909090909091 0.04774083546462063 0.14545454545454545
0 0.7864450127877238 0.5198863636363636 0.040068201193520885 0.11931818181818182
0 0.8623188405797102 0.5113636363636364 0.029838022165387893 0.12045454545454545
0 0.7941176470588235 0.42329545454545453 0.03836317135549872 0.11477272727272728
0 0.7489343563512362 0.3409090909090909 0.03154305200341006 0.1159090909090909
0 0.7698209718670077 0.34602272727272726 0.03239556692242114 0.11022727272727273
0 0.9019607843137255 0.0715909090909091 0.030690537084398978 0.08409090909090909
0 0.8913043478260869 0.06136363636363636 0.028132992327365727 0.08409090909090909
0 0.33674339300937767 0.16079545454545455 0.027280477408354646 0.10113636363636364
0 0.3175618073316283 0.16818181818181818 0.03665814151747655 0.08863636363636364
0 0.21994884910485935 0.10795454545454546 0.02557544757033248 0.09090909090909091
0 0.24254049445865303 0.10681818181818181 0.028132992327365727 0.08409090909090909
0 0.26427962489343565 0.09545454545454546 0.02557544757033248 0.08636363636363636
0 0.3998294970161978 0.13238636363636364 0.02216538789428815 0.09431818181818181
0 0.4164535379369139 0.14261363636363636 0.0247229326513214 0.08295454545454546
0 0.4663256606990622 0.1965909090909091 0.03410059676044331 0.10454545454545454
0 0.4356351236146633 0.1630681818181818 0.030690537084398978 0.08977272727272727
0 0.4718670076726343 0.1590909090909091 0.03154305200341006 0.08636363636363636
0 0.510230179028133 0.175 0.03495311167945439 0.09772727272727273
0 0.45268542199488493 0.1409090909090909 0.023870417732310314 0.07045454545454545
0 0.43648763853367434 0.10738636363636364 0.027280477408354646 0.08295454545454546
0 0.4799658994032396 0.09204545454545454 0.028985507246376812 0.08863636363636364
0 0.4820971867007673 0.07215909090909091 0.0247229326513214 0.0875
0 0.46547314578005117 0.07556818181818181 0.03239556692242114 0.0875
0 0.25831202046035806 0.06420454545454546 0.02557544757033248 0.07613636363636364
0 0.2864450127877238 0.08295454545454546 0.030690537084398978 0.08636363636363636
0 0.3013640238704177 0.09829545454545455 0.028132992327365727 0.0875
0 0.3235294117647059 0.10170454545454545 0.028132992327365727 0.08295454545454546
0 0.30605285592497866 0.08863636363636364 0.023870417732310314 0.08636363636363636
0 0.3495311167945439 0.0846590909090909 0.03239556692242114 0.08068181818181819
0 0.5247229326513214 0.07897727272727273 0.028132992327365727 0.0875
0 0.5200341005967605 0.05454545454545454 0.03239556692242114 0.09318181818181819
0 0.556692242114237 0.05113636363636364 0.030690537084398978 0.08863636363636364
0 0.42924126172208016 0.06875 0.03154305200341006 0.08068181818181819
0 0.4761295822676897 0.03238636363636364 0.023017902813299233 0.0625
0 0.45225916453537934 0.035227272727272725 0.026427962489343565 0.06818181818181818
0 0.4373401534526854 0.038636363636363635 0.01875532821824382 0.06363636363636363
0 0.3648763853367434 0.03295454545454545 0.028985507246376812 0.06363636363636363
0 0.5643648763853367 0.09545454545454546 0.03410059676044331 0.10454545454545454
0 0.13682864450127877 0.9806818181818182 0.04688832054560955 0.038636363636363635
0 0.3350383631713555 0.09261363636363637 0.023870417732310314 0.06704545454545455
0 0.3069053708439898 0.49204545454545456 0.03580562659846547 0.1159090909090909
0 0.675618073316283 0.9232954545454546 0.0639386189258312 0.13068181818181818
0 0.5213128729752771 0.9607954545454546 0.05200341005967604 0.07840909090909091
0 0.659846547314578 0.83125 0.05115089514066496 0.13977272727272727
0 0.6679454390451833 0.977840909090909 0.040068201193520885 0.04431818181818182
0 0.5907928388746803 0.9556818181818182 0.057971014492753624 0.08636363636363636
0 0.6295822676896846 0.98125 0.028132992327365727 0.035227272727272725
0 0.32651321398124467 0.9585227272727272 0.057971014492753624 0.08522727272727272
0 0.37254901960784315 0.9653409090909091 0.04774083546462063 0.06477272727272727
0 0.717391304347826 0.9664772727272727 0.045183290707587385 0.06477272727272727
0 0.36615515771526 0.9204545454545454 0.045183290707587385 0.12727272727272726
0 0.4816709292412617 0.7403409090909091 0.04603580562659847 0.15113636363636362
0 0.0639386189258312 0.39375 0.0392156862745098 0.10113636363636364
0 0.7361466325660699 0.522159090909091 0.03836317135549872 0.12386363636363637
0 0.018329070758738276 0.7738636363636363 0.03495311167945439 0.15
0 0.25618073316283035 0.553409090909091 0.040068201193520885 0.12045454545454545
0 0.2932651321398124 0.5392045454545454 0.03410059676044331 0.1215909090909091
0 0.3674339300937766 0.5511363636363636 0.03751065643648764 0.125
0 0.026427962489343565 0.9420454545454545 0.0392156862745098 0.11363636363636363
0 0.5349531116794544 0.7392045454545455 0.040068201193520885 0.15113636363636362
0 0.09931798806479114 0.2897727272727273 0.03665814151747655 0.10681818181818181
0 0.3393009377664109 0.6119318181818182 0.04092071611253197 0.13295454545454546
0 0.3793691389599318 0.4335227272727273 0.05285592497868713 0.11931818181818182
0 0.12745098039215685 0.29261363636363635 0.03324808184143223 0.10568181818181818
0 0.050724637681159424 0.7818181818181819 0.041773231031543054 0.12272727272727273
0 0.06436487638533675 0.93125 0.05200341005967604 0.1375
0 0.881074168797954 0.8051136363636363 0.05370843989769821 0.14659090909090908
0 0.0937766410912191 0.3880681818181818 0.03410059676044331 0.11022727272727273
0 0.3030690537084399 0.4744318181818182 0.040068201193520885 0.12840909090909092
0 0.17348678601875533 0.9767045454545454 0.040068201193520885 0.04659090909090909
0 0.31415174765558396 0.6 0.041773231031543054 0.13863636363636364
0 0.38192668371696503 0.13465909090909092 0.02557544757033248 0.0875
0 0.38107416879795397 0.026704545454545453 0.028985507246376812 0.05113636363636364
0 0.45012787723785164 0.0659090909090909 0.023870417732310314 0.08409090909090909
0 0.4906223358908781 0.03465909090909091 0.028132992327365727 0.06704545454545455
