0 0.5578125 0.28194444444444444 0.03229166666666667 0.14166666666666666
0 0.3828125 0.2671296296296296 0.029166666666666667 0.13796296296296295
0 0.11901041666666666 0.5078703703703704 0.033854166666666664 0.18981481481481483
0 0.6192708333333333 0.32175925925925924 0.03125 0.14907407407407408
0 0.3609375 0.2671296296296296 0.028125 0.14351851851851852
0 0.3184895833333333 0.8824074074074074 0.0796875 0.23703703703703705
0 0.7640625 0.3972222222222222 0.03958333333333333 0.17222222222222222
0 0.7309895833333333 0.40324074074074073 0.03697916666666667 0.17685185185185184
0 0.20286458333333332 0.9421296296296297 0.06510416666666667 0.11574074074074074
0 0.35 0.6296296296296297 0.07395833333333333 0.3574074074074074
0 0.5510416666666667 0.5166666666666667 0.053125 0.22592592592592592
0 0.46640625 0.5296296296296297 0.04010416666666667 0.1814814814814815
0 0.3966145833333333 0.5148148148148148 0.04635416666666667 0.20555555555555555
0 0.30546875 0.5037037037037037 0.04010416666666667 0.20185185185185187
0 0.3145833333333333 0.40694444444444444 0.036458333333333336 0.15648148148148147
0 0.39114583333333336 0.36898148148148147 0.0375 0.15462962962962962
0 0.42135416666666664 0.3625 0.03125 0.14166666666666666
0 0.36041666666666666 0.39814814814814814 0.03229166666666667 0.12777777777777777
0 0.45598958333333334 0.3333333333333333 0.03697916666666667 0.16296296296296298
0 0.47994791666666664 0.35462962962962963 0.027604166666666666 0.10925925925925926
0 0.35442708333333334 0.3074074074074074 0.034895833333333334 0.1425925925925926
0 0.43515625 0.29398148148148145 0.033854166666666664 0.13240740740740742
0 0.4661458333333333 0.29212962962962963 0.03229166666666667 0.11388888888888889
0 0.46432291666666664 0.26805555555555555 0.0296875 0.12129629629629629
0 0.5161458333333333 0.2773148148148148 0.034375 0.15092592592592594
0 0.4828125 0.25555555555555554 0.030208333333333334 0.13148148148148148
0 0.41432291666666665 0.2152777777777778 0.0296875 0.12129629629629629
0 0.4309895833333333 0.2324074074074074 0.0265625 0.11851851851851852
0 0.3619791666666667 0.23055555555555557 0.026041666666666668 0.12407407407407407
0 0.49140625 0.2689814814814815 0.0296875 0.12129629629629629
