0 0.5411124546553809 0.05694444444444444 0.03869407496977025 0.11203703703703703
0 0.20042321644498187 0.04212962962962963 0.044135429262394194 0.0824074074074074
0 0.5967351874244257 0.018518518518518517 0.030229746070133012 0.03518518518518519
0 0.3561064087061669 0.018055555555555554 0.037484885126964934 0.03425925925925926
0 0.37515114873035066 0.020370370370370372 0.03688029020556227 0.03888888888888889
0 0.718863361547763 0.05787037037037037 0.037484885126964934 0.11388888888888889
0 0.6203143893591294 0.04675925925925926 0.037484885126964934 0.09166666666666666
0 0.6801692865779927 0.04814814814814815 0.037484885126964934 0.09444444444444444
0 0.9492140266021766 0.03888888888888889 0.03869407496977025 0.07592592592592592
0 0.9794437726723095 0.050462962962962966 0.036275695284159616 0.09907407407407408
0 0.9685610640870617 0.4726851851851852 0.044740024183796856 0.15462962962962962
0 0.07920193470374849 0.9736111111111111 0.03990326481257558 0.05462962962962963
0 0.12273276904474002 0.961574074074074 0.05199516324062878 0.07685185185185185
0 0.010882708585247884 0.5986111111111111 0.020556227327690448 0.15462962962962962
0 0.07073760580411124 0.5921296296296297 0.04232164449818621 0.14537037037037037
0 0.08282950423216445 0.5606481481481481 0.037484885126964934 0.13796296296296295
0 0.15145102781136638 0.5652777777777778 0.044135429262394194 0.1398148148148148
0 0.17049576783555018 0.5263888888888889 0.04836759371221282 0.14907407407407408
0 0.14238210399032647 0.5125 0.03688029020556227 0.13425925925925927
0 0.008162031438935914 0.21157407407407408 0.015114873035066506 0.13796296296296295
0 0.011185006045949214 0.24722222222222223 0.021160822249093107 0.0962962962962963
0 0.03506650544135429 0.23564814814814813 0.05199516324062878 0.1398148148148148
0 0.07073760580411124 0.21574074074074073 0.036275695284159616 0.10185185185185185
0 0.07950423216444982 0.14537037037037037 0.04171704957678356 0.13703703703703704
0 0.11154776299879081 0.14351851851851852 0.03204353083434099 0.13148148148148148
0 0.14721886336154777 0.06712962962962964 0.034461910519951636 0.12685185185185185
0 0.17321644498186214 0.07083333333333333 0.04171704957678356 0.1361111111111111
0 0.09401451027811367 0.37962962962962965 0.04897218863361548 0.14629629629629629
0 0.08313180169286578 0.3638888888888889 0.039298669891172915 0.14629629629629629
0 0.6653567110036276 0.42824074074074076 0.04897218863361548 0.17685185185185184
0 0.4226118500604595 0.22175925925925927 0.03506650544135429 0.13240740740740742
0 0.3854292623941959 0.22916666666666666 0.03688029020556227 0.13796296296296295
0 0.2629987908101572 0.23981481481481481 0.03990326481257558 0.13518518518518519
0 0.2430471584038694 0.21944444444444444 0.037484885126964934 0.13703703703703704
0 0.32496977025392987 0.2 0.034461910519951636 0.1259259259259259
0 0.34492140266021765 0.20601851851851852 0.04050785973397823 0.1398148148148148
0 0.37908101571946795 0.11851851851851852 0.036275695284159616 0.1259259259259259
0 0.41293833131801694 0.2708333333333333 0.03143893591293833 0.11574074074074074
0 0.41384522370012095 0.1638888888888889 0.034461910519951636 0.13518518518518519
0 0.46916565900846435 0.2652777777777778 0.044740024183796856 0.15648148148148147
0 0.41777509068923824 0.12824074074074074 0.03506650544135429 0.12314814814814815
0 0.5341596130592503 0.18611111111111112 0.03688029020556227 0.1425925925925926
0 0.43349455864570735 0.1 0.03385731559854897 0.11851851851851852
0 0.45525997581620314 0.11018518518518519 0.032648125755743655 0.12407407407407407
0 0.6650544135429263 0.3476851851851852 0.05441354292623942 0.13240740740740742
0 0.6139661426844014 0.32175925925925924 0.0501813784764208 0.16203703703703703
0 0.6523579201934704 0.27685185185185185 0.044740024183796856 0.1574074074074074
0 0.6704957678355502 0.23796296296296296 0.04353083434099154 0.1574074074074074
0 0.7004232164449818 0.2625 0.044135429262394194 0.15462962962962962
0 0.5628778718258767 0.06388888888888888 0.037484885126964934 0.11851851851851852
0 0.6883313180169287 0.05740740740740741 0.03204353083434099 0.09259259259259259
0 0.6837968561064087 0.10462962962962963 0.030229746070133012 0.12037037037037036
0 0.8585247883917775 0.3773148148148148 0.03990326481257558 0.14722222222222223
0 0.9298669891172914 0.4046296296296296 0.037484885126964934 0.14074074074074075
0 0.964328899637243 0.4166666666666667 0.036275695284159616 0.13518518518518519
0 0.8996372430471584 0.35 0.056831922611850064 0.14629629629629629
0 0.9558645707376058 0.3592592592592593 0.05441354292623942 0.16296296296296298
0 0.876360338573156 0.32916666666666666 0.05380894800483676 0.13796296296296295
0 0.9830713422007256 0.35 0.032648125755743655 0.14444444444444443
0 0.9873035066505441 0.13055555555555556 0.022974607013301087 0.08518518518518518
0 0.9703748488512697 0.10185185185185185 0.037484885126964934 0.12037037037037036
0 0.9504232164449818 0.3199074074074074 0.037484885126964934 0.13240740740740742
0 0.9195888754534461 0.3138888888888889 0.03990326481257558 0.12962962962962962
0 0.9591898428053204 0.2726851851851852 0.039298669891172915 0.13240740740740742
0 0.9613059250302297 0.29212962962962963 0.03385731559854897 0.12129629629629629
0 0.9730955259975816 0.25462962962962965 0.034461910519951636 0.12962962962962962
0 0.044135429262394194 0.12129629629629629 0.03990326481257558 0.11851851851851852
0 0.21281741233373638 0.1476851851851852 0.037484885126964934 0.13796296296296295
0 0.3307134220072551 0.27037037037037037 0.044740024183796856 0.14814814814814814
0 0.7648125755743652 0.1361111111111111 0.032648125755743655 0.12037037037037036
0 0.9489117291414753 0.20324074074074075 0.02962515114873035 0.11018518518518519
0 0.7799274486094316 0.24305555555555555 0.04353083434099154 0.15648148148148147
0 0.9129383313180169 0.22037037037037038 0.03385731559854897 0.11481481481481481
0 0.6481257557436517 0.05138888888888889 0.030229746070133012 0.10092592592592593
0 0.8210399032648126 0.275 0.044740024183796856 0.14629629629629629
0 0.7536275695284159 0.24675925925925926 0.02962515114873035 0.10462962962962963
0 0.9416565900846433 0.24074074074074073 0.039298669891172915 0.14629629629629629
0 0.6946795646916566 0.4444444444444444 0.0471584038694075 0.14074074074074075
0 0.7246070133010882 0.44212962962962965 0.034461910519951636 0.13796296296296295
0 0.7944377267230955 0.46805555555555556 0.04232164449818621 0.1398148148148148
0 0.8316203143893591 0.3939814814814815 0.051390568319226115 0.18425925925925926
0 0.782950423216445 0.5560185185185185 0.049576783555018135 0.16203703703703703
0 0.33615477629987905 0.6958333333333333 0.045949214026602174 0.1712962962962963
0 0.7790205562273277 0.5194444444444445 0.04897218863361548 0.14074074074074075
0 0.8171100362756953 0.5268518518518519 0.046553808948004836 0.17962962962962964
0 0.625453446191052 0.6986111111111111 0.051390568319226115 0.15462962962962962
0 0.8923821039903265 0.4925925925925926 0.04232164449818621 0.14814814814814814
0 0.9041717049576784 0.4444444444444444 0.03688029020556227 0.14629629629629629
0 0.5595525997581621 0.9310185185185185 0.058645707376058044 0.1398148148148148
0 0.7318621523579202 0.5300925925925926 0.044135429262394194 0.14907407407407408
0 0.7418379685610641 0.35138888888888886 0.03990326481257558 0.12129629629629629
0 0.779322853688029 0.35138888888888886 0.04232164449818621 0.1398148148148148
0 0.6079201934703748 0.7912037037037037 0.044135429262394194 0.17314814814814813
0 0.8319226118500604 0.6083333333333333 0.05078597339782346 0.17037037037037037
0 0.9582829504232164 0.49074074074074076 0.0471584038694075 0.17037037037037037
0 0.8068319226118501 0.6814814814814815 0.047762998790810154 0.15185185185185185
0 0.9268440145102781 0.6976851851851852 0.03990326481257558 0.15462962962962962
0 0.02176541717049577 0.6370370370370371 0.04232164449818621 0.16296296296296298
0 0.31136638452237003 0.5254629629629629 0.04232164449818621 0.14351851851851852
0 0.2932285368802902 0.34120370370370373 0.04232164449818621 0.13796296296296295
0 0.2850665054413543 0.3611111111111111 0.034461910519951636 0.14074074074074075
0 0.5994558645707376 0.924537037037037 0.047762998790810154 0.14907407407407408
0 0.9141475211608222 0.6277777777777778 0.05199516324062878 0.16296296296296298
0 0.7675332527206772 0.6810185185185185 0.046553808948004836 0.1638888888888889
0 0.6662636033857315 0.975462962962963 0.03385731559854897 0.049074074074074076
0 0.9703748488512697 0.5740740740740741 0.04232164449818621 0.1537037037037037
0 0.7974607013301088 0.7782407407407408 0.045949214026602174 0.17685185185185184
0 0.8884522370012092 0.674074074074074 0.05380894800483676 0.17407407407407408
0 0.7980652962515115 0.6106481481481482 0.0592503022974607 0.17685185185185184
0 0.5483675937122128 0.48657407407407405 0.030229746070133012 0.12685185185185185
0 0.5707376058041113 0.8694444444444445 0.05804111245465538 0.1648148148148148
0 0.8703143893591294 0.47638888888888886 0.044135429262394194 0.14537037037037037
0 0.4437726723095526 0.9412037037037037 0.05441354292623942 0.1175925925925926
0 0.5157194679564692 0.7842592592592592 0.0471584038694075 0.17962962962962964
0 0.4625151148730351 0.8361111111111111 0.0471584038694075 0.16296296296296298
0 0.5798065296251511 0.5828703703703704 0.03990326481257558 0.16018518518518518
0 0.6112454655380894 0.5944444444444444 0.044740024183796856 0.15185185185185185
0 0.3524788391777509 0.7587962962962963 0.045949214026602174 0.1675925925925926
0 0.4588875453446191 0.5555555555555556 0.03506650544135429 0.14074074074074075
0 0.5036275695284159 0.5268518518518519 0.07255139056831923 0.1648148148148148
0 0.5864570737605804 0.4962962962962963 0.03869407496977025 0.13703703703703704
0 0.5522974607013301 0.5060185185185185 0.03083434099153567 0.11018518518518519
0 0.6076178960096735 0.5657407407407408 0.04232164449818621 0.15185185185185185
0 0.5269044740024184 0.8291666666666667 0.04171704957678356 0.1935185185185185
0 0.37091898428053205 0.43287037037037035 0.04171704957678356 0.13796296296296295
0 0.652962515114873 0.9092592592592592 0.04836759371221282 0.15
0 0.6916565900846433 0.924074074074074 0.053204353083434096 0.14814814814814814
0 0.5036275695284159 0.5810185185185185 0.044740024183796856 0.16018518518518518
0 0.3899637243047158 0.34074074074074073 0.04232164449818621 0.15185185185185185
0 0.5030229746070133 0.39861111111111114 0.032648125755743655 0.13240740740740742
0 0.6819830713422007 0.7856481481481481 0.030229746070133012 0.13240740740740742
0 0.6596130592503023 0.7949074074074074 0.0471584038694075 0.1712962962962963
0 0.45616686819830715 0.8717592592592592 0.04897218863361548 0.1712962962962963
0 0.3935912938331318 0.9115740740740741 0.03990326481257558 0.16018518518518518
0 0.4035671100362757 0.7013888888888888 0.03688029020556227 0.16574074074074074
0 0.4144498186215236 0.7412037037037037 0.04897218863361548 0.16203703703703703
0 0.4495163240628779 0.7032407407407407 0.044135429262394194 0.15648148148148147
0 0.3851269649334946 0.7069444444444445 0.037484885126964934 0.1675925925925926
0 0.8573155985489722 0.7106481481481481 0.0471584038694075 0.15462962962962962
0 0.8446191051995163 0.774537037037037 0.05804111245465538 0.17314814814814813
0 0.9522370012091899 0.625462962962963 0.045949214026602174 0.15092592592592594
0 0.8748488512696493 0.44166666666666665 0.036275695284159616 0.13518518518518519
0 0.343409915356711 0.10694444444444444 0.037484885126964934 0.1398148148148148
0 0.8972188633615478 0.8282407407407407 0.06650544135429262 0.1675925925925926
0 0.9570737605804112 0.8152777777777778 0.05562273276904474 0.1675925925925926
0 0.3143893591293833 0.06805555555555555 0.032648125755743655 0.11574074074074074
0 0.020253929866989116 0.8708333333333333 0.039298669891172915 0.1824074074074074
0 0.2926239419588875 0.10046296296296296 0.032648125755743655 0.13240740740740742
0 0.8966142684401451 0.7597222222222222 0.05078597339782346 0.16574074074074074
0 0.8633615477629988 0.5152777777777777 0.045949214026602174 0.15648148148148147
0 0.5749697702539298 0.6578703703703703 0.05562273276904474 0.14537037037037037
0 0.5507859733978234 0.6226851851851852 0.041112454655380895 0.1712962962962963
0 0.597037484885127 0.6337962962962963 0.039298669891172915 0.15462962962962962
0 0.7097944377267231 0.6601851851851852 0.05199516324062878 0.14814814814814814
0 0.27750906892382105 0.42962962962962964 0.036275695284159616 0.14074074074074075
0 0.5090689238210399 0.5037037037037037 0.0761789600967352 0.15925925925925927
0 0.4156590084643289 0.3337962962962963 0.03688029020556227 0.13796296296296295
0 0.4244256348246675 0.36064814814814816 0.03990326481257558 0.14351851851851852
0 0.4788391777509069 0.3699074074074074 0.030229746070133012 0.14351851851851852
0 0.5199516324062878 0.37453703703703706 0.032648125755743655 0.14907407407407408
0 0.4446795646916566 0.5166666666666667 0.04171704957678356 0.15185185185185185
0 0.31952841596130593 0.11157407407407408 0.034461910519951636 0.11574074074074074
0 0.2992744860943168 0.5125 0.044740024183796856 0.15092592592592594
0 0.4616082224909311 0.4162037037037037 0.03688029020556227 0.12129629629629629
0 0.4791414752116082 0.4097222222222222 0.02962515114873035 0.11574074074074074
0 0.713422007255139 0.7976851851851852 0.045949214026602174 0.1935185185185185
0 0.7769044740024184 0.05277777777777778 0.037484885126964934 0.1037037037037037
0 0.005743651753325272 0.16018518518518518 0.010278113663845224 0.12407407407407407
