0 0.018440145102781136 0.2462962962962963 0.035671100362756954 0.12962962962962962
0 0.04383313180169287 0.24722222222222223 0.039298669891172915 0.14814814814814814
0 0.05501813784764208 0.21481481481481482 0.036275695284159616 0.13703703703703704
0 0.09552599758162031 0.20324074074074075 0.04232164449818621 0.13240740740740742
0 0.14631197097944376 0.1912037037037037 0.041112454655380895 0.14907407407407408
0 0.08101571946795647 0.052314814814814814 0.032648125755743655 0.10277777777777777
0 0.20435308343409916 0.12824074074074074 0.03506650544135429 0.1398148148148148
0 0.15931076178960096 0.047685185185185185 0.03688029020556227 0.09351851851851851
0 0.20133010882708585 0.05925925925925926 0.03385731559854897 0.11666666666666667
0 0.22974607013301088 0.055092592592592596 0.037484885126964934 0.10833333333333334
0 0.14207980652962515 0.041666666666666664 0.037484885126964934 0.08148148148148149
0 0.187726723095526 0.033796296296296297 0.02962515114873035 0.06574074074074074
0 0.5208585247883918 0.2898148148148148 0.03204353083434099 0.12037037037037036
0 0.35308343409915355 0.08518518518518518 0.032648125755743655 0.11851851851851852
0 0.32889963724304716 0.2810185185185185 0.041112454655380895 0.13425925925925927
0 0.48095525997581623 0.2625 0.0501813784764208 0.13425925925925927
0 0.4882103990326481 0.1587962962962963 0.03204353083434099 0.11574074074074074
0 0.4449818621523579 0.15694444444444444 0.03990326481257558 0.13240740740740742
0 0.5139056831922612 0.23148148148148148 0.032648125755743655 0.1259259259259259
0 0.5628778718258767 0.2263888888888889 0.03990326481257558 0.12129629629629629
0 0.5468561064087062 0.03657407407407407 0.03204353083434099 0.0712962962962963
0 0.5846432889963724 0.06435185185185185 0.030229746070133012 0.12685185185185185
0 0.6148730350665055 0.13564814814814816 0.02781136638452237 0.11574074074074074
0 0.5834340991535671 0.13055555555555556 0.03506650544135429 0.13148148148148148
0 0.555925030229746 0.12546296296296297 0.03204353083434099 0.10462962962962963
0 0.558645707376058 0.04351851851851852 0.030229746070133012 0.08518518518518518
0 0.9531438935912938 0.2152777777777778 0.034461910519951636 0.12314814814814815
0 0.967956469165659 0.20694444444444443 0.030229746070133012 0.12685185185185185
0 0.9785368802902056 0.11712962962962963 0.04171704957678356 0.13796296296296295
0 0.93409915356711 0.18611111111111112 0.032648125755743655 0.11296296296296296
0 0.9455864570737605 0.09305555555555556 0.032648125755743655 0.125
0 0.9081015719467956 0.18472222222222223 0.03506650544135429 0.13425925925925927
0 0.9201934703748489 0.10324074074074074 0.037484885126964934 0.13240740740740742
0 0.68409915356711 0.25046296296296294 0.035671100362756954 0.12314814814814815
0 0.7113059250302297 0.2828703703703704 0.039298669891172915 0.15462962962962962
0 0.7351874244256348 0.2828703703703704 0.030229746070133012 0.12129629629629629
0 0.6073155985489722 0.058333333333333334 0.028415961305925032 0.10185185185185185
0 0.6233373639661427 0.08055555555555556 0.032648125755743655 0.11851851851851852
0 0.9062877871825876 0.1675925925925926 0.04232164449818621 0.14629629629629629
0 0.9077992744860943 0.1361111111111111 0.03688029020556227 0.1259259259259259
0 0.8642684401451027 0.1398148148148148 0.034461910519951636 0.13518518518518519
0 0.6674727932285369 0.06435185185185185 0.03506650544135429 0.11203703703703703
0 0.8258766626360339 0.18796296296296297 0.03506650544135429 0.12962962962962962
0 0.8101571946795647 0.18888888888888888 0.032648125755743655 0.13518518518518519
0 0.7868802902055623 0.17685185185185184 0.03204353083434099 0.14074074074074075
0 0.6961910519951633 0.05648148148148148 0.02962515114873035 0.1111111111111111
0 0.711608222490931 0.23981481481481481 0.037484885126964934 0.13518518518518519
0 0.6493349455864571 0.06851851851851852 0.032648125755743655 0.11851851851851852
0 0.9383313180169287 0.13055555555555556 0.037484885126964934 0.13518518518518519
0 0.9649334945586457 0.15601851851851853 0.036275695284159616 0.1175925925925926
0 0.9876058041112454 0.19583333333333333 0.02357920193470375 0.13425925925925927
0 0.6892382103990327 0.09212962962962963 0.037484885126964934 0.11018518518518519
0 0.8328295042321644 0.1712962962962963 0.03204353083434099 0.11481481481481481
0 0.3893591293833132 0.19537037037037036 0.03990326481257558 0.13703703703703704
0 0.43016928657799275 0.1865740740740741 0.04050785973397823 0.12314814814814815
0 0.8881499395405078 0.13055555555555556 0.032648125755743655 0.11296296296296296
0 0.5689238210399032 0.052314814814814814 0.02781136638452237 0.09351851851851851
0 0.9090084643288996 0.053703703703703705 0.03204353083434099 0.10555555555555556
0 0.6747279322853688 0.09953703703703703 0.02539298669891173 0.08796296296296297
0 0.6704957678355502 0.08796296296296297 0.026602176541717048 0.09074074074074075
0 0.3766626360338573 0.5782407407407407 0.036275695284159616 0.1527777777777778
0 0.06408706166868199 0.4888888888888889 0.037484885126964934 0.1425925925925926
0 0.06136638452237001 0.5254629629629629 0.04171704957678356 0.14166666666666666
0 0.03174123337363966 0.500462962962963 0.03688029020556227 0.15648148148148147
0 0.09582829504232164 0.4912037037037037 0.03688029020556227 0.14722222222222223
0 0.8355501813784765 0.3824074074074074 0.037484885126964934 0.13518518518518519
0 0.841596130592503 0.3597222222222222 0.037484885126964934 0.12129629629629629
0 0.25967351874244254 0.6884259259259259 0.044135429262394194 0.16944444444444445
0 0.23941958887545345 0.6717592592592593 0.04836759371221282 0.1675925925925926
0 0.3715235792019347 0.6699074074074074 0.034461910519951636 0.14537037037037037
0 0.23155985489721886 0.600925925925926 0.03506650544135429 0.14814814814814814
0 0.23548972188633616 0.5745370370370371 0.02962515114873035 0.1398148148148148
0 0.19165659008464328 0.5717592592592593 0.04232164449818621 0.13425925925925927
0 0.19800483675937122 0.5351851851851852 0.046553808948004836 0.15555555555555556
0 0.15175332527206772 0.5597222222222222 0.04353083434099154 0.14907407407407408
0 0.3733373639661427 0.24583333333333332 0.034461910519951636 0.12685185185185185
0 0.3948004836759371 0.2564814814814815 0.032648125755743655 0.12962962962962962
0 0.6073155985489722 0.4847222222222222 0.044135429262394194 0.13240740740740742
0 0.655683192261185 0.5069444444444444 0.044135429262394194 0.14537037037037037
0 0.2439540507859734 0.3861111111111111 0.039298669891172915 0.1425925925925926
0 0.25211608222490933 0.40370370370370373 0.03385731559854897 0.14629629629629629
0 0.27055622732769047 0.9476851851851852 0.04171704957678356 0.10648148148148148
0 0.19649334945586458 0.5018518518518519 0.03990326481257558 0.13703703703703704
0 0.3092503022974607 0.7907407407407407 0.05259975816203144 0.1648148148148148
0 0.12031438935912939 0.5171296296296296 0.041112454655380895 0.15648148148148147
0 0.3382708585247884 0.4962962962962963 0.03688029020556227 0.14074074074074075
0 0.1759371221281741 0.65 0.03990326481257558 0.1537037037037037
0 0.5459492140266021 0.7166666666666667 0.037484885126964934 0.13518518518518519
0 0.35701330108827084 0.7185185185185186 0.04050785973397823 0.1574074074074074
0 0.35792019347037485 0.7546296296296297 0.03869407496977025 0.1685185185185185
0 0.5819226118500604 0.625462962962963 0.046553808948004836 0.16018518518518518
0 0.6197097944377267 0.6578703703703703 0.044740024183796856 0.16203703703703703
0 0.6390568319226119 0.6402777777777777 0.02902055622732769 0.13425925925925927
0 0.42986698911729143 0.7578703703703704 0.0471584038694075 0.14907407407407408
0 0.6859129383313181 0.6912037037037037 0.051390568319226115 0.14907407407407408
0 0.3295042321644498 0.7055555555555556 0.041112454655380895 0.1574074074074074
0 0.4528415961305925 0.5555555555555556 0.03385731559854897 0.13703703703703704
0 0.44347037484885127 0.5157407407407407 0.044135429262394194 0.10740740740740741
0 0.5042321644498187 0.6763888888888889 0.05078597339782346 0.15462962962962962
0 0.5819226118500604 0.7041666666666667 0.04897218863361548 0.1675925925925926
0 0.5405078597339782 0.6953703703703704 0.03506650544135429 0.13703703703703704
0 0.41233373639661425 0.032407407407407406 0.03143893591293833 0.06296296296296296
0 0.9891172914147521 0.34120370370370373 0.019347037484885126 0.11574074074074074
0 0.7687424425634825 0.8675925925925926 0.047762998790810154 0.1685185185185185
0 0.7941354292623942 0.8657407407407407 0.04171704957678356 0.15185185185185185
0 0.42563482466747277 0.6101851851851852 0.045949214026602174 0.14814814814814814
0 0.45646916565900847 0.5921296296296297 0.037484885126964934 0.13796296296296295
0 0.10489721886336155 0.8060185185185185 0.044135429262394194 0.16203703703703703
0 0.5489721886336155 0.7666666666666667 0.044740024183796856 0.1685185185185185
0 0.5870616686819831 0.7671296296296296 0.0471584038694075 0.16574074074074074
0 0.06015719467956469 0.8 0.044135429262394194 0.1537037037037037
0 0.012998790810157194 0.41064814814814815 0.024788391777509067 0.1287037037037037
0 0.044740024183796856 0.4041666666666667 0.04232164449818621 0.14351851851851852
0 0.9761185006045949 0.3037037037037037 0.03204353083434099 0.1259259259259259
0 0.9570737605804112 0.3416666666666667 0.03990326481257558 0.1425925925925926
0 0.9522370012091899 0.3087962962962963 0.03869407496977025 0.12314814814814815
0 0.601571946795647 0.8166666666666667 0.0471584038694075 0.17407407407407408
0 0.5643893591293833 0.812962962962963 0.039298669891172915 0.15925925925925927
0 0.29443772672309554 0.6152777777777778 0.05199516324062878 0.16574074074074074
0 0.2929262394195889 0.6606481481481481 0.03688029020556227 0.16203703703703703
0 0.3340386940749698 0.387037037037037 0.03688029020556227 0.12777777777777777
0 0.3171100362756953 0.43287037037037035 0.042926239419588876 0.1527777777777778
0 0.3437122128174123 0.41898148148148145 0.039298669891172915 0.13425925925925927
0 0.3010882708585248 0.3990740740740741 0.032648125755743655 0.1425925925925926
0 0.8787787182587666 0.32314814814814813 0.03688029020556227 0.13148148148148148
0 0.9087061668681983 0.32175925925925924 0.03990326481257558 0.14907407407407408
0 0.14812575574365175 0.8962962962962963 0.04353083434099154 0.16666666666666666
0 0.1154776299879081 0.8800925925925925 0.04836759371221282 0.18796296296296297
0 0.4507255139056832 0.46574074074074073 0.047762998790810154 0.14814814814814814
0 0.42200725513905685 0.4708333333333333 0.03990326481257558 0.14537037037037037
0 0.9337968561064087 0.9050925925925926 0.044135429262394194 0.17685185185185184
0 0.9044740024183797 0.9310185185185185 0.05199516324062878 0.1398148148148148
0 0.9848851269649335 0.8273148148148148 0.02902055622732769 0.1638888888888889
0 0.9588875453446191 0.8166666666666667 0.05562273276904474 0.17777777777777778
0 0.5846432889963724 0.8865740740740741 0.060459492140266025 0.1824074074074074
0 0.5438331318016929 0.4111111111111111 0.039298669891172915 0.14444444444444443
0 0.12394195888754535 0.6884259259259259 0.0471584038694075 0.1675925925925926
0 0.9265417170495768 0.6712962962962963 0.04534461910519952 0.17407407407407408
0 0.9673518742442564 0.6657407407407407 0.045949214026602174 0.1648148148148148
0 0.17019347037484886 0.27870370370370373 0.034461910519951636 0.12037037037037036
0 0.14298669891172913 0.2671296296296296 0.0380894800483676 0.13796296296296295
0 0.08282950423216445 0.23981481481481481 0.037484885126964934 0.14074074074074075
0 0.6457073760580411 0.4550925925925926 0.0471584038694075 0.14351851851851852
0 0.5420193470374849 0.8842592592592593 0.04171704957678356 0.12962962962962962
0 0.7318621523579202 0.8273148148148148 0.04171704957678356 0.1398148148148148
0 0.6986094316807738 0.8199074074074074 0.051390568319226115 0.1712962962962963
0 0.09975816203143893 0.2671296296296296 0.03385731559854897 0.13240740740740742
0 0.717049576783555 0.7523148148148148 0.04232164449818621 0.16018518518518518
0 0.7524183796856106 0.7430555555555556 0.044135429262394194 0.1675925925925926
0 0.08524788391777509 0.7263888888888889 0.049576783555018135 0.14907407407407408
0 0.1094316807738815 0.7398148148148148 0.04353083434099154 0.1648148148148148
0 0.04322853688029021 0.7439814814814815 0.04171704957678356 0.15648148148148147
0 0.6275695284159613 0.8421296296296297 0.03143893591293833 0.13240740740740742
0 0.6744256348246674 0.4550925925925926 0.03688029020556227 0.14166666666666666
0 0.8016928657799275 0.8157407407407408 0.05078597339782346 0.18518518518518517
0 0.8712212817412334 0.7671296296296296 0.045949214026602174 0.18425925925925926
0 0.847037484885127 0.7814814814814814 0.03990326481257558 0.17962962962962964
0 0.8875453446191052 0.7157407407407408 0.03990326481257558 0.17407407407407408
0 0.9050785973397824 0.2662037037037037 0.02781136638452237 0.13240740740740742
0 0.8642684401451027 0.21435185185185185 0.034461910519951636 0.12314814814814815
0 0.8609431680773881 0.41944444444444445 0.044740024183796856 0.1425925925925926
0 0.7019347037484885 0.47685185185185186 0.03869407496977025 0.14814814814814814
0 0.7321644498186215 0.4537037037037037 0.04353083434099154 0.14814814814814814
0 0.41717049576783555 0.32731481481481484 0.03506650544135429 0.1287037037037037
0 0.4371221281741233 0.3277777777777778 0.03143893591293833 0.14074074074074075
0 0.7312575574365175 0.38981481481481484 0.03688029020556227 0.15185185185185185
0 0.6318016928657799 0.2638888888888889 0.037484885126964934 0.13518518518518519
0 0.594316807738815 0.2523148148148148 0.049576783555018135 0.14351851851851852
0 0.18621523579201935 0.36944444444444446 0.0471584038694075 0.13333333333333333
0 0.17503022974607013 0.4074074074074074 0.04171704957678356 0.14629629629629629
0 0.007557436517533253 0.4425925925925926 0.013905683192261185 0.1537037037037037
0 0.08343409915356712 0.3333333333333333 0.03869407496977025 0.14074074074074075
0 0.016928657799274487 0.5481481481481482 0.032648125755743655 0.16666666666666666
0 0.08555018137847642 0.3074074074074074 0.03688029020556227 0.14074074074074075
0 0.04232164449818621 0.3013888888888889 0.03990326481257558 0.14351851851851852
0 0.81136638452237 0.4027777777777778 0.03506650544135429 0.14074074074074075
0 0.9316807738814994 0.42268518518518516 0.03385731559854897 0.11574074074074074
0 0.9600967351874244 0.41574074074074074 0.036275695284159616 0.14074074074074075
0 0.8866384522370012 0.37592592592592594 0.03688029020556227 0.14074074074074075
0 0.7605804111245466 0.17453703703703705 0.032648125755743655 0.1287037037037037
0 0.941354292623942 0.37916666666666665 0.037484885126964934 0.15092592592592594
0 0.09613059250302297 0.3662037037037037 0.03506650544135429 0.13240740740740742
0 0.13905683192261184 0.3541666666666667 0.03506650544135429 0.1398148148148148
0 0.1215235792019347 0.33796296296296297 0.032648125755743655 0.14074074074074075
0 0.9244256348246674 0.2569444444444444 0.03506650544135429 0.1287037037037037
0 0.11124546553808948 0.3962962962962963 0.03385731559854897 0.12037037037037036
0 0.34885126964933494 0.2587962962962963 0.03990326481257558 0.1398148148148148
0 0.9050785973397824 0.3611111111111111 0.03506650544135429 0.13518518518518519
0 0.9353083434099153 0.2851851851851852 0.03869407496977025 0.12407407407407407
0 0.9755139056831923 0.3962962962962963 0.034461910519951636 0.1259259259259259
0 0.8926844014510278 0.4050925925925926 0.04534461910519952 0.13796296296296295
0 0.6590084643288996 0.8296296296296296 0.04353083434099154 0.16296296296296298
0 0.08675937122128174 0.9407407407407408 0.05380894800483676 0.11851851851851852
0 0.3561064087061669 0.9736111111111111 0.037484885126964934 0.05462962962962963
0 0.9812575574365175 0.43194444444444446 0.036275695284159616 0.14722222222222223
0 0.7082829504232164 0.4097222222222222 0.035671100362756954 0.14351851851851852
0 0.05078597339782346 0.9699074074074074 0.036275695284159616 0.062037037037037036
0 0.009068923821039904 0.888425925925926 0.016928657799274487 0.1824074074074074
0 0.047762998790810154 0.850462962962963 0.056831922611850064 0.1787037037037037
0 0.08917775090689238 0.836574074074074 0.044135429262394194 0.16018518518518518
