0 0.2859375 0.6805555555555556 0.053125 0.19814814814814816
0 0.34322916666666664 0.6824074074074075 0.04479166666666667 0.2074074074074074
0 0.4236979166666667 0.6726851851851852 0.03697916666666667 0.1824074074074074
0 0.20755208333333333 0.9416666666666667 0.07760416666666667 0.11851851851851852
0 0.3033854166666667 0.9453703703703704 0.06302083333333333 0.1111111111111111
0 0.53046875 0.6185185185185185 0.04114583333333333 0.17962962962962964
0 0.5591145833333333 0.6185185185185185 0.033854166666666664 0.17407407407407408
0 0.7934895833333333 0.5185185185185185 0.025520833333333333 0.09259259259259259
0 0.6231770833333333 0.6430555555555556 0.03697916666666667 0.1787037037037037
0 0.7338541666666667 0.8601851851851852 0.052083333333333336 0.2537037037037037
0 0.6791666666666667 0.8527777777777777 0.06041666666666667 0.24814814814814815
0 0.4591145833333333 0.562037037037037 0.0234375 0.11296296296296296
0 0.4890625 0.5453703703703704 0.03125 0.14629629629629629
0 0.45026041666666666 0.5939814814814814 0.0296875 0.14351851851851852
0 0.53828125 0.5768518518518518 0.033854166666666664 0.14629629629629629
0 0.51328125 0.55 0.025520833333333333 0.13518518518518519
0 0.5346354166666667 0.549074074074074 0.0296875 0.1425925925925926
0 0.5692708333333333 0.5736111111111111 0.03333333333333333 0.14166666666666666
0 0.7268229166666667 0.6888888888888889 0.0421875 0.17592592592592593
0 0.6190104166666667 0.6662037037037037 0.03697916666666667 0.175
0 0.7622395833333333 0.6532407407407408 0.03802083333333333 0.17314814814814813
0 0.7942708333333334 0.7148148148148148 0.052083333333333336 0.18518518518518517
0 0.9247395833333333 0.7152777777777778 0.0609375 0.19907407407407407
0 0.6088541666666667 0.8527777777777777 0.05625 0.26296296296296295
0 0.8096354166666667 0.6449074074074074 0.04010416666666667 0.1712962962962963
0 0.8893229166666666 0.6981481481481482 0.04635416666666667 0.19814814814814816
0 0.07395833333333333 0.8893518518518518 0.058333333333333334 0.21944444444444444
0 0.128125 0.9037037037037037 0.05520833333333333 0.19444444444444445
0 0.0703125 0.9513888888888888 0.05416666666666667 0.09722222222222222
0 0.24505208333333334 0.812962962962963 0.0484375 0.2037037037037037
0 0.38203125 0.8282407407407407 0.0671875 0.225
0 0.8963541666666667 0.7541666666666667 0.05520833333333333 0.2064814814814815
0 0.803125 0.7435185185185185 0.05416666666666667 0.21296296296296297
0 0.8348958333333333 0.7393518518518518 0.04583333333333333 0.17314814814814813
0 0.9270833333333334 0.7782407407407408 0.042708333333333334 0.13240740740740742
0 0.5174479166666667 0.5023148148148148 0.0328125 0.10648148148148148
0 0.4921875 0.4949074074074074 0.03229166666666667 0.12314814814814815
0 0.4158854166666667 0.49537037037037035 0.0296875 0.1259259259259259
0 0.8213541666666667 0.5638888888888889 0.03125 0.14074074074074075
0 0.44479166666666664 0.487962962962963 0.023958333333333335 0.09074074074074075
0 0.3848958333333333 0.46805555555555556 0.029166666666666667 0.10648148148148148
0 0.4317708333333333 0.4810185185185185 0.025 0.11203703703703703
0 0.7552083333333334 0.43194444444444446 0.027083333333333334 0.08425925925925926
