0 0.09609375 0.39351851851851855 0.0421875 0.18703703703703703
0 0.9109375 0.3990740740740741 0.04479166666666667 0.19814814814814816
0 0.028385416666666666 0.8449074074074074 0.05572916666666667 0.31203703703703706
0 0.08541666666666667 0.8782407407407408 0.08125 0.23981481481481481
0 0.25677083333333334 0.44675925925925924 0.040625 0.2101851851851852
0 0.3380208333333333 0.4550925925925926 0.0625 0.20277777777777778
0 0.27682291666666664 0.3912037037037037 0.04010416666666667 0.19907407407407407
0 0.38958333333333334 0.38472222222222224 0.04895833333333333 0.21574074074074073
0 0.35572916666666665 0.325 0.03125 0.1814814814814815
0 0.33619791666666665 0.32175925925925924 0.0359375 0.18981481481481483
0 0.39088541666666665 0.3199074074074074 0.03697916666666667 0.175
0 0.46822916666666664 0.35509259259259257 0.051041666666666666 0.20462962962962963
0 0.52578125 0.3611111111111111 0.04739583333333333 0.18518518518518517
0 0.6901041666666666 0.37453703703703706 0.06145833333333333 0.18611111111111112
0 0.27760416666666665 0.3638888888888889 0.04375 0.19074074074074074
0 0.2640625 0.3375 0.041666666666666664 0.18425925925925926
0 0.7736979166666667 0.3907407407407407 0.05260416666666667 0.18518518518518517
0 0.4322916666666667 0.27314814814814814 0.03958333333333333 0.17962962962962964
0 0.7026041666666667 0.29907407407407405 0.03854166666666667 0.1648148148148148
0 0.7625 0.35509259259259257 0.0375 0.1824074074074074
0 0.8041666666666667 0.3449074074074074 0.03854166666666667 0.1824074074074074
0 0.7265625 0.3523148148148148 0.041666666666666664 0.18981481481481483
0 0.7638020833333333 0.32175925925925924 0.0390625 0.1824074074074074
0 0.5515625 0.29259259259259257 0.036458333333333336 0.17222222222222222
0 0.28203125 0.23703703703703705 0.0359375 0.15185185185185185
0 0.45078125 0.2064814814814815 0.03802083333333333 0.13703703703703704
0 0.4895833333333333 0.22268518518518518 0.03125 0.12314814814814815
0 0.4708333333333333 0.2101851851851852 0.025 0.08888888888888889
0 0.4940104166666667 0.19074074074074074 0.030729166666666665 0.13518518518518519
0 0.33567708333333335 0.21666666666666667 0.0453125 0.16111111111111112
0 0.31666666666666665 0.1837962962962963 0.030208333333333334 0.13796296296296295
0 0.5375 0.11527777777777778 0.023958333333333335 0.11574074074074074
0 0.34817708333333336 0.10925925925925926 0.0328125 0.11666666666666667
0 0.3927083333333333 0.26435185185185184 0.035416666666666666 0.17685185185185184
0 0.44609375 0.12824074074074074 0.0296875 0.12685185185185185
0 0.3966145833333333 0.14074074074074075 0.0234375 0.10925925925925926
0 0.37552083333333336 0.13657407407407407 0.03125 0.11944444444444445
0 0.3572916666666667 0.15 0.023958333333333335 0.09074074074074075
