0 0.8041112454655381 0.9231481481481482 0.04836759371221282 0.15555555555555556
0 0.843409915356711 0.975462962962963 0.03506650544135429 0.05092592592592592
0 0.3884522370012092 0.5569444444444445 0.03688029020556227 0.15462962962962962
0 0.24334945586457074 0.3416666666666667 0.0380894800483676 0.14629629629629629
0 0.0773881499395405 0.4898148148148148 0.041112454655380895 0.15
0 0.012394195888754534 0.7939814814814815 0.02357920193470375 0.1712962962962963
0 0.09280532043530834 0.4203703703703704 0.042926239419588876 0.14444444444444443
0 0.10157194679564692 0.4666666666666667 0.041112454655380895 0.14629629629629629
0 0.8545949214026602 0.3773148148148148 0.04171704957678356 0.13240740740740742
0 0.8594316807738815 0.3537037037037037 0.044135429262394194 0.12962962962962962
0 0.2799274486094317 0.6712962962962963 0.04353083434099154 0.15925925925925927
0 0.28597339782345826 0.6365740740740741 0.03869407496977025 0.15092592592592594
0 0.3814993954050786 0.6393518518518518 0.03506650544135429 0.1398148148148148
0 0.6212212817412334 0.9648148148148148 0.05259975816203144 0.07222222222222222
0 0.2327690447400242 0.5842592592592593 0.03385731559854897 0.14629629629629629
0 0.24425634824667472 0.5532407407407407 0.03385731559854897 0.13425925925925927
0 0.19951632406287786 0.5578703703703703 0.037484885126964934 0.1361111111111111
0 0.2067714631197098 0.5185185185185185 0.04353083434099154 0.15185185185185185
0 0.1674727932285369 0.5393518518518519 0.04353083434099154 0.15648148148148147
0 0.38361547762998793 0.22685185185185186 0.03325272067714631 0.12962962962962962
0 0.405683192261185 0.2310185185185185 0.03143893591293833 0.13055555555555556
0 0.716142684401451 0.38055555555555554 0.046553808948004836 0.12037037037037036
0 0.7506045949214026 0.38842592592592595 0.04171704957678356 0.1361111111111111
0 0.26934703748488514 0.37592592592592594 0.047762998790810154 0.14074074074074075
0 0.2457678355501814 0.3888888888888889 0.03325272067714631 0.15555555555555556
0 0.9809552599758162 0.7601851851851852 0.03688029020556227 0.13148148148148148
0 0.3733373639661427 0.9666666666666667 0.042926239419588876 0.06851851851851852
0 0.467049576783555 0.44675925925925924 0.0380894800483676 0.14166666666666666
0 0.3183192261185006 0.7722222222222223 0.04897218863361548 0.1685185185185185
0 0.968863361547763 0.8037037037037037 0.044135429262394194 0.15185185185185185
0 0.4322853688029021 0.3736111111111111 0.04232164449818621 0.1398148148148148
0 0.3515719467956469 0.4726851851851852 0.0380894800483676 0.13055555555555556
0 0.35792019347037485 0.6712962962962963 0.053204353083434096 0.15925925925925927
0 0.4954655380894801 0.6027777777777777 0.03204353083434099 0.15185185185185185
0 0.3645707376058041 0.6995370370370371 0.03506650544135429 0.15833333333333333
0 0.3811970979443773 0.7310185185185185 0.044135429262394194 0.1712962962962963
0 0.5858524788391778 0.6111111111111112 0.04232164449818621 0.1574074074074074
0 0.6278718258766627 0.6333333333333333 0.044135429262394194 0.1648148148148148
0 0.43863361547762997 0.7314814814814815 0.044135429262394194 0.14629629629629629
0 0.6801692865779927 0.7203703703703703 0.05199516324062878 0.13518518518518519
0 0.5078597339782346 0.4444444444444444 0.036275695284159616 0.13703703703703704
0 0.4649334945586457 0.5305555555555556 0.03990326481257558 0.1388888888888889
0 0.4558645707376058 0.49537037037037035 0.04836759371221282 0.10740740740740741
0 0.5096735187424426 0.5597222222222222 0.044740024183796856 0.15648148148148147
0 0.5371825876662636 0.5986111111111111 0.044135429262394194 0.16203703703703703
0 0.5501813784764208 0.6435185185185185 0.03143893591293833 0.10925925925925926
0 0.4277509068923821 0.02824074074074074 0.02599758162031439 0.05462962962962963
0 0.40205562273276907 0.03657407407407407 0.032648125755743655 0.0712962962962963
0 0.3171100362756953 0.9319444444444445 0.05259975816203144 0.13796296296296295
0 0.7563482466747279 0.7606481481481482 0.05199516324062878 0.16574074074074074
0 0.9691656590084643 0.6060185185185185 0.044740024183796856 0.14907407407407408
0 0.6946795646916566 0.7824074074074074 0.04353083434099154 0.1537037037037037
0 0.7203748488512697 0.799537037037037 0.04897218863361548 0.14907407407407408
0 0.9392382103990327 0.6064814814814815 0.0562273276904474 0.1574074074074074
0 0.9573760580411125 0.8226851851851852 0.046553808948004836 0.1638888888888889
0 0.7542321644498187 0.8453703703703703 0.044135429262394194 0.17592592592592593
0 0.9691656590084643 0.1597222222222222 0.030229746070133012 0.09907407407407408
0 0.9071946795646917 0.8532407407407407 0.07194679564691657 0.16944444444444445
0 0.9830713422007256 0.8666666666666667 0.030229746070133012 0.15925925925925927
0 0.5550181378476421 0.8578703703703704 0.045949214026602174 0.16574074074074074
0 0.5048367593712213 0.8712962962962963 0.045949214026602174 0.15
0 0.6883313180169287 0.6064814814814815 0.046553808948004836 0.15925925925925927
0 0.6771463119709794 0.6370370370370371 0.03506650544135429 0.1425925925925926
0 0.4322853688029021 0.5884259259259259 0.03506650544135429 0.15092592592592594
0 0.466142684401451 0.5856481481481481 0.036275695284159616 0.14907407407407408
0 0.1656590084643289 0.6430555555555556 0.044740024183796856 0.16574074074074074
0 0.1215235792019347 0.5157407407407407 0.049576783555018135 0.14444444444444443
0 0.14721886336154777 0.7870370370370371 0.046553808948004836 0.1685185185185185
0 0.5411124546553809 0.6884259259259259 0.04232164449818621 0.16574074074074074
0 0.5713422007255139 0.6930555555555555 0.04836759371221282 0.16018518518518518
0 0.22430471584038694 0.21481481481481482 0.03143893591293833 0.12037037037037036
0 0.2593712212817412 0.20833333333333334 0.044740024183796856 0.13518518518518519
0 0.9809552599758162 0.1439814814814815 0.03325272067714631 0.1175925925925926
0 0.9443772672309553 0.16018518518518518 0.03990326481257558 0.13518518518518519
0 0.7037484885126964 0.9708333333333333 0.044740024183796856 0.06018518518518518
0 0.7908101571946796 0.4486111111111111 0.041112454655380895 0.15648148148148147
0 0.7651148730350665 0.449537037037037 0.03688029020556227 0.14166666666666666
0 0.7932285368802902 0.7402777777777778 0.049576783555018135 0.17314814814814813
0 0.24969770253929868 0.6259259259259259 0.04353083434099154 0.13518518518518519
0 0.2714631197097944 0.5935185185185186 0.04836759371221282 0.16296296296296298
0 0.2992744860943168 0.6185185185185185 0.045949214026602174 0.16111111111111112
0 0.20465538089480048 0.43148148148148147 0.03688029020556227 0.12962962962962962
0 0.06318016928657799 0.4009259259259259 0.039298669891172915 0.14629629629629629
0 0.0903869407496977 0.38981481481481484 0.039298669891172915 0.13148148148148148
0 0.219770253929867 0.4009259259259259 0.044135429262394194 0.1388888888888889
0 0.39238210399032647 0.26944444444444443 0.03990326481257558 0.12777777777777777
0 0.3984280532043531 0.2490740740740741 0.044740024183796856 0.13333333333333333
0 0.12333736396614269 0.5564814814814815 0.036275695284159616 0.14814814814814814
0 0.9522370012091899 0.8703703703703703 0.04353083434099154 0.15185185185185185
0 0.7874848851269649 0.8518518518518519 0.051390568319226115 0.15555555555555556
0 0.9096130592503023 0.7754629629629629 0.05380894800483676 0.17314814814814813
0 0.09975816203143893 0.5314814814814814 0.044740024183796856 0.16296296296296298
0 0.8536880290205562 0.7643518518518518 0.05199516324062878 0.17314814814814813
0 0.8866384522370012 0.5856481481481481 0.06590084643288996 0.18055555555555555
0 0.5683192261185006 0.22592592592592592 0.03990326481257558 0.13703703703703704
0 0.5423216444981862 0.2300925925925926 0.03506650544135429 0.14537037037037037
0 0.5187424425634825 0.2337962962962963 0.03385731559854897 0.13796296296296295
0 0.8258766626360339 0.5064814814814815 0.044740024183796856 0.15925925925925927
0 0.7859733978234583 0.5143518518518518 0.053204353083434096 0.14351851851851852
0 0.7276299879081015 0.4152777777777778 0.046553808948004836 0.13240740740740742
0 0.689540507859734 0.4125 0.04897218863361548 0.15462962962962962
0 0.6668681983071342 0.4861111111111111 0.049576783555018135 0.15925925925925927
0 0.48458282950423215 0.10648148148148148 0.03325272067714631 0.12222222222222222
0 0.14540507859733978 0.3162037037037037 0.05259975816203144 0.15092592592592594
0 0.3022974607013301 0.2324074074074074 0.03990326481257558 0.14444444444444443
0 0.030229746070133012 0.3101851851851852 0.041112454655380895 0.1388888888888889
0 0.009673518742442563 0.29259259259259257 0.018137847642079808 0.15
0 0.014207980652962516 0.38796296296296295 0.02720677146311971 0.15185185185185185
0 0.6130592503022975 0.24166666666666667 0.044740024183796856 0.14444444444444443
0 0.6393591293833132 0.19907407407407407 0.02962515114873035 0.13518518518518519
0 0.01995163240628779 0.5305555555555556 0.03869407496977025 0.1685185185185185
0 0.24486094316807738 0.16805555555555557 0.030229746070133012 0.11574074074074074
0 0.2548367593712213 0.10324074074074074 0.02962515114873035 0.11574074074074074
0 0.5129987908101572 0.30416666666666664 0.04171704957678356 0.13425925925925927
0 0.04746070133010883 0.4837962962962963 0.03688029020556227 0.14537037037037037
0 0.0402055622732769 0.45787037037037037 0.04534461910519952 0.15648148148148147
0 0.6339177750906893 0.4930555555555556 0.034461910519951636 0.11574074074074074
0 0.5840386940749698 0.4074074074074074 0.03385731559854897 0.11851851851851852
0 0.5522974607013301 0.4097222222222222 0.039298669891172915 0.14351851851851852
0 0.28597339782345826 0.12222222222222222 0.02902055622732769 0.12777777777777777
0 0.5102781136638452 0.3907407407407407 0.04232164449818621 0.13148148148148148
0 0.5577388149939541 0.3712962962962963 0.04171704957678356 0.14074074074074075
0 0.17654171704957677 0.40370370370370373 0.044740024183796856 0.16296296296296298
0 0.1605199516324063 0.42314814814814816 0.034461910519951636 0.13518518518518519
0 0.13603385731559856 0.44212962962962965 0.036275695284159616 0.13425925925925927
0 0.4836759371221282 0.4078703703703704 0.030229746070133012 0.11203703703703703
0 0.5344619105199516 0.29074074074074074 0.032648125755743655 0.13518518518518519
0 0.2581620314389359 0.8097222222222222 0.045949214026602174 0.175
0 0.005139056831922612 0.9393518518518519 0.009068923821039904 0.12129629629629629
0 0.08736396614268441 0.7486111111111111 0.044135429262394194 0.15648148148148147
0 0.24909310761789602 0.9731481481481481 0.045949214026602174 0.05555555555555555
0 0.43440145102781136 0.8060185185185185 0.05985489721886336 0.17314814814814813
0 0.34582829504232165 0.8162037037037037 0.06408706166868199 0.1675925925925926
0 0.5764812575574365 0.775 0.07194679564691657 0.17222222222222222
0 0.02448609431680774 0.7546296296296297 0.047762998790810154 0.1648148148148148
0 0.6260580411124547 0.7560185185185185 0.05259975816203144 0.15648148148148147
0 0.0562273276904474 0.687962962962963 0.04353083434099154 0.15185185185185185
0 0.9628174123337364 0.49537037037037035 0.04534461910519952 0.16296296296296298
0 0.8697097944377267 0.42962962962962964 0.04534461910519952 0.1537037037037037
0 0.9126360338573156 0.18703703703703703 0.047762998790810154 0.13703703703703704
0 0.5504836759371221 0.13518518518518519 0.03325272067714631 0.1388888888888889
0 0.5704353083434099 0.13333333333333333 0.0380894800483676 0.12962962962962962
0 0.5861547762998791 0.06111111111111111 0.03688029020556227 0.12037037037037036
0 0.5063482466747279 0.04212962962962963 0.03325272067714631 0.0824074074074074
0 0.5420193470374849 0.043055555555555555 0.02962515114873035 0.08425925925925926
0 0.5405078597339782 0.023148148148148147 0.036275695284159616 0.044444444444444446
0 0.14177750906892383 0.24027777777777778 0.034461910519951636 0.13240740740740742
0 0.3515719467956469 0.09351851851851851 0.04534461910519952 0.12037037037037036
0 0.3252720677146312 0.09814814814814815 0.036275695284159616 0.1111111111111111
0 0.15779927448609432 0.12453703703703704 0.03990326481257558 0.13240740740740742
0 0.18954050785973398 0.12685185185185185 0.042926239419588876 0.15185185185185185
0 0.23760580411124546 0.09814814814814815 0.036275695284159616 0.14074074074074075
0 0.2753929866989117 0.04675925925925926 0.0380894800483676 0.09166666666666666
0 0.10217654171704958 0.23425925925925925 0.03143893591293833 0.12037037037037036
0 0.9812575574365175 0.2898148148148148 0.036275695284159616 0.15
0 0.2750906892382104 0.23425925925925925 0.036275695284159616 0.13333333333333333
0 0.017835550181378477 0.2324074074074074 0.034461910519951636 0.1388888888888889
0 0.039600967351874246 0.24537037037037038 0.03325272067714631 0.13333333333333333
0 0.06378476420798065 0.25833333333333336 0.04171704957678356 0.14074074074074075
0 0.0813180169286578 0.23981481481481481 0.034461910519951636 0.1388888888888889
0 0.0281136638452237 0.19212962962962962 0.03688029020556227 0.1175925925925926
0 0.1296856106408706 0.05092592592592592 0.047762998790810154 0.1
0 0.23125755743651755 0.05185185185185185 0.0380894800483676 0.10185185185185185
0 0.018742442563482467 0.13425925925925927 0.036275695284159616 0.14444444444444443
0 0.05532043530834341 0.06712962962962964 0.0380894800483676 0.13055555555555556
0 0.042926239419588876 0.058333333333333334 0.036275695284159616 0.11481481481481481
0 0.9836759371221282 0.20555555555555555 0.02781136638452237 0.13333333333333333
0 0.876360338573156 0.18425925925925926 0.047762998790810154 0.12407407407407407
0 0.9135429262394196 0.12777777777777777 0.03506650544135429 0.13333333333333333
0 0.937726723095526 0.11574074074074074 0.036275695284159616 0.11666666666666667
0 0.9035671100362757 0.07314814814814814 0.039298669891172915 0.11666666666666667
0 0.879081015719468 0.024074074074074074 0.03385731559854897 0.046296296296296294
0 0.9888149939540508 0.0824074074074074 0.021160822249093107 0.1259259259259259
0 0.015417170495767836 0.45185185185185184 0.02962515114873035 0.14629629629629629
0 0.003325272067714631 0.4324074074074074 0.005441354292623942 0.1388888888888889
0 0.9622128174123338 0.20277777777777778 0.0380894800483676 0.12222222222222222
0 0.008766626360338573 0.2 0.016324062877871828 0.13333333333333333
0 0.9537484885126964 0.05462962962962963 0.034461910519951636 0.09814814814814815
0 0.009371221281741234 0.49398148148148147 0.017533252720677146 0.13055555555555556
0 0.1435912938331318 0.023148148148148147 0.034461910519951636 0.044444444444444446
0 0.19105199516324062 0.05740740740740741 0.03990326481257558 0.11296296296296296
0 0.1154776299879081 0.043055555555555555 0.03143893591293833 0.08425925925925926
0 0.10489721886336155 0.022222222222222223 0.02962515114873035 0.04259259259259259
0 0.9195888754534461 0.06481481481481481 0.03506650544135429 0.11851851851851852
0 0.9449818621523579 0.07916666666666666 0.03506650544135429 0.10462962962962963
0 0.9637243047158404 0.10648148148148148 0.02781136638452237 0.1037037037037037
0 0.909310761789601 0.1574074074074074 0.03990326481257558 0.12962962962962962
0 0.15598548972188633 0.2962962962962963 0.041112454655380895 0.14629629629629629
0 0.23548972188633616 0.23148148148148148 0.034461910519951636 0.13518518518518519
