0 0.1609375 0.8740740740740741 0.06666666666666667 0.2537037037037037
0 0.23229166666666667 0.8736111111111111 0.0625 0.25462962962962965
0 0.25442708333333336 0.8402777777777778 0.050520833333333334 0.23796296296296296
0 0.9177083333333333 0.8865740740740741 0.05520833333333333 0.22870370370370371
0 0.37213541666666666 0.7620370370370371 0.050520833333333334 0.20925925925925926
0 0.41770833333333335 0.762962962962963 0.05 0.19444444444444445
0 0.815625 0.7337962962962963 0.05 0.2175925925925926
0 0.8515625 0.7226851851851852 0.041666666666666664 0.20462962962962963
0 0.8015625 0.5398148148148149 0.027083333333333334 0.09259259259259259
0 0.7565104166666666 0.6912037037037037 0.0421875 0.18611111111111112
0 0.7817708333333333 0.6532407407407408 0.041666666666666664 0.16574074074074074
0 0.6481770833333333 0.6754629629629629 0.04010416666666667 0.18425925925925926
0 0.57421875 0.6777777777777778 0.04114583333333333 0.1814814814814815
0 0.409375 0.5018518518518519 0.023958333333333335 0.09814814814814815
0 0.4322916666666667 0.48055555555555557 0.026041666666666668 0.1111111111111111
0 0.4244791666666667 0.5259259259259259 0.025 0.12407407407407407
0 0.44453125 0.5152777777777777 0.0296875 0.12314814814814815
0 0.45651041666666664 0.48842592592592593 0.027604166666666666 0.11203703703703703
0 0.4940104166666667 0.4875 0.0265625 0.12129629629629629
0 0.4744791666666667 0.5069444444444444 0.03333333333333333 0.11944444444444445
0 0.43697916666666664 0.5837962962962963 0.035416666666666666 0.16203703703703703
0 0.4747395833333333 0.5893518518518519 0.0328125 0.15462962962962962
0 0.5197916666666667 0.5652777777777778 0.034375 0.13425925925925927
0 0.5502604166666667 0.5606481481481481 0.03177083333333333 0.12685185185185185
0 0.5067708333333333 0.612037037037037 0.04375 0.15185185185185185
0 0.5453125 0.6337962962962963 0.03854166666666667 0.17685185185185184
0 0.5348958333333333 0.6759259259259259 0.03854166666666667 0.1925925925925926
0 0.5817708333333333 0.5601851851851852 0.030208333333333334 0.14074074074074075
0 0.59609375 0.6 0.033854166666666664 0.1685185185185185
0 0.5895833333333333 0.6462962962962963 0.03854166666666667 0.15185185185185185
0 0.9755208333333333 0.8310185185185185 0.046875 0.1935185185185185
0 0.6546875 0.4652777777777778 0.028125 0.08981481481481482
0 0.6739583333333333 0.46574074074074073 0.03333333333333333 0.0962962962962963
