0 0.09140625 0.36574074074074076 0.05260416666666667 0.18703703703703703
0 0.061197916666666664 0.7773148148148148 0.08489583333333334 0.36018518518518516
0 0.22994791666666667 0.8263888888888888 0.09427083333333333 0.3453703703703704
0 0.2994791666666667 0.3837962962962963 0.03958333333333333 0.20462962962962963
0 0.353125 0.39305555555555555 0.0625 0.19537037037037036
0 0.290625 0.33194444444444443 0.0375 0.19537037037037036
0 0.40208333333333335 0.33194444444444443 0.046875 0.19722222222222222
0 0.33671875 0.2708333333333333 0.0328125 0.16203703703703703
0 0.32109375 0.2675925925925926 0.033854166666666664 0.18333333333333332
0 0.3729166666666667 0.2671296296296296 0.0375 0.1675925925925926
0 0.48671875 0.3037037037037037 0.049479166666666664 0.19814814814814816
0 0.5338541666666666 0.30185185185185187 0.041666666666666664 0.17592592592592593
0 0.621875 0.32685185185185184 0.05520833333333333 0.17962962962962964
0 0.8971354166666666 0.39490740740740743 0.06927083333333334 0.20092592592592592
0 0.2484375 0.3148148148148148 0.04375 0.18888888888888888
0 0.21770833333333334 0.30324074074074076 0.03958333333333333 0.1935185185185185
0 0.7192708333333333 0.3388888888888889 0.04791666666666667 0.17407407407407408
0 0.4317708333333333 0.225 0.03958333333333333 0.17037037037037037
0 0.7513020833333334 0.3106481481481482 0.03802083333333333 0.1824074074074074
0 0.7802083333333333 0.2967592592592593 0.034375 0.17685185185185184
0 0.7205729166666667 0.30416666666666664 0.03802083333333333 0.18055555555555555
0 0.5546875 0.2 0.03854166666666667 0.16296296296296298
0 0.5223958333333333 0.24259259259259258 0.040625 0.16296296296296298
0 0.46484375 0.1699074074074074 0.033854166666666664 0.1361111111111111
0 0.4786458333333333 0.18101851851851852 0.025 0.11203703703703703
0 0.4979166666666667 0.15601851851851853 0.027083333333333334 0.13425925925925927
0 0.3182291666666667 0.16620370370370371 0.04375 0.15092592592592594
0 0.51484375 0.09490740740740741 0.0234375 0.11574074074074074
0 0.7794270833333333 0.08518518518518518 0.0265625 0.09814814814814815
0 0.3932291666666667 0.21851851851851853 0.036458333333333336 0.1685185185185185
0 0.42083333333333334 0.09074074074074075 0.034375 0.1259259259259259
0 0.3890625 0.09814814814814815 0.027083333333333334 0.10925925925925926
0 0.3640625 0.09490740740740741 0.03125 0.1287037037037037
0 0.3536458333333333 0.11018518518518519 0.023958333333333335 0.09074074074074075
