0 0.08671875 0.4652777777777778 0.050520833333333334 0.18981481481481483
0 0.6033854166666667 0.2675925925925926 0.0296875 0.11851851851851852
0 0.69453125 0.3314814814814815 0.033854166666666664 0.15925925925925927
0 0.05963541666666667 0.9185185185185185 0.0984375 0.1648148148148148
0 0.10078125 0.8435185185185186 0.06822916666666666 0.3148148148148148
0 0.1703125 0.8564814814814815 0.0875 0.28703703703703703
0 0.8942708333333333 0.5097222222222222 0.04791666666666667 0.21574074074074073
0 0.20234375 0.6305555555555555 0.0609375 0.23333333333333334
0 0.31927083333333334 0.7064814814814815 0.05520833333333333 0.2833333333333333
0 0.18359375 0.736574074074074 0.08072916666666667 0.30648148148148147
0 0.25625 0.7648148148148148 0.06354166666666666 0.29444444444444445
0 0.3265625 0.5810185185185185 0.057291666666666664 0.2490740740740741
0 0.46510416666666665 0.36712962962962964 0.051041666666666666 0.18981481481481483
0 0.3203125 0.47824074074074074 0.05 0.2175925925925926
0 0.7111979166666667 0.4115740740740741 0.0515625 0.18611111111111112
0 0.725 0.41759259259259257 0.04583333333333333 0.15185185185185185
0 0.3671875 0.34675925925925927 0.0375 0.17685185185185184
0 0.609375 0.4041666666666667 0.03958333333333333 0.18611111111111112
0 0.60625 0.12546296296296297 0.022916666666666665 0.09907407407407408
0 0.5234375 0.2518518518518518 0.029166666666666667 0.14074074074074075
0 0.48463541666666665 0.25462962962962965 0.03177083333333333 0.1388888888888889
0 0.2677083333333333 0.5675925925925925 0.057291666666666664 0.24814814814814815
0 0.44140625 0.30416666666666664 0.0421875 0.21574074074074073
0 0.5403645833333334 0.2972222222222222 0.03177083333333333 0.1574074074074074
0 0.40572916666666664 0.3013888888888889 0.03854166666666667 0.15092592592592594
0 0.3111979166666667 0.2800925925925926 0.033854166666666664 0.14722222222222223
0 0.43203125 0.22083333333333333 0.03177083333333333 0.11574074074074074
0 0.4640625 0.21574074074074073 0.026041666666666668 0.11851851851851852
0 0.43411458333333336 0.18287037037037038 0.0296875 0.12314814814814815
0 0.5486979166666667 0.2324074074074074 0.021354166666666667 0.07962962962962963
0 0.56953125 0.21388888888888888 0.028645833333333332 0.13518518518518519
0 0.36302083333333335 0.16527777777777777 0.027083333333333334 0.12314814814814815
