0 0.5614583333333333 0.33194444444444443 0.03333333333333333 0.15648148148148147
0 0.40338541666666666 0.2902777777777778 0.030729166666666665 0.13425925925925927
0 0.38333333333333336 0.2824074074074074 0.03125 0.14074074074074075
0 0.11276041666666667 0.524537037037037 0.04010416666666667 0.18981481481481483
0 0.6205729166666667 0.32916666666666666 0.03177083333333333 0.14907407407407408
0 0.37057291666666664 0.2902777777777778 0.027604166666666666 0.14351851851851852
0 0.8830729166666667 0.46944444444444444 0.050520833333333334 0.19814814814814816
0 0.2265625 0.8245370370370371 0.09791666666666667 0.3490740740740741
0 0.4596354166666667 0.6532407407407408 0.05260416666666667 0.27314814814814814
0 0.3809895833333333 0.6666666666666666 0.05260416666666667 0.22037037037037038
0 0.34270833333333334 0.6467592592592593 0.057291666666666664 0.24722222222222223
0 0.2953125 0.6847222222222222 0.04583333333333333 0.175
0 0.25729166666666664 0.6291666666666667 0.046875 0.23425925925925925
0 0.042708333333333334 0.825 0.084375 0.3296296296296296
0 0.0703125 0.7379629629629629 0.0875 0.29259259259259257
0 0.07447916666666667 0.6805555555555556 0.07916666666666666 0.2851851851851852
0 0.3234375 0.49212962962962964 0.035416666666666666 0.1824074074074074
0 0.35260416666666666 0.44907407407407407 0.05 0.17777777777777778
0 0.38515625 0.43472222222222223 0.033854166666666664 0.16018518518518518
0 0.459375 0.48842592592592593 0.035416666666666666 0.15462962962962962
0 0.45 0.3976851851851852 0.04375 0.18981481481481483
0 0.4875 0.42453703703703705 0.036458333333333336 0.12129629629629629
0 0.40625 0.3648148148148148 0.040625 0.1648148148148148
0 0.35989583333333336 0.3537037037037037 0.046875 0.15185185185185185
0 0.3138020833333333 0.337037037037037 0.03697916666666667 0.1537037037037037
0 0.36614583333333334 0.3236111111111111 0.036458333333333336 0.15462962962962962
0 0.4234375 0.337037037037037 0.036458333333333336 0.1388888888888889
0 0.45859375 0.3384259259259259 0.0328125 0.12314814814814815
0 0.46510416666666665 0.31157407407407406 0.03854166666666667 0.13425925925925927
0 0.7479166666666667 0.4425925925925926 0.03958333333333333 0.12407407407407407
0 0.7885416666666667 0.40925925925925927 0.04479166666666667 0.2
0 0.5328125 0.31805555555555554 0.034375 0.16018518518518518
0 0.5182291666666666 0.3 0.034375 0.1388888888888889
0 0.5098958333333333 0.2490740740740741 0.030208333333333334 0.12962962962962962
0 0.45260416666666664 0.25277777777777777 0.028125 0.11851851851851852
0 0.4231770833333333 0.2777777777777778 0.0296875 0.1259259259259259
0 0.4317708333333333 0.25787037037037036 0.026041666666666668 0.12314814814814815
0 0.4859375 0.3138888888888889 0.030208333333333334 0.13148148148148148
