0 0.5574365175332527 0.8949074074074074 0.044740024183796856 0.17314814814814813
0 0.5574365175332527 0.9361111111111111 0.041112454655380895 0.12962962962962962
0 0.3896614268440145 0.5657407407407408 0.03688029020556227 0.13518518518518519
0 0.3022974607013301 0.649537037037037 0.041112454655380895 0.15462962962962962
0 0.7376058041112454 0.8018518518518518 0.04836759371221282 0.18518518518518517
0 0.7091898428053204 0.8449074074074074 0.05804111245465538 0.19722222222222222
0 0.6701934703748489 0.8666666666666667 0.051390568319226115 0.1685185185185185
0 0.3310157194679565 0.3486111111111111 0.03688029020556227 0.16574074074074074
0 0.2844619105199516 0.33611111111111114 0.03204353083434099 0.14074074074074075
0 0.3476420798065296 0.362962962962963 0.041112454655380895 0.14629629629629629
0 0.36638452237001207 0.33425925925925926 0.036275695284159616 0.14074074074074075
0 0.2762998790810157 0.3574074074074074 0.04232164449818621 0.14629629629629629
0 0.6348246674727932 0.9638888888888889 0.05199516324062878 0.07407407407407407
0 0.6735187424425635 0.9541666666666667 0.04232164449818621 0.09351851851851851
0 0.6251511487303507 0.950462962962963 0.041112454655380895 0.10092592592592593
0 0.8694074969770254 0.962037037037037 0.044740024183796856 0.07407407407407407
0 0.9232164449818622 0.9828703703703704 0.037484885126964934 0.03611111111111111
0 0.8409915356711004 0.9328703703703703 0.03506650544135429 0.12314814814814815
0 0.8766626360338573 0.9291666666666667 0.04836759371221282 0.14351851851851852
0 0.9860943168077388 0.4060185185185185 0.026602176541717048 0.15462962962962962
0 0.09280532043530834 0.4064814814814815 0.034461910519951636 0.12962962962962962
0 0.1544740024183797 0.4148148148148148 0.039298669891172915 0.1537037037037037
0 0.5891777509068924 0.6152777777777778 0.044135429262394194 0.16944444444444445
0 0.1314993954050786 0.3435185185185185 0.034461910519951636 0.14444444444444443
0 0.10822249093107618 0.45046296296296295 0.045949214026602174 0.15462962962962962
0 0.6680773881499396 0.449537037037037 0.041112454655380895 0.13796296296296295
0 0.6946795646916566 0.42592592592592593 0.05199516324062878 0.14629629629629629
0 0.6807738814993954 0.37592592592592594 0.04232164449818621 0.13518518518518519
0 0.8267835550181378 0.4300925925925926 0.04050785973397823 0.13796296296296295
0 0.8053204353083434 0.4412037037037037 0.04232164449818621 0.15462962962962962
0 0.7877871825876662 0.5833333333333334 0.045949214026602174 0.15185185185185185
0 0.9685610640870617 0.8351851851851851 0.04836759371221282 0.17407407407407408
0 0.9280532043530835 0.8537037037037037 0.05199516324062878 0.1925925925925926
0 0.8001813784764208 0.8148148148148148 0.04171704957678356 0.11851851851851852
0 0.8431076178960096 0.8097222222222222 0.046553808948004836 0.16018518518518518
0 0.7950423216444982 0.8606481481481482 0.0592503022974607 0.16574074074074074
0 0.969770253929867 0.9388888888888889 0.05804111245465538 0.12407407407407407
0 0.6103385731559855 0.7819444444444444 0.0501813784764208 0.16203703703703703
0 0.6215235792019347 0.8203703703703704 0.05078597339782346 0.1648148148148148
0 0.9597944377267231 0.6412037037037037 0.034461910519951636 0.1398148148148148
0 0.9455864570737605 0.6407407407407407 0.044740024183796856 0.14444444444444443
0 0.4035671100362757 0.8643518518518518 0.0562273276904474 0.1712962962962963
0 0.373639661426844 0.85 0.05562273276904474 0.17407407407407408
0 0.7929262394195888 0.7328703703703704 0.03688029020556227 0.1361111111111111
0 0.8349455864570737 0.7662037037037037 0.044740024183796856 0.13796296296296295
0 0.8724304715840387 0.7648148148148148 0.049576783555018135 0.17037037037037037
0 0.843409915356711 0.387037037037037 0.03506650544135429 0.13518518518518519
0 0.8627569528415961 0.3787037037037037 0.03990326481257558 0.11296296296296296
0 0.06862152357920194 0.8069444444444445 0.04897218863361548 0.16574074074074074
0 0.10912938331318017 0.7699074074074074 0.04534461910519952 0.16203703703703703
0 0.12484885126964934 0.924074074074074 0.04897218863361548 0.1537037037037037
0 0.08706166868198308 0.9208333333333333 0.04836759371221282 0.15462962962962962
0 0.2950423216444982 0.6703703703703704 0.049576783555018135 0.15925925925925927
0 0.3561064087061669 0.638425925925926 0.04232164449818621 0.16574074074074074
0 0.3775695284159613 0.6606481481481481 0.03688029020556227 0.13240740740740742
0 0.5093712212817413 0.9310185185185185 0.051390568319226115 0.1398148148148148
0 0.8240628778718259 0.5782407407407407 0.05078597339782346 0.15462962962962962
0 0.11396614268440144 0.4083333333333333 0.04050785973397823 0.14444444444444443
0 0.23579201934703747 0.6032407407407407 0.03869407496977025 0.15648148148148147
0 0.23639661426844014 0.5805555555555556 0.03385731559854897 0.14814814814814814
0 0.187726723095526 0.6013888888888889 0.04171704957678356 0.1398148148148148
0 0.20435308343409916 0.5523148148148148 0.04232164449818621 0.14351851851851852
0 0.16717049576783555 0.5708333333333333 0.039298669891172915 0.15092592592592594
0 0.31136638452237003 0.6166666666666667 0.0471584038694075 0.1537037037037037
0 0.3854292623941959 0.25555555555555554 0.034461910519951636 0.12962962962962962
0 0.40870616686819833 0.2550925925925926 0.02902055622732769 0.13240740740740742
0 0.310459492140266 0.5879629629629629 0.03688029020556227 0.12962962962962962
0 0.713422007255139 0.9629629629629629 0.044740024183796856 0.07592592592592592
0 0.7149334945586457 0.3972222222222222 0.04050785973397823 0.12407407407407407
0 0.7533252720677146 0.4101851851851852 0.04353083434099154 0.13518518518518519
0 0.2678355501813785 0.39490740740740743 0.037484885126964934 0.1398148148148148
0 0.24909310761789602 0.4115740740740741 0.03506650544135429 0.14351851851851852
0 0.8715235792019347 0.6541666666666667 0.03325272067714631 0.1287037037037037
0 0.3010882708585248 0.9782407407407407 0.037484885126964934 0.04537037037037037
0 0.46311970979443773 0.9851851851851852 0.03869407496977025 0.03148148148148148
0 0.3642684401451028 0.9893518518518518 0.039298669891172915 0.023148148148148147
0 0.5308343409915357 0.5986111111111111 0.044740024183796856 0.16203703703703703
0 0.3213422007255139 0.7907407407407407 0.046553808948004836 0.16296296296296298
0 0.8570133010882709 0.6898148148148148 0.03688029020556227 0.14814814814814814
0 0.8409915356711004 0.7074074074074074 0.03506650544135429 0.12037037037037036
0 0.5764812575574365 0.6060185185185185 0.039298669891172915 0.1527777777777778
0 0.34885126964933494 0.4949074074074074 0.037484885126964934 0.13240740740740742
0 0.28234582829504234 0.5046296296296297 0.041112454655380895 0.1574074074074074
0 0.2037484885126965 0.9236111111111112 0.044740024183796856 0.15462962962962962
0 0.4758162031438936 0.45092592592592595 0.02781136638452237 0.13518518518518519
0 0.3585247883917775 0.7287037037037037 0.04232164449818621 0.15925925925925927
0 0.3192261185006046 0.8310185185185185 0.0471584038694075 0.1675925925925926
0 0.3824062877871826 0.7546296296296297 0.039298669891172915 0.1685185185185185
0 0.3304111245465538 0.7393518518518518 0.04534461910519952 0.1824074074074074
0 0.10822249093107618 0.8810185185185185 0.049576783555018135 0.1824074074074074
0 0.01995163240628779 0.7712962962962963 0.03869407496977025 0.17222222222222222
0 0.1674727932285369 0.8268518518518518 0.053204353083434096 0.17037037037037037
0 0.14903264812575576 0.799537037037037 0.04171704957678356 0.13796296296296295
0 0.4501209189842805 0.7532407407407408 0.04534461910519952 0.15462962962962962
0 0.6765417170495768 0.7273148148148149 0.0471584038694075 0.15092592592592594
0 0.3884522370012092 0.4583333333333333 0.034461910519951636 0.10555555555555556
0 0.466142684401451 0.5606481481481481 0.036275695284159616 0.1398148148148148
0 0.45042321644498184 0.5171296296296296 0.03869407496977025 0.10462962962962963
0 0.03506650544135429 0.9532407407407407 0.041112454655380895 0.09351851851851851
0 0.4649334945586457 0.4263888888888889 0.032648125755743655 0.1398148148148148
0 0.49818621523579204 0.41898148148148145 0.03385731559854897 0.14907407407407408
0 0.405683192261185 0.6865740740740741 0.053204353083434096 0.15648148148148147
0 0.4939540507859734 0.5018518518518519 0.03869407496977025 0.12037037037037036
0 0.5792019347037485 0.45046296296296295 0.036275695284159616 0.11203703703703703
0 0.5474607013301088 0.4351851851851852 0.039298669891172915 0.14629629629629629
0 0.8926844014510278 0.16157407407407406 0.05501813784764208 0.13425925925925927
0 0.9032648125755743 0.1087962962962963 0.03990326481257558 0.12314814814814815
0 0.9201934703748489 0.19675925925925927 0.03385731559854897 0.10648148148148148
0 0.9891172914147521 0.3365740740740741 0.020556227327690448 0.12314814814814815
0 0.936819830713422 0.37407407407407406 0.044135429262394194 0.14814814814814814
0 0.9510278113663845 0.40370370370370373 0.03990326481257558 0.14074074074074075
0 0.8941958887545345 0.562962962962963 0.045949214026602174 0.1537037037037037
0 0.9773276904474002 0.4810185185185185 0.042926239419588876 0.16203703703703703
0 0.8119709794437727 0.6398148148148148 0.044740024183796856 0.15925925925925927
0 0.8249697702539298 0.674537037037037 0.046553808948004836 0.14907407407407408
0 0.7264207980652962 0.5430555555555555 0.039298669891172915 0.15833333333333333
0 0.7853688029020556 0.6726851851851852 0.045949214026602174 0.15462962962962962
0 0.8896614268440145 0.8592592592592593 0.04534461910519952 0.1685185185185185
0 0.6916565900846433 0.09351851851851851 0.03506650544135429 0.11851851851851852
0 0.6463119709794438 0.10601851851851851 0.03143893591293833 0.125
0 0.6680773881499396 0.08935185185185185 0.036275695284159616 0.11018518518518519
0 0.6085247883917775 0.13055555555555556 0.03688029020556227 0.14444444444444443
0 0.5411124546553809 0.11157407407407408 0.03506650544135429 0.13796296296296295
0 0.687726723095526 0.12175925925925926 0.039298669891172915 0.11944444444444445
0 0.6535671100362757 0.1550925925925926 0.03990326481257558 0.12685185185185185
0 0.6051995163240629 0.15416666666666667 0.032648125755743655 0.11574074074074074
0 0.6747279322853688 0.24768518518518517 0.03990326481257558 0.13425925925925927
0 0.6148730350665055 0.22824074074074074 0.041112454655380895 0.13796296296296295
0 0.5909915356711004 0.2523148148148148 0.03688029020556227 0.12685185185185185
0 0.652962515114873 0.2689814814814815 0.026602176541717048 0.09166666666666666
0 0.6305925030229746 0.2722222222222222 0.03506650544135429 0.13518518518518519
0 0.5347642079806529 0.1814814814814815 0.035671100362756954 0.12222222222222222
0 0.48881499395405076 0.1925925925925926 0.03204353083434099 0.11481481481481481
0 0.5259975816203144 0.09722222222222222 0.037484885126964934 0.13518518518518519
0 0.5039298669891172 0.09814814814814815 0.02720677146311971 0.11296296296296296
0 0.68409915356711 0.287962962962963 0.04171704957678356 0.14814814814814814
0 0.6115477629987908 0.36018518518518516 0.039298669891172915 0.14074074074074075
0 0.6330108827085853 0.37962962962962965 0.036275695284159616 0.14629629629629629
0 0.6650544135429263 0.35694444444444445 0.03990326481257558 0.15092592592592594
0 0.4280532043530834 0.1125 0.03506650544135429 0.11574074074074074
0 0.3932889963724305 0.1726851851851852 0.03325272067714631 0.1287037037037037
0 0.4531438935912938 0.07407407407407407 0.034461910519951636 0.13148148148148148
0 0.4356106408706167 0.0712962962962963 0.034461910519951636 0.1259259259259259
0 0.4014510278113664 0.10833333333333334 0.030229746070133012 0.11851851851851852
0 0.1998186215235792 0.13240740740740742 0.04050785973397823 0.13703703703703704
0 0.3010882708585248 0.19166666666666668 0.037484885126964934 0.1388888888888889
0 0.33585247883917774 0.21481481481481482 0.039298669891172915 0.13148148148148148
0 0.6305925030229746 0.612037037037037 0.04836759371221282 0.1574074074074074
0 0.7787182587666264 0.4564814814814815 0.044740024183796856 0.14074074074074075
0 0.5136033857315598 0.46620370370370373 0.04897218863361548 0.14351851851851852
0 0.42986698911729143 0.4527777777777778 0.05441354292623942 0.14074074074074075
0 0.0036275695284159614 0.12314814814814815 0.006045949214026602 0.1259259259259259
0 0.022370012091898428 0.11851851851851852 0.037484885126964934 0.1259259259259259
0 0.1396614268440145 0.11157407407407408 0.04232164449818621 0.1287037037037037
0 0.1795646916565901 0.09259259259259259 0.03385731559854897 0.1259259259259259
0 0.19588875453446192 0.10787037037037037 0.02781136638452237 0.12129629629629629
0 0.2545344619105199 0.0912037037037037 0.032648125755743655 0.1175925925925926
0 0.28174123337363965 0.09768518518518518 0.03506650544135429 0.12314814814814815
0 0.1608222490931076 0.07083333333333333 0.03990326481257558 0.13240740740740742
0 0.09854897218863362 0.04398148148148148 0.03143893591293833 0.08611111111111111
0 0.18833131801692865 0.16157407407407406 0.034461910519951636 0.13796296296296295
0 0.4576783555018138 0.10740740740740741 0.030229746070133012 0.12407407407407407
0 0.501813784764208 0.07824074074074074 0.032648125755743655 0.11574074074074074
0 0.5556227327690447 0.07592592592592592 0.022974607013301087 0.1259259259259259
0 0.250906892382104 0.3333333333333333 0.036275695284159616 0.14074074074074075
0 0.09673518742442563 0.24305555555555555 0.03869407496977025 0.13240740740740742
0 0.11910519951632406 0.2361111111111111 0.03385731559854897 0.12962962962962962
0 0.24425634824667472 0.2675925925925926 0.03506650544135429 0.14074074074074075
0 0.2037484885126965 0.2625 0.03990326481257558 0.13425925925925927
0 0.48428053204353083 0.25 0.03506650544135429 0.1259259259259259
0 0.4655380894800484 0.27361111111111114 0.03869407496977025 0.1287037037037037
0 0.2663240628778718 0.3 0.034461910519951636 0.14814814814814814
0 0.3053204353083434 0.37592592592592594 0.037484885126964934 0.13518518518518519
0 0.3352478839177751 0.4412037037037037 0.042926239419588876 0.1712962962962963
0 0.28869407496977023 0.4412037037037037 0.04050785973397823 0.14907407407407408
0 0.09522370012091898 0.3773148148148148 0.034461910519951636 0.13240740740740742
0 0.041112454655380895 0.3851851851851852 0.0471584038694075 0.1574074074074074
0 0.0380894800483676 0.350462962962963 0.037484885126964934 0.13796296296296295
0 0.032648125755743655 0.3236111111111111 0.03869407496977025 0.15092592592592594
0 0.07345828295042321 0.29907407407407405 0.03688029020556227 0.13518518518518519
0 0.9848851269649335 0.43333333333333335 0.02781136638452237 0.13518518518518519
0 0.6862152357920194 0.22777777777777777 0.045949214026602174 0.15555555555555556
0 0.9773276904474002 0.11064814814814815 0.03688029020556227 0.13240740740740742
0 0.9492140266021766 0.05787037037037037 0.032648125755743655 0.11203703703703703
0 0.9201934703748489 0.05555555555555555 0.032648125755743655 0.10925925925925926
0 0.9425634824667473 0.09814814814814815 0.03990326481257558 0.12962962962962962
0 0.06076178960096735 0.040740740740740744 0.039298669891172915 0.07962962962962963
0 0.12031438935912939 0.10787037037037037 0.037484885126964934 0.12685185185185185
0 0.1275695284159613 0.05416666666666667 0.037484885126964934 0.10648148148148148
0 0.373639661426844 0.07407407407407407 0.03143893591293833 0.11851851851851852
0 0.5810157194679565 0.15416666666666667 0.037484885126964934 0.12314814814814815
0 0.1949818621523579 0.0699074074074074 0.034461910519951636 0.13796296296296295
0 0.555925030229746 0.11574074074074074 0.03204353083434099 0.12777777777777777
0 0.6287787182587666 0.11203703703703703 0.03385731559854897 0.13518518518518519
0 0.3542926239419589 0.06157407407407407 0.03143893591293833 0.12129629629629629
0 0.5891777509068924 0.11064814814814815 0.03688029020556227 0.13240740740740742
0 0.496372430471584 0.04675925925925926 0.032648125755743655 0.09166666666666666
0 0.6496372430471584 0.06481481481481481 0.03688029020556227 0.12407407407407407
0 0.46432889963724305 0.031018518518518518 0.030229746070133012 0.06018518518518518
0 0.6027811366384522 0.05416666666666667 0.03506650544135429 0.10648148148148148
0 0.5834340991535671 0.046296296296296294 0.036275695284159616 0.09074074074074075
0 0.3394800483675937 0.03796296296296296 0.034461910519951636 0.07407407407407407
0 0.28476420798065294 0.052314814814814814 0.02781136638452237 0.10277777777777777
0 0.31197097944377267 0.0412037037037037 0.030229746070133012 0.08055555555555556
0 0.40386940749697703 0.06111111111111111 0.030229746070133012 0.11481481481481481
0 0.22158403869407498 0.06898148148148148 0.034461910519951636 0.13425925925925927
