0 0.9667472793228536 0.9578703703703704 0.041112454655380895 0.08611111111111111
0 0.9839782345828295 0.9305555555555556 0.03083434099153567 0.14074074074074075
0 0.4703748488512696 0.9375 0.04836759371221282 0.12685185185185185
0 0.500906892382104 0.9217592592592593 0.0501813784764208 0.15833333333333333
0 0.43923821039903266 0.924537037037037 0.04171704957678356 0.1527777777777778
0 0.7103990326481258 0.7935185185185185 0.04836759371221282 0.14074074074074075
0 0.09854897218863362 0.8574074074074074 0.05078597339782346 0.17407407407407408
0 0.044135429262394194 0.6027777777777777 0.04353083434099154 0.15555555555555556
0 0.017230955259975818 0.624537037037037 0.03325272067714631 0.16018518518518518
0 0.535671100362757 0.3837962962962963 0.037484885126964934 0.14351851851851852
0 0.15991535671100363 0.487962962962963 0.04050785973397823 0.1425925925925926
0 0.12575574365175332 0.49444444444444446 0.0471584038694075 0.14629629629629629
0 0.10973397823458284 0.2361111111111111 0.04050785973397823 0.13703703703703704
0 0.0562273276904474 0.26064814814814813 0.03385731559854897 0.14351851851851852
0 0.10247883917775091 0.2833333333333333 0.044135429262394194 0.14074074074074075
0 0.16414752116082226 0.3101851851851852 0.044135429262394194 0.14629629629629629
0 0.20012091898428053 0.3199074074074074 0.041112454655380895 0.16574074074074074
0 0.5308343409915357 0.19212962962962962 0.037484885126964934 0.1398148148148148
0 0.06620314389359129 0.3976851851851852 0.0501813784764208 0.13425925925925927
0 0.0501813784764208 0.44675925925925924 0.049576783555018135 0.15462962962962962
0 0.18530834340991537 0.36527777777777776 0.03688029020556227 0.14907407407407408
0 0.1133615477629988 0.3699074074074074 0.0380894800483676 0.1398148148148148
0 0.5453446191051995 0.2273148148148148 0.04232164449818621 0.14907407407407408
0 0.5764812575574365 0.22268518518518518 0.03204353083434099 0.13240740740740742
0 0.6789600967351874 0.525 0.045949214026602174 0.15185185185185185
0 0.7152357920193471 0.5208333333333334 0.049576783555018135 0.14907407407407408
0 0.4186819830713422 0.25277777777777777 0.03688029020556227 0.12407407407407407
0 0.41717049576783555 0.2759259259259259 0.02781136638452237 0.11296296296296296
0 0.4709794437726723 0.24537037037037038 0.02539298669891173 0.13518518518518519
0 0.48458282950423215 0.2662037037037037 0.03083434099153567 0.14166666666666666
0 0.5683192261185006 0.3199074074074074 0.037484885126964934 0.13425925925925927
0 0.5973397823458283 0.29444444444444445 0.041112454655380895 0.13148148148148148
0 0.6523579201934704 0.30185185185185187 0.03506650544135429 0.1425925925925926
0 0.5967351874244257 0.38796296296296295 0.03990326481257558 0.15925925925925927
0 0.4480048367593712 0.2875 0.03506650544135429 0.13240740740740742
0 0.7300483675937122 0.6722222222222223 0.042926239419588876 0.1685185185185185
0 0.7889963724304716 0.6398148148148148 0.04232164449818621 0.15185185185185185
0 0.778415961305925 0.5898148148148148 0.03688029020556227 0.14074074074074075
0 0.9226118500604595 0.5796296296296296 0.03869407496977025 0.14629629629629629
0 0.8935912938331319 0.5481481481481482 0.044740024183796856 0.13703703703703704
0 0.6472188633615478 0.662962962962963 0.044135429262394194 0.16296296296296298
0 0.8633615477629988 0.45740740740740743 0.04232164449818621 0.13703703703703704
0 0.8264812575574365 0.4217592592592593 0.0471584038694075 0.13240740740740742
0 0.8854292623941958 0.4111111111111111 0.04897218863361548 0.1425925925925926
0 0.8107617896009673 0.4861111111111111 0.045949214026602174 0.14814814814814814
0 0.8204353083434099 0.5087962962962963 0.03990326481257558 0.14537037037037037
0 0.7690447400241838 0.47129629629629627 0.041112454655380895 0.13518518518518519
0 0.7273276904474002 0.43287037037037035 0.0471584038694075 0.15092592592592594
0 0.9090084643288996 0.2611111111111111 0.03204353083434099 0.13518518518518519
0 0.9431680773881499 0.2912037037037037 0.04232164449818621 0.13796296296296295
0 0.9232164449818622 0.2449074074074074 0.030229746070133012 0.10277777777777777
0 0.9691656590084643 0.5148148148148148 0.04836759371221282 0.16296296296296298
0 0.8246674727932285 0.7736111111111111 0.0471584038694075 0.1824074074074074
0 0.9770253929866989 0.45787037037037037 0.03990326481257558 0.14351851851851852
0 0.937726723095526 0.6861111111111111 0.045949214026602174 0.17962962962962964
0 0.8636638452237001 0.586574074074074 0.07073760580411124 0.14907407407407408
0 0.8757557436517533 0.6222222222222222 0.04171704957678356 0.14074074074074075
0 0.45223700120918986 0.02962962962962963 0.03143893591293833 0.05740740740740741
0 0.28264812575574366 0.040740740740740744 0.022370012091898428 0.07962962962962963
0 0.5024183796856106 0.03935185185185185 0.03143893591293833 0.07685185185185185
0 0.6036880290205562 0.04953703703703704 0.03204353083434099 0.09722222222222222
0 0.5492744860943168 0.020370370370370372 0.02720677146311971 0.03888888888888889
0 0.6825876662636033 0.05185185185185185 0.02781136638452237 0.09444444444444444
0 0.7079806529625151 0.05138888888888889 0.032648125755743655 0.10092592592592593
0 0.9800483675937122 0.04861111111111111 0.02902055622732769 0.09537037037037037
0 0.9522370012091899 0.03981481481481482 0.03143893591293833 0.07777777777777778
0 0.9129383313180169 0.08148148148148149 0.02539298669891173 0.08518518518518518
0 0.9319830713422007 0.0787037037037037 0.02720677146311971 0.11481481481481481
0 0.9504232164449818 0.08148148148148149 0.032648125755743655 0.10925925925925926
0 0.9718863361547763 0.06944444444444445 0.03204353083434099 0.09814814814814815
0 0.9295646916565901 0.11064814814814815 0.042926239419588876 0.1175925925925926
0 0.9655380894800484 0.1398148148148148 0.030229746070133012 0.12407407407407407
0 0.9812575574365175 0.11064814814814815 0.032648125755743655 0.12685185185185185
0 0.9546553808948005 0.19675925925925927 0.03506650544135429 0.12129629629629629
0 0.9882103990326482 0.2273148148148148 0.022370012091898428 0.13796296296296295
0 0.9603990326481258 0.24814814814814815 0.034461910519951636 0.13148148148148148
0 0.9740024183796856 0.2865740740740741 0.03869407496977025 0.13240740740740742
0 0.6299879081015719 0.0375 0.032648125755743655 0.07314814814814814
0 0.653869407496977 0.03425925925925926 0.03325272067714631 0.06666666666666667
0 0.5235792019347038 0.062037037037037036 0.030229746070133012 0.1111111111111111
0 0.5096735187424426 0.06157407407407407 0.03506650544135429 0.11388888888888889
0 0.6224304715840387 0.07824074074074074 0.034461910519951636 0.12314814814814815
0 0.5900846432889963 0.0875 0.032648125755743655 0.125
0 0.6487303506650545 0.125 0.032648125755743655 0.11481481481481481
0 0.6623337363966143 0.1375 0.02720677146311971 0.10462962962962963
0 0.6892382103990327 0.1310185185185185 0.03506650544135429 0.1287037037037037
0 0.6568923821039904 0.18009259259259258 0.03325272067714631 0.12314814814814815
0 0.691354292623942 0.1865740740740741 0.02962515114873035 0.11574074074074074
0 0.851571946795647 0.22083333333333333 0.039298669891172915 0.12685185185185185
0 0.4135429262394196 0.08703703703703704 0.032648125755743655 0.12407407407407407
0 0.45163240628778717 0.08935185185185185 0.030229746070133012 0.12129629629629629
0 0.533857315598549 0.11574074074074074 0.03385731559854897 0.12962962962962962
0 0.47732769044740025 0.11574074074074074 0.03204353083434099 0.12222222222222222
0 0.35761789600967353 0.12962962962962962 0.03204353083434099 0.13333333333333333
0 0.3954050785973398 0.1449074074074074 0.030229746070133012 0.13240740740740742
0 0.4114268440145103 0.1763888888888889 0.022370012091898428 0.09351851851851851
0 0.6366384522370012 0.2847222222222222 0.03143893591293833 0.13796296296296295
0 0.13180169286577992 0.13287037037037036 0.02902055622732769 0.1175925925925926
0 0.10066505441354293 0.15462962962962962 0.03204353083434099 0.11296296296296296
0 0.12394195888754535 0.15925925925925927 0.03506650544135429 0.12962962962962962
0 0.16112454655380895 0.16944444444444445 0.034461910519951636 0.13518518518518519
0 0.13422007255139057 0.22916666666666666 0.030229746070133012 0.1287037037037037
0 0.03174123337363966 0.09444444444444444 0.039298669891172915 0.11851851851851852
0 0.007255139056831923 0.15648148148148147 0.013301088270858524 0.14074074074074075
0 0.04232164449818621 0.1361111111111111 0.03869407496977025 0.12407407407407407
0 0.02599758162031439 0.19907407407407407 0.030229746070133012 0.09814814814814815
0 0.042926239419588876 0.17037037037037037 0.03506650544135429 0.14074074074074075
0 0.08857315598548972 0.2861111111111111 0.02962515114873035 0.10555555555555556
0 0.08222490931076179 0.22175925925925927 0.026602176541717048 0.0824074074074074
0 0.5792019347037485 0.04490740740740741 0.037484885126964934 0.08796296296296297
0 0.23669891172914148 0.5916666666666667 0.034461910519951636 0.15555555555555556
0 0.24123337363966144 0.5569444444444445 0.03506650544135429 0.1398148148148148
0 0.15991535671100363 0.5800925925925926 0.044135429262394194 0.13796296296296295
0 0.20495767835550183 0.5875 0.03990326481257558 0.14537037037037037
0 0.21523579201934703 0.538425925925926 0.0471584038694075 0.15092592592592594
0 0.16505441354292624 0.5467592592592593 0.04232164449818621 0.13796296296296295
0 0.6457073760580411 0.5166666666666667 0.03385731559854897 0.14814814814814814
0 0.39993954050785974 0.23425925925925925 0.03204353083434099 0.12407407407407407
0 0.42140266021765416 0.23657407407407408 0.02781136638452237 0.12685185185185185
0 0.6160822249093107 0.5074074074074074 0.030229746070133012 0.14444444444444443
0 0.015719467956469165 0.9532407407407407 0.030229746070133012 0.09537037037037037
0 0.12454655380894801 0.9796296296296296 0.030229746070133012 0.037037037037037035
0 0.15568319226118502 0.9388888888888889 0.05380894800483676 0.12407407407407407
0 0.17533252720677148 0.9657407407407408 0.044740024183796856 0.06666666666666667
0 0.10278113663845223 0.9527777777777777 0.04353083434099154 0.0962962962962963
0 0.058645707376058044 0.9462962962962963 0.053204353083434096 0.10925925925925926
0 0.2218863361547763 0.9143518518518519 0.05078597339782346 0.1712962962962963
0 0.13119709794437726 0.8717592592592592 0.0471584038694075 0.16574074074074074
0 0.7626964933494559 0.6833333333333333 0.039298669891172915 0.14074074074074075
0 0.723397823458283 0.9203703703703704 0.0501813784764208 0.16111111111111112
0 0.8500604594921403 0.4912037037037037 0.03990326481257558 0.1398148148148148
0 0.7261185006045949 0.37592592592592594 0.04232164449818621 0.11851851851851852
0 0.7732769044740024 0.3736111111111111 0.03990326481257558 0.13796296296296295
0 0.812273276904474 0.8648148148148148 0.044135429262394194 0.15555555555555556
0 0.28234582829504234 0.3731481481481482 0.03990326481257558 0.13703703703703704
0 0.2639056831922612 0.3726851851851852 0.034461910519951636 0.1287037037037037
0 0.25574365175332525 0.9708333333333333 0.044740024183796856 0.06018518518518518
0 0.4280532043530834 0.9550925925925926 0.05562273276904474 0.08981481481481482
0 0.5033252720677146 0.812037037037037 0.051390568319226115 0.1814814814814815
0 0.4486094316807739 0.8662037037037037 0.0471584038694075 0.16203703703703703
0 0.5392986698911729 0.5884259259259259 0.037484885126964934 0.15462962962962962
0 0.6055018137847642 0.6620370370370371 0.04897218863361548 0.1574074074074074
0 0.3385731559854897 0.7842592592592592 0.04353083434099154 0.16296296296296298
0 0.5592503022974608 0.5162037037037037 0.041112454655380895 0.13796296296296295
0 0.5399032648125756 0.5009259259259259 0.02418379685610641 0.09444444444444444
0 0.5716444981862152 0.6055555555555555 0.039298669891172915 0.1574074074074074
0 0.4987908101571947 0.8518518518518519 0.04836759371221282 0.2
0 0.36275695284159615 0.47685185185185186 0.036275695284159616 0.14074074074074075
0 0.2998790810157195 0.5037037037037037 0.037484885126964934 0.15925925925925927
0 0.37726723095526 0.39351851851851855 0.03385731559854897 0.14629629629629629
0 0.4957678355501814 0.42592592592592593 0.03143893591293833 0.12962962962962962
0 0.3814993954050786 0.7101851851851851 0.032648125755743655 0.15185185185185185
0 0.39903264812575573 0.7657407407407407 0.049576783555018135 0.15185185185185185
0 0.4238210399032648 0.7490740740740741 0.04232164449818621 0.16111111111111112
0 0.374546553808948 0.7351851851851852 0.04171704957678356 0.17592592592592593
0 0.22430471584038694 0.21712962962962962 0.03990326481257558 0.14351851851851852
0 0.16656590084643288 0.13240740740740742 0.02720677146311971 0.11296296296296296
0 0.19226118500604594 0.1287037037037037 0.03143893591293833 0.13148148148148148
0 0.006952841596130592 0.9083333333333333 0.012696493349455865 0.17407407407407408
0 0.0048367593712212815 0.2101851851851852 0.008464328899637243 0.12037037037037036
0 0.18440145102781136 0.23055555555555557 0.03385731559854897 0.14074074074074075
0 0.5592503022974608 0.6791666666666667 0.04353083434099154 0.15462962962962962
0 0.28355501813784767 0.7263888888888889 0.03990326481257558 0.18425925925925926
0 0.3316203143893591 0.6916666666666667 0.03688029020556227 0.17037037037037037
0 0.6825876662636033 0.6949074074074074 0.0471584038694075 0.14351851851851852
0 0.2651148730350665 0.45555555555555555 0.034461910519951636 0.14074074074074075
0 0.4800483675937122 0.5337962962962963 0.032648125755743655 0.13240740740740742
0 0.47339782345828296 0.5064814814814815 0.0471584038694075 0.12962962962962962
0 0.37122128174123337 0.3648148148148148 0.03869407496977025 0.1425925925925926
0 0.32466747279322855 0.5712962962962963 0.04353083434099154 0.1425925925925926
0 0.47339782345828296 0.4009259259259259 0.030229746070133012 0.14074074074074075
0 0.5075574365175333 0.3888888888888889 0.03204353083434099 0.14629629629629629
0 0.45223700120918986 0.5712962962962963 0.03990326481257558 0.16111111111111112
0 0.16444981862152358 0.22037037037037038 0.02781136638452237 0.11851851851851852
0 0.7799274486094316 0.8763888888888889 0.05562273276904474 0.16203703703703703
0 0.45223700120918986 0.43194444444444446 0.03506650544135429 0.09907407407407408
0 0.4746070133010883 0.44907407407407407 0.02902055622732769 0.11851851851851852
0 0.44347037484885127 0.3541666666666667 0.04171704957678356 0.14907407407407408
