0 0.8435635123614663 0.9556818181818182 0.040068201193520885 0.08409090909090909
0 0.803921568627451 0.9590909090909091 0.056265984654731455 0.08181818181818182
0 0.10528559249786872 0.6840909090909091 0.045183290707587385 0.15
0 0.14620630861040068 0.55625 0.05029838022165388 0.1375
0 0.15814151747655583 0.51875 0.04688832054560955 0.13977272727272727
0 0.20545609548167093 0.5198863636363636 0.05115089514066496 0.12840909090909092
0 0.06010230179028133 0.6505681818181818 0.04688832054560955 0.1375
0 0.6172208013640239 0.9085227272727273 0.0494458653026428 0.14886363636363636
0 0.6364023870417732 0.8886363636363637 0.040068201193520885 0.13863636363636364
0 0.556692242114237 0.6369318181818182 0.04603580562659847 0.1375
0 0.3431372549019608 0.4653409090909091 0.040068201193520885 0.12840909090909092
0 0.46845694799658993 0.6 0.05711849957374254 0.14545454545454545
0 0.38277919863597615 0.5852272727272727 0.04092071611253197 0.15227272727272728
0 0.30818414322250637 0.26931818181818185 0.03324808184143223 0.10227272727272728
0 0.7642796248934356 0.30568181818181817 0.03324808184143223 0.10227272727272728
0 0.7318840579710145 0.27954545454545454 0.03324808184143223 0.11136363636363636
0 0.7911338448422848 0.30625 0.03751065643648764 0.11022727272727273
0 0.8333333333333334 0.48409090909090907 0.043478260869565216 0.12954545454545455
0 0.8000852514919011 0.4994318181818182 0.041773231031543054 0.10568181818181818
0 0.5647911338448423 0.2471590909090909 0.03324808184143223 0.10795454545454546
0 0.8218243819266837 0.6125 0.04092071611253197 0.13863636363636364
0 0.9838022165387894 0.9579545454545455 0.030690537084398978 0.07954545454545454
0 0.20161977834612105 0.7414772727272727 0.041773231031543054 0.13295454545454546
0 0.7037510656436488 0.8710227272727272 0.05200341005967604 0.13295454545454546
0 0.7361466325660699 0.8784090909090909 0.040068201193520885 0.14772727272727273
0 0.927536231884058 0.9397727272727273 0.0784313725490196 0.1159090909090909
0 0.7872975277067349 0.7619318181818182 0.045183290707587385 0.1534090909090909
0 0.6909633418584825 0.8204545454545454 0.040068201193520885 0.14545454545454545
0 0.7945439045183291 0.615909090909091 0.04092071611253197 0.12727272727272726
0 0.7523444160272805 0.4943181818181818 0.03665814151747655 0.13863636363636364
0 0.7736572890025576 0.48920454545454545 0.03324808184143223 0.12386363636363637
0 0.8371696504688833 0.12727272727272726 0.03239556692242114 0.09318181818181819
0 0.8098891730605285 0.10568181818181818 0.028985507246376812 0.10227272727272728
0 0.3473998294970162 0.26079545454545455 0.03324808184143223 0.10795454545454546
0 0.33034953111679455 0.2755681818181818 0.041773231031543054 0.09659090909090909
0 0.15089514066496162 0.2028409090909091 0.03239556692242114 0.09886363636363636
0 0.19607843137254902 0.20852272727272728 0.027280477408354646 0.10113636363636364
0 0.22506393861892582 0.175 0.028985507246376812 0.1
0 0.37084398976982097 0.22613636363636364 0.028985507246376812 0.10454545454545454
0 0.391304347826087 0.23522727272727273 0.027280477408354646 0.09090909090909091
0 0.4663256606990622 0.40454545454545454 0.0443307757885763 0.12954545454545455
0 0.4215686274509804 0.25227272727272726 0.03836317135549872 0.1
0 0.46035805626598464 0.25227272727272726 0.03239556692242114 0.1
0 0.47271952259164535 0.31079545454545454 0.040068201193520885 0.11704545454545455
0 0.4411764705882353 0.2340909090909091 0.026427962489343565 0.08181818181818182
0 0.4722932651321398 0.22272727272727272 0.03239556692242114 0.10454545454545454
0 0.46547314578005117 0.17727272727272728 0.028985507246376812 0.09318181818181819
0 0.4595055413469736 0.15397727272727274 0.028985507246376812 0.09431818181818181
0 0.4185848252344416 0.17045454545454544 0.030690537084398978 0.09772727272727273
0 0.18499573742540495 0.12897727272727272 0.028985507246376812 0.09659090909090909
0 0.25234441602728047 0.1715909090909091 0.03239556692242114 0.10681818181818181
0 0.27237851662404094 0.18693181818181817 0.03154305200341006 0.10113636363636364
0 0.30008525149190113 0.18579545454545454 0.028985507246376812 0.09431818181818181
0 0.2872975277067349 0.17329545454545456 0.028985507246376812 0.09431818181818181
0 0.30477408354646207 0.15625 0.03836317135549872 0.09431818181818181
0 0.5110826939471441 0.16818181818181818 0.03324808184143223 0.11136363636363636
0 0.46845694799658993 0.13465909090909092 0.03495311167945439 0.10340909090909091
0 0.49744245524296676 0.1215909090909091 0.029838022165387893 0.09318181818181819
0 0.3955669224211424 0.15795454545454546 0.03239556692242114 0.1
0 0.46078431372549017 0.1 0.028132992327365727 0.09545454545454546
0 0.4411764705882353 0.10738636363636364 0.021312872975277068 0.06704545454545455
0 0.32225063938618925 0.06761363636363636 0.03239556692242114 0.09659090909090909
0 0.5089514066496164 0.2318181818181818 0.03410059676044331 0.11363636363636363
0 0.016624040920716114 0.4028409090909091 0.03154305200341006 0.12386363636363637
0 0.4825234441602728 0.2909090909090909 0.03410059676044331 0.10227272727272728
0 0.1658141517476556 0.7471590909090909 0.040068201193520885 0.14431818181818182
0 0.6381074168797954 0.9840909090909091 0.040068201193520885 0.029545454545454545
0 0.008951406649616368 0.540340909090909 0.01619778346121057 0.11704545454545455
0 0.7361466325660699 0.7727272727272727 0.045183290707587385 0.13863636363636364
0 0.2595907928388747 0.7960227272727273 0.04688832054560955 0.14431818181818182
0 0.29838022165387895 0.7744318181818182 0.04603580562659847 0.15113636363636362
0 0.3648763853367434 0.7846590909090909 0.04603580562659847 0.14886363636363636
0 0.6956521739130435 0.9789772727272728 0.042625745950554135 0.0375
0 0.03410059676044331 0.30625 0.03580562659846547 0.10113636363636364
0 0.1466325660699062 0.8931818181818182 0.04603580562659847 0.13863636363636364
0 0.30775788576300084 0.5965909090909091 0.05456095481670929 0.14545454545454545
0 0.06479113384484228 0.3028409090909091 0.03751065643648764 0.10568181818181818
0 0.02557544757033248 0.5318181818181819 0.0392156862745098 0.12045454545454545
0 0.1402387041773231 0.6767045454545455 0.040068201193520885 0.13295454545454546
0 0.0392156862745098 0.9744318181818182 0.0392156862745098 0.05113636363636364
0 0.11423699914748509 0.8744318181818181 0.05115089514066496 0.16022727272727272
0 0.34825234441602726 0.22954545454545455 0.0247229326513214 0.09772727272727273
0 0.736999147485081 0.5215909090909091 0.05370843989769821 0.1340909090909091
0 0.7071611253196931 0.2551136363636364 0.03324808184143223 0.10568181818181818
0 0.9100596760443308 0.026704545454545453 0.028132992327365727 0.05113636363636364
0 0.8849104859335039 0.023863636363636365 0.023870417732310314 0.045454545454545456
0 0.8486786018755328 0.02556818181818182 0.03154305200341006 0.048863636363636366
0 0.3137254901960784 0.016477272727272726 0.023870417732310314 0.03068181818181818
0 0.33631713554987214 0.01875 0.028132992327365727 0.035227272727272725
0 0.3627450980392157 0.023295454545454546 0.029838022165387893 0.04431818181818182
0 0.3699914748508099 0.09488636363636363 0.028985507246376812 0.09431818181818181
0 0.38235294117647056 0.023863636363636365 0.0247229326513214 0.045454545454545456
0 0.3917306052855925 0.028409090909090908 0.028132992327365727 0.05454545454545454
0 0.43052003410059675 0.14772727272727273 0.03239556692242114 0.09318181818181819
0 0.4859335038363171 0.04772727272727273 0.030690537084398978 0.08181818181818182
0 0.5115089514066496 0.04602272727272727 0.03239556692242114 0.08977272727272727
0 0.4198635976129582 0.029545454545454545 0.028132992327365727 0.056818181818181816
0 0.4505541346973572 0.031818181818181815 0.03154305200341006 0.06136363636363636
0 0.47911338448422847 0.09261363636363637 0.03239556692242114 0.0875
0 0.5639386189258312 0.04261363636363636 0.0247229326513214 0.08295454545454546
0 0.40238704177323104 0.09488636363636363 0.028985507246376812 0.08977272727272727
