0 0.09921875 0.39814814814814814 0.03697916666666667 0.18518518518518517
0 0.8994791666666667 0.39490740740740743 0.04479166666666667 0.19907407407407407
0 0.2328125 0.475 0.04375 0.22407407407407406
0 0.325 0.4875 0.071875 0.21574074074074073
0 0.26614583333333336 0.41805555555555557 0.04479166666666667 0.2212962962962963
0 0.37994791666666666 0.41759259259259257 0.05364583333333333 0.22777777777777777
0 0.35911458333333335 0.33935185185185185 0.0359375 0.1824074074074074
0 0.3299479166666667 0.3333333333333333 0.03802083333333333 0.19074074074074074
0 0.4088541666666667 0.34675925925925927 0.0375 0.18425925925925926
0 0.4484375 0.37962962962962965 0.05416666666666667 0.20925925925925926
0 0.51328125 0.3875 0.044270833333333336 0.18981481481481483
0 0.7375 0.39166666666666666 0.05416666666666667 0.18703703703703703
0 0.3255208333333333 0.37546296296296294 0.042708333333333334 0.18981481481481483
0 0.31640625 0.3527777777777778 0.043229166666666666 0.18703703703703703
0 0.8213541666666667 0.41203703703703703 0.05416666666666667 0.18703703703703703
0 0.4309895833333333 0.2935185185185185 0.04010416666666667 0.17962962962962964
0 0.78671875 0.3736111111111111 0.044270833333333336 0.1824074074074074
0 0.7244791666666667 0.3648148148148148 0.041666666666666664 0.19074074074074074
0 0.7908854166666667 0.3439814814814815 0.03802083333333333 0.18981481481481483
0 0.7471354166666667 0.33287037037037037 0.0421875 0.20833333333333334
0 0.5734375 0.31527777777777777 0.040625 0.17314814814814813
0 0.2869791666666667 0.25462962962962965 0.036458333333333336 0.15555555555555556
0 0.45755208333333336 0.22175925925925927 0.0328125 0.14166666666666666
0 0.4875 0.23842592592592593 0.03229166666666667 0.12314814814814815
0 0.4921875 0.2064814814814815 0.030208333333333334 0.13518518518518519
0 0.3424479166666667 0.23194444444444445 0.044270833333333336 0.16203703703703703
0 0.5427083333333333 0.11712962962962963 0.023958333333333335 0.11203703703703703
0 0.371875 0.12083333333333333 0.03125 0.1175925925925926
0 0.3502604166666667 0.12314814814814815 0.024479166666666666 0.12777777777777777
0 0.39505208333333336 0.28935185185185186 0.0359375 0.1787037037037037
0 0.3411458333333333 0.12638888888888888 0.03125 0.15092592592592594
0 0.45807291666666666 0.14351851851851852 0.0296875 0.1259259259259259
0 0.4078125 0.1537037037037037 0.026041666666666668 0.10925925925925926
0 0.3807291666666667 0.14907407407407408 0.03125 0.12962962962962962
0 0.36041666666666666 0.16296296296296298 0.023958333333333335 0.09074074074074075
