0 0.35052083333333334 0.300462962962963 0.022916666666666665 0.12129629629629629
0 0.94609375 0.9773148148148149 0.03802083333333333 0.04537037037037037
0 0.25546875 0.9009259259259259 0.07760416666666667 0.19814814814814816
0 0.03854166666666667 0.9203703703703704 0.06979166666666667 0.16111111111111112
0 0.12994791666666666 0.8837962962962963 0.0796875 0.23425925925925925
0 0.06666666666666667 0.8736111111111111 0.051041666666666666 0.25092592592592594
0 0.76640625 0.46944444444444444 0.04114583333333333 0.2111111111111111
0 0.74140625 0.4842592592592593 0.04635416666666667 0.17407407407407408
0 0.7927083333333333 0.49212962962962964 0.042708333333333334 0.2212962962962963
0 0.453125 0.7865740740740741 0.06770833333333333 0.32685185185185184
0 0.37786458333333334 0.7763888888888889 0.0609375 0.31203703703703706
0 0.3299479166666667 0.8518518518518519 0.0734375 0.2814814814814815
0 0.20234375 0.8384259259259259 0.07552083333333333 0.30833333333333335
0 0.14635416666666667 0.8027777777777778 0.07291666666666667 0.27037037037037037
0 0.16223958333333333 0.7662037037037037 0.0671875 0.287962962962963
0 0.25859375 0.725462962962963 0.044270833333333336 0.2601851851851852
0 0.30703125 0.7097222222222223 0.0484375 0.27870370370370373
0 0.3885416666666667 0.6935185185185185 0.05416666666666667 0.23148148148148148
0 0.21380208333333334 0.6370370370370371 0.05260416666666667 0.23333333333333334
0 0.203125 0.5680555555555555 0.06041666666666667 0.19907407407407407
0 0.3611979166666667 0.6171296296296296 0.04635416666666667 0.2101851851851852
0 0.43125 0.6773148148148148 0.053125 0.25462962962962965
0 0.5434895833333333 0.6069444444444444 0.050520833333333334 0.2212962962962963
0 0.37447916666666664 0.5041666666666667 0.04375 0.20092592592592592
0 0.41640625 0.5055555555555555 0.04010416666666667 0.19074074074074074
0 0.68125 0.4425925925925926 0.05416666666666667 0.19814814814814816
0 0.70546875 0.41898148148148145 0.0328125 0.1787037037037037
0 0.5557291666666667 0.44814814814814813 0.04895833333333333 0.17962962962962964
0 0.5364583333333334 0.4699074074074074 0.0375 0.16203703703703703
0 0.5104166666666666 0.4671296296296296 0.040625 0.1824074074074074
0 0.47369791666666666 0.44166666666666665 0.0453125 0.1925925925925926
0 0.24479166666666666 0.46296296296296297 0.035416666666666666 0.17037037037037037
0 0.30520833333333336 0.42083333333333334 0.05 0.19537037037037036
0 0.39427083333333335 0.43333333333333335 0.04583333333333333 0.17222222222222222
0 0.19348958333333333 0.5106481481481482 0.050520833333333334 0.18796296296296297
0 0.5765625 0.4638888888888889 0.0375 0.1814814814814815
0 0.34739583333333335 0.38425925925925924 0.03229166666666667 0.1574074074074074
0 0.59609375 0.5064814814814815 0.050520833333333334 0.1962962962962963
0 0.4510416666666667 0.4356481481481482 0.04375 0.16018518518518518
0 0.6950520833333333 0.5111111111111111 0.0515625 0.1925925925925926
0 0.4075520833333333 0.42685185185185187 0.03802083333333333 0.1685185185185185
0 0.3419270833333333 0.44537037037037036 0.0359375 0.16296296296296298
0 0.4661458333333333 0.40370370370370373 0.03333333333333333 0.17037037037037037
0 0.26458333333333334 0.4148148148148148 0.04583333333333333 0.17407407407407408
0 0.50703125 0.4074074074074074 0.0359375 0.17962962962962964
0 0.3640625 0.3333333333333333 0.029166666666666667 0.13148148148148148
0 0.38776041666666666 0.3837962962962963 0.03177083333333333 0.1712962962962963
0 0.43671875 0.33287037037037037 0.03177083333333333 0.14351851851851852
0 0.5424479166666667 0.4134259259259259 0.0296875 0.16574074074074074
0 0.42135416666666664 0.3175925925925926 0.027083333333333334 0.12962962962962962
0 0.40546875 0.2884259259259259 0.0234375 0.12129629629629629
0 0.3859375 0.324537037037037 0.028125 0.13796296296296295
0 0.5424479166666667 0.399537037037037 0.0359375 0.1824074074074074
0 0.48880208333333336 0.3398148148148148 0.033854166666666664 0.1425925925925926
0 0.5044270833333333 0.3296296296296296 0.03177083333333333 0.14629629629629629
0 0.45989583333333334 0.3138888888888889 0.03125 0.12962962962962962
0 0.42552083333333335 0.28055555555555556 0.026041666666666668 0.11851851851851852
0 0.36640625 0.24814814814814815 0.027604166666666666 0.11851851851851852
0 0.5583333333333333 0.33287037037037037 0.03229166666666667 0.15648148148148147
0 0.578125 0.324537037037037 0.030208333333333334 0.15462962962962962
0 0.4734375 0.25462962962962965 0.023958333333333335 0.12407407407407407
0 0.47291666666666665 0.2361111111111111 0.023958333333333335 0.10925925925925926
0 0.34739583333333335 0.2537037037037037 0.027083333333333334 0.12962962962962962
0 0.440625 0.23981481481481481 0.030208333333333334 0.10555555555555556
0 0.40260416666666665 0.2564814814814815 0.021875 0.10185185185185185
0 0.5203125 0.26435185185185184 0.021875 0.10462962962962963
0 0.3575520833333333 0.43796296296296294 0.03802083333333333 0.17037037037037037
0 0.7830729166666667 0.35833333333333334 0.0296875 0.1685185185185185
0 0.36484375 0.2814814814814815 0.030729166666666665 0.12962962962962962
0 0.5359375 0.32407407407407407 0.03125 0.1259259259259259
