0 0.5296875 0.2064814814814815 0.028125 0.12407407407407407
0 0.36822916666666666 0.21666666666666667 0.030208333333333334 0.12962962962962962
0 0.11197916666666667 0.48009259259259257 0.034375 0.18981481481481483
0 0.5994791666666667 0.29953703703703705 0.03229166666666667 0.15648148148148147
0 0.3494791666666667 0.2162037037037037 0.027083333333333334 0.1398148148148148
0 0.04869791666666667 0.888425925925926 0.0734375 0.225
0 0.06588541666666667 0.9347222222222222 0.07135416666666666 0.13240740740740742
0 0.23880208333333333 0.8462962962962963 0.0828125 0.3055555555555556
0 0.32578125 0.3013888888888889 0.03802083333333333 0.1638888888888889
0 0.3578125 0.6726851851851852 0.058333333333333334 0.275
0 0.6947916666666667 0.46064814814814814 0.06458333333333334 0.20462962962962963
0 0.5783854166666667 0.3199074074074074 0.03802083333333333 0.1527777777777778
0 0.15364583333333334 0.8388888888888889 0.0875 0.32037037037037036
0 0.39869791666666665 0.4263888888888889 0.0546875 0.26944444444444443
0 0.5536458333333333 0.38425925925925924 0.03854166666666667 0.1925925925925926
0 0.4635416666666667 0.3976851851851852 0.03333333333333333 0.16018518518518518
0 0.4328125 0.37824074074074077 0.04583333333333333 0.175
0 0.31276041666666665 0.3675925925925926 0.0359375 0.1685185185185185
0 0.2609375 0.3087962962962963 0.035416666666666666 0.15648148148148147
0 0.4231770833333333 0.2833333333333333 0.0328125 0.13703703703703704
0 0.44140625 0.2726851851851852 0.0296875 0.1287037037037037
0 0.3890625 0.287962962962963 0.027083333333333334 0.10740740740740741
0 0.46197916666666666 0.24583333333333332 0.03333333333333333 0.14907407407407408
0 0.48489583333333336 0.26481481481481484 0.028125 0.09814814814814815
0 0.4080729166666667 0.2222222222222222 0.0296875 0.11851851851851852
0 0.43854166666666666 0.21666666666666667 0.028125 0.10185185185185185
0 0.40182291666666664 0.2050925925925926 0.0296875 0.12129629629629629
0 0.53515625 0.29305555555555557 0.021354166666666667 0.09722222222222222
0 0.5546875 0.262037037037037 0.034375 0.13518518518518519
0 0.4869791666666667 0.2101851851851852 0.03229166666666667 0.1388888888888889
0 0.40963541666666664 0.19166666666666668 0.03177083333333333 0.1259259259259259
0 0.421875 0.20694444444444443 0.026041666666666668 0.12129629629629629
