0 0.284375 0.6819444444444445 0.05416666666666667 0.19907407407407407
0 0.34348958333333335 0.6856481481481481 0.0453125 0.20833333333333334
0 0.4200520833333333 0.6768518518518518 0.0359375 0.18333333333333332
0 0.21484375 0.9375 0.07760416666666667 0.12685185185185185
0 0.3067708333333333 0.9430555555555555 0.06041666666666667 0.11574074074074074
0 0.5317708333333333 0.6203703703703703 0.041666666666666664 0.17962962962962964
0 0.56015625 0.6203703703703703 0.033854166666666664 0.17592592592592593
0 0.79296875 0.5203703703703704 0.025520833333333333 0.09259259259259259
0 0.6234375 0.6444444444444445 0.0375 0.17962962962962964
0 0.7338541666666667 0.8537037037037037 0.05 0.25
0 0.6815104166666667 0.8481481481481481 0.0578125 0.24814814814814815
0 0.45859375 0.562037037037037 0.0234375 0.11296296296296296
0 0.48854166666666665 0.5444444444444444 0.03125 0.14629629629629629
0 0.44817708333333334 0.5921296296296297 0.0296875 0.14351851851851852
0 0.5356770833333333 0.575925925925926 0.0328125 0.14629629629629629
0 0.5127604166666667 0.549074074074074 0.025520833333333333 0.13518518518518519
0 0.5348958333333333 0.549074074074074 0.029166666666666667 0.1425925925925926
0 0.5651041666666666 0.5731481481481482 0.034375 0.14074074074074075
0 0.6067708333333334 0.6662037037037037 0.04583333333333333 0.175
0 0.7557291666666667 0.6527777777777778 0.036458333333333336 0.17407407407407408
0 0.7856770833333333 0.7138888888888889 0.0546875 0.18518518518518517
0 0.909375 0.7152777777777778 0.06145833333333333 0.19907407407407407
0 0.61171875 0.8490740740740741 0.05572916666666667 0.2611111111111111
0 0.80390625 0.6449074074074074 0.04010416666666667 0.1712962962962963
0 0.8817708333333333 0.6976851851851852 0.046875 0.19907407407407407
0 0.978125 0.7263888888888889 0.042708333333333334 0.17314814814814813
0 0.06979166666666667 0.8916666666666667 0.058333333333333334 0.21481481481481482
0 0.121875 0.9060185185185186 0.05520833333333333 0.18981481481481483
0 0.06614583333333333 0.9541666666666667 0.05416666666666667 0.09166666666666666
0 0.25703125 0.812962962962963 0.0484375 0.2037037037037037
0 0.39791666666666664 0.8277777777777777 0.06458333333333334 0.22777777777777777
0 0.90859375 0.7550925925925925 0.049479166666666664 0.20833333333333334
0 0.8098958333333334 0.75 0.058333333333333334 0.21296296296296297
0 0.8450520833333334 0.7402777777777778 0.04739583333333333 0.17314814814814813
0 0.9375 0.7791666666666667 0.042708333333333334 0.13240740740740742
0 0.5138020833333333 0.5023148148148148 0.033854166666666664 0.10648148148148148
0 0.48854166666666665 0.49583333333333335 0.03229166666666667 0.12314814814814815
0 0.41380208333333335 0.49444444444444446 0.0296875 0.1259259259259259
0 0.8260416666666667 0.5611111111111111 0.03125 0.14074074074074075
0 0.4390625 0.487962962962963 0.023958333333333335 0.09074074074074075
0 0.3807291666666667 0.4671296296296296 0.029166666666666667 0.10277777777777777
0 0.4270833333333333 0.4828703703703704 0.025 0.11203703703703703
0 0.7544270833333333 0.43425925925925923 0.027604166666666666 0.08518518518518518
