0 0.7554413542926239 0.9583333333333334 0.04534461910519952 0.08148148148148149
0 0.7113059250302297 0.9740740740740741 0.04050785973397823 0.05185185185185185
0 0.9041717049576784 0.85 0.05501813784764208 0.1425925925925926
0 0.19649334945586458 0.7935185185185185 0.06166868198307134 0.17592592592592593
0 0.17472793228536881 0.8134259259259259 0.05199516324062878 0.16018518518518518
0 0.6314993954050786 0.6361111111111111 0.047762998790810154 0.15925925925925927
0 0.34159613059250304 0.5648148148148148 0.03990326481257558 0.15185185185185185
0 0.31257557436517536 0.5712962962962963 0.0471584038694075 0.14629629629629629
0 0.11305925030229746 0.41944444444444445 0.03990326481257558 0.13703703703703704
0 0.06771463119709795 0.5356481481481481 0.05078597339782346 0.1638888888888889
0 0.12787182587666263 0.5393518518518519 0.046553808948004836 0.16944444444444445
0 0.6305925030229746 0.34305555555555556 0.03506650544135429 0.15648148148148147
0 0.6130592503022975 0.3611111111111111 0.04232164449818621 0.15925925925925927
0 0.6517533252720678 0.38472222222222224 0.03869407496977025 0.15462962962962962
0 0.7351874244256348 0.6833333333333333 0.04353083434099154 0.1537037037037037
0 0.7469770253929867 0.7180555555555556 0.051390568319226115 0.14907407407407408
0 0.3518742442563482 0.2851851851851852 0.04232164449818621 0.13148148148148148
0 0.31650544135429265 0.30185185185185187 0.034461910519951636 0.13518518518518519
0 0.4322853688029021 0.2740740740740741 0.037484885126964934 0.13518518518518519
0 0.43016928657799275 0.29907407407407405 0.04171704957678356 0.14074074074074075
0 0.4573760580411125 0.6027777777777777 0.04171704957678356 0.15555555555555556
0 0.5051390568319226 0.5425925925925926 0.039298669891172915 0.15185185185185185
0 0.5081620314389359 0.5726851851851852 0.044135429262394194 0.14537037037037037
0 0.43409915356711004 0.6365740740740741 0.037484885126964934 0.16574074074074074
0 0.3258766626360339 0.31666666666666665 0.04353083434099154 0.1388888888888889
0 0.6481257557436517 0.7939814814814815 0.045949214026602174 0.1712962962962963
0 0.7306529625151149 0.7962962962962963 0.046553808948004836 0.1537037037037037
0 0.7345828295042321 0.7597222222222222 0.041112454655380895 0.15648148148148147
0 0.9746070133010882 0.8435185185185186 0.04836759371221282 0.1814814814814815
0 0.596130592503023 0.9439814814814815 0.05199516324062878 0.11018518518518519
0 0.9183796856106409 0.6430555555555556 0.049576783555018135 0.16018518518518518
0 0.8784764207980653 0.5949074074074074 0.05199516324062878 0.14907407407407408
0 0.939540507859734 0.5912037037037037 0.0471584038694075 0.15833333333333333
0 0.8739419588875453 0.7458333333333333 0.05259975816203144 0.16944444444444445
0 0.9165659008464329 0.7407407407407407 0.045949214026602174 0.1648148148148148
0 0.8288996372430472 0.7412037037037037 0.05078597339782346 0.16574074074074074
0 0.8044135429262395 0.6986111111111111 0.046553808948004836 0.175
0 0.8437122128174124 0.39537037037037037 0.03688029020556227 0.15
0 0.8836154776299879 0.4222222222222222 0.046553808948004836 0.15185185185185185
0 0.8926844014510278 0.3731481481481482 0.02720677146311971 0.1037037037037037
0 0.9132406287787183 0.36944444444444446 0.02962515114873035 0.10925925925925926
0 0.6952841596130592 0.9078703703703703 0.056831922611850064 0.18611111111111112
0 0.8077388149939541 0.836574074074074 0.06529625151148731 0.16203703703703703
0 0.7817412333736397 0.887962962962963 0.05562273276904474 0.1574074074074074
0 0.18500604594921402 0.05462962962962963 0.03385731559854897 0.10740740740740741
0 0.12333736396614269 0.14629629629629629 0.041112454655380895 0.1537037037037037
0 0.2741837968561064 0.08425925925925926 0.03688029020556227 0.11851851851851852
0 0.4570737605804111 0.040740740740740744 0.03506650544135429 0.07962962962962963
0 0.48246674727932287 0.03611111111111111 0.032648125755743655 0.07037037037037037
0 0.42140266021765416 0.06388888888888888 0.030229746070133012 0.10740740740740741
0 0.4492140266021765 0.12407407407407407 0.03506650544135429 0.13518518518518519
0 0.4866989117291415 0.08333333333333333 0.037484885126964934 0.1259259259259259
0 0.5244860943168077 0.052314814814814814 0.034461910519951636 0.10277777777777777
0 0.5217654171704957 0.07361111111111111 0.032648125755743655 0.12685185185185185
0 0.5423216444981862 0.08472222222222223 0.037484885126964934 0.12685185185185185
0 0.596130592503023 0.053703703703703705 0.036275695284159616 0.10555555555555556
0 0.6275695284159613 0.053703703703703705 0.041112454655380895 0.10555555555555556
0 0.6674727932285369 0.07824074074074074 0.03869407496977025 0.12314814814814815
0 0.6898428053204353 0.06296296296296296 0.030229746070133012 0.10925925925925926
0 0.7128174123337364 0.05740740740740741 0.03506650544135429 0.11296296296296296
0 0.7412333736396615 0.14722222222222223 0.03869407496977025 0.1259259259259259
0 0.785671100362757 0.15925925925925927 0.03325272067714631 0.1111111111111111
0 0.8089480048367593 0.14444444444444443 0.03385731559854897 0.12407407407407407
0 0.9658403869407497 0.08842592592592592 0.03204353083434099 0.12129629629629629
0 0.9253325272067715 0.1259259259259259 0.03204353083434099 0.1259259259259259
0 0.9619105199516325 0.1388888888888889 0.03990326481257558 0.14074074074074075
0 0.9564691656590084 0.21157407407407408 0.04232164449818621 0.14351851851851852
0 0.9068923821039904 0.20324074074074075 0.03990326481257558 0.14907407407407408
0 0.8304111245465539 0.2 0.03083434099153567 0.09444444444444444
0 0.8555018137847642 0.19722222222222222 0.036275695284159616 0.12407407407407407
0 0.873639661426844 0.20972222222222223 0.030229746070133012 0.10462962962962963
0 0.9906287787182587 0.12037037037037036 0.018742442563482467 0.13148148148148148
0 0.908403869407497 0.2810185185185185 0.046553808948004836 0.13796296296296295
0 0.9419588875453446 0.30833333333333335 0.04232164449818621 0.1574074074074074
0 0.9758162031438936 0.2791666666666667 0.037484885126964934 0.15092592592592594
0 0.9812575574365175 0.32083333333333336 0.03506650544135429 0.14351851851851852
0 0.9773276904474002 0.3578703703703704 0.0380894800483676 0.1398148148148148
0 0.9492140266021766 0.36527777777777776 0.0471584038694075 0.14166666666666666
0 0.9347037484885127 0.41759259259259257 0.041112454655380895 0.14629629629629629
0 0.6039903264812576 0.17592592592592593 0.03990326481257558 0.12962962962962962
0 0.6305925030229746 0.17916666666666667 0.03869407496977025 0.14537037037037037
0 0.659310761789601 0.19768518518518519 0.02720677146311971 0.11574074074074074
0 0.6426844014510278 0.19675925925925927 0.03506650544135429 0.12314814814814815
0 0.6112454655380894 0.24305555555555555 0.036275695284159616 0.1398148148148148
0 0.5810157194679565 0.24305555555555555 0.036275695284159616 0.13796296296296295
0 0.6493349455864571 0.24305555555555555 0.030229746070133012 0.10833333333333334
0 0.6765417170495768 0.25555555555555554 0.030229746070133012 0.1037037037037037
0 0.7019347037484885 0.24953703703703703 0.04836759371221282 0.1287037037037037
0 0.7759975816203144 0.30972222222222223 0.039298669891172915 0.13240740740740742
0 0.8080411124546554 0.3111111111111111 0.034461910519951636 0.12407407407407407
0 0.8050181378476421 0.4162037037037037 0.046553808948004836 0.14537037037037037
0 0.26148730350665056 0.2175925925925926 0.039298669891172915 0.13333333333333333
0 0.30864570737605806 0.21805555555555556 0.034461910519951636 0.12685185185185185
0 0.33252720677146314 0.25601851851851853 0.037484885126964934 0.14907407407407408
0 0.2926239419588875 0.2569444444444444 0.03869407496977025 0.1287037037037037
0 0.1889359129383313 0.3055555555555556 0.039298669891172915 0.14444444444444443
0 0.21342200725513905 0.33101851851851855 0.03990326481257558 0.14907407407407408
0 0.23397823458282951 0.35694444444444445 0.02781136638452237 0.09537037037037037
0 0.5090689238210399 0.5125 0.04232164449818621 0.15462962962962962
0 0.15779927448609432 0.1865740740740741 0.037484885126964934 0.12314814814814815
0 0.08403869407496976 0.18425925925925926 0.045949214026602174 0.11481481481481481
0 0.016626360338573155 0.324537037037037 0.03204353083434099 0.14351851851851852
0 0.03657799274486094 0.3375 0.046553808948004836 0.1398148148148148
0 0.1487303506650544 0.41435185185185186 0.044740024183796856 0.15092592592592594
0 0.1293833131801693 0.6726851851851852 0.049576783555018135 0.16574074074074074
0 0.15356711003627568 0.6407407407407407 0.041112454655380895 0.1648148148148148
0 0.18923821039903266 0.6416666666666667 0.037484885126964934 0.15185185185185185
0 0.29776299879081014 0.899074074074074 0.044135429262394194 0.14629629629629629
0 0.3022974607013301 0.8606481481481482 0.06166868198307134 0.16018518518518518
0 0.30652962515114873 0.8287037037037037 0.03869407496977025 0.13148148148148148
0 0.11970979443772672 0.775 0.032648125755743655 0.11851851851851852
0 0.6469165659008465 0.14351851851851852 0.037484885126964934 0.11296296296296296
0 0.094316807738815 0.7773148148148148 0.05562273276904474 0.17314814814814813
0 0.7448609431680774 0.12314814814814815 0.03506650544135429 0.12962962962962962
0 0.4458887545344619 0.06435185185185185 0.03688029020556227 0.12129629629629629
0 0.41777509068923824 0.12407407407407407 0.041112454655380895 0.12037037037037036
0 0.628174123337364 0.12407407407407407 0.03990326481257558 0.1574074074074074
0 0.24123337363966144 0.5893518518518519 0.044740024183796856 0.16018518518518518
0 0.24334945586457074 0.5648148148148148 0.03688029020556227 0.14629629629629629
0 0.14207980652962515 0.6138888888888889 0.044740024183796856 0.1537037037037037
0 0.19709794437726724 0.5879629629629629 0.04232164449818621 0.14629629629629629
0 0.20646916565900847 0.5398148148148149 0.039298669891172915 0.14814814814814814
0 0.1717049576783555 0.562962962962963 0.04353083434099154 0.15
0 0.5646916565900847 0.5662037037037037 0.03990326481257558 0.16018518518518518
0 0.3957073760580411 0.23981481481481481 0.03204353083434099 0.12962962962962962
0 0.4189842805320435 0.24444444444444444 0.032648125755743655 0.12962962962962962
0 0.5973397823458283 0.5444444444444444 0.036275695284159616 0.14629629629629629
0 0.7097944377267231 0.8453703703703703 0.04353083434099154 0.1537037037037037
0 0.8923821039903265 0.663425925925926 0.045949214026602174 0.14907407407407408
0 0.6856106408706167 0.8060185185185185 0.03990326481257558 0.13796296296296295
0 0.727932285368803 0.38101851851851853 0.03990326481257558 0.11574074074074074
0 0.7702539298669892 0.38425925925925924 0.04232164449818621 0.13518518518518519
0 0.282950423216445 0.38101851851851853 0.044740024183796856 0.13796296296296295
0 0.2587666263603386 0.3939814814814815 0.03506650544135429 0.13796296296296295
0 0.2560459492140266 0.9763888888888889 0.039298669891172915 0.049074074074074076
0 0.47309552599758165 0.9782407407407407 0.039298669891172915 0.04537037037037037
0 0.527509068923821 0.8226851851851852 0.044135429262394194 0.18055555555555555
0 0.4477025392986699 0.8736111111111111 0.04534461910519952 0.16018518518518518
0 0.5368802902055623 0.5879629629629629 0.03990326481257558 0.15925925925925927
0 0.5773881499395405 0.8013888888888889 0.056831922611850064 0.1675925925925926
0 0.32799274486094315 0.7717592592592593 0.05259975816203144 0.1675925925925926
0 0.5538089480048367 0.5199074074074074 0.03990326481257558 0.13240740740740742
0 0.5665054413542926 0.6226851851851852 0.04353083434099154 0.15462962962962962
0 0.5015114873035067 0.8662037037037037 0.047762998790810154 0.18796296296296297
0 0.3639661426844015 0.4888888888888889 0.037484885126964934 0.12962962962962962
0 0.30380894800483677 0.40370370370370373 0.04171704957678356 0.14814814814814814
0 0.34582829504232165 0.42777777777777776 0.04232164449818621 0.15185185185185185
0 0.3975211608222491 0.7726851851851851 0.05380894800483676 0.16574074074074074
0 0.41414752116082226 0.7421296296296296 0.04232164449818621 0.1712962962962963
0 0.3685006045949214 0.7398148148148148 0.039298669891172915 0.17407407407407408
0 0.1094316807738815 0.32083333333333336 0.03990326481257558 0.15462962962962962
0 0.009975816203143894 0.24351851851851852 0.018742442563482467 0.13148148148148148
0 0.023881499395405077 0.25601851851851853 0.04171704957678356 0.1398148148148148
0 0.007557436517533253 0.9050925925925926 0.013905683192261185 0.18425925925925926
0 0.005441354292623942 0.2125 0.009673518742442563 0.12685185185185185
0 0.07345828295042321 0.3194444444444444 0.0380894800483676 0.1425925925925926
0 0.5235792019347038 0.7263888888888889 0.049576783555018135 0.14351851851851852
0 0.08615477629987908 0.9046296296296297 0.05743651753325272 0.17777777777777778
0 0.1544740024183797 0.8916666666666667 0.046553808948004836 0.17037037037037037
0 0.6831922611850061 0.6990740740740741 0.05199516324062878 0.14814814814814814
0 0.24274486094316808 0.4634259259259259 0.046553808948004836 0.14166666666666666
0 0.47249093107617895 0.5472222222222223 0.03688029020556227 0.13703703703703704
0 0.46039903264812576 0.5162037037037037 0.04897218863361548 0.13425925925925927
0 0.309552599758162 0.4393518518518518 0.03385731559854897 0.14351851851851852
0 0.29836759371221283 0.6814814814814815 0.051390568319226115 0.15185185185185185
0 0.4727932285368803 0.41759259259259257 0.032648125755743655 0.14629629629629629
0 0.49274486094316805 0.3925925925925926 0.03506650544135429 0.14074074074074075
0 0.5129987908101572 0.6365740740740741 0.03688029020556227 0.15648148148148147
0 0.44740024183796856 0.449537037037037 0.030229746070133012 0.11574074074074074
0 0.4996977025392987 0.4648148148148148 0.03204353083434099 0.11851851851851852
0 0.3134824667472793 0.4703703703703704 0.047762998790810154 0.16296296296296298
0 0.9425634824667473 0.02638888888888889 0.030229746070133012 0.05092592592592592
0 0.9746070133010882 0.024074074074074074 0.02781136638452237 0.046296296296296294
0 0.9863966142684402 0.23981481481481481 0.02599758162031439 0.12407407407407407
0 0.8917775090689238 0.2388888888888889 0.044740024183796856 0.13518518518518519
0 0.5550181378476421 0.049074074074074076 0.037484885126964934 0.0962962962962963
0 0.6792623941958887 0.043055555555555555 0.02962515114873035 0.08425925925925926
0 0.10187424425634825 0.014814814814814815 0.028415961305925032 0.027777777777777776
0 0.07587666263603386 0.01898148148148148 0.02962515114873035 0.03611111111111111
0 0.5819226118500604 0.02546296296296296 0.02720677146311971 0.049074074074074076
