0 0.37575574365175335 0.8175925925925925 0.04050785973397823 0.16666666666666666
0 0.3533857315598549 0.874537037037037 0.047762998790810154 0.15092592592592594
0 0.6432889963724304 0.8245370370370371 0.049576783555018135 0.17685185185185184
0 0.36668681983071344 0.575 0.044135429262394194 0.1425925925925926
0 0.32980652962515117 0.587037037037037 0.04171704957678356 0.14629629629629629
0 0.061970979443772674 0.6018518518518519 0.046553808948004836 0.15
0 0.07134220072551391 0.763425925925926 0.05441354292623942 0.1824074074074074
0 0.11033857315598548 0.7685185185185185 0.051390568319226115 0.19074074074074074
0 0.7070737605804112 0.4638888888888889 0.03688029020556227 0.17037037037037037
0 0.6744256348246674 0.47824074074074074 0.04897218863361548 0.1675925925925926
0 0.6904474002418379 0.5236111111111111 0.04232164449818621 0.16203703703703703
0 0.7892986698911729 0.7671296296296296 0.044135429262394194 0.15648148148148147
0 0.7726723095525998 0.8018518518518518 0.053204353083434096 0.1537037037037037
0 0.36305925030229746 0.2824074074074074 0.03688029020556227 0.13518518518518519
0 0.3152962515114873 0.3074074074074074 0.034461910519951636 0.12962962962962962
0 0.4068923821039903 0.2861111111111111 0.037484885126964934 0.13518518518518519
0 0.39600967351874244 0.30648148148148147 0.041112454655380895 0.14074074074074075
0 0.26964933494558646 0.7652777777777777 0.045949214026602174 0.17314814814814813
0 0.3908706166868198 0.6763888888888889 0.039298669891172915 0.16574074074074074
0 0.3908706166868198 0.6921296296296297 0.04534461910519952 0.15092592592592594
0 0.25755743651753327 0.7962962962962963 0.045949214026602174 0.18518518518518517
0 0.3210399032648126 0.32314814814814813 0.044740024183796856 0.13703703703703704
0 0.6348246674727932 0.9287037037037037 0.04836759371221282 0.14074074074074075
0 0.6922611850060459 0.912962962962963 0.045949214026602174 0.17037037037037037
0 0.656590084643289 0.8847222222222222 0.041112454655380895 0.16203703703703703
0 0.9652357920193471 0.7851851851851852 0.04897218863361548 0.16296296296296298
0 0.914752116082225 0.7393518518518518 0.04836759371221282 0.15092592592592594
0 0.9821644498186215 0.7347222222222223 0.03325272067714631 0.1712962962962963
0 0.8848246674727932 0.9412037037037037 0.058645707376058044 0.1175925925925926
0 0.9310761789600968 0.9421296296296297 0.045949214026602174 0.11574074074074074
0 0.8192261185006046 0.95 0.04836759371221282 0.10185185185185185
0 0.7708585247883918 0.9305555555555556 0.04836759371221282 0.1388888888888889
0 0.81136638452237 0.5291666666666667 0.036275695284159616 0.15092592592592594
0 0.8651753325272068 0.5550925925925926 0.04836759371221282 0.16574074074074074
0 0.8476420798065296 0.4861111111111111 0.03385731559854897 0.1037037037037037
0 0.8742442563482467 0.49907407407407406 0.03385731559854897 0.12222222222222222
0 0.40477629987908104 0.9578703703703704 0.04897218863361548 0.08425925925925926
0 0.154776299879081 0.1476851851851852 0.03506650544135429 0.12685185185185185
0 0.1094316807738815 0.2652777777777778 0.03990326481257558 0.16203703703703703
0 0.18833131801692865 0.1736111111111111 0.034461910519951636 0.125
0 0.6487303506650545 0.10462962962962963 0.03385731559854897 0.12407407407407407
0 0.6774486094316807 0.11064814814814815 0.03204353083434099 0.1175925925925926
0 0.3567110036275695 0.14583333333333334 0.03506650544135429 0.11574074074074074
0 0.3334340991535671 0.21898148148148147 0.039298669891172915 0.13240740740740742
0 0.4347037484885127 0.18009259259259258 0.032648125755743655 0.13240740740740742
0 0.5229746070133011 0.14583333333333334 0.03506650544135429 0.14351851851851852
0 0.4446795646916566 0.13935185185185187 0.03204353083434099 0.125
0 0.5187424425634825 0.18194444444444444 0.03990326481257558 0.12314814814814815
0 0.5912938331318017 0.13194444444444445 0.03506650544135429 0.12314814814814815
0 0.6275695284159613 0.12824074074074074 0.04232164449818621 0.12685185185185185
0 0.6744256348246674 0.1310185185185185 0.044135429262394194 0.12314814814814815
0 0.716142684401451 0.10046296296296296 0.034461910519951636 0.11203703703703703
0 0.7379081015719468 0.12268518518518519 0.034461910519951636 0.13055555555555556
0 0.7675332527206772 0.24675925925925926 0.044135429262394194 0.13240740740740742
0 0.9238210399032648 0.29398148148148145 0.03506650544135429 0.13425925925925927
0 0.9637243047158404 0.2074074074074074 0.032648125755743655 0.12407407407407407
0 0.9135429262394196 0.2518518518518518 0.03506650544135429 0.13148148148148148
0 0.9628174123337364 0.26481481481481484 0.039298669891172915 0.14074074074074075
0 0.9464933494558646 0.3402777777777778 0.04171704957678356 0.15092592592592594
0 0.9123337363966143 0.34444444444444444 0.04232164449818621 0.1574074074074074
0 0.776602176541717 0.33611111111111114 0.02962515114873035 0.09814814814814815
0 0.8041112454655381 0.3138888888888889 0.037484885126964934 0.13518518518518519
0 0.8180169286577993 0.3194444444444444 0.030229746070133012 0.10740740740740741
0 0.9870012091898428 0.2523148148148148 0.024788391777509067 0.14537037037037037
0 0.8993349455864571 0.4115740740740741 0.05259975816203144 0.13796296296296295
0 0.9461910519951633 0.41574074074074074 0.04232164449818621 0.1574074074074074
0 0.9800483675937122 0.39351851851851855 0.037484885126964934 0.1537037037037037
0 0.9806529625151149 0.4222222222222222 0.037484885126964934 0.14629629629629629
0 0.9150544135429263 0.4759259259259259 0.04897218863361548 0.14444444444444443
0 0.9244256348246674 0.5430555555555555 0.0471584038694075 0.14907407407407408
0 0.6061064087061668 0.3101851851851852 0.04171704957678356 0.13703703703703704
0 0.6408706166868199 0.32314814814814813 0.03990326481257558 0.15185185185185185
0 0.7605804111245466 0.29212962962962963 0.032648125755743655 0.12129629629629629
0 0.7424425634824667 0.29259259259259257 0.03506650544135429 0.1259259259259259
0 0.6599153567110037 0.3851851851851852 0.039298669891172915 0.14814814814814814
0 0.6293833131801693 0.37407407407407406 0.036275695284159616 0.1425925925925926
0 0.6916565900846433 0.3680555555555556 0.037484885126964934 0.13425925925925927
0 0.8567110036275696 0.37592592592592594 0.037484885126964934 0.13148148148148148
0 0.8657799274486094 0.362962962962963 0.03506650544135429 0.12407407407407407
0 0.7735792019347038 0.5796296296296296 0.0501813784764208 0.15925925925925927
0 0.15779927448609432 0.33194444444444443 0.04232164449818621 0.13796296296296295
0 0.19407496977025393 0.3236111111111111 0.04232164449818621 0.13240740740740742
0 0.1928657799274486 0.38981481481481484 0.037484885126964934 0.1537037037037037
0 0.14631197097944376 0.3921296296296296 0.03990326481257558 0.1398148148148148
0 0.06378476420798065 0.48935185185185187 0.039298669891172915 0.16574074074074074
0 0.08917775090689238 0.5120370370370371 0.042926239419588876 0.1685185185185185
0 0.11729141475211609 0.5282407407407408 0.032648125755743655 0.09907407407407408
0 0.43440145102781136 0.6532407407407408 0.044135429262394194 0.16203703703703703
0 0.10399032648125756 0.19398148148148148 0.037484885126964934 0.12314814814814815
0 0.08192261185006046 0.2074074074074074 0.039298669891172915 0.12037037037037036
0 0.11003627569528417 0.5990740740740741 0.04836759371221282 0.1574074074074074
0 0.29474002418379686 0.6657407407407407 0.04171704957678356 0.16296296296296298
0 0.3013905683192261 0.638425925925926 0.039298669891172915 0.16574074074074074
0 0.34613059250302297 0.6546296296296297 0.03688029020556227 0.1537037037037037
0 0.593409915356711 0.799074074074074 0.044135429262394194 0.14814814814814814
0 0.5964328899637243 0.7671296296296296 0.0562273276904474 0.16018518518518518
0 0.531136638452237 0.30092592592592593 0.039298669891172915 0.11851851851851852
0 0.3295042321644498 0.8425925925925926 0.049576783555018135 0.1685185185185185
0 0.7781136638452237 0.2263888888888889 0.03385731559854897 0.13796296296296295
0 0.3902660217654172 0.16018518518518518 0.039298669891172915 0.13148148148148148
0 0.3007859733978235 0.22175925925925927 0.042926239419588876 0.12685185185185185
0 0.5178355501813785 0.26157407407407407 0.044135429262394194 0.15833333333333333
0 0.2379081015719468 0.5967592592592592 0.039298669891172915 0.15462962962962962
0 0.24123337363966144 0.5666666666666667 0.037484885126964934 0.14629629629629629
0 0.0773881499395405 0.8296296296296296 0.04836759371221282 0.15925925925925927
0 0.1977025392986699 0.5981481481481481 0.04232164449818621 0.14629629629629629
0 0.2140266021765417 0.5393518518518519 0.037484885126964934 0.15092592592592594
0 0.18016928657799275 0.5597222222222222 0.0471584038694075 0.15462962962962962
0 0.4909310761789601 0.5828703703703704 0.03990326481257558 0.16018518518518518
0 0.3941958887545345 0.24351851851851852 0.030229746070133012 0.12962962962962962
0 0.4135429262394196 0.24953703703703703 0.032648125755743655 0.12685185185185185
0 0.5229746070133011 0.5675925925925925 0.036275695284159616 0.14629629629629629
0 0.7097944377267231 0.9486111111111111 0.03869407496977025 0.10092592592592593
0 0.9111245465538089 0.8402777777777778 0.049576783555018135 0.16574074074074074
0 0.6735187424425635 0.95 0.03869407496977025 0.10185185185185185
0 0.721584038694075 0.38564814814814813 0.039298669891172915 0.1175925925925926
0 0.7663240628778718 0.3888888888888889 0.04171704957678356 0.13703703703703704
0 0.2799274486094317 0.38564814814814813 0.044740024183796856 0.13796296296296295
0 0.2560459492140266 0.39861111111111114 0.034461910519951636 0.13796296296296295
0 0.5495767835550182 0.5060185185185185 0.032648125755743655 0.12685185185185185
0 0.2542321644498186 0.9777777777777777 0.039298669891172915 0.046296296296296294
0 0.47702539298669894 0.9796296296296296 0.03869407496977025 0.04259259259259259
0 0.5314389359129383 0.8291666666666667 0.044740024183796856 0.1787037037037037
0 0.436819830713422 0.8805555555555555 0.04897218863361548 0.1574074074074074
0 0.5347642079806529 0.5907407407407408 0.044135429262394194 0.1574074074074074
0 0.5102781136638452 0.9203703703703704 0.060459492140266025 0.1574074074074074
0 0.32859733978234584 0.7768518518518519 0.044135429262394194 0.17407407407407408
0 0.5532043530834341 0.5236111111111111 0.03990326481257558 0.13240740740740742
0 0.5259975816203144 0.524074074074074 0.030229746070133012 0.10740740740740741
0 0.5474607013301088 0.6231481481481481 0.04171704957678356 0.15185185185185185
0 0.499093107617896 0.8671296296296296 0.046553808948004836 0.18981481481481483
0 0.3585247883917775 0.4888888888888889 0.037484885126964934 0.13518518518518519
0 0.33706166868198306 0.4060185185185185 0.035671100362756954 0.14537037037037037
0 0.31136638452237003 0.4736111111111111 0.037484885126964934 0.16203703703703703
0 0.374546553808948 0.7203703703703703 0.03688029020556227 0.1574074074074074
0 0.3941958887545345 0.7800925925925926 0.04836759371221282 0.1675925925925926
0 0.4150544135429262 0.7472222222222222 0.04534461910519952 0.17037037037037037
0 0.3633615477629988 0.7407407407407407 0.03869407496977025 0.17407407407407408
0 0.008464328899637243 0.42685185185185187 0.015719467956469165 0.16111111111111112
0 0.003929866989117291 0.2518518518518518 0.006650544135429262 0.12962962962962962
0 0.4667472793228537 0.749537037037037 0.044740024183796856 0.15462962962962962
0 0.6807738814993954 0.7060185185185185 0.05199516324062878 0.14907407407407408
0 0.26027811366384523 0.4583333333333333 0.05501813784764208 0.1425925925925926
0 0.4746070133010883 0.5546296296296296 0.03869407496977025 0.13518518518518519
0 0.45949214026602175 0.5212962962962963 0.049576783555018135 0.13518518518518519
0 0.28143893591293834 0.5740740740740741 0.039298669891172915 0.15185185185185185
0 0.20314389359129384 0.8 0.0592503022974607 0.1574074074074074
0 0.4709794437726723 0.42453703703703705 0.032648125755743655 0.14907407407407408
0 0.48911729141475213 0.3990740740740741 0.03385731559854897 0.14074074074074075
0 0.5024183796856106 0.6370370370370371 0.041112454655380895 0.1574074074074074
0 0.45163240628778717 0.4564814814814815 0.030229746070133012 0.11481481481481481
0 0.4954655380894801 0.4675925925925926 0.03204353083434099 0.11851851851851852
0 0.27660217654171704 0.6101851851851852 0.04897218863361548 0.1685185185185185
0 0.18440145102781136 0.9703703703703703 0.037484885126964934 0.06111111111111111
0 0.12273276904474002 0.9657407407407408 0.044740024183796856 0.07037037037037037
0 0.9897218863361548 0.05740740740740741 0.018137847642079808 0.10555555555555556
0 0.9501209189842805 0.031018518518518518 0.03204353083434099 0.06018518518518518
0 0.9794437726723095 0.032407407407407406 0.030229746070133012 0.06296296296296296
0 0.9885126964933495 0.0837962962962963 0.020556227327690448 0.1287037037037037
0 0.9232164449818622 0.04953703703703704 0.036275695284159616 0.09722222222222222
0 0.9564691656590084 0.09490740740740741 0.04232164449818621 0.13055555555555556
0 0.9806529625151149 0.10185185185185185 0.037484885126964934 0.12407407407407407
0 0.9380290205562273 0.12222222222222222 0.04171704957678356 0.13148148148148148
0 0.9192865779927448 0.07222222222222222 0.034461910519951636 0.12037037037037036
0 0.901148730350665 0.12361111111111112 0.04171704957678356 0.13055555555555556
0 0.9851874244256348 0.33287037037037037 0.028415961305925032 0.12685185185185185
0 0.9026602176541717 0.3736111111111111 0.044740024183796856 0.13425925925925927
0 0.5571342200725514 0.024537037037037038 0.02720677146311971 0.04722222222222222
0 0.5392986698911729 0.022222222222222223 0.02539298669891173 0.04259259259259259
0 0.6931680773881499 0.06388888888888888 0.03688029020556227 0.11296296296296296
0 0.6695888754534461 0.08009259259259259 0.034461910519951636 0.12685185185185185
0 0.5535066505441354 0.1476851851851852 0.04171704957678356 0.13425925925925927
0 0.7176541717049577 0.12824074074074074 0.03506650544135429 0.1287037037037037
0 0.20102781136638453 0.018518518518518517 0.03204353083434099 0.03518518518518519
0 0.07164449818621524 0.019444444444444445 0.02962515114873035 0.037037037037037035
0 0.09975816203143893 0.022685185185185187 0.02418379685610641 0.04351851851851852
0 0.47249093107617895 0.038425925925925926 0.03325272067714631 0.075
0 0.4909310761789601 0.04490740740740741 0.03385731559854897 0.08796296296296297
0 0.4337968561064087 0.021296296296296296 0.02599758162031439 0.040740740740740744
0 0.187726723095526 0.056018518518518516 0.034461910519951636 0.11018518518518519
0 0.15145102781136638 0.059722222222222225 0.03688029020556227 0.11574074074074074
0 0.6469165659008465 0.07222222222222222 0.036275695284159616 0.13333333333333333
0 0.6172914147521161 0.07407407407407407 0.03385731559854897 0.12407407407407407
0 0.46130592503022977 0.10138888888888889 0.032648125755743655 0.11018518518518519
0 0.44226118500604594 0.07546296296296297 0.02962515114873035 0.1287037037037037
0 0.3044135429262394 0.05925925925925926 0.035671100362756954 0.11666666666666667
0 0.25665054413542926 0.041666666666666664 0.034461910519951636 0.08148148148148149
0 0.5740628778718259 0.01990740740740741 0.02720677146311971 0.03796296296296296
