0 0.8627569528415961 0.9453703703703704 0.044740024183796856 0.1111111111111111
0 0.8742442563482467 0.9143518518518519 0.056831922611850064 0.16203703703703703
0 0.39903264812575573 0.9254629629629629 0.045949214026602174 0.15092592592592594
0 0.43409915356711004 0.8967592592592593 0.045949214026602174 0.15833333333333333
0 0.36698911729141476 0.9074074074074074 0.049576783555018135 0.1648148148148148
0 0.6499395405078597 0.7657407407407407 0.044740024183796856 0.14074074074074075
0 0.1003627569528416 0.7726851851851851 0.0471584038694075 0.16944444444444445
0 0.02690447400241838 0.5476851851851852 0.05259975816203144 0.16018518518518518
0 0.009068923821039904 0.5638888888888889 0.016928657799274487 0.1574074074074074
0 0.4960701330108827 0.32731481481481484 0.03688029020556227 0.14166666666666666
0 0.10973397823458284 0.4634259259259259 0.03204353083434099 0.14351851851851852
0 0.07859733978234583 0.4703703703703704 0.0471584038694075 0.14629629629629629
0 0.10822249093107618 0.1986111111111111 0.03990326481257558 0.13796296296296295
0 0.07134220072551391 0.22916666666666666 0.03506650544135429 0.14351851851851852
0 0.10973397823458284 0.24305555555555555 0.044135429262394194 0.14351851851851852
0 0.17835550181378476 0.26851851851851855 0.044740024183796856 0.14074074074074075
0 0.21342200725513905 0.2712962962962963 0.04232164449818621 0.15185185185185185
0 0.0063482466747279325 0.5222222222222223 0.011487303506650543 0.1574074074074074
0 0.4987908101571947 0.16064814814814815 0.030229746070133012 0.1398148148148148
0 0.12363966142684402 0.3375 0.035671100362756954 0.1287037037037037
0 0.12424425634824668 0.38842592592592595 0.047762998790810154 0.15092592592592594
0 0.21160822249093109 0.3300925925925926 0.037484885126964934 0.14907407407407408
0 0.18561064087061668 0.32407407407407407 0.04232164449818621 0.12962962962962962
0 0.5314389359129383 0.19074074074074074 0.041112454655380895 0.14629629629629629
0 0.5610640870616687 0.18472222222222223 0.032648125755743655 0.1398148148148148
0 0.6662636033857315 0.4791666666666667 0.04232164449818621 0.15092592592592594
0 0.7037484885126964 0.462037037037037 0.045949214026602174 0.1425925925925926
0 0.4467956469165659 0.24444444444444444 0.037484885126964934 0.12407407407407407
0 0.4519347037484885 0.26481481481481484 0.02720677146311971 0.11296296296296296
0 0.48155985489721886 0.2361111111111111 0.02599758162031439 0.13518518518518519
0 0.5081620314389359 0.23472222222222222 0.03204353083434099 0.14166666666666666
0 0.585247883917775 0.25324074074074077 0.037484885126964934 0.13425925925925927
0 0.6124546553808948 0.2490740740740741 0.03506650544135429 0.13148148148148148
0 0.6668681983071342 0.25 0.03506650544135429 0.14074074074074075
0 0.6302902055622733 0.28425925925925927 0.0380894800483676 0.1537037037037037
0 0.48246674727932287 0.27361111111111114 0.030229746070133012 0.13240740740740742
0 0.9292623941958887 0.9365740740740741 0.04353083434099154 0.1287037037037037
0 0.7243047158403869 0.6240740740740741 0.0471584038694075 0.1648148148148148
0 0.7914147521160823 0.5856481481481481 0.04232164449818621 0.15092592592592594
0 0.7823458282950423 0.5319444444444444 0.03990326481257558 0.1398148148148148
0 0.9117291414752116 0.5087962962962963 0.03869407496977025 0.1398148148148148
0 0.8748488512696493 0.48518518518518516 0.044740024183796856 0.14074074074074075
0 0.6677750906892382 0.5810185185185185 0.044135429262394194 0.15462962962962962
0 0.8521765417170496 0.4148148148148148 0.04171704957678356 0.14444444444444443
0 0.8162031438935913 0.37916666666666665 0.0471584038694075 0.13240740740740742
0 0.871825876662636 0.36944444444444446 0.049576783555018135 0.1425925925925926
0 0.7723700120918985 0.4273148148148148 0.046553808948004836 0.14537037037037037
0 0.7729746070133011 0.4449074074074074 0.039298669891172915 0.13796296296296295
0 0.9842805320435308 0.3050925925925926 0.02539298669891173 0.1287037037037037
0 0.7303506650544136 0.4097222222222222 0.041112454655380895 0.1361111111111111
0 0.6967956469165659 0.37222222222222223 0.04050785973397823 0.15185185185185185
0 0.9141475211608222 0.2361111111111111 0.032648125755743655 0.13518518518518519
0 0.9513301088270859 0.2537037037037037 0.04171704957678356 0.13703703703703704
0 0.9277509068923822 0.21481481481481482 0.02962515114873035 0.10740740740740741
0 0.9552599758162031 0.45416666666666666 0.0471584038694075 0.15462962962962962
0 0.8663845223700121 0.6805555555555556 0.049576783555018135 0.18518518518518517
0 0.9682587666263603 0.41064814814814815 0.039298669891172915 0.14351851851851852
0 0.964328899637243 0.5976851851851852 0.044740024183796856 0.17314814814814813
0 0.8932889963724304 0.5407407407407407 0.062273276904474005 0.1425925925925926
0 0.9053808948004837 0.5814814814814815 0.039298669891172915 0.14074074074074075
0 0.5139056831922612 0.016666666666666666 0.032648125755743655 0.03148148148148148
0 0.3222490931076179 0.025925925925925925 0.030229746070133012 0.05
0 0.567714631197098 0.031018518518518518 0.037484885126964934 0.06018518518518518
0 0.7073760580411125 0.025 0.022974607013301087 0.04814814814814815
0 0.6632406287787183 0.030555555555555555 0.02781136638452237 0.05925925925925926
0 0.6837968561064087 0.03333333333333333 0.02781136638452237 0.06481481481481481
0 0.9165659008464329 0.04490740740740741 0.02539298669891173 0.08425925925925926
0 0.9564691656590084 0.04537037037037037 0.032648125755743655 0.08888888888888889
0 0.944074969770254 0.07083333333333333 0.04171704957678356 0.11574074074074074
0 0.9709794437726723 0.09305555555555556 0.030229746070133012 0.12314814814814815
0 0.9836759371221282 0.0837962962962963 0.03143893591293833 0.12685185185185185
0 0.9619105199516325 0.14953703703703702 0.03506650544135429 0.12129629629629629
0 0.9897218863361548 0.1824074074074074 0.019347037484885126 0.13148148148148148
0 0.9740024183796856 0.21712962962962962 0.03385731559854897 0.13240740740740742
0 0.9824667472793228 0.2550925925925926 0.03143893591293833 0.13240740740740742
0 0.49848851269649336 0.041666666666666664 0.02962515114873035 0.08148148148148149
0 0.6345223700120919 0.050462962962962966 0.034461910519951636 0.09907407407407408
0 0.6033857315598549 0.053703703703703705 0.032648125755743655 0.10555555555555556
0 0.6535671100362757 0.08981481481481482 0.032648125755743655 0.11481481481481481
0 0.6541717049576784 0.10787037037037037 0.02781136638452237 0.10462962962962963
0 0.682285368802902 0.09861111111111111 0.0380894800483676 0.1287037037037037
0 0.6278718258766627 0.1425925925925926 0.034461910519951636 0.12037037037037036
0 0.6644498186215235 0.14953703703703702 0.030229746070133012 0.11574074074074074
0 0.8845223700120919 0.17824074074074073 0.03990326481257558 0.12685185185185185
0 0.4480048367593712 0.06157407407407407 0.032648125755743655 0.11944444444444445
0 0.48518742442563484 0.060648148148148145 0.034461910519951636 0.11944444444444445
0 0.5634824667472793 0.08148148148148149 0.03385731559854897 0.12962962962962962
0 0.524788391777509 0.0787037037037037 0.036275695284159616 0.11481481481481481
0 0.40447400241837966 0.08888888888888889 0.032648125755743655 0.13148148148148148
0 0.44316807738814995 0.10740740740740741 0.032648125755743655 0.13148148148148148
0 0.4528415961305925 0.13333333333333333 0.022974607013301087 0.08888888888888889
0 0.6469165659008465 0.23564814814814813 0.03143893591293833 0.13796296296296295
0 0.12998790810157196 0.12361111111111112 0.030229746070133012 0.1175925925925926
0 0.10429262394195889 0.14351851851851852 0.03204353083434099 0.11296296296296296
0 0.15900846432889965 0.12638888888888888 0.03385731559854897 0.1287037037037037
0 0.20737605804111245 0.13055555555555556 0.03506650544135429 0.13518518518518519
0 0.14268440145102781 0.1935185185185185 0.030229746070133012 0.13518518518518519
0 0.07648125755743652 0.050462962962962966 0.039298669891172915 0.09907407407407408
0 0.005139056831922612 0.09583333333333334 0.009068923821039904 0.12685185185185185
0 0.02992744860943168 0.12453703703703704 0.03688029020556227 0.1287037037037037
0 0.07496977025392987 0.0875 0.03869407496977025 0.1175925925925926
0 0.03355501813784764 0.16111111111111112 0.02962515114873035 0.09814814814814815
0 0.056831922611850064 0.1259259259259259 0.03506650544135429 0.14074074074074075
0 0.013301088270858524 0.11435185185185186 0.02539298669891173 0.13796296296296295
0 0.7300483675937122 0.022685185185185187 0.034461910519951636 0.04351851851851852
0 0.23367593712212817 0.5935185185185186 0.03204353083434099 0.1537037037037037
0 0.2370012091898428 0.5560185185185185 0.03506650544135429 0.1398148148148148
0 0.16112454655380895 0.5791666666666667 0.04171704957678356 0.13796296296296295
0 0.2028415961305925 0.5921296296296297 0.039298669891172915 0.15462962962962962
0 0.2158403869407497 0.5324074074074074 0.0471584038694075 0.15185185185185185
0 0.17200725513905682 0.5412037037037037 0.04171704957678356 0.13796296296296295
0 0.6451027811366384 0.5009259259259259 0.03506650544135429 0.14814814814814814
0 0.3996372430471584 0.2300925925925926 0.032648125755743655 0.1287037037037037
0 0.42200725513905685 0.23287037037037037 0.02781136638452237 0.12685185185185185
0 0.6139661426844014 0.4976851851851852 0.03688029020556227 0.14351851851851852
0 0.04383313180169287 0.9171296296296296 0.05380894800483676 0.1675925925925926
0 0.1523579201934704 0.9407407407407408 0.03990326481257558 0.11851851851851852
0 0.19709794437726724 0.8800925925925925 0.05804111245465538 0.17314814814814813
0 0.19014510278113664 0.9328703703703703 0.04897218863361548 0.1361111111111111
0 0.11305925030229746 0.9162037037037037 0.03990326481257558 0.1638888888888889
0 0.09250302297460701 0.9060185185185186 0.049576783555018135 0.16018518518518518
0 0.2530229746070133 0.8458333333333333 0.046553808948004836 0.1712962962962963
0 0.13996372430471585 0.7791666666666667 0.046553808948004836 0.16574074074074074
0 0.7726723095525998 0.6407407407407407 0.03990326481257558 0.13518518518518519
0 0.9860943168077388 0.9740740740740741 0.026602176541717048 0.053703703703703705
0 0.7962515114873036 0.9092592592592592 0.03385731559854897 0.10925925925925926
0 0.7847642079806529 0.8666666666666667 0.049576783555018135 0.16296296296296298
0 0.018137847642079808 0.3537037037037037 0.03506650544135429 0.15
0 0.12636033857315598 0.9662037037037037 0.04232164449818621 0.06944444444444445
0 0.8373639661426844 0.449537037037037 0.03990326481257558 0.1398148148148148
0 0.7348851269649335 0.5976851851851852 0.035671100362756954 0.13796296296296295
0 0.7285368802902056 0.3726851851851852 0.04232164449818621 0.11944444444444445
0 0.7744860943168077 0.37175925925925923 0.03990326481257558 0.13796296296296295
0 0.7539298669891172 0.812962962962963 0.04353083434099154 0.1574074074074074
0 0.2841596130592503 0.3685185185185185 0.04232164449818621 0.13703703703703704
0 0.2669286577992745 0.3699074074074074 0.034461910519951636 0.1287037037037037
0 0.5616686819830713 0.49166666666666664 0.032648125755743655 0.12407407407407407
0 0.2581620314389359 0.9699074074074074 0.044740024183796856 0.062037037037037036
0 0.4322853688029021 0.9537037037037037 0.05441354292623942 0.09259259259259259
0 0.5024183796856106 0.8087962962962963 0.049576783555018135 0.1787037037037037
0 0.45102781136638453 0.8597222222222223 0.0471584038694075 0.16203703703703703
0 0.5492744860943168 0.6060185185185185 0.04171704957678356 0.15462962962962962
0 0.6042926239419589 0.6398148148148148 0.04897218863361548 0.14814814814814814
0 0.33706166868198306 0.7837962962962963 0.046553808948004836 0.16203703703703703
0 0.560459492140266 0.513425925925926 0.041112454655380895 0.13796296296296295
0 0.5411124546553809 0.5060185185185185 0.02539298669891173 0.10648148148148148
0 0.5840386940749698 0.600925925925926 0.03990326481257558 0.1574074074074074
0 0.5048367593712213 0.8560185185185185 0.049576783555018135 0.18796296296296297
0 0.3512696493349456 0.47314814814814815 0.037484885126964934 0.14074074074074075
0 0.28536880290205563 0.5259259259259259 0.03990326481257558 0.15925925925925927
0 0.3851269649334946 0.3763888888888889 0.03385731559854897 0.15092592592592594
0 0.5030229746070133 0.42407407407407405 0.03143893591293833 0.14444444444444443
0 0.4014510278113664 0.7611111111111111 0.049576783555018135 0.15555555555555556
0 0.4238210399032648 0.7444444444444445 0.04232164449818621 0.14444444444444443
0 0.3778718258766626 0.7328703703703704 0.04232164449818621 0.1712962962962963
0 0.2478839177750907 0.2 0.036275695284159616 0.1425925925925926
0 0.18288996372430472 0.09259259259259259 0.02720677146311971 0.11296296296296296
0 0.20042321644498187 0.08842592592592592 0.03204353083434099 0.12685185185185185
0 0.007859733978234583 0.9055555555555556 0.014510278113663845 0.17407407407407408
0 0.005441354292623942 0.20462962962962963 0.009673518742442563 0.12037037037037036
0 0.21856106408706166 0.20925925925925926 0.03204353083434099 0.14074074074074075
0 0.5610640870616687 0.6763888888888889 0.04353083434099154 0.15462962962962962
0 0.31106408706166866 0.6754629629629629 0.039298669891172915 0.1712962962962963
0 0.37001209189842804 0.6583333333333333 0.036275695284159616 0.15185185185185185
0 0.6825876662636033 0.6912037037037037 0.0471584038694075 0.14907407407407408
0 0.2678355501813785 0.45 0.03506650544135429 0.14074074074074075
0 0.4879081015719468 0.5300925925925926 0.03506650544135429 0.13425925925925927
0 0.4727932285368803 0.5046296296296297 0.0471584038694075 0.12962962962962962
0 0.3730350665054414 0.362962962962963 0.03990326481257558 0.1425925925925926
0 0.33222490931076176 0.5694444444444444 0.02962515114873035 0.1425925925925926
0 0.4740024183796856 0.3962962962962963 0.030229746070133012 0.14074074074074075
0 0.5093712212817413 0.3875 0.039298669891172915 0.14537037037037037
0 0.4325876662636034 0.5458333333333333 0.039298669891172915 0.15833333333333333
0 0.18923821039903266 0.2064814814814815 0.02781136638452237 0.11851851851851852
0 0.7176541717049577 0.8194444444444444 0.05199516324062878 0.1574074074074074
0 0.469770253929867 0.4462962962962963 0.02902055622732769 0.11851851851851852
0 0.4957678355501814 0.3476851851851852 0.044740024183796856 0.14907407407407408
