0 0.4758162031438936 0.6699074074074074 0.041112454655380895 0.15648148148148147
0 0.5036275695284159 0.65 0.036275695284159616 0.13703703703703704
0 0.49727932285368803 0.8212962962962963 0.04897218863361548 0.17407407407407408
0 0.4833736396614268 0.8949074074074074 0.0562273276904474 0.17314814814814813
0 0.522067714631197 0.7888888888888889 0.039298669891172915 0.1425925925925926
0 0.5580411124546554 0.6546296296296297 0.05441354292623942 0.17962962962962964
0 0.4558645707376058 0.33194444444444443 0.03990326481257558 0.15648148148148147
0 0.5701330108827086 0.8152777777777778 0.04836759371221282 0.1712962962962963
0 0.5779927448609432 0.7787037037037037 0.03506650544135429 0.14629629629629629
0 0.5453446191051995 0.9462962962962963 0.049576783555018135 0.10925925925925926
0 0.4576783555018138 0.7574074074074074 0.05199516324062878 0.1685185185185185
0 0.3059250302297461 0.9569444444444445 0.049576783555018135 0.08796296296296297
0 0.659310761789601 0.9532407407407407 0.05743651753325272 0.09537037037037037
0 0.47702539298669894 0.36944444444444446 0.04232164449818621 0.16296296296296298
0 0.6967956469165659 0.7476851851851852 0.05743651753325272 0.1824074074074074
0 0.6139661426844014 0.9537037037037037 0.047762998790810154 0.09259259259259259
0 0.27327690447400244 0.9481481481481482 0.05441354292623942 0.10555555555555556
0 0.6188029020556227 0.7935185185185185 0.05985489721886336 0.17592592592592593
0 0.5655985489721886 0.7527777777777778 0.046553808948004836 0.1574074074074074
0 0.45435308343409914 0.8583333333333333 0.039298669891172915 0.15185185185185185
0 0.43742442563482464 0.7361111111111112 0.04534461910519952 0.1574074074074074
0 0.6444981862152358 0.4263888888888889 0.03990326481257558 0.14351851851851852
0 0.6961910519951633 0.4263888888888889 0.046553808948004836 0.14907407407407408
0 0.06469165659008465 0.8865740740740741 0.060459492140266025 0.1787037037037037
0 0.7639056831922612 0.6726851851851852 0.046553808948004836 0.1675925925925926
0 0.6067110036275696 0.42083333333333334 0.04897218863361548 0.1712962962962963
0 0.5054413542926239 0.5069444444444444 0.037484885126964934 0.15648148148148147
0 0.7357920193470375 0.5925925925925926 0.044740024183796856 0.15925925925925927
0 0.782950423216445 0.5722222222222222 0.049576783555018135 0.17407407407407408
0 0.5423216444981862 0.49675925925925923 0.04232164449818621 0.16018518518518518
0 0.5683192261185006 0.5120370370370371 0.04232164449818621 0.13703703703703704
0 0.563180169286578 0.26666666666666666 0.034461910519951636 0.1574074074074074
0 0.8186215235792019 0.8217592592592593 0.05804111245465538 0.19907407407407407
0 0.874546553808948 0.8106481481481481 0.051390568319226115 0.1935185185185185
0 0.5326481257557436 0.2851851851851852 0.037484885126964934 0.14814814814814814
0 0.5157194679564692 0.37407407407407406 0.04353083434099154 0.15925925925925927
0 0.5371825876662636 0.35462962962962963 0.0380894800483676 0.1425925925925926
0 0.49818621523579204 0.5550925925925926 0.03990326481257558 0.16574074074074074
0 0.5290205562273277 0.5453703703703704 0.04232164449818621 0.14814814814814814
0 0.5447400241837969 0.5819444444444445 0.045949214026602174 0.1712962962962963
0 0.5767835550181378 0.6129629629629629 0.036275695284159616 0.14074074074074075
0 0.6042926239419589 0.6064814814814815 0.044135429262394194 0.15555555555555556
0 0.9764207980652962 0.9333333333333333 0.045949214026602174 0.13518518518518519
0 0.6738210399032648 0.6365740740740741 0.046553808948004836 0.16944444444444445
0 0.5722490931076178 0.8550925925925926 0.04897218863361548 0.15462962962962962
0 0.6169891172914147 0.8814814814814815 0.08887545344619105 0.1648148148148148
0 0.5169286577992744 0.7430555555555556 0.0471584038694075 0.17314814814814813
0 0.780229746070133 0.48055555555555557 0.039298669891172915 0.14814814814814814
0 0.8029020556227328 0.4726851851851852 0.03869407496977025 0.13240740740740742
0 0.7835550181378477 0.4356481481481482 0.049576783555018135 0.15462962962962962
0 0.810459492140266 0.41759259259259257 0.03688029020556227 0.12962962962962962
0 0.9111245465538089 0.462037037037037 0.044740024183796856 0.14629629629629629
0 0.8642684401451027 0.3638888888888889 0.046553808948004836 0.15925925925925927
0 0.8313180169286578 0.3712962962962963 0.041112454655380895 0.1388888888888889
0 0.8189238210399032 0.45185185185185184 0.034461910519951636 0.13148148148148148
0 0.8412938331318017 0.4203703703703704 0.034461910519951636 0.13148148148148148
0 0.5707376058041113 0.8814814814814815 0.037484885126964934 0.16111111111111112
0 0.24365175332527206 0.7606481481481482 0.053204353083434096 0.1527777777777778
0 0.17684401451027812 0.7791666666666667 0.05743651753325272 0.15648148148148147
0 0.07255139056831923 0.6875 0.049576783555018135 0.175
0 0.8216444981862152 0.7208333333333333 0.05441354292623942 0.18611111111111112
0 0.7493954050785974 0.49212962962962964 0.034461910519951636 0.1287037037037037
0 0.8793833131801693 0.45555555555555555 0.039298669891172915 0.1537037037037037
0 0.9764207980652962 0.41435185185185186 0.04232164449818621 0.14907407407407408
0 0.8506650544135429 0.34074074074074073 0.0471584038694075 0.17037037037037037
0 0.9068923821039904 0.2916666666666667 0.03869407496977025 0.14074074074074075
0 0.939540507859734 0.26805555555555555 0.04232164449818621 0.1527777777777778
0 0.966142684401451 0.15925925925925927 0.03869407496977025 0.13148148148148148
0 0.8700120918984281 0.2875 0.03990326481257558 0.15092592592592594
0 0.749093107617896 0.18703703703703703 0.03990326481257558 0.14629629629629629
0 0.7738814993954051 0.20324074074074075 0.037484885126964934 0.14351851851851852
0 0.875453446191052 0.2462962962962963 0.041112454655380895 0.13518518518518519
0 0.9253325272067715 0.22083333333333333 0.039298669891172915 0.13796296296296295
0 0.8996372430471584 0.23287037037037037 0.03506650544135429 0.13240740740740742
0 0.8694074969770254 0.17685185185185184 0.037484885126964934 0.13148148148148148
0 0.9008464328899637 0.1884259259259259 0.04232164449818621 0.13240740740740742
0 0.9286577992744861 0.14027777777777778 0.03869407496977025 0.13240740740740742
0 0.9081015719467956 0.08101851851851852 0.037484885126964934 0.1361111111111111
0 0.036275695284159616 0.30277777777777776 0.049576783555018135 0.1425925925925926
0 0.008766626360338573 0.32037037037037036 0.016324062877871828 0.14814814814814814
0 0.005139056831922612 0.2657407407407407 0.009068923821039904 0.1425925925925926
0 0.06711003627569528 0.22685185185185186 0.037484885126964934 0.14629629629629629
0 0.08917775090689238 0.2037037037037037 0.034461910519951636 0.12407407407407407
0 0.1094316807738815 0.1763888888888889 0.041112454655380895 0.14907407407407408
0 0.10399032648125756 0.31712962962962965 0.041112454655380895 0.14351851851851852
0 0.16203143893591293 0.287962962962963 0.04232164449818621 0.14629629629629629
0 0.08645707376058041 0.26481481481481484 0.032648125755743655 0.10925925925925926
0 0.07013301088270858 0.3731481481481482 0.04353083434099154 0.17037037037037037
0 0.10761789600967352 0.25 0.03869407496977025 0.14629629629629629
0 0.13784764207980654 0.26944444444444443 0.03143893591293833 0.12407407407407407
0 0.13603385731559856 0.3023148148148148 0.02539298669891173 0.09907407407407408
0 0.5332527206771464 0.43472222222222223 0.049576783555018135 0.1675925925925926
0 0.7237001209189843 0.5050925925925925 0.05441354292623942 0.1675925925925926
0 0.723397823458283 0.46805555555555556 0.046553808948004836 0.15092592592592594
0 0.56136638452237 0.4111111111111111 0.046553808948004836 0.15185185185185185
0 0.6438935912938332 0.3768518518518518 0.044740024183796856 0.15555555555555556
0 0.7043530834340992 0.34074074074074073 0.04353083434099154 0.13148148148148148
0 0.6402660217654171 0.34675925925925927 0.04232164449818621 0.14537037037037037
0 0.7759975816203144 0.29398148148148145 0.034461910519951636 0.1398148148148148
0 0.750906892382104 0.31527777777777777 0.03990326481257558 0.14907407407407408
0 0.7185610640870617 0.3023148148148148 0.042926239419588876 0.14537037037037037
0 0.7342805320435308 0.2310185185185185 0.03204353083434099 0.10462962962962963
0 0.6596130592503023 0.29953703703703705 0.045949214026602174 0.1398148148148148
0 0.6983071342200725 0.23981481481481481 0.044740024183796856 0.1425925925925926
0 0.650241837968561 0.2175925925925926 0.03204353083434099 0.14074074074074075
0 0.6653567110036276 0.25 0.03688029020556227 0.14074074074074075
0 0.5994558645707376 0.36712962962962964 0.04171704957678356 0.14907407407407408
0 0.560459492140266 0.34814814814814815 0.04232164449818621 0.1425925925925926
0 0.5973397823458283 0.31574074074074077 0.03990326481257558 0.15925925925925927
0 0.567714631197098 0.300462962962963 0.032648125755743655 0.12685185185185185
0 0.6039903264812576 0.287962962962963 0.03143893591293833 0.1574074074074074
0 0.5994558645707376 0.2523148148148148 0.04171704957678356 0.16018518518518518
0 0.6414752116082225 0.1597222222222222 0.049576783555018135 0.12129629629629629
0 0.2889963724304716 0.08287037037037037 0.03869407496977025 0.1398148148148148
0 0.25574365175332525 0.08009259259259259 0.03506650544135429 0.13240740740740742
0 0.717049576783555 0.10740740740740741 0.03990326481257558 0.14074074074074075
0 0.7415356711003628 0.09675925925925925 0.035671100362756954 0.1287037037037037
0 0.9866989117291415 0.32916666666666666 0.02539298669891173 0.10648148148148148
0 0.7001209189842805 0.47824074074074074 0.03506650544135429 0.11018518518518519
0 0.9425634824667473 0.4166666666666667 0.037484885126964934 0.12037037037037036
0 0.9703748488512697 0.04583333333333333 0.036275695284159616 0.08981481481481482
0 0.9389359129383313 0.09953703703703703 0.037484885126964934 0.125
0 0.8681983071342201 0.07361111111111111 0.03506650544135429 0.1398148148148148
0 0.9262394195888755 0.052314814814814814 0.037484885126964934 0.10277777777777777
0 0.8941958887545345 0.04861111111111111 0.03385731559854897 0.09537037037037037
0 0.5767835550181378 0.18935185185185185 0.03385731559854897 0.13425925925925927
0 0.6318016928657799 0.09814814814814815 0.036275695284159616 0.13148148148148148
0 0.6006650544135429 0.11527777777777778 0.03688029020556227 0.14166666666666666
0 0.5737605804111245 0.1111111111111111 0.03506650544135429 0.12407407407407407
0 0.6042926239419589 0.062037037037037036 0.03688029020556227 0.12222222222222222
0 0.5795042321644498 0.06296296296296296 0.034461910519951636 0.12407407407407407
0 0.1998186215235792 0.07546296296296297 0.03204353083434099 0.12685185185185185
0 0.22218863361547764 0.08611111111111111 0.03688029020556227 0.13703703703703704
0 0.13180169286577992 0.03611111111111111 0.02781136638452237 0.07037037037037037
0 0.36305925030229746 0.04259259259259259 0.04050785973397823 0.08333333333333333
0 0.8506650544135429 0.04861111111111111 0.036275695284159616 0.09537037037037037
0 0.16626360338573157 0.03796296296296296 0.03506650544135429 0.07407407407407407
0 0.35489721886336156 0.47685185185185186 0.03506650544135429 0.1574074074074074
0 0.3171100362756953 0.24537037037037038 0.03688029020556227 0.13703703703703704
0 0.13422007255139057 0.7319444444444444 0.0471584038694075 0.16203703703703703
0 0.2079806529625151 0.26944444444444443 0.04232164449818621 0.1425925925925926
0 0.12787182587666263 0.6976851851851852 0.0562273276904474 0.16203703703703703
0 0.8180169286577993 0.3074074074074074 0.04232164449818621 0.13148148148148148
0 0.24214026602176542 0.5800925925925926 0.044135429262394194 0.1675925925925926
0 0.20737605804111245 0.5671296296296297 0.03506650544135429 0.17685185185185184
0 0.34885126964933494 0.5638888888888889 0.032648125755743655 0.14074074074074075
0 0.20737605804111245 0.49583333333333335 0.03990326481257558 0.14907407407407408
0 0.2140266021765417 0.4824074074074074 0.032648125755743655 0.1574074074074074
0 0.1807738814993954 0.48194444444444445 0.03143893591293833 0.12685185185185185
0 0.17442563482466747 0.43796296296296294 0.039298669891172915 0.14629629629629629
0 0.13391777509068925 0.46111111111111114 0.03688029020556227 0.14814814814814814
0 0.35399032648125756 0.14629629629629629 0.02962515114873035 0.12962962962962962
0 0.37605804111245467 0.14166666666666666 0.02781136638452237 0.12962962962962962
0 0.2660217654171705 0.36064814814814816 0.044740024183796856 0.1398148148148148
0 0.2539298669891173 0.38981481481481484 0.03506650544135429 0.14629629629629629
0 0.17623941958887546 0.8953703703703704 0.044135429262394194 0.1574074074074074
0 0.29474002418379686 0.6990740740740741 0.04171704957678356 0.15185185185185185
0 0.4576783555018138 0.5421296296296296 0.04232164449818621 0.15462962962962962
0 0.3307134220072551 0.6217592592592592 0.03506650544135429 0.15462962962962962
0 0.3346432889963724 0.6550925925925926 0.039298669891172915 0.1675925925925926
0 0.4096130592503023 0.6574074074074074 0.051390568319226115 0.15185185185185185
0 0.6215235792019347 0.7055555555555556 0.05078597339782346 0.1574074074074074
0 0.42503022974607013 0.45185185185185184 0.03506650544135429 0.12407407407407407
0 0.41414752116082226 0.41574074074074074 0.037484885126964934 0.10740740740740741
0 0.4105199516324063 0.5087962962962963 0.03506650544135429 0.14907407407407408
0 0.41807738814993956 0.475462962962963 0.02962515114873035 0.1361111111111111
0 0.22370012091898428 0.5407407407407407 0.037484885126964934 0.14074074074074075
0 0.2759975816203144 0.525 0.046553808948004836 0.1574074074074074
0 0.2741837968561064 0.5601851851851852 0.039298669891172915 0.17037037037037037
0 0.5250906892382105 0.712037037037037 0.047762998790810154 0.15925925925925927
0 0.24032648125755743 0.3351851851851852 0.034461910519951636 0.14074074074074075
0 0.7110036275695284 0.6273148148148148 0.041112454655380895 0.15648148148148147
0 0.27690447400241835 0.32407407407407407 0.03990326481257558 0.14814814814814814
0 0.3926844014510278 0.37916666666666665 0.039298669891172915 0.13796296296296295
0 0.2741837968561064 0.28564814814814815 0.03204353083434099 0.12314814814814815
0 0.46795646916565903 0.4861111111111111 0.037484885126964934 0.1425925925925926
0 0.2158403869407497 0.30092592592592593 0.03506650544135429 0.13518518518518519
