0 0.9419270833333333 0.8828703703703704 0.09114583333333333 0.2361111111111111
0 0.203125 0.8412037037037037 0.071875 0.2935185185185185
0 0.553125 0.7703703703703704 0.07395833333333333 0.29074074074074074
0 0.4401041666666667 0.7055555555555556 0.06875 0.29074074074074074
0 0.3546875 0.7314814814814815 0.06458333333333334 0.28703703703703703
0 0.203125 0.7078703703703704 0.05625 0.2564814814814815
0 0.8416666666666667 0.6722222222222223 0.05416666666666667 0.25925925925925924
0 0.7838541666666666 0.48148148148148145 0.04583333333333333 0.17962962962962964
0 0.01953125 0.8921296296296296 0.03802083333333333 0.21574074074074073
0 0.7528645833333333 0.46296296296296297 0.0359375 0.1574074074074074
0 0.7580729166666667 0.4412037037037037 0.0359375 0.1712962962962963
0 0.7098958333333333 0.44027777777777777 0.034375 0.1675925925925926
0 0.7966145833333333 0.36342592592592593 0.0296875 0.15462962962962962
0 0.5731770833333333 0.4777777777777778 0.0359375 0.1814814814814815
0 0.15416666666666667 0.7662037037037037 0.059375 0.25462962962962965
0 0.10807291666666667 0.7625 0.0609375 0.25277777777777777
0 0.20364583333333333 0.5037037037037037 0.041666666666666664 0.1925925925925926
0 0.4044270833333333 0.41064814814814815 0.03802083333333333 0.15648148148148147
0 0.3567708333333333 0.40046296296296297 0.0375 0.16574074074074074
0 0.3104166666666667 0.41712962962962963 0.042708333333333334 0.1675925925925926
0 0.46640625 0.37824074074074077 0.03802083333333333 0.14907407407407408
0 0.41822916666666665 0.36712962962962964 0.029166666666666667 0.12685185185185185
0 0.39114583333333336 0.3592592592592593 0.0375 0.15185185185185185
0 0.4786458333333333 0.3236111111111111 0.03333333333333333 0.125
0 0.4739583333333333 0.29074074074074074 0.030208333333333334 0.11296296296296296
0 0.44765625 0.31851851851851853 0.027604166666666666 0.13148148148148148
0 0.44583333333333336 0.29768518518518516 0.030208333333333334 0.12129629629629629
0 0.4036458333333333 0.26435185185185184 0.027083333333333334 0.11203703703703703
0 0.4002604166666667 0.30648148148148147 0.0296875 0.1259259259259259
0 0.3703125 0.3101851851851852 0.030208333333333334 0.12962962962962962
0 0.34661458333333334 0.31342592592592594 0.0296875 0.13240740740740742
0 0.465625 0.20601851851851852 0.026041666666666668 0.09907407407407408
0 0.3734375 0.26435185185185184 0.026041666666666668 0.11574074074074074
0 0.5356770833333333 0.4949074074074074 0.0421875 0.22685185185185186
0 0.48541666666666666 0.4986111111111111 0.042708333333333334 0.22870370370370371
0 0.41796875 0.2912037037037037 0.027604166666666666 0.12314814814814815
0 0.3846354166666667 0.2824074074074074 0.0296875 0.12037037037037036
0 0.5221354166666666 0.5587962962962963 0.0578125 0.21203703703703702
0 0.4817708333333333 0.5597222222222222 0.051041666666666666 0.225
0 0.0921875 0.5564814814814815 0.04479166666666667 0.1962962962962963
0 0.2328125 0.49166666666666664 0.046875 0.1814814814814815
0 0.6065104166666667 0.3800925925925926 0.033854166666666664 0.14166666666666666
0 0.8794270833333333 0.537962962962963 0.059895833333333336 0.21481481481481482
