0 0.1206308610400682 0.22215909090909092 0.03324808184143223 0.11022727272727273
0 0.5051150895140665 0.28011363636363634 0.03665814151747655 0.09886363636363636
0 0.8921568627450981 0.9602272727272727 0.05541346973572037 0.07954545454545454
0 0.0814151747655584 0.22272727272727272 0.03495311167945439 0.11136363636363636
0 0.14407502131287298 0.8306818181818182 0.042625745950554135 0.1431818181818182
0 0.5797101449275363 0.05056818181818182 0.028985507246376812 0.0875
0 0.8120204603580563 0.21306818181818182 0.03324808184143223 0.10568181818181818
0 0.7689684569479965 0.2056818181818182 0.03751065643648764 0.10681818181818181
0 0.7088661551577152 0.23295454545454544 0.03324808184143223 0.11136363636363636
0 0.6888320545609549 0.3159090909090909 0.03751065643648764 0.11136363636363636
0 0.47911338448422847 0.014772727272727272 0.03239556692242114 0.02727272727272727
0 0.44288150042625746 0.008522727272727272 0.03154305200341006 0.014772727272727272
0 0.5349531116794544 0.5392045454545454 0.041773231031543054 0.11704545454545455
0 0.2847399829497016 0.12215909090909091 0.03410059676044331 0.09659090909090909
0 0.4296675191815857 0.08068181818181819 0.028985507246376812 0.10227272727272728
0 0.2553282182438193 0.35454545454545455 0.03324808184143223 0.125
0 0.7621483375959079 0.30170454545454545 0.028985507246376812 0.10340909090909091
0 0.9049445865302643 0.8113636363636364 0.04688832054560955 0.1431818181818182
0 0.26641091219096336 0.9903409090909091 0.028132992327365727 0.02159090909090909
0 0.22719522591645352 0.9704545454545455 0.05200341005967604 0.05909090909090909
0 0.12958226768968456 0.9409090909090909 0.0494458653026428 0.12045454545454545
0 0.16624040920716113 0.9392045454545455 0.04603580562659847 0.1215909090909091
0 0.417306052855925 0.25227272727272726 0.03324808184143223 0.09318181818181819
0 0.5754475703324808 0.17386363636363636 0.03410059676044331 0.10681818181818181
0 0.4096334185848252 0.2534090909090909 0.03324808184143223 0.09772727272727273
0 0.340153452685422 0.18238636363636362 0.03580562659846547 0.10340909090909091
0 0.13768115942028986 0.2681818181818182 0.040068201193520885 0.11818181818181818
0 0.041773231031543054 0.32443181818181815 0.03410059676044331 0.09886363636363636
0 0.7301790281329923 0.7823863636363636 0.04688832054560955 0.15568181818181817
0 0.8069053708439897 0.4420454545454545 0.05029838022165388 0.1159090909090909
0 0.8738277919863597 0.5431818181818182 0.05115089514066496 0.12954545454545455
0 0.8375959079283888 0.5625 0.045183290707587385 0.13863636363636364
0 0.8115942028985508 0.29545454545454547 0.03751065643648764 0.10909090909090909
0 0.814151747655584 0.8056818181818182 0.042625745950554135 0.1431818181818182
0 0.5946291560102301 0.7346590909090909 0.04688832054560955 0.12386363636363637
0 0.6300085251491901 0.7238636363636364 0.0494458653026428 0.16363636363636364
0 0.8921568627450981 0.7443181818181818 0.04688832054560955 0.15681818181818183
0 0.8444160272804774 0.8079545454545455 0.03836317135549872 0.14545454545454545
0 0.7156862745098039 0.9210227272727273 0.05370843989769821 0.14431818181818182
0 0.6615515771526002 0.9255681818181818 0.056265984654731455 0.14659090909090908
0 0.04560954816709292 0.6636363636363637 0.043478260869565216 0.14772727272727273
0 0.5187553282182438 0.4159090909090909 0.03324808184143223 0.11136363636363636
0 0.3380221653878943 0.26875 0.029838022165387893 0.10340909090909091
0 0.3874680306905371 0.24545454545454545 0.028132992327365727 0.09772727272727273
0 0.8260869565217391 0.7005681818181818 0.0443307757885763 0.13522727272727272
0 0.0639386189258312 0.33579545454545456 0.030690537084398978 0.10340909090909091
0 0.742540494458653 0.7284090909090909 0.05456095481670929 0.15
0 0.9207161125319693 0.7255681818181818 0.042625745950554135 0.14659090909090908
0 0.5098039215686274 0.8482954545454545 0.04603580562659847 0.1625
0 0.8589087809036658 0.7352272727272727 0.04688832054560955 0.13863636363636364
0 0.5413469735720375 0.42329545454545453 0.03410059676044331 0.1215909090909091
0 0.13213981244671782 0.03125 0.028985507246376812 0.060227272727272727
0 0.2050298380221654 0.02159090909090909 0.029838022165387893 0.04090909090909091
0 0.2544757033248082 0.038636363636363635 0.028132992327365727 0.075
0 0.18627450980392157 0.8511363636363637 0.04688832054560955 0.14772727272727273
0 0.5728900255754475 0.8369318181818182 0.0443307757885763 0.16477272727272727
0 0.6091219096334186 0.7880681818181818 0.041773231031543054 0.14431818181818182
0 0.6074168797953964 0.8340909090909091 0.04688832054560955 0.15227272727272728
0 0.7617220801364024 0.915340909090909 0.05029838022165388 0.13522727272727272
0 0.8320545609548167 0.946590909090909 0.05456095481670929 0.10909090909090909
0 0.7689684569479965 0.4375 0.03751065643648764 0.12954545454545455
0 0.24595055413469735 0.3034090909090909 0.03495311167945439 0.10454545454545454
0 0.273231031543052 0.30568181818181817 0.040068201193520885 0.1159090909090909
0 0.5166240409207161 0.34147727272727274 0.03751065643648764 0.11477272727272728
0 0.5468883205456095 0.3522727272727273 0.03836317135549872 0.10681818181818181
0 0.0814151747655584 0.14488636363636365 0.03154305200341006 0.10795454545454546
0 0.1453537936913896 0.15852272727272726 0.029838022165387893 0.09886363636363636
0 0.20758738277919864 0.12215909090909091 0.029838022165387893 0.0875
0 0.05200341005967604 0.13011363636363638 0.03580562659846547 0.10795454545454546
0 0.21994884910485935 0.12329545454545454 0.030690537084398978 0.09659090909090909
0 0.39940323955669227 0.11931818181818182 0.040068201193520885 0.09772727272727273
0 0.39727195225916456 0.08409090909090909 0.023870417732310314 0.08863636363636364
0 0.3614663256606991 0.07272727272727272 0.023870417732310314 0.075
0 0.27024722932651324 0.03977272727272727 0.028985507246376812 0.07727272727272727
0 0.289002557544757 0.03977272727272727 0.028985507246376812 0.075
0 0.49445865302642794 0.07954545454545454 0.028985507246376812 0.08863636363636364
0 0.5127877237851662 0.08693181818181818 0.0247229326513214 0.0875
0 0.8324808184143222 0.06136363636363636 0.03495311167945439 0.10454545454545454
0 0.5754475703324808 0.0125 0.028985507246376812 0.022727272727272728
0 0.3252344416027281 0.05056818181818182 0.028132992327365727 0.08068181818181819
0 0.34398976982097185 0.06931818181818182 0.023017902813299233 0.056818181818181816
0 0.7144075021312873 0.4380681818181818 0.04603580562659847 0.1215909090909091
0 0.7949701619778347 0.4869318181818182 0.041773231031543054 0.13295454545454546
0 0.7399829497016198 0.5784090909090909 0.042625745950554135 0.13863636363636364
0 0.768542199488491 0.5664772727272728 0.04688832054560955 0.14886363636363636
0 0.45865302642796246 0.6272727272727273 0.04603580562659847 0.13863636363636364
0 0.7519181585677749 0.5159090909090909 0.03751065643648764 0.125
0 0.7156862745098039 0.5761363636363637 0.03665814151747655 0.12954545454545455
0 0.7659846547314578 0.4965909090909091 0.03836317135549872 0.12045454545454545
0 0.4390451832907076 0.22954545454545455 0.028985507246376812 0.07045454545454545
0 0.4194373401534527 0.22102272727272726 0.03239556692242114 0.09659090909090909
0 0.3755328218243819 0.19943181818181818 0.03665814151747655 0.10340909090909091
0 0.8772378516624041 0.01818181818181818 0.03239556692242114 0.03409090909090909
0 0.736999147485081 0.31875 0.029838022165387893 0.0715909090909091
0 0.7872975277067349 0.5272727272727272 0.041773231031543054 0.13863636363636364
0 0.10613810741687979 0.5488636363636363 0.041773231031543054 0.1318181818181818
0 0.5294117647058824 0.7676136363636363 0.05456095481670929 0.15568181818181817
0 0.008098891730605285 0.65625 0.014492753623188406 0.13522727272727272
0 0.4518329070758738 0.8119318181818181 0.04603580562659847 0.14431818181818182
0 0.1636828644501279 0.5454545454545454 0.042625745950554135 0.1340909090909091
0 0.4718670076726343 0.35113636363636364 0.03836317135549872 0.12045454545454545
0 0.43691389599317987 0.5193181818181818 0.041773231031543054 0.12954545454545455
0 0.47357203751065646 0.5340909090909091 0.03665814151747655 0.11818181818181818
0 0.005967604433077579 0.2755681818181818 0.010230179028132993 0.11022727272727273
0 0.2796248934356351 0.3704545454545455 0.03751065643648764 0.10681818181818181
0 0.46717817561807334 0.48522727272727273 0.04092071611253197 0.11818181818181818
0 0.8013640238704177 0.7272727272727273 0.04774083546462063 0.15
0 0.36828644501278773 0.26534090909090907 0.03410059676044331 0.10795454545454546
0 0.46675191815856776 0.27897727272727274 0.03836317135549872 0.10568181818181818
0 0.4497016197783461 0.8590909090909091 0.05200341005967604 0.15681818181818183
0 0.5831202046035806 0.9482954545454545 0.04092071611253197 0.10340909090909091
0 0.26641091219096336 0.7130681818181818 0.05029838022165388 0.15113636363636362
0 0.40025575447570333 0.5238636363636363 0.04688832054560955 0.1159090909090909
0 0.5379369138959932 0.94375 0.056265984654731455 0.1125
0 0.01577152600170503 0.32784090909090907 0.029838022165387893 0.10113636363636364
0 0.6172208013640239 0.884090909090909 0.04603580562659847 0.14772727272727273
0 0.7587382779198636 0.9477272727272728 0.059676044330775786 0.10454545454545454
0 0.3069053708439898 0.7056818181818182 0.042625745950554135 0.15227272727272728
0 0.39045183290707586 0.6539772727272727 0.042625745950554135 0.11931818181818182
0 0.013640238704177323 0.7340909090909091 0.02557544757033248 0.14545454545454545
0 0.13512361466325662 0.7 0.05029838022165388 0.14772727272727273
0 0.29454390451832907 0.5517045454545455 0.03836317135549872 0.12386363636363637
0 0.335464620630861 0.5585227272727272 0.04688832054560955 0.13522727272727272
0 0.3751065643648764 0.6897727272727273 0.05115089514066496 0.15
0 0.3597612958226769 0.6448863636363636 0.042625745950554135 0.1375
0 0.3691389599317988 0.5193181818181818 0.04603580562659847 0.12727272727272726
0 0.3836317135549872 0.5681818181818182 0.04603580562659847 0.12045454545454545
0 0.10997442455242967 0.6676136363636364 0.042625745950554135 0.14659090909090908
0 0.5068201193520887 0.48863636363636365 0.041773231031543054 0.125
0 0.8081841432225064 0.86875 0.04603580562659847 0.15113636363636362
0 0.8465473145780051 0.5829545454545455 0.03751065643648764 0.12045454545454545
0 0.9526854219948849 0.8482954545454545 0.041773231031543054 0.1534090909090909
0 0.8188405797101449 0.5721590909090909 0.041773231031543054 0.13522727272727272
0 0.9394714407502132 0.803409090909091 0.04603580562659847 0.1431818181818182
0 0.8989769820971867 0.8573863636363637 0.060528559249786874 0.15568181818181817
0 0.6641091219096334 0.8738636363636364 0.03751065643648764 0.13863636363636364
0 0.38277919863597615 0.42272727272727273 0.03751065643648764 0.10681818181818181
