0 0.8145780051150895 0.9340909090909091 0.03836317135549872 0.12727272727272726
0 0.7766410912190963 0.9386363636363636 0.057971014492753624 0.12272727272727273
0 0.1184995737425405 0.6602272727272728 0.04603580562659847 0.14772727272727273
0 0.14194373401534527 0.5323863636363636 0.04859335038363171 0.1375
0 0.16922421142369992 0.49886363636363634 0.04688832054560955 0.13863636363636364
0 0.21526001705029837 0.5 0.05029838022165388 0.12727272727272726
0 0.07757885763000852 0.615909090909091 0.04603580562659847 0.1318181818181818
0 0.5775788576300085 0.8693181818181818 0.04859335038363171 0.1590909090909091
0 0.5950554134697357 0.8471590909090909 0.0392156862745098 0.14431818181818182
0 0.5447570332480819 0.6107954545454546 0.04603580562659847 0.1375
0 0.34398976982097185 0.44488636363636364 0.040068201193520885 0.12840909090909092
0 0.4616368286445013 0.5676136363636364 0.05711849957374254 0.14431818181818182
0 0.3832054560954817 0.5494318181818182 0.03836317135549872 0.13522727272727272
0 0.3069053708439898 0.2539772727272727 0.03239556692242114 0.10113636363636364
0 0.7838874680306905 0.29261363636363635 0.03324808184143223 0.10113636363636364
0 0.7506393861892583 0.2676136363636364 0.03324808184143223 0.11022727272727273
0 0.808610400682012 0.29772727272727273 0.03665814151747655 0.10681818181818181
0 0.8312020460358056 0.4659090909090909 0.0443307757885763 0.12954545454545455
0 0.7945439045183291 0.48125 0.042625745950554135 0.10568181818181818
0 0.571611253196931 0.2346590909090909 0.029838022165387893 0.10795454545454546
0 0.8158567774936062 0.5875 0.04092071611253197 0.13863636363636364
0 0.9654731457800512 0.9335227272727272 0.07075873827791987 0.13068181818181818
0 0.21781756180733164 0.7130681818181818 0.041773231031543054 0.13295454545454546
0 0.020034100596760442 0.9306818181818182 0.03836317135549872 0.13636363636363635
0 0.6892583120204604 0.8414772727272727 0.05200341005967604 0.13295454545454546
0 0.7199488491048593 0.8460227272727273 0.040068201193520885 0.14431818181818182
0 0.8981244671781756 0.9159090909090909 0.0741687979539642 0.1590909090909091
0 0.7902813299232737 0.7255681818181818 0.0443307757885763 0.14886363636363636
0 0.6815856777493606 0.7897727272727273 0.040068201193520885 0.14545454545454545
0 0.789002557544757 0.5914772727272727 0.040068201193520885 0.12386363636363637
0 0.7459505541346974 0.47556818181818183 0.03580562659846547 0.1375
0 0.76768968456948 0.4721590909090909 0.03324808184143223 0.12386363636363637
0 0.8341858482523444 0.1159090909090909 0.03324808184143223 0.09318181818181819
0 0.809462915601023 0.09318181818181819 0.028132992327365727 0.10227272727272728
0 0.34654731457800514 0.24602272727272728 0.03324808184143223 0.10568181818181818
0 0.33034953111679455 0.26022727272727275 0.041773231031543054 0.09772727272727273
0 0.16197783461210571 0.18863636363636363 0.030690537084398978 0.09772727272727273
0 0.20971867007672634 0.1943181818181818 0.027280477408354646 0.09772727272727273
0 0.22932651321398123 0.16590909090909092 0.028985507246376812 0.1
0 0.37084398976982097 0.21363636363636362 0.028985507246376812 0.10454545454545454
0 0.39300937766410915 0.2215909090909091 0.027280477408354646 0.09090909090909091
0 0.4663256606990622 0.3789772727272727 0.042625745950554135 0.12386363636363637
0 0.42242114236999145 0.23863636363636365 0.03665814151747655 0.09772727272727273
0 0.463768115942029 0.24034090909090908 0.03239556692242114 0.10113636363636364
0 0.47271952259164535 0.2903409090909091 0.040068201193520885 0.11477272727272728
0 0.44075021312872975 0.21761363636363637 0.02557544757033248 0.07840909090909091
0 0.4722932651321398 0.20909090909090908 0.03239556692242114 0.10454545454545454
0 0.46845694799658993 0.16590909090909092 0.028132992327365727 0.09318181818181819
0 0.46462063086104005 0.14261363636363636 0.02557544757033248 0.09431818181818181
0 0.42242114236999145 0.15681818181818183 0.03154305200341006 0.09545454545454546
0 0.1918158567774936 0.11988636363636364 0.028985507246376812 0.09659090909090909
0 0.2531969309462916 0.1630681818181818 0.03239556692242114 0.10795454545454546
0 0.27664109121909636 0.1744318181818182 0.03154305200341006 0.10113636363636364
0 0.30861040068201195 0.1721590909090909 0.028985507246376812 0.09431818181818181
0 0.293691389599318 0.1625 0.028132992327365727 0.09318181818181819
0 0.3069053708439898 0.1471590909090909 0.0392156862745098 0.09431818181818181
0 0.5140664961636828 0.15795454545454546 0.03580562659846547 0.11136363636363636
0 0.4722932651321398 0.12329545454545454 0.03410059676044331 0.10340909090909091
0 0.5034100596760444 0.11079545454545454 0.029838022165387893 0.09204545454545454
0 0.4011082693947144 0.14545454545454545 0.03154305200341006 0.1
0 0.4595055413469736 0.08920454545454545 0.030690537084398978 0.09204545454545454
0 0.4437340153452685 0.0971590909090909 0.021312872975277068 0.06704545454545455
0 0.32438192668371696 0.05738636363636364 0.028132992327365727 0.09659090909090909
0 0.510230179028133 0.21363636363636362 0.03495311167945439 0.11363636363636363
0 0.07544757033248081 0.9784090909090909 0.041773231031543054 0.04090909090909091
0 0.48721227621483376 0.2715909090909091 0.03154305200341006 0.1
0 0.1896845694799659 0.7244318181818182 0.040068201193520885 0.14431818181818182
0 0.6146632566069906 0.9653409090909091 0.05285592497868713 0.06477272727272727
0 0.013640238704177323 0.522159090909091 0.02557544757033248 0.11704545454545455
0 0.736999147485081 0.7392045454545455 0.04688832054560955 0.13295454545454546
0 0.2570332480818414 0.7676136363636363 0.04688832054560955 0.14431818181818182
0 0.2971014492753623 0.7471590909090909 0.045183290707587385 0.15113636363636362
0 0.3640238704177323 0.7556818181818182 0.04603580562659847 0.14545454545454545
0 0.6683716965046889 0.9607954545454546 0.04092071611253197 0.07386363636363637
0 0.03410059676044331 0.30625 0.03580562659846547 0.10113636363636364
0 0.16922421142369992 0.8579545454545454 0.04688832054560955 0.13863636363636364
0 0.3154305200341006 0.5738636363636364 0.05285592497868713 0.1409090909090909
0 0.06265984654731457 0.3028409090909091 0.03836317135549872 0.10568181818181818
0 0.033674339300937765 0.5147727272727273 0.03665814151747655 0.12045454545454545
0 0.1606990622335891 0.6528409090909091 0.040068201193520885 0.13295454545454546
0 0.06606990622335891 0.9659090909090909 0.03836317135549872 0.06818181818181818
0 0.1329923273657289 0.8426136363636364 0.05115089514066496 0.16477272727272727
0 0.35208866155157714 0.2159090909090909 0.02557544757033248 0.09772727272727273
0 0.7229326513213982 0.4943181818181818 0.05285592497868713 0.12954545454545455
0 0.6943734015345269 0.23863636363636365 0.03324808184143223 0.10681818181818181
0 0.9288150042625746 0.024431818181818183 0.028132992327365727 0.04659090909090909
0 0.9117647058823529 0.01875 0.028132992327365727 0.035227272727272725
0 0.8716965046888321 0.019318181818181818 0.029838022165387893 0.03636363636363636
0 0.34867860187553285 0.0125 0.02557544757033248 0.022727272727272728
0 0.36871270247229326 0.019318181818181818 0.028132992327365727 0.03636363636363636
0 0.36658141517476556 0.08125 0.028985507246376812 0.09431818181818181
0 0.39045183290707586 0.023295454545454546 0.027280477408354646 0.04431818181818182
0 0.43478260869565216 0.1375 0.03239556692242114 0.09318181818181819
0 0.479539641943734 0.03977272727272727 0.029838022165387893 0.07272727272727272
0 0.5068201193520887 0.040340909090909094 0.03154305200341006 0.07840909090909091
0 0.4194373401534527 0.026136363636363635 0.028985507246376812 0.05
0 0.45012787723785164 0.028409090909090908 0.030690537084398978 0.05454545454545454
0 0.4825234441602728 0.08522727272727272 0.03239556692242114 0.08636363636363636
0 0.5571184995737425 0.0375 0.0247229326513214 0.07272727272727272
0 0.39855072463768115 0.08068181818181819 0.028132992327365727 0.08409090909090909
