0 0.7988064791133845 0.6755681818181818 0.04603580562659847 0.13068181818181818
0 0.004262574595055414 0.2255681818181818 0.0068201193520886615 0.09431818181818181
0 0.40878090366581415 0.6204545454545455 0.03836317135549872 0.1318181818181818
0 0.4156010230179028 0.28295454545454546 0.03836317135549872 0.1
0 0.5741687979539642 0.36420454545454545 0.041773231031543054 0.10113636363636364
0 0.28005115089514065 0.27386363636363636 0.03324808184143223 0.09772727272727273
0 0.5349531116794544 0.2772727272727273 0.03154305200341006 0.09772727272727273
0 0.2399829497016198 0.2545454545454545 0.03154305200341006 0.10227272727272728
0 0.20886615515771526 0.2340909090909091 0.03410059676044331 0.09772727272727273
0 0.1837169650468883 0.2278409090909091 0.03154305200341006 0.10113636363636364
0 0.5068201193520887 0.28295454545454546 0.03836317135549872 0.11136363636363636
0 0.3150042625745951 0.21079545454545454 0.03324808184143223 0.09431818181818181
0 0.12745098039215685 0.1431818181818182 0.03495311167945439 0.09090909090909091
0 0.19437340153452684 0.15454545454545454 0.023870417732310314 0.07272727272727272
0 0.22122762148337596 0.14204545454545456 0.028132992327365727 0.09772727272727273
0 0.2979539641943734 0.14886363636363636 0.03324808184143223 0.09772727272727273
0 0.3375959079283887 0.15568181818181817 0.03580562659846547 0.10227272727272728
0 0.3712702472293265 0.15454545454545454 0.03324808184143223 0.09772727272727273
0 0.41389599317988063 0.15 0.028132992327365727 0.09772727272727273
0 0.5 0.21477272727272728 0.03324808184143223 0.10681818181818181
0 0.5238704177323104 0.20511363636363636 0.028132992327365727 0.09431818181818181
0 0.5029838022165388 0.14659090909090908 0.030690537084398978 0.09318181818181819
0 0.32651321398124467 0.09204545454545454 0.028985507246376812 0.08409090909090909
0 0.4309462915601023 0.07215909090909091 0.03324808184143223 0.09204545454545454
0 0.39855072463768115 0.07670454545454546 0.028132992327365727 0.0875
0 0.8567774936061381 0.0875 0.028985507246376812 0.08409090909090909
0 0.8674339300937767 0.07613636363636364 0.03324808184143223 0.08409090909090909
0 0.8252344416027281 0.11136363636363636 0.028985507246376812 0.09772727272727273
0 0.8231031543052003 0.15795454545454546 0.03324808184143223 0.10227272727272728
0 0.8231031543052003 0.18636363636363637 0.03324808184143223 0.09772727272727273
0 0.17988064791133845 0.09261363636363637 0.027280477408354646 0.08522727272727272
0 0.16155157715260018 0.09261363636363637 0.0247229326513214 0.07613636363636364
0 0.7476555839727195 0.4965909090909091 0.04774083546462063 0.1318181818181818
0 0.7902813299232737 0.49261363636363636 0.042625745950554135 0.13522727272727272
0 0.783461210571185 0.584659090909091 0.03751065643648764 0.11022727272727273
0 0.7468030690537084 0.5982954545454545 0.03751065643648764 0.1215909090909091
0 0.3797953964194373 0.6318181818181818 0.03154305200341006 0.09090909090909091
0 0.5413469735720375 0.45738636363636365 0.042625745950554135 0.1215909090909091
0 0.3073316283034953 0.26931818181818185 0.03324808184143223 0.10681818181818181
0 0.49658994032395565 0.24375 0.03324808184143223 0.10340909090909091
0 0.7028985507246377 0.35909090909090907 0.03836317135549872 0.11818181818181818
0 0.5814151747655584 0.44886363636363635 0.04603580562659847 0.1318181818181818
0 0.6879795396419437 0.31477272727272726 0.028985507246376812 0.09318181818181819
0 0.3307757885763001 0.028409090909090908 0.028985507246376812 0.05454545454545454
0 0.43137254901960786 0.031818181818181815 0.02557544757033248 0.06136363636363636
0 0.45439045183290705 0.031818181818181815 0.028985507246376812 0.06136363636363636
0 0.473998294970162 0.02784090909090909 0.023870417732310314 0.053409090909090906
0 0.04560954816709292 0.7448863636363636 0.04859335038363171 0.14204545454545456
0 0.47271952259164535 0.2431818181818182 0.03324808184143223 0.11136363636363636
0 0.5285592497868713 0.5386363636363637 0.04603580562659847 0.1340909090909091
0 0.3878942881500426 0.5482954545454546 0.04092071611253197 0.13068181818181818
0 0.4219948849104859 0.4772727272727273 0.03751065643648764 0.125
0 0.5345268542199488 0.5585227272727272 0.04774083546462063 0.1215909090909091
0 0.42625745950554134 0.5693181818181818 0.05285592497868713 0.1409090909090909
0 0.45439045183290705 0.584659090909091 0.03410059676044331 0.08295454545454546
0 0.30434782608695654 0.5170454545454546 0.04774083546462063 0.12727272727272726
0 0.329923273657289 0.5323863636363636 0.04092071611253197 0.1215909090909091
0 0.028985507246376812 0.3261363636363636 0.04092071611253197 0.11818181818181818
0 0.5728900255754475 0.5272727272727272 0.04603580562659847 0.125
0 0.34612105711849955 0.4630681818181818 0.04603580562659847 0.1215909090909091
0 0.47144075021312876 0.4011363636363636 0.04603580562659847 0.11136363636363636
0 0.0886615515771526 0.29318181818181815 0.03751065643648764 0.10454545454545454
0 0.05115089514066496 0.3 0.03580562659846547 0.11136363636363636
0 0.16197783461210571 0.21534090909090908 0.03410059676044331 0.09204545454545454
0 0.17774936061381075 0.35170454545454544 0.041773231031543054 0.11704545454545455
0 0.3320545609548167 0.2840909090909091 0.03836317135549872 0.10681818181818181
0 0.3610400682011935 0.28011363636363634 0.03324808184143223 0.1125
0 0.3959931798806479 0.2818181818181818 0.03836317135549872 0.11136363636363636
0 0.2749360613810742 0.40738636363636366 0.03836317135549872 0.11477272727272728
0 0.5034100596760444 0.4011363636363636 0.03836317135549872 0.11818181818181818
0 0.24083546462063085 0.16022727272727272 0.028132992327365727 0.09318181818181819
0 0.4641943734015345 0.3034090909090909 0.03495311167945439 0.09772727272727273
0 0.3537936913895993 0.8960227272727272 0.0494458653026428 0.1625
0 0.44288150042625746 0.22727272727272727 0.03324808184143223 0.09772727272727273
0 0.26044330775788577 0.16363636363636364 0.028132992327365727 0.09772727272727273
0 0.2028985507246377 0.3653409090909091 0.0392156862745098 0.10340909090909091
0 0.30477408354646207 0.3977272727272727 0.04859335038363171 0.1318181818181818
0 0.7531969309462916 0.3693181818181818 0.041773231031543054 0.11136363636363636
0 0.1969309462915601 0.20625 0.028985507246376812 0.08977272727272727
0 0.34782608695652173 0.21875 0.030690537084398978 0.09204545454545454
0 0.5404944586530265 0.8022727272727272 0.0494458653026428 0.1590909090909091
0 0.10741687979539642 0.9852272727272727 0.042625745950554135 0.031818181818181815
0 0.1517476555839727 0.9823863636363637 0.04092071611253197 0.035227272727272725
0 0.4978687127024723 0.8028409090909091 0.0392156862745098 0.14431818181818182
0 0.0068201193520886615 0.6573863636363636 0.011935208866155157 0.09886363636363636
0 0.5379369138959932 0.7477272727272727 0.042625745950554135 0.13863636363636364
0 0.5745950554134698 0.7465909090909091 0.04092071611253197 0.12727272727272726
0 0.4462915601023018 0.29204545454545455 0.03665814151747655 0.11136363636363636
0 0.7979539641943734 0.6568181818181819 0.042625745950554135 0.1318181818181818
