0 0.13554987212276215 0.28920454545454544 0.03580562659846547 0.11704545454545455
0 0.09207161125319693 0.2863636363636364 0.03580562659846547 0.12045454545454545
0 0.015345268542199489 0.9210227272727273 0.028985507246376812 0.14659090909090908
0 0.5784313725490197 0.3306818181818182 0.04688832054560955 0.125
0 0.5144927536231884 0.09318181818181819 0.028132992327365727 0.09318181818181819
0 0.8128729752770674 0.2772727272727273 0.03836317135549872 0.1159090909090909
0 0.7148337595907929 0.26022727272727275 0.03324808184143223 0.10681818181818181
0 0.716538789428815 0.2767045454545455 0.03324808184143223 0.11477272727272728
0 0.7493606138107417 0.2681818181818182 0.03751065643648764 0.1159090909090909
0 0.7740835464620631 0.2727272727272727 0.03751065643648764 0.11136363636363636
0 0.7502131287297528 0.30170454545454545 0.03751065643648764 0.1125
0 0.722080136402387 0.4420454545454545 0.04603580562659847 0.11363636363636363
0 0.8307757885763001 0.45397727272727273 0.04688832054560955 0.11477272727272728
0 0.551150895140665 0.5818181818181818 0.03324808184143223 0.125
0 0.21312872975277067 0.009659090909090909 0.023870417732310314 0.017045454545454544
0 0.2804774083546462 0.010795454545454546 0.02557544757033248 0.019318181818181818
0 0.4863597612958227 0.03125 0.03665814151747655 0.060227272727272727
0 0.40281329923273657 0.02159090909090909 0.028132992327365727 0.04090909090909091
0 0.37595907928388744 0.020454545454545454 0.02557544757033248 0.038636363636363635
0 0.437766410912191 0.028409090909090908 0.03154305200341006 0.05454545454545454
0 0.45524296675191817 0.026704545454545453 0.02557544757033248 0.048863636363636366
0 0.4092071611253197 0.00909090909090909 0.028985507246376812 0.015909090909090907
0 0.5814151747655584 0.3886363636363636 0.042625745950554135 0.12045454545454545
0 0.5707587382779199 0.6613636363636364 0.041773231031543054 0.12954545454545455
0 0.24467178175618073 0.18920454545454546 0.03580562659846547 0.10113636363636364
0 0.42114236999147486 0.12556818181818183 0.03239556692242114 0.10568181818181818
0 0.2549019607843137 0.42954545454545456 0.03751065643648764 0.1318181818181818
0 0.7668371696504689 0.35795454545454547 0.03324808184143223 0.10681818181818181
0 0.9697357203751066 0.9221590909090909 0.043478260869565216 0.14204545454545456
0 0.2237851662404092 0.9715909090909091 0.05200341005967604 0.056818181818181816
0 0.12958226768968456 0.9403409090909091 0.0494458653026428 0.1215909090909091
0 0.16709292412617222 0.9409090909090909 0.0443307757885763 0.11818181818181818
0 0.42497868712702475 0.3034090909090909 0.03665814151747655 0.09772727272727273
0 0.3175618073316283 0.23295454545454544 0.03495311167945439 0.10909090909090909
0 0.08439897698209718 0.3482954545454545 0.042625745950554135 0.12840909090909092
0 0.8452685421994884 0.9420454545454545 0.05200341005967604 0.11363636363636363
0 0.8175618073316283 0.5011363636363636 0.042625745950554135 0.12954545454545455
0 0.9057971014492754 0.6193181818181818 0.05541346973572037 0.12954545454545455
0 0.8418584825234442 0.6420454545454546 0.04859335038363171 0.1431818181818182
0 0.809462915601023 0.35852272727272727 0.03836317135549872 0.1125
0 0.8687127024722933 0.9238636363636363 0.0443307757885763 0.14545454545454545
0 0.644927536231884 0.8676136363636363 0.05029838022165388 0.14431818181818182
0 0.6888320545609549 0.8568181818181818 0.05115089514066496 0.17272727272727273
0 0.9450127877237852 0.8568181818181818 0.04688832054560955 0.17954545454545454
0 0.9062233589087809 0.9193181818181818 0.04092071611253197 0.13863636363636364
0 0.5200341005967605 0.4909090909090909 0.03239556692242114 0.12045454545454545
0 0.34654731457800514 0.32670454545454547 0.03495311167945439 0.10340909090909091
0 0.39641943734015345 0.29829545454545453 0.028985507246376812 0.09886363636363636
0 0.8393009377664109 0.8096590909090909 0.045183290707587385 0.1375
0 0.0076726342710997444 0.41420454545454544 0.013640238704177323 0.10340909090909091
0 0.7928388746803069 0.8613636363636363 0.059676044330775786 0.16590909090909092
0 0.9744245524296675 0.8193181818181818 0.03751065643648764 0.16136363636363638
0 0.5132139812446718 0.95625 0.04603580562659847 0.0875
0 0.9049445865302643 0.8431818181818181 0.05370843989769821 0.1431818181818182
0 0.5571184995737425 0.5142045454545454 0.03836317135549872 0.12840909090909092
0 0.0392156862745098 0.05397727272727273 0.030690537084398978 0.09431818181818181
0 0.12958226768968456 0.042045454545454546 0.03239556692242114 0.07954545454545454
0 0.20247229326513214 0.08522727272727272 0.028132992327365727 0.08181818181818182
0 0.07544757033248081 0.9380681818181819 0.05541346973572037 0.12386363636363637
0 0.578005115089514 0.9477272727272728 0.05115089514066496 0.10681818181818181
0 0.7549019607843137 0.928409090909091 0.041773231031543054 0.1318181818181818
0 0.6253196930946292 0.9488636363636364 0.04688832054560955 0.10454545454545454
0 0.7800511508951407 0.4965909090909091 0.042625745950554135 0.1340909090909091
0 0.17178175618073316 0.3698863636363636 0.03495311167945439 0.10795454545454546
0 0.20034100596760443 0.3693181818181818 0.03751065643648764 0.1159090909090909
0 0.5153452685421995 0.4119318181818182 0.040068201193520885 0.12386363636363637
0 0.5451832907075874 0.4159090909090909 0.03836317135549872 0.10681818181818181
0 0.0076726342710997444 0.19375 0.013640238704177323 0.11022727272727273
0 0.09121909633418585 0.21534090909090908 0.03239556692242114 0.09886363636363636
0 0.17689684569479966 0.17954545454545454 0.029838022165387893 0.08863636363636364
0 0.20630861040068202 0.17556818181818182 0.03239556692242114 0.09886363636363636
0 0.3712702472293265 0.17556818181818182 0.03836317135549872 0.10340909090909091
0 0.40068201193520886 0.12386363636363637 0.023870417732310314 0.08863636363636364
0 0.3277919863597613 0.10909090909090909 0.0247229326513214 0.075
0 0.2229326513213981 0.08181818181818182 0.028132992327365727 0.09318181818181819
0 0.2510656436487639 0.0903409090909091 0.028132992327365727 0.08295454545454546
0 0.47698209718670076 0.11931818181818182 0.029838022165387893 0.09318181818181819
0 0.5029838022165388 0.125 0.028985507246376812 0.08863636363636364
0 0.8751065643648764 0.13352272727272727 0.03495311167945439 0.10340909090909091
0 0.2340153452685422 0.024431818181818183 0.03154305200341006 0.04659090909090909
0 0.2463768115942029 0.0125 0.030690537084398978 0.022727272727272728
0 0.30264279624893436 0.09147727272727273 0.028985507246376812 0.08522727272727272
0 0.31202046035805625 0.10909090909090909 0.023870417732310314 0.06136363636363636
0 0.7536231884057971 0.5386363636363637 0.04603580562659847 0.13863636363636364
0 0.8167092924126172 0.5653409090909091 0.04092071611253197 0.13068181818181818
0 0.7122762148337596 0.6545454545454545 0.041773231031543054 0.13863636363636364
0 0.7404092071611253 0.6465909090909091 0.04688832054560955 0.15227272727272728
0 0.45822676896845693 0.7113636363636363 0.04688832054560955 0.14772727272727273
0 0.7280477408354646 0.5920454545454545 0.03751065643648764 0.125
0 0.6871270247229326 0.6505681818181818 0.03751065643648764 0.12386363636363637
0 0.7847399829497016 0.5806818181818182 0.03665814151747655 0.1340909090909091
0 0.37894288150042627 0.2778409090909091 0.03495311167945439 0.09886363636363636
0 0.35294117647058826 0.26875 0.03580562659846547 0.1215909090909091
0 0.8329070758738278 0.042045454545454546 0.03239556692242114 0.08181818181818182
0 0.7421142369991475 0.37272727272727274 0.03324808184143223 0.075
0 0.7587382779198636 0.6079545454545454 0.042625745950554135 0.14772727272727273
0 0.22506393861892582 0.05227272727272727 0.028985507246376812 0.08409090909090909
0 0.05754475703324808 0.65625 0.041773231031543054 0.14204545454545456
0 0.5848252344416027 0.8761363636363636 0.056265984654731455 0.16136363636363638
0 0.46334185848252346 0.9295454545454546 0.04688832054560955 0.13863636363636364
0 0.11807331628303495 0.7005681818181818 0.05200341005967604 0.14659090909090908
0 0.46675191815856776 0.45284090909090907 0.03836317135549872 0.13295454545454546
0 0.4505541346973572 0.634090909090909 0.04688832054560955 0.13863636363636364
0 0.4799658994032396 0.6369318181818182 0.03751065643648764 0.12840909090909092
0 0.28090366581415177 0.43863636363636366 0.041773231031543054 0.11136363636363636
0 0.46078431372549017 0.5806818181818182 0.041773231031543054 0.12954545454545455
0 0.8452685421994884 0.8454545454545455 0.04688832054560955 0.15
0 0.3776641091219096 0.32670454545454547 0.03580562659846547 0.11477272727272728
0 0.45268542199488493 0.3375 0.03751065643648764 0.10454545454545454
0 0.4424552429667519 0.9551136363636363 0.05115089514066496 0.09204545454545454
0 0.27450980392156865 0.8102272727272727 0.05115089514066496 0.15227272727272728
0 0.40068201193520886 0.6215909090909091 0.04603580562659847 0.1340909090909091
0 0.6649616368286445 0.9727272727272728 0.04092071611253197 0.056818181818181816
0 0.3248081841432225 0.8193181818181818 0.042625745950554135 0.16590909090909092
0 0.4219948849104859 0.7443181818181818 0.042625745950554135 0.12727272727272726
0 0.09931798806479114 0.8335227272727272 0.05029838022165388 0.15568181818181817
0 0.30605285592497866 0.647159090909091 0.03751065643648764 0.13068181818181818
0 0.3589087809036658 0.6568181818181819 0.04774083546462063 0.15
0 0.39215686274509803 0.7971590909090909 0.05115089514066496 0.1534090909090909
0 0.38491048593350385 0.7448863636363636 0.04688832054560955 0.13977272727272727
0 0.3653026427962489 0.6079545454545454 0.05029838022165388 0.1340909090909091
0 0.38917306052855927 0.6732954545454546 0.045183290707587385 0.14659090909090908
0 0.021739130434782608 0.8153409090909091 0.041773231031543054 0.14659090909090908
0 0.5034100596760444 0.5863636363636363 0.043478260869565216 0.12954545454545455
0 0.8380221653878943 0.6818181818181818 0.03751065643648764 0.12954545454545455
0 0.809462915601023 0.6721590909090909 0.04688832054560955 0.14204545454545456
0 0.9863597612958227 0.9119318181818182 0.028985507246376812 0.1375
0 0.9680306905370843 0.9590909090909091 0.05711849957374254 0.08409090909090909
0 0.7216538789428815 0.9732954545454545 0.03665814151747655 0.053409090909090906
0 0.39727195225916456 0.4875 0.042625745950554135 0.1159090909090909
