0 0.11822916666666666 0.9087962962962963 0.07916666666666666 0.18425925925925926
0 0.3966145833333333 0.8689814814814815 0.08072916666666667 0.2638888888888889
0 0.3296875 0.8023148148148148 0.075 0.32685185185185184
0 0.2625 0.8337962962962963 0.07395833333333333 0.31574074074074077
0 0.19791666666666666 0.7912037037037037 0.06041666666666667 0.2953703703703704
0 0.8260416666666667 0.7245370370370371 0.06041666666666667 0.2824074074074074
0 0.7859375 0.5393518518518519 0.046875 0.20462962962962963
0 0.04192708333333333 0.8111111111111111 0.0671875 0.26666666666666666
0 0.01953125 0.8046296296296296 0.03802083333333333 0.21481481481481482
0 0.7828125 0.4912037037037037 0.03958333333333333 0.17314814814814813
0 0.8268229166666666 0.47962962962962963 0.0453125 0.18888888888888888
0 0.7622395833333333 0.46805555555555556 0.03802083333333333 0.1712962962962963
0 0.7986979166666667 0.3537037037037037 0.03177083333333333 0.14074074074074075
0 0.65390625 0.5027777777777778 0.043229166666666666 0.1925925925925926
0 0.20416666666666666 0.6972222222222222 0.05 0.23148148148148148
0 0.14609375 0.6828703703703703 0.050520833333333334 0.2361111111111111
0 0.23359375 0.5319444444444444 0.0421875 0.2064814814814815
0 0.39739583333333334 0.44212962962962965 0.046875 0.1712962962962963
0 0.34427083333333336 0.42824074074074076 0.042708333333333334 0.18055555555555555
0 0.29583333333333334 0.42685185185185187 0.036458333333333336 0.17592592592592593
0 0.4778645833333333 0.40324074074074073 0.0421875 0.16203703703703703
0 0.4119791666666667 0.3819444444444444 0.030208333333333334 0.13425925925925927
0 0.39166666666666666 0.3685185185185185 0.03333333333333333 0.1537037037037037
0 0.32578125 0.36435185185185187 0.0359375 0.15462962962962962
0 0.4859375 0.3425925925925926 0.034375 0.13518518518518519
0 0.46067708333333335 0.3439814814814815 0.0296875 0.1398148148148148
0 0.49114583333333334 0.31851851851851853 0.03333333333333333 0.14629629629629629
0 0.44140625 0.33287037037037037 0.025520833333333333 0.13425925925925927
0 0.42890625 0.33194444444444443 0.025520833333333333 0.1287037037037037
0 0.4635416666666667 0.31574074074074077 0.027083333333333334 0.12962962962962962
0 0.43411458333333336 0.2828703703703704 0.027604166666666666 0.12314814814814815
0 0.39869791666666665 0.32222222222222224 0.03177083333333333 0.12777777777777777
0 0.3807291666666667 0.32685185185185184 0.030208333333333334 0.13703703703703704
0 0.35911458333333335 0.325 0.0296875 0.1425925925925926
0 0.39140625 0.2657407407407407 0.0296875 0.12407407407407407
0 0.35130208333333335 0.28888888888888886 0.027604166666666666 0.12407407407407407
0 0.36432291666666666 0.26666666666666666 0.0234375 0.09814814814814815
0 0.48828125 0.1912037037037037 0.025520833333333333 0.09907407407407408
0 0.39739583333333334 0.2800925925925926 0.030208333333333334 0.12685185185185185
0 0.5161458333333333 0.4356481481481482 0.04375 0.1824074074074074
0 0.4895833333333333 0.44074074074074077 0.0375 0.19074074074074074
0 0.44479166666666664 0.2962962962962963 0.022916666666666665 0.11296296296296296
0 0.39947916666666666 0.29583333333333334 0.034375 0.12314814814814815
0 0.35182291666666665 0.3458333333333333 0.0359375 0.1527777777777778
0 0.3419270833333333 0.2537037037037037 0.022395833333333334 0.11296296296296296
0 0.5122395833333333 0.5120370370370371 0.050520833333333334 0.18518518518518517
0 0.47265625 0.500462962962963 0.0484375 0.20833333333333334
0 0.08932291666666667 0.5532407407407407 0.044270833333333336 0.19722222222222222
0 0.6046875 0.3773148148148148 0.03333333333333333 0.13796296296296295
0 0.7692708333333333 0.3875 0.034375 0.1712962962962963
