0 0.38331318016928656 0.8180555555555555 0.03869407496977025 0.1675925925925926
0 0.3639661426844015 0.8680555555555556 0.03869407496977025 0.16018518518518518
0 0.6438935912938332 0.8310185185185185 0.049576783555018135 0.17685185185185184
0 0.37182587666263606 0.5768518518518518 0.045949214026602174 0.1425925925925926
0 0.32859733978234584 0.587037037037037 0.04171704957678356 0.14629629629629629
0 0.06287787182587666 0.6268518518518519 0.0471584038694075 0.15185185185185185
0 0.07194679564691657 0.7847222222222222 0.05441354292623942 0.1824074074074074
0 0.11275695284159613 0.8046296296296296 0.0501813784764208 0.19444444444444445
0 0.7128174123337364 0.4791666666666667 0.037484885126964934 0.1675925925925926
0 0.6816807738814994 0.49444444444444446 0.04897218863361548 0.1648148148148148
0 0.6931680773881499 0.5402777777777777 0.044135429262394194 0.16203703703703703
0 0.7989721886336155 0.7791666666666667 0.044135429262394194 0.15648148148148147
0 0.7799274486094316 0.8157407407407408 0.053204353083434096 0.15555555555555556
0 0.36185006045949214 0.2814814814814815 0.03688029020556227 0.13518518518518519
0 0.3143893591293833 0.3055555555555556 0.03506650544135429 0.12962962962962962
0 0.4068923821039903 0.28425925925925927 0.037484885126964934 0.13518518518518519
0 0.3987303506650544 0.30462962962962964 0.046553808948004836 0.14074074074074075
0 0.25272067714631197 0.7921296296296296 0.045949214026602174 0.175
0 0.34794437726723093 0.6949074074074074 0.039298669891172915 0.1712962962962963
0 0.3518742442563482 0.7097222222222223 0.0471584038694075 0.15648148148148147
0 0.25151148730350664 0.8231481481481482 0.045949214026602174 0.18518518518518517
0 0.32073760580411126 0.32314814814814813 0.04534461910519952 0.13703703703703704
0 0.6330108827085853 0.937037037037037 0.04836759371221282 0.12407407407407407
0 0.6892382103990327 0.9226851851851852 0.045949214026602174 0.15648148148148147
0 0.6493349455864571 0.9032407407407408 0.041112454655380895 0.16203703703703703
0 0.9694679564691656 0.8032407407407407 0.051390568319226115 0.1638888888888889
0 0.9180773881499396 0.7564814814814815 0.05380894800483676 0.15185185185185185
0 0.9860943168077388 0.7532407407407408 0.02539298669891173 0.1712962962962963
0 0.8990326481257558 0.9601851851851851 0.053204353083434096 0.08148148148148149
0 0.9434703748488513 0.9606481481481481 0.042926239419588876 0.0787037037037037
0 0.8107617896009673 0.9629629629629629 0.04836759371221282 0.07592592592592592
0 0.7629987908101572 0.9467592592592593 0.045949214026602174 0.10648148148148148
0 0.8098548972188634 0.5458333333333333 0.03688029020556227 0.15462962962962962
0 0.8672914147521161 0.5731481481481482 0.04897218863361548 0.1648148148148148
0 0.8412938331318017 0.5013888888888889 0.03083434099153567 0.10462962962962963
0 0.8730350665054414 0.5143518518518518 0.03385731559854897 0.12314814814814815
0 0.37605804111245467 0.9689814814814814 0.041112454655380895 0.06388888888888888
0 0.1523579201934704 0.1587962962962963 0.03506650544135429 0.12685185185185185
0 0.10066505441354293 0.27824074074074073 0.046553808948004836 0.16203703703703703
0 0.1807738814993954 0.18703703703703703 0.03506650544135429 0.12962962962962962
0 0.6692865779927448 0.11342592592592593 0.03385731559854897 0.12685185185185185
0 0.7007255139056832 0.11712962962962963 0.032648125755743655 0.1175925925925926
0 0.3533857315598549 0.15925925925925927 0.0380894800483676 0.11481481481481481
0 0.31559854897218864 0.2310185185185185 0.037484885126964934 0.1398148148148148
0 0.4195888754534462 0.19027777777777777 0.032648125755743655 0.13240740740740742
0 0.526602176541717 0.1597222222222222 0.03506650544135429 0.14351851851851852
0 0.42986698911729143 0.1527777777777778 0.032648125755743655 0.12777777777777777
0 0.5108827085852479 0.19074074074074074 0.041112454655380895 0.12407407407407407
0 0.5909915356711004 0.14722222222222223 0.03688029020556227 0.12407407407407407
0 0.6269649334945586 0.13564814814814816 0.04232164449818621 0.12685185185185185
0 0.6744256348246674 0.13796296296296295 0.044135429262394194 0.12407407407407407
0 0.7203748488512697 0.10416666666666667 0.034461910519951636 0.11203703703703703
0 0.7469770253929867 0.13518518518518519 0.034461910519951636 0.13518518518518519
0 0.7708585247883918 0.25972222222222224 0.044740024183796856 0.13240740740740742
0 0.9044740024183797 0.3148148148148148 0.03506650544135429 0.11296296296296296
0 0.9328899637243047 0.30972222222222223 0.03506650544135429 0.13425925925925927
0 0.9631197097944377 0.22685185185185186 0.032648125755743655 0.12407407407407407
0 0.9180773881499396 0.2657407407407407 0.034461910519951636 0.13148148148148148
0 0.9622128174123338 0.28379629629629627 0.039298669891172915 0.1398148148148148
0 0.944074969770254 0.3560185185185185 0.044135429262394194 0.15462962962962962
0 0.9117291414752116 0.35833333333333334 0.04232164449818621 0.1574074074074074
0 0.7796251511487303 0.35462962962962963 0.02962515114873035 0.09814814814814815
0 0.8053204353083434 0.33055555555555555 0.037484885126964934 0.13518518518518519
0 0.8210399032648126 0.3388888888888889 0.030229746070133012 0.10740740740740741
0 0.9863966142684402 0.2662037037037037 0.02720677146311971 0.14537037037037037
0 0.8975211608222491 0.4300925925925926 0.05380894800483676 0.13796296296296295
0 0.9419588875453446 0.42824074074074076 0.04232164449818621 0.15648148148148147
0 0.9812575574365175 0.40555555555555556 0.03506650544135429 0.1537037037037037
0 0.9812575574365175 0.4388888888888889 0.03506650544135429 0.14629629629629629
0 0.9195888754534461 0.4912037037037037 0.0471584038694075 0.14722222222222223
0 0.9247279322853688 0.5652777777777778 0.046553808948004836 0.15648148148148147
0 0.6142684401451027 0.3296296296296296 0.04232164449818621 0.13703703703703704
0 0.6423821039903265 0.3425925925925926 0.039298669891172915 0.15185185185185185
0 0.7738814993954051 0.30972222222222223 0.030229746070133012 0.12685185185185185
0 0.752720677146312 0.30324074074074076 0.03385731559854897 0.125
0 0.6632406287787183 0.4027777777777778 0.037484885126964934 0.1537037037037037
0 0.6327085852478839 0.3962962962962963 0.03688029020556227 0.14814814814814814
0 0.6967956469165659 0.37824074074074077 0.04171704957678356 0.14166666666666666
0 0.8573155985489722 0.37592592592592594 0.037484885126964934 0.13148148148148148
0 0.7769044740024184 0.6037037037037037 0.05078597339782346 0.15925925925925927
0 0.1475211608222491 0.3402777777777778 0.041112454655380895 0.13796296296296295
0 0.1865175332527207 0.33564814814814814 0.04171704957678356 0.13240740740740742
0 0.18016928657799275 0.4074074074074074 0.041112454655380895 0.15555555555555556
0 0.13119709794437726 0.4101851851851852 0.04232164449818621 0.1425925925925926
0 0.046553808948004836 0.5101851851851852 0.041112454655380895 0.1648148148148148
0 0.0761789600967352 0.5361111111111111 0.049576783555018135 0.1685185185185185
0 0.10973397823458284 0.5527777777777778 0.034461910519951636 0.10185185185185185
0 0.4114268440145103 0.6638888888888889 0.044135429262394194 0.15925925925925927
0 0.08948004836759371 0.19398148148148148 0.037484885126964934 0.12314814814814815
0 0.0843409915356711 0.2101851851851852 0.039298669891172915 0.11481481481481481
0 0.11003627569528417 0.6222222222222222 0.04836759371221282 0.1574074074074074
0 0.29897218863361547 0.6652777777777777 0.04171704957678356 0.1638888888888889
0 0.3137847642079806 0.6347222222222222 0.03869407496977025 0.16574074074074074
0 0.3503627569528416 0.6532407407407408 0.03688029020556227 0.14351851851851852
0 0.6330108827085853 0.8046296296296296 0.0592503022974607 0.14814814814814814
0 0.6311970979443773 0.7685185185185185 0.07376058041112454 0.15925925925925927
0 0.5075574365175333 0.3175925925925926 0.039298669891172915 0.11851851851851852
0 0.3346432889963724 0.8416666666666667 0.04897218863361548 0.17037037037037037
0 0.7814389359129383 0.24074074074074073 0.034461910519951636 0.14074074074074075
0 0.3827085852478839 0.17037037037037037 0.036275695284159616 0.13148148148148148
0 0.29020556227327693 0.23287037037037037 0.036275695284159616 0.125
0 0.5048367593712213 0.27824074074074073 0.044740024183796856 0.16018518518518518
0 0.2370012091898428 0.5967592592592592 0.03990326481257558 0.15462962962962962
0 0.24062877871825877 0.5666666666666667 0.037484885126964934 0.14629629629629629
0 0.06166868198307134 0.8560185185185185 0.04836759371221282 0.16203703703703703
0 0.19800483675937122 0.5972222222222222 0.044135429262394194 0.14629629629629629
0 0.21432889963724305 0.5393518518518519 0.03688029020556227 0.15092592592592594
0 0.17835550181378476 0.5578703703703703 0.0471584038694075 0.15462962962962962
0 0.4879081015719468 0.5828703703703704 0.03990326481257558 0.16018518518518518
0 0.3935912938331318 0.24259259259259258 0.030229746070133012 0.12962962962962962
0 0.41414752116082226 0.24861111111111112 0.032648125755743655 0.12685185185185185
0 0.5163240628778718 0.5703703703703704 0.036275695284159616 0.14629629629629629
0 0.7128174123337364 0.9541666666666667 0.044740024183796856 0.09166666666666666
0 0.9117291414752116 0.8629629629629629 0.049576783555018135 0.1685185185185185
0 0.6711003627569528 0.9587962962962963 0.03869407496977025 0.08425925925925926
0 0.719770253929867 0.3861111111111111 0.04171704957678356 0.11851851851851852
0 0.7663240628778718 0.38842592592592595 0.04171704957678356 0.13796296296296295
0 0.2790205562273277 0.38287037037037036 0.044135429262394194 0.13796296296296295
0 0.2578597339782346 0.3976851851851852 0.034461910519951636 0.13796296296296295
0 0.5495767835550182 0.5060185185185185 0.032648125755743655 0.12685185185185185
0 0.2539298669891173 0.9777777777777777 0.03990326481257558 0.046296296296296294
0 0.47702539298669894 0.9787037037037037 0.03869407496977025 0.044444444444444446
0 0.530229746070133 0.8240740740740741 0.0471584038694075 0.17777777777777778
0 0.43500604594921405 0.8791666666666667 0.04534461910519952 0.16203703703703703
0 0.533857315598549 0.5907407407407408 0.044740024183796856 0.1574074074074074
0 0.5042321644498187 0.9217592592592593 0.056831922611850064 0.15648148148148147
0 0.3261789600967352 0.7768518518518519 0.044135429262394194 0.17407407407407408
0 0.5532043530834341 0.5236111111111111 0.03990326481257558 0.13240740740740742
0 0.5253929866989118 0.5277777777777778 0.02902055622732769 0.10740740740740741
0 0.5486698911729141 0.6226851851851852 0.04171704957678356 0.14907407407407408
0 0.4930471584038694 0.8740740740740741 0.046553808948004836 0.1925925925925926
0 0.3603385731559855 0.4888888888888889 0.037484885126964934 0.13518518518518519
0 0.3385731559854897 0.40324074074074073 0.03506650544135429 0.14537037037037037
0 0.3047158403869408 0.4828703703703704 0.037484885126964934 0.16203703703703703
0 0.375453446191052 0.7203703703703703 0.037484885126964934 0.1574074074074074
0 0.38905683192261187 0.7773148148148148 0.04897218863361548 0.1638888888888889
0 0.41414752116082226 0.7453703703703703 0.04353083434099154 0.16666666666666666
0 0.3624546553808948 0.7407407407407407 0.039298669891172915 0.17407407407407408
0 0.4667472793228537 0.7486111111111111 0.044740024183796856 0.15462962962962962
0 0.6783555018137848 0.7050925925925926 0.05199516324062878 0.14907407407407408
0 0.2578597339782346 0.4601851851851852 0.05743651753325272 0.13703703703703704
0 0.4740024183796856 0.5527777777777778 0.03869407496977025 0.13518518518518519
0 0.45949214026602175 0.5212962962962963 0.049576783555018135 0.13518518518518519
0 0.27781136638452236 0.5898148148148148 0.039298669891172915 0.15185185185185185
0 0.19165659008464328 0.8111111111111111 0.060459492140266025 0.1574074074074074
0 0.469770253929867 0.4236111111111111 0.032648125755743655 0.14907407407407408
0 0.4909310761789601 0.3976851851851852 0.03385731559854897 0.1398148148148148
0 0.4921402660217654 0.6370370370370371 0.04232164449818621 0.15925925925925927
0 0.4558645707376058 0.45 0.030229746070133012 0.11481481481481481
0 0.4954655380894801 0.4666666666666667 0.03204353083434099 0.11851851851851852
0 0.26964933494558646 0.6268518518518519 0.04836759371221282 0.1685185185185185
0 0.22853688029020555 0.9606481481481481 0.037484885126964934 0.08055555555555556
0 0.1626360338573156 0.9569444444444445 0.0471584038694075 0.08796296296296297
0 0.5438331318016929 0.9657407407407408 0.04897218863361548 0.07037037037037037
0 0.9897218863361548 0.0699074074074074 0.018137847642079808 0.10833333333333334
0 0.9486094316807738 0.037037037037037035 0.03385731559854897 0.07222222222222222
0 0.9740024183796856 0.03888888888888889 0.030229746070133012 0.07592592592592592
0 0.9879081015719468 0.09583333333333334 0.02176541717049577 0.13055555555555556
0 0.9256348246674728 0.05740740740740741 0.036275695284159616 0.11296296296296296
0 0.9579806529625151 0.10972222222222222 0.04171704957678356 0.13240740740740742
0 0.9797460701330108 0.11574074074074074 0.03688029020556227 0.12407407407407407
0 0.9356106408706167 0.13796296296296295 0.04171704957678356 0.13148148148148148
0 0.9171704957678356 0.08888888888888889 0.03506650544135429 0.12222222222222222
0 0.8929866989117291 0.14074074074074075 0.04232164449818621 0.13148148148148148
0 0.9839782345828295 0.3449074074074074 0.03083434099153567 0.12685185185185185
0 0.8948004836759371 0.3875 0.0471584038694075 0.13425925925925927
0 0.5704353083434099 0.027777777777777776 0.02720677146311971 0.053703703703703705
0 0.5556227327690447 0.025925925925925925 0.02539298669891173 0.05
0 0.6847037484885127 0.07175925925925926 0.03688029020556227 0.11574074074074074
0 0.6695888754534461 0.08888888888888889 0.034461910519951636 0.1259259259259259
0 0.7097944377267231 0.05555555555555555 0.03506650544135429 0.10925925925925926
0 0.555925030229746 0.16342592592592592 0.04171704957678356 0.13425925925925927
0 0.7194679564691656 0.1398148148148148 0.03506650544135429 0.12962962962962962
0 0.21251511487303507 0.01990740740740741 0.03204353083434099 0.03796296296296296
0 0.1756348246674728 0.02546296296296296 0.034461910519951636 0.049074074074074076
0 0.060459492140266025 0.02175925925925926 0.030229746070133012 0.041666666666666664
0 0.08343409915356712 0.020370370370370372 0.02902055622732769 0.03888888888888889
0 0.11366384522370013 0.025 0.02781136638452237 0.04814814814814815
0 0.45163240628778717 0.043055555555555555 0.02902055622732769 0.08425925925925926
0 0.4667472793228537 0.046296296296296294 0.03506650544135429 0.09074074074074075
0 0.42926239419588874 0.025 0.02781136638452237 0.04814814814814815
0 0.2007255139056832 0.06481481481481481 0.037484885126964934 0.12037037037037036
0 0.1635429262394196 0.06666666666666667 0.03688029020556227 0.11666666666666667
0 0.6402660217654171 0.0837962962962963 0.037484885126964934 0.13796296296296295
0 0.6058041112454655 0.08425925925925926 0.03385731559854897 0.12407407407407407
0 0.4449818621523579 0.11342592592592593 0.032648125755743655 0.11203703703703703
0 0.4274486094316808 0.08518518518518518 0.036275695284159616 0.12962962962962962
0 0.29443772672309554 0.06666666666666667 0.036275695284159616 0.11851851851851852
0 0.24365175332527206 0.046296296296296294 0.03385731559854897 0.09074074074074075
0 0.5819226118500604 0.02546296296296296 0.028415961305925032 0.049074074074074076
