0 0.09869791666666666 0.39861111111111114 0.0390625 0.18611111111111112
0 0.6078125 0.2064814814814815 0.029166666666666667 0.11851851851851852
0 0.903125 0.4009259259259259 0.04479166666666667 0.19814814814814816
0 0.0203125 0.8560185185185185 0.03958333333333333 0.2898148148148148
0 0.05078125 0.8944444444444445 0.07239583333333334 0.20925925925925926
0 0.2453125 0.45740740740740743 0.041666666666666664 0.21296296296296297
0 0.33229166666666665 0.4699074074074074 0.06354166666666666 0.2064814814814815
0 0.2716145833333333 0.40370370370370373 0.0421875 0.2111111111111111
0 0.3859375 0.40324074074074073 0.053125 0.2175925925925926
0 0.3575520833333333 0.33055555555555555 0.0328125 0.1814814814814815
0 0.33515625 0.3287037037037037 0.0359375 0.19074074074074074
0 0.3984375 0.33287037037037037 0.0375 0.1787037037037037
0 0.46067708333333335 0.36527777777777776 0.05260416666666667 0.2064814814814815
0 0.5244791666666667 0.37222222222222223 0.04583333333333333 0.18703703703703703
0 0.709375 0.38333333333333336 0.06041666666666667 0.18703703703703703
0 0.2950520833333333 0.3712962962962963 0.044270833333333336 0.19074074074074074
0 0.28072916666666664 0.3449074074074074 0.041666666666666664 0.18425925925925926
0 0.7919270833333333 0.4023148148148148 0.0484375 0.18611111111111112
0 0.4309895833333333 0.2833333333333333 0.04010416666666667 0.17962962962962964
0 0.715625 0.31157407407407406 0.046875 0.1675925925925926
0 0.7721354166666666 0.36527777777777776 0.03802083333333333 0.1824074074074074
0 0.8153645833333333 0.35324074074074074 0.04010416666666667 0.18425925925925926
0 0.7265625 0.3587962962962963 0.041666666666666664 0.18981481481481483
0 0.7734375 0.33101851851851855 0.03854166666666667 0.18425925925925926
0 0.7419270833333333 0.3199074074074074 0.04114583333333333 0.20462962962962963
0 0.5609375 0.3037037037037037 0.0375 0.17407407407407408
0 0.2859375 0.24537037037037038 0.036458333333333336 0.15185185185185185
0 0.45260416666666664 0.21296296296296297 0.036458333333333336 0.13703703703703704
0 0.4901041666666667 0.23055555555555557 0.03125 0.12407407407407407
0 0.46822916666666664 0.2175925925925926 0.025 0.09074074074074075
0 0.49296875 0.19814814814814816 0.03177083333333333 0.13518518518518519
0 0.33880208333333334 0.22453703703703703 0.043229166666666666 0.16203703703703703
0 0.32708333333333334 0.19212962962962962 0.029166666666666667 0.13796296296296295
0 0.5424479166666667 0.11990740740740741 0.0234375 0.11574074074074074
0 0.3567708333333333 0.11805555555555555 0.03333333333333333 0.1175925925925926
0 0.39348958333333334 0.275 0.0359375 0.17777777777777778
0 0.3328125 0.11990740740740741 0.03125 0.14907407407407408
0 0.45208333333333334 0.1375 0.03333333333333333 0.12685185185185185
0 0.4005208333333333 0.14814814814814814 0.025 0.10925925925925926
0 0.3765625 0.1439814814814815 0.03125 0.12129629629629629
0 0.3572916666666667 0.1574074074074074 0.023958333333333335 0.09074074074074075
