0 0.5574365175332527 0.8958333333333334 0.044740024183796856 0.17314814814814813
0 0.5574365175332527 0.9365740740740741 0.041112454655380895 0.1287037037037037
0 0.3896614268440145 0.5657407407407408 0.03688029020556227 0.13518518518518519
0 0.7357920193470375 0.812962962962963 0.04836759371221282 0.18518518518518517
0 0.7122128174123338 0.8481481481481481 0.05804111245465538 0.18703703703703703
0 0.6774486094316807 0.875462962962963 0.0501813784764208 0.16574074074074074
0 0.3313180169286578 0.35 0.037484885126964934 0.16666666666666666
0 0.2844619105199516 0.33611111111111114 0.03204353083434099 0.14074074074074075
0 0.34280532043530837 0.36898148148148147 0.041112454655380895 0.14537037037037037
0 0.36638452237001207 0.3384259259259259 0.036275695284159616 0.14166666666666666
0 0.27267230955259975 0.3592592592592593 0.04232164449818621 0.14629629629629629
0 0.6342200725513906 0.9638888888888889 0.05199516324062878 0.07407407407407407
0 0.6735187424425635 0.9541666666666667 0.04232164449818621 0.09351851851851851
0 0.6251511487303507 0.950462962962963 0.041112454655380895 0.10092592592592593
0 0.8409915356711004 0.9425925925925925 0.03506650544135429 0.1111111111111111
0 0.8814993954050786 0.9356481481481481 0.04836759371221282 0.12685185185185185
0 0.08464328899637243 0.412962962962963 0.03385731559854897 0.12962962962962962
0 0.1444981862152358 0.425462962962963 0.03869407496977025 0.15462962962962962
0 0.5785973397823458 0.6287037037037037 0.044740024183796856 0.17222222222222222
0 0.12031438935912939 0.3527777777777778 0.03385731559854897 0.14629629629629629
0 0.09794437726723096 0.4615740740740741 0.045949214026602174 0.15462962962962962
0 0.6711003627569528 0.45694444444444443 0.041112454655380895 0.13796296296296295
0 0.7004232164449818 0.4351851851851852 0.051390568319226115 0.14814814814814814
0 0.6831922611850061 0.38333333333333336 0.04232164449818621 0.13518518518518519
0 0.8292019347037485 0.4439814814814815 0.04171704957678356 0.1398148148148148
0 0.8065296251511487 0.4546296296296296 0.04232164449818621 0.1574074074074074
0 0.7877871825876662 0.5944444444444444 0.045949214026602174 0.1537037037037037
0 0.9730955259975816 0.8550925925925926 0.04534461910519952 0.17314814814814813
0 0.9328899637243047 0.8736111111111111 0.05199516324062878 0.1935185185185185
0 0.7986698911729141 0.8287037037037037 0.04232164449818621 0.11851851851851852
0 0.845223700120919 0.8282407407407407 0.045949214026602174 0.16018518518518518
0 0.7941354292623942 0.8805555555555555 0.058645707376058044 0.1648148148148148
0 0.969770253929867 0.9495370370370371 0.0592503022974607 0.10092592592592593
0 0.6073155985489722 0.8 0.05259975816203144 0.1685185185185185
0 0.6166868198307134 0.8412037037037037 0.05078597339782346 0.1675925925925926
0 0.9694679564691656 0.6550925925925926 0.034461910519951636 0.1398148148148148
0 0.9516324062877872 0.6550925925925926 0.044740024183796856 0.14537037037037037
0 0.38361547762998793 0.8717592592592592 0.05743651753325272 0.1712962962962963
0 0.35278113663845223 0.8587962962962963 0.05743651753325272 0.1675925925925926
0 0.8050181378476421 0.7486111111111111 0.03688029020556227 0.1398148148148148
0 0.842503022974607 0.7810185185185186 0.044135429262394194 0.13796296296296295
0 0.8818016928657799 0.7796296296296297 0.0501813784764208 0.17037037037037037
0 0.8428053204353083 0.3861111111111111 0.03506650544135429 0.13518518518518519
0 0.8627569528415961 0.37916666666666665 0.041112454655380895 0.11203703703703703
0 0.07345828295042321 0.8245370370370371 0.04897218863361548 0.16574074074074074
0 0.1094316807738815 0.788425925925926 0.045949214026602174 0.16203703703703703
0 0.11457073760580411 0.9310185185185185 0.051390568319226115 0.1398148148148148
0 0.07799274486094317 0.9282407407407407 0.04836759371221282 0.14537037037037037
0 0.2950423216444982 0.6703703703703704 0.049576783555018135 0.15925925925925927
0 0.3555018137847642 0.638425925925926 0.04232164449818621 0.16574074074074074
0 0.3775695284159613 0.6606481481481481 0.03688029020556227 0.13240740740740742
0 0.5081620314389359 0.9314814814814815 0.051390568319226115 0.1388888888888889
0 0.8258766626360339 0.5898148148148148 0.05078597339782346 0.1537037037037037
0 0.10368802902055622 0.41574074074074074 0.039298669891172915 0.14074074074074075
0 0.23579201934703747 0.6032407407407407 0.03869407496977025 0.15648148148148147
0 0.23639661426844014 0.5814814814814815 0.03385731559854897 0.14814814814814814
0 0.187726723095526 0.6013888888888889 0.04171704957678356 0.1398148148148148
0 0.2037484885126965 0.5523148148148148 0.04232164449818621 0.14351851851851852
0 0.16656590084643288 0.5717592592592593 0.039298669891172915 0.15092592592592594
0 0.3089480048367594 0.6194444444444445 0.0471584038694075 0.1537037037037037
0 0.3851269649334946 0.2550925925925926 0.03385731559854897 0.13055555555555556
0 0.40870616686819833 0.25601851851851853 0.02902055622732769 0.13240740740740742
0 0.30380894800483677 0.5879629629629629 0.034461910519951636 0.12962962962962962
0 0.7128174123337364 0.9629629629629629 0.044740024183796856 0.07592592592592592
0 0.7152357920193471 0.39814814814814814 0.03990326481257558 0.1259259259259259
0 0.7533252720677146 0.4111111111111111 0.04353083434099154 0.13518518518518519
0 0.2678355501813785 0.39490740740740743 0.037484885126964934 0.1398148148148148
0 0.24909310761789602 0.4115740740740741 0.03506650544135429 0.14351851851851852
0 0.8814993954050786 0.6574074074074074 0.036275695284159616 0.12962962962962962
0 0.30169286577992743 0.9782407407407407 0.037484885126964934 0.04537037037037037
0 0.4628174123337364 0.9851851851851852 0.039298669891172915 0.03148148148148148
0 0.532043530834341 0.5916666666666667 0.041112454655380895 0.16296296296296298
0 0.32073760580411126 0.7907407407407407 0.046553808948004836 0.16296296296296298
0 0.8624546553808948 0.6925925925925925 0.03688029020556227 0.14814814814814814
0 0.846130592503023 0.7125 0.034461910519951636 0.12129629629629629
0 0.5816203143893591 0.6018518518518519 0.03990326481257558 0.1537037037037037
0 0.34885126964933494 0.4949074074074074 0.037484885126964934 0.13240740740740742
0 0.28355501813784767 0.5046296296296297 0.03869407496977025 0.1574074074074074
0 0.19165659008464328 0.9305555555555556 0.044740024183796856 0.14074074074074075
0 0.4752116082224909 0.45092592592592595 0.02781136638452237 0.13518518518518519
0 0.35882708585247886 0.7287037037037037 0.042926239419588876 0.15925925925925927
0 0.3080411124546554 0.8310185185185185 0.04897218863361548 0.1675925925925926
0 0.3824062877871826 0.7546296296296297 0.039298669891172915 0.1685185185185185
0 0.3310157194679565 0.7384259259259259 0.046553808948004836 0.1824074074074074
0 0.12484885126964934 0.8949074074074074 0.04897218863361548 0.1824074074074074
0 0.02871825876662636 0.7759259259259259 0.05380894800483676 0.17037037037037037
0 0.18349455864570738 0.8324074074074074 0.046553808948004836 0.17037037037037037
0 0.16142684401451027 0.8050925925925926 0.04232164449818621 0.13796296296296295
0 0.4492140266021765 0.7546296296296297 0.045949214026602174 0.1537037037037037
0 0.6753325272067715 0.7273148148148149 0.0471584038694075 0.15092592592592594
0 0.38784764207980654 0.4587962962962963 0.034461910519951636 0.10648148148148148
0 0.4655380894800484 0.5606481481481481 0.036275695284159616 0.1398148148148148
0 0.4501209189842805 0.5171296296296296 0.039298669891172915 0.10462962962962963
0 0.0190447400241838 0.9629629629629629 0.03688029020556227 0.07592592592592592
0 0.4649334945586457 0.4273148148148148 0.032648125755743655 0.1398148148148148
0 0.49758162031438935 0.41805555555555557 0.03385731559854897 0.14907407407407408
0 0.3926844014510278 0.6888888888888889 0.05501813784764208 0.1537037037037037
0 0.49274486094316805 0.5064814814814815 0.03869407496977025 0.12037037037037036
0 0.5689238210399032 0.43657407407407406 0.03506650544135429 0.10833333333333334
0 0.5392986698911729 0.4212962962962963 0.03990326481257558 0.14444444444444443
0 0.8866384522370012 0.1736111111111111 0.0501813784764208 0.13796296296296295
0 0.8990326481257558 0.11712962962962963 0.03990326481257558 0.12314814814814815
0 0.9129383313180169 0.20787037037037037 0.030229746070133012 0.10648148148148148
0 0.9897218863361548 0.350462962962963 0.019347037484885126 0.12314814814814815
0 0.9398428053204353 0.38796296296296295 0.044135429262394194 0.14814814814814814
0 0.9582829504232164 0.4148148148148148 0.03990326481257558 0.14074074074074075
0 0.8893591293833132 0.5814814814814815 0.044740024183796856 0.1537037037037037
0 0.9803506650544136 0.49583333333333335 0.03688029020556227 0.16203703703703703
0 0.8116686819830713 0.6564814814814814 0.044135429262394194 0.15925925925925927
0 0.8403869407496977 0.687962962962963 0.04232164449818621 0.14629629629629629
0 0.7164449818621523 0.5601851851851852 0.03990326481257558 0.1574074074074074
0 0.8050181378476421 0.6962962962962963 0.04534461910519952 0.1537037037037037
0 0.8923821039903265 0.8740740740740741 0.0471584038694075 0.1685185185185185
0 0.6901451027811366 0.10092592592592593 0.034461910519951636 0.11851851851851852
0 0.6692865779927448 0.09583333333333334 0.036275695284159616 0.11018518518518519
0 0.6082224909310762 0.13935185185185187 0.037484885126964934 0.14351851851851852
0 0.5368802902055623 0.11898148148148148 0.03506650544135429 0.13796296296296295
0 0.6952841596130592 0.12638888888888888 0.037484885126964934 0.12129629629629629
0 0.654776299879081 0.16342592592592592 0.03990326481257558 0.12685185185185185
0 0.6051995163240629 0.16342592592592592 0.032648125755743655 0.11574074074074074
0 0.6807738814993954 0.2587962962962963 0.03990326481257558 0.13425925925925927
0 0.6185006045949214 0.24027777777777778 0.041112454655380895 0.1398148148148148
0 0.591596130592503 0.262037037037037 0.03688029020556227 0.1259259259259259
0 0.6608222490931076 0.27870370370370373 0.026602176541717048 0.09074074074074075
0 0.6324062877871826 0.28703703703703703 0.03506650544135429 0.13518518518518519
0 0.5326481257557436 0.18981481481481483 0.03506650544135429 0.12037037037037036
0 0.48941958887545345 0.2037037037037037 0.03204353083434099 0.11481481481481481
0 0.5235792019347038 0.1037037037037037 0.037484885126964934 0.13518518518518519
0 0.5024183796856106 0.10277777777777777 0.02781136638452237 0.11296296296296296
0 0.6816807738814994 0.2972222222222222 0.04171704957678356 0.14814814814814814
0 0.6115477629987908 0.36944444444444446 0.039298669891172915 0.14074074074074075
0 0.6327085852478839 0.3907407407407407 0.035671100362756954 0.14629629629629629
0 0.6626360338573156 0.36712962962962964 0.03990326481257558 0.15092592592592594
0 0.4274486094316808 0.11898148148148148 0.03506650544135429 0.11574074074074074
0 0.38694074969770254 0.18101851851851852 0.03385731559854897 0.1287037037037037
0 0.45163240628778717 0.08194444444444444 0.03385731559854897 0.13425925925925927
0 0.4362152357920194 0.07685185185185185 0.034461910519951636 0.1259259259259259
0 0.3978234582829504 0.11388888888888889 0.030229746070133012 0.11851851851851852
0 0.18621523579201935 0.14444444444444443 0.041112454655380895 0.14074074074074075
0 0.29081015719467956 0.2 0.041112454655380895 0.13703703703703704
0 0.3225513905683192 0.22314814814814815 0.04050785973397823 0.12962962962962962
0 0.624546553808948 0.6282407407407408 0.04836759371221282 0.16018518518518518
0 0.7750906892382105 0.4666666666666667 0.044740024183796856 0.14074074074074075
0 0.5353688029020556 0.4675925925925926 0.04897218863361548 0.14074074074074075
0 0.45646916565900847 0.4625 0.05562273276904474 0.14166666666666666
0 0.0190447400241838 0.13055555555555556 0.03688029020556227 0.1259259259259259
0 0.13694074969770254 0.11666666666666667 0.042926239419588876 0.12962962962962962
0 0.1735187424425635 0.09722222222222222 0.03385731559854897 0.1259259259259259
0 0.19105199516324062 0.1125 0.02781136638452237 0.12129629629629629
0 0.2545344619105199 0.09675925925925925 0.032648125755743655 0.1175925925925926
0 0.279322853688029 0.10138888888888889 0.03506650544135429 0.12314814814814815
0 0.16021765417170497 0.07453703703703704 0.03990326481257558 0.13425925925925927
0 0.09703748488512697 0.04583333333333333 0.03083434099153567 0.08981481481481482
0 0.18288996372430472 0.1675925925925926 0.034461910519951636 0.13703703703703704
0 0.4667472793228537 0.10462962962962963 0.030229746070133012 0.12407407407407407
0 0.5142079806529625 0.07731481481481481 0.03204353083434099 0.1175925925925926
0 0.5640870616686819 0.07777777777777778 0.02418379685610641 0.1259259259259259
0 0.24244256348246676 0.34444444444444444 0.037484885126964934 0.14444444444444443
0 0.08192261185006046 0.2537037037037037 0.039298669891172915 0.13518518518518519
0 0.10701330108827085 0.24537037037037038 0.03385731559854897 0.12962962962962962
0 0.2309552599758162 0.2740740740740741 0.03506650544135429 0.14074074074074075
0 0.19226118500604594 0.2675925925925926 0.03869407496977025 0.13148148148148148
0 0.4939540507859734 0.2574074074074074 0.036275695284159616 0.1259259259259259
0 0.4740024183796856 0.2814814814814815 0.03869407496977025 0.13148148148148148
0 0.253627569528416 0.30462962962962964 0.034461910519951636 0.14814814814814814
0 0.2892986698911729 0.37777777777777777 0.03688029020556227 0.13518518518518519
0 0.3295042321644498 0.4513888888888889 0.04232164449818621 0.1712962962962963
0 0.27871825876662637 0.45740740740740743 0.041112454655380895 0.1537037037037037
0 0.0813180169286578 0.3875 0.034461910519951636 0.13240740740740742
0 0.03053204353083434 0.39814814814814814 0.046553808948004836 0.15555555555555556
0 0.02629987908101572 0.36064814814814816 0.03688029020556227 0.13796296296296295
0 0.022974607013301087 0.3347222222222222 0.03869407496977025 0.15092592592592594
0 0.06650544135429262 0.30694444444444446 0.037484885126964934 0.1287037037037037
0 0.6898428053204353 0.23842592592592593 0.045949214026602174 0.15648148148148147
0 0.9755139056831923 0.11805555555555555 0.03688029020556227 0.13240740740740742
0 0.9537484885126964 0.0699074074074074 0.03204353083434099 0.11574074074074074
0 0.9256348246674728 0.06157407407407407 0.032648125755743655 0.12129629629629629
0 0.9891172914147521 0.02361111111111111 0.02176541717049577 0.04537037037037037
0 0.9401451027811366 0.10648148148148148 0.03990326481257558 0.12962962962962962
0 0.05743651753325272 0.04351851851851852 0.04232164449818621 0.08518518518518518
0 0.11729141475211609 0.11435185185185186 0.037484885126964934 0.12685185185185185
0 0.11970979443772672 0.05740740740740741 0.037484885126964934 0.11296296296296296
0 0.37061668681983073 0.08148148148148149 0.03143893591293833 0.11851851851851852
0 0.5816203143893591 0.16435185185185186 0.03869407496977025 0.12314814814814815
0 0.19316807738814995 0.075 0.034461910519951636 0.14074074074074075
0 0.5522974607013301 0.125 0.03204353083434099 0.12777777777777777
0 0.6321039903264812 0.1175925925925926 0.034461910519951636 0.13518518518518519
0 0.3512696493349456 0.06805555555555555 0.03143893591293833 0.1287037037037037
0 0.5891777509068924 0.11712962962962963 0.03688029020556227 0.13240740740740742
0 0.48972188633615477 0.05138888888888889 0.032648125755743655 0.10092592592592593
0 0.6481257557436517 0.07037037037037037 0.036275695284159616 0.1259259259259259
0 0.46311970979443773 0.031018518518518518 0.030229746070133012 0.06018518518518518
0 0.24546553808948005 0.04212962962962963 0.032648125755743655 0.0824074074074074
0 0.591596130592503 0.058333333333333334 0.034461910519951636 0.1111111111111111
0 0.3437122128174123 0.0412037037037037 0.034461910519951636 0.08055555555555556
0 0.2871825876662636 0.05787037037037037 0.02781136638452237 0.11018518518518519
0 0.3162031438935913 0.044444444444444446 0.030229746070133012 0.08703703703703704
0 0.42593712212817414 0.06805555555555555 0.03204353083434099 0.11574074074074074
0 0.3978234582829504 0.06620370370370371 0.030229746070133012 0.1175925925925926
0 0.2209794437726723 0.07268518518518519 0.034461910519951636 0.13796296296296295
