0 0.058823529411764705 0.7534090909090909 0.04603580562659847 0.15227272727272728
0 0.056265984654731455 0.8176136363636364 0.05115089514066496 0.15568181818181817
0 0.13895993179880647 0.7778409090909091 0.03751065643648764 0.14204545454545456
0 0.6197783461210571 0.9676136363636364 0.05115089514066496 0.06704545454545455
0 0.6768968456947997 0.8755681818181819 0.0443307757885763 0.15113636363636362
0 0.4492753623188406 0.8619318181818182 0.04603580562659847 0.15113636363636362
0 0.48678601875532823 0.8522727272727273 0.04603580562659847 0.15227272727272728
0 0.34271099744245526 0.727840909090909 0.042625745950554135 0.14431818181818182
0 0.3073316283034953 0.6971590909090909 0.04859335038363171 0.1375
0 0.2753623188405797 0.7295454545454545 0.05115089514066496 0.1318181818181818
0 0.013640238704177323 0.7426136363636363 0.02557544757033248 0.13977272727272727
0 0.4718670076726343 0.7227272727272728 0.03836317135549872 0.15227272727272728
0 0.5072463768115942 0.7272727272727273 0.04603580562659847 0.15227272727272728
0 0.4057971014492754 0.9011363636363636 0.0443307757885763 0.1431818181818182
0 0.3815004262574595 0.5732954545454545 0.03836317135549872 0.13522727272727272
0 0.13597612958226768 0.5568181818181818 0.03836317135549872 0.1318181818181818
0 0.16538789428815004 0.56875 0.04603580562659847 0.12840909090909092
0 0.7472293265132139 0.6005681818181818 0.045183290707587385 0.15113636363636362
0 0.7195225916453538 0.8875 0.0443307757885763 0.14772727272727273
0 0.34185848252344414 0.5119318181818182 0.03751065643648764 0.12840909090909092
0 0.29965899403239554 0.5085227272727273 0.041773231031543054 0.12613636363636363
0 0.08908780903665814 0.4914772727272727 0.03836317135549872 0.1375
0 0.8768115942028986 0.048863636363636366 0.0247229326513214 0.08409090909090909
0 0.8465473145780051 0.8147727272727273 0.05285592497868713 0.1409090909090909
0 0.5110826939471441 0.509090909090909 0.041773231031543054 0.11363636363636363
0 0.4381926683716965 0.5789772727272727 0.0392156862745098 0.13522727272727272
0 0.4782608695652174 0.5857954545454546 0.04092071611253197 0.13522727272727272
0 0.5417732310315431 0.7039772727272727 0.045183290707587385 0.12840909090909092
0 0.31202046035805625 0.06704545454545455 0.030690537084398978 0.1
0 0.803921568627451 0.38636363636363635 0.042625745950554135 0.10454545454545454
0 0.10528559249786872 0.9903409090909091 0.03495311167945439 0.019318181818181818
0 0.28175618073316283 0.9715909090909091 0.045183290707587385 0.05909090909090909
0 0.20460358056265984 0.9784090909090909 0.0443307757885763 0.045454545454545456
0 0.23572037510656438 0.959659090909091 0.04859335038363171 0.08295454545454546
0 0.1474850809889173 0.9255681818181818 0.042625745950554135 0.14886363636363636
0 0.18329070758738278 0.9301136363636363 0.042625745950554135 0.14204545454545456
0 0.4300937766410912 0.021022727272727273 0.0247229326513214 0.03977272727272727
0 0.4134697357203751 0.023295454545454546 0.028985507246376812 0.04431818181818182
0 0.3491048593350384 0.00909090909090909 0.028132992327365727 0.015909090909090907
0 0.23742540494458653 0.04715909090909091 0.028132992327365727 0.07613636363636364
0 0.803921568627451 0.20681818181818182 0.0392156862745098 0.1159090909090909
0 0.8567774936061381 0.20909090909090908 0.03580562659846547 0.11818181818181818
0 0.8158567774936062 0.21420454545454545 0.03239556692242114 0.11477272727272728
0 0.8282182438192668 0.04943181818181818 0.03495311167945439 0.08977272727272727
0 0.7169650468883205 0.37613636363636366 0.0392156862745098 0.12272727272727273
0 0.5004262574595055 0.2761363636363636 0.03239556692242114 0.11136363636363636
0 0.5439045183290707 0.2715909090909091 0.03751065643648764 0.1159090909090909
0 0.7988064791133845 0.35 0.0392156862745098 0.10454545454545454
0 0.7659846547314578 0.3801136363636364 0.03836317135549872 0.11931818181818182
0 0.7638533674339301 0.5386363636363637 0.03751065643648764 0.1318181818181818
0 0.8128729752770674 0.48806818181818185 0.029838022165387893 0.11704545454545455
0 0.7928388746803069 0.5818181818181818 0.03410059676044331 0.10454545454545454
0 0.8452685421994884 0.5789772727272727 0.03836317135549872 0.13068181818181818
0 0.7971014492753623 0.509090909090909 0.0392156862745098 0.11818181818181818
0 0.5622335890878091 0.3886363636363636 0.04688832054560955 0.12045454545454545
0 0.5336743393009378 0.3977272727272727 0.04092071611253197 0.12045454545454545
0 0.3337595907928389 0.24943181818181817 0.03495311167945439 0.11477272727272728
0 0.49701619778346123 0.0971590909090909 0.027280477408354646 0.0875
0 0.2804774083546462 0.016477272727272726 0.023870417732310314 0.03068181818181818
0 0.36061381074168797 0.029545454545454545 0.02557544757033248 0.056818181818181816
0 0.819693094629156 0.2948863636363636 0.03836317135549872 0.10340909090909091
0 0.8320545609548167 0.6284090909090909 0.02557544757033248 0.10454545454545454
0 0.25404944586530265 0.03806818181818182 0.027280477408354646 0.07386363636363637
0 0.7139812446717817 0.2806818181818182 0.05029838022165388 0.11363636363636363
0 0.8226768968456948 0.3488636363636364 0.042625745950554135 0.125
0 0.5558397271952259 0.34375 0.03410059676044331 0.10795454545454546
0 0.8069053708439897 0.3028409090909091 0.041773231031543054 0.10340909090909091
0 0.7740835464620631 0.48352272727272727 0.04092071611253197 0.11477272727272728
0 0.5230179028132992 0.10113636363636364 0.03324808184143223 0.09318181818181819
0 0.5575447570332481 0.5056818181818182 0.03751065643648764 0.1318181818181818
0 0.5797101449275363 0.33693181818181817 0.0392156862745098 0.1215909090909091
0 0.5643648763853367 0.0375 0.028985507246376812 0.07272727272727272
0 0.5797101449275363 0.048863636363636366 0.023870417732310314 0.09318181818181819
0 0.05541346973572037 0.9852272727272727 0.023870417732310314 0.031818181818181815
0 0.7885763000852515 0.9738636363636364 0.03410059676044331 0.05
0 0.8329070758738278 0.9573863636363636 0.05115089514066496 0.0875
0 0.8746803069053708 0.9403409090909091 0.04092071611253197 0.1215909090909091
0 0.6121057118499573 0.8147727272727273 0.0443307757885763 0.15454545454545454
0 0.6560102301790282 0.8096590909090909 0.045183290707587385 0.15795454545454546
0 0.7877237851662404 0.7215909090909091 0.0494458653026428 0.15681818181818183
0 0.808610400682012 0.6232954545454545 0.045183290707587385 0.15568181818181817
0 0.8627450980392157 0.6352272727272728 0.03751065643648764 0.12954545454545455
0 0.7374254049445865 0.5107954545454545 0.042625745950554135 0.11931818181818182
0 0.2531969309462916 0.15738636363636363 0.030690537084398978 0.10113636363636364
0 0.484228473998295 0.35 0.042625745950554135 0.11818181818181818
0 0.24467178175618073 0.39090909090909093 0.03239556692242114 0.10454545454545454
0 0.2693947144075021 0.38693181818181815 0.03410059676044331 0.11477272727272728
0 0.293691389599318 0.4034090909090909 0.03495311167945439 0.09090909090909091
0 0.2988064791133845 0.24829545454545454 0.03495311167945439 0.11477272727272728
0 0.4381926683716965 0.325 0.03580562659846547 0.11136363636363636
0 0.31798806479113384 0.13522727272727272 0.03410059676044331 0.10454545454545454
0 0.1918158567774936 0.05738636363636364 0.027280477408354646 0.08977272727272727
0 0.2958226768968457 0.21136363636363636 0.028985507246376812 0.08409090909090909
0 0.545609548167093 0.033522727272727273 0.03239556692242114 0.06477272727272727
0 0.4475703324808184 0.09488636363636363 0.030690537084398978 0.09431818181818181
0 0.473998294970162 0.10340909090909091 0.03239556692242114 0.08636363636363636
0 0.21312872975277067 0.04090909090909091 0.028985507246376812 0.07954545454545454
0 0.33248081841432225 0.08125 0.030690537084398978 0.0875
0 0.49872122762148335 0.12272727272727273 0.03239556692242114 0.10227272727272728
0 0.7715260017050298 0.28920454545454544 0.042625745950554135 0.1215909090909091
0 0.3874680306905371 0.03068181818181818 0.028132992327365727 0.05909090909090909
0 0.4697357203751066 0.03125 0.028985507246376812 0.060227272727272727
0 0.5234441602728048 0.34545454545454546 0.03751065643648764 0.10454545454545454
0 0.26342710997442453 0.01875 0.023870417732310314 0.035227272727272725
0 0.08184143222506395 0.9107954545454545 0.04774083546462063 0.13977272727272727
0 0.5217391304347826 0.9380681818181819 0.04092071611253197 0.12386363636363637
0 0.5618073316283035 0.9488636363636364 0.0392156862745098 0.1
0 0.7723785166240409 0.8903409090909091 0.04774083546462063 0.15795454545454546
0 0.24680306905370844 0.6664772727272728 0.041773231031543054 0.1375
0 0.8090366581415175 0.8232954545454545 0.04092071611253197 0.1693181818181818
0 0.9062233589087809 0.8397727272727272 0.042625745950554135 0.16136363636363638
0 0.9343563512361467 0.81875 0.042625745950554135 0.16477272727272727
0 0.9207161125319693 0.7715909090909091 0.04774083546462063 0.15454545454545454
0 0.8704177323103154 0.5238636363636363 0.0392156862745098 0.12272727272727273
0 0.5703324808184144 0.21818181818181817 0.03239556692242114 0.09772727272727273
0 0.14620630861040068 0.023863636363636365 0.03154305200341006 0.045454545454545456
0 0.014492753623188406 0.5744318181818182 0.027280477408354646 0.12386363636363637
0 0.028985507246376812 0.5142045454545454 0.042625745950554135 0.11704545454545455
0 0.572463768115942 0.6863636363636364 0.041773231031543054 0.1409090909090909
0 0.07502131287297528 0.325 0.03751065643648764 0.12727272727272726
0 0.226768968456948 0.5471590909090909 0.0392156862745098 0.14431818181818182
0 0.5174765558397272 0.5420454545454545 0.03580562659846547 0.125
0 0.4475703324808184 0.42272727272727273 0.03580562659846547 0.11363636363636363
0 0.3316283034953112 0.3153409090909091 0.03410059676044331 0.11477272727272728
0 0.06351236146632566 0.40738636363636366 0.045183290707587385 0.12386363636363637
0 0.00980392156862745 0.525 0.017902813299232736 0.125
0 0.09292412617220801 0.3494318181818182 0.042625745950554135 0.11704545454545455
0 0.27877237851662406 0.5772727272727273 0.042625745950554135 0.13863636363636364
0 0.13043478260869565 0.34204545454545454 0.04092071611253197 0.11818181818181818
0 0.45694799658994034 0.18238636363636362 0.030690537084398978 0.09431818181818181
0 0.45865302642796246 0.5085227272727273 0.03580562659846547 0.1215909090909091
0 0.42028985507246375 0.41647727272727275 0.0392156862745098 0.12840909090909092
0 0.22250639386189258 0.04772727272727273 0.023870417732310314 0.07727272727272727
0 0.46121057118499575 0.39488636363636365 0.03580562659846547 0.1215909090909091
0 0.5387894288150042 0.45284090909090907 0.04092071611253197 0.13522727272727272
0 0.36231884057971014 0.31477272727272726 0.03239556692242114 0.12045454545454545
0 0.16453537936913895 0.20681818181818182 0.04092071611253197 0.09772727272727273
0 0.42028985507246375 0.26590909090909093 0.03410059676044331 0.09772727272727273
0 0.18329070758738278 0.32329545454545455 0.03751065643648764 0.11477272727272728
0 0.3452685421994885 0.2676136363636364 0.03580562659846547 0.1215909090909091
0 0.3589087809036658 0.18920454545454546 0.03239556692242114 0.10340909090909091
0 0.38618925831202044 0.18863636363636363 0.03239556692242114 0.11136363636363636
0 0.4676044330775789 0.2431818181818182 0.03836317135549872 0.11818181818181818
0 0.3998294970161978 0.26022727272727275 0.03410059676044331 0.10681818181818181
0 0.43478260869565216 0.175 0.030690537084398978 0.1
0 0.4113384484228474 0.19147727272727272 0.03154305200341006 0.10340909090909091
0 0.31628303495311166 0.17329545454545456 0.03410059676044331 0.11477272727272728
0 0.5277067348678602 0.12840909090909092 0.03239556692242114 0.10227272727272728
0 0.7578857630008525 0.32329545454545455 0.03580562659846547 0.11022727272727273
0 0.8806479113384484 0.22102272727272726 0.030690537084398978 0.10795454545454546
0 0.8525149190110827 0.4102272727272727 0.042625745950554135 0.11818181818181818
0 0.8567774936061381 0.21761363636363637 0.03580562659846547 0.10795454545454546
0 0.8456947996589941 0.39488636363636365 0.042625745950554135 0.12386363636363637
0 0.8124467178175618 0.40852272727272726 0.0392156862745098 0.1215909090909091
0 0.7647058823529411 0.8340909090909091 0.05285592497868713 0.15454545454545454
0 0.09292412617220801 0.4335227272727273 0.04603580562659847 0.12840909090909092
0 0.4876385336743393 0.39943181818181817 0.03239556692242114 0.1215909090909091
0 0.3776641091219096 0.5011363636363636 0.0443307757885763 0.12045454545454545
0 0.6773231031543052 0.9710227272727273 0.04859335038363171 0.060227272727272727
0 0.49914748508098894 0.38920454545454547 0.03154305200341006 0.10568181818181818
0 0.42710997442455245 0.48579545454545453 0.03751065643648764 0.12840909090909092
0 0.43648763853367434 0.1375 0.02557544757033248 0.08636363636363636
