0 0.86615515771526 0.9710227272727273 0.03751065643648764 0.05568181818181818
0 0.8256606990622336 0.9755681818181818 0.04688832054560955 0.048863636363636366
0 0.09420289855072464 0.7022727272727273 0.045183290707587385 0.15
0 0.1466325660699062 0.5767045454545454 0.05115089514066496 0.1375
0 0.14876385336743392 0.5352272727272728 0.04688832054560955 0.1409090909090909
0 0.19820971867007672 0.5357954545454545 0.05200341005967604 0.12840909090909092
0 0.04475703324808184 0.6732954545454546 0.04688832054560955 0.1375
0 0.6479113384484229 0.93125 0.04774083546462063 0.12613636363636363
0 0.6624040920716112 0.9198863636363637 0.03751065643648764 0.1375
0 0.5699062233589087 0.6568181818181819 0.04688832054560955 0.13636363636363635
0 0.34398976982097185 0.47897727272727275 0.040068201193520885 0.12840909090909092
0 0.4752770673486786 0.6238636363636364 0.05711849957374254 0.14772727272727273
0 0.38277919863597615 0.6147727272727272 0.04092071611253197 0.15454545454545454
0 0.3073316283034953 0.27954545454545454 0.03324808184143223 0.10227272727272728
0 0.7480818414322251 0.3125 0.03154305200341006 0.10227272727272728
0 0.7156862745098039 0.2852272727272727 0.03324808184143223 0.11136363636363636
0 0.7736572890025576 0.3159090909090909 0.040068201193520885 0.11136363636363636
0 0.835464620630861 0.49886363636363634 0.042625745950554135 0.1318181818181818
0 0.8043478260869565 0.5130681818181818 0.041773231031543054 0.10568181818181818
0 0.5596760443307758 0.25625 0.03495311167945439 0.10795454545454546
0 0.8269394714407502 0.6306818181818182 0.04092071611253197 0.13863636363636364
0 0.7156862745098039 0.89375 0.05200341005967604 0.13295454545454546
0 0.7489343563512362 0.9039772727272727 0.040068201193520885 0.15113636363636362
0 0.9450127877237852 0.9613636363636363 0.058823529411764705 0.075
0 0.7860187553282183 0.7852272727272728 0.0443307757885763 0.15681818181818183
0 0.7075873827791986 0.84375 0.04092071611253197 0.14431818181818182
0 0.8000852514919011 0.6357954545454545 0.043478260869565216 0.13068181818181818
0 0.7566069906223359 0.5079545454545454 0.03665814151747655 0.13863636363636364
0 0.7787723785166241 0.5028409090909091 0.03324808184143223 0.12386363636363637
0 0.8388746803069054 0.13522727272727272 0.03239556692242114 0.09318181818181819
0 0.8107416879795396 0.11704545454545455 0.028985507246376812 0.10227272727272728
0 0.3491048593350384 0.2727272727272727 0.03324808184143223 0.11136363636363636
0 0.32864450127877237 0.2869318181818182 0.040068201193520885 0.09659090909090909
0 0.13810741687979539 0.21647727272727274 0.03239556692242114 0.09886363636363636
0 0.1845694799658994 0.21931818181818183 0.028132992327365727 0.10227272727272728
0 0.2195225916453538 0.18522727272727274 0.029838022165387893 0.1
0 0.3691389599317988 0.2375 0.028985507246376812 0.10454545454545454
0 0.3895993179880648 0.24545454545454545 0.027280477408354646 0.09090909090909091
0 0.4697357203751066 0.425 0.0443307757885763 0.12727272727272726
0 0.42028985507246375 0.2630681818181818 0.0392156862745098 0.10113636363636364
0 0.45907928388746805 0.2625 0.03154305200341006 0.1
0 0.47357203751065646 0.32727272727272727 0.040068201193520885 0.11818181818181818
0 0.4420289855072464 0.24488636363636362 0.028132992327365727 0.08522727272727272
0 0.4722932651321398 0.23295454545454544 0.03239556692242114 0.10454545454545454
0 0.463768115942029 0.18636363636363637 0.028985507246376812 0.09318181818181819
0 0.45694799658994034 0.16761363636363635 0.028985507246376812 0.09431818181818181
0 0.4185848252344416 0.18011363636363636 0.030690537084398978 0.09659090909090909
0 0.18073316283034954 0.13693181818181818 0.030690537084398978 0.09659090909090909
0 0.24722932651321397 0.18295454545454545 0.03239556692242114 0.10681818181818181
0 0.2672634271099744 0.19602272727272727 0.03154305200341006 0.10113636363636364
0 0.29411764705882354 0.19545454545454546 0.028985507246376812 0.09318181818181819
0 0.28090366581415177 0.18238636363636362 0.029838022165387893 0.09431818181818181
0 0.29965899403239554 0.1625 0.03836317135549872 0.09318181818181819
0 0.5080988917306053 0.17670454545454545 0.03239556692242114 0.11022727272727273
0 0.46547314578005117 0.14375 0.03580562659846547 0.10340909090909091
0 0.4927536231884058 0.12954545454545455 0.028985507246376812 0.09545454545454546
0 0.39215686274509803 0.16590909090909092 0.03239556692242114 0.1
0 0.46035805626598464 0.10681818181818181 0.028985507246376812 0.09772727272727273
0 0.4394714407502131 0.11420454545454546 0.021312872975277068 0.06704545454545455
0 0.32011935208866155 0.07556818181818181 0.03495311167945439 0.09886363636363636
0 0.5072463768115942 0.24659090909090908 0.03410059676044331 0.11363636363636363
0 0.040068201193520885 0.4 0.05456095481670929 0.12045454545454545
0 0.47911338448422847 0.30511363636363636 0.03580562659846547 0.10340909090909091
0 0.14791133844842286 0.7642045454545454 0.040068201193520885 0.14431818181818182
0 0.005115089514066497 0.5528409090909091 0.008525149190110827 0.11704545454545455
0 0.7404092071611253 0.7977272727272727 0.045183290707587385 0.1431818181818182
0 0.2587382779198636 0.8176136363636364 0.04688832054560955 0.14431818181818182
0 0.30051150895140666 0.8022727272727272 0.04688832054560955 0.15681818181818183
0 0.36828644501278773 0.8085227272727272 0.04603580562659847 0.1534090909090909
0 0.034526854219948847 0.30625 0.03665814151747655 0.10113636363636364
0 0.12958226768968456 0.9204545454545454 0.04603580562659847 0.13863636363636364
0 0.30221653878942883 0.6147727272727272 0.05541346973572037 0.15
0 0.06692242114236999 0.3028409090909091 0.03665814151747655 0.10568181818181818
0 0.020034100596760442 0.5454545454545454 0.03836317135549872 0.12045454545454545
0 0.1287297527706735 0.69375 0.04092071611253197 0.13068181818181818
0 0.020460358056265986 0.9818181818181818 0.0392156862745098 0.03636363636363636
0 0.10017050298380221 0.8988636363636363 0.05200341005967604 0.15681818181818183
0 0.34484228473998296 0.2409090909090909 0.0247229326513214 0.09772727272727273
0 0.7519181585677749 0.5443181818181818 0.056265984654731455 0.1340909090909091
0 0.7190963341858483 0.26704545454545453 0.03495311167945439 0.10909090909090909
0 0.7071611253196931 0.2340909090909091 0.041773231031543054 0.10681818181818181
0 0.8934356351236147 0.029545454545454545 0.028985507246376812 0.056818181818181816
0 0.8678601875532822 0.02556818181818182 0.02557544757033248 0.048863636363636366
0 0.8363171355498721 0.03068181818181818 0.03239556692242114 0.05909090909090909
0 0.3034953111679454 0.021022727272727273 0.023870417732310314 0.03977272727272727
0 0.32608695652173914 0.022727272727272728 0.028132992327365727 0.04318181818181818
0 0.3589087809036658 0.026704545454545453 0.030690537084398978 0.05113636363636364
0 0.37169650468883203 0.10397727272727272 0.028985507246376812 0.09431818181818181
0 0.38022165387894286 0.028409090909090908 0.02557544757033248 0.05454545454545454
0 0.39045183290707586 0.03409090909090909 0.028985507246376812 0.0659090909090909
0 0.4317988064791134 0.15397727272727274 0.03324808184143223 0.08977272727272727
0 0.4906223358908781 0.05454545454545454 0.03154305200341006 0.08863636363636364
0 0.5132139812446718 0.053409090909090906 0.03239556692242114 0.09090909090909091
0 0.4198635976129582 0.031818181818181815 0.028132992327365727 0.06136363636363636
0 0.4514066496163683 0.03579545454545455 0.03154305200341006 0.06931818181818182
0 0.47911338448422847 0.09943181818181818 0.03239556692242114 0.0875
0 0.5656436487638533 0.05113636363636364 0.0247229326513214 0.08636363636363636
0 0.40494458653026427 0.10625 0.028985507246376812 0.09431818181818181
