0 0.029427083333333333 0.9023148148148148 0.0578125 0.19722222222222222
0 0.15416666666666667 0.8703703703703703 0.08333333333333333 0.2574074074074074
0 0.31197916666666664 0.9111111111111111 0.075 0.17962962962962964
0 0.24791666666666667 0.9481481481481482 0.084375 0.10555555555555556
0 0.6377604166666667 0.9175925925925926 0.07552083333333333 0.16666666666666666
0 0.21354166666666666 0.7171296296296297 0.053125 0.2824074074074074
0 0.27447916666666666 0.7175925925925926 0.06041666666666667 0.2722222222222222
0 0.8723958333333334 0.5087962962962963 0.04583333333333333 0.22314814814814815
0 0.20338541666666668 0.5958333333333333 0.04010416666666667 0.1787037037037037
0 0.2721354166666667 0.5847222222222223 0.0640625 0.24537037037037038
0 0.3046875 0.6189814814814815 0.034375 0.19722222222222222
0 0.2703125 0.6069444444444444 0.059375 0.22870370370370371
0 0.73984375 0.5375 0.05572916666666667 0.20462962962962963
0 0.3828125 0.6476851851851851 0.06145833333333333 0.262037037037037
0 0.2872395833333333 0.4527777777777778 0.0359375 0.16296296296296298
0 0.3184895833333333 0.45046296296296295 0.0359375 0.1935185185185185
0 0.3796875 0.43194444444444446 0.03958333333333333 0.1824074074074074
0 0.40546875 0.4671296296296296 0.050520833333333334 0.18796296296296297
0 0.42864583333333334 0.5032407407407408 0.03333333333333333 0.15648148148148147
0 0.7966145833333333 0.5050925925925925 0.07135416666666666 0.20092592592592592
0 0.66796875 0.475462962962963 0.0453125 0.1787037037037037
0 0.48802083333333335 0.49675925925925923 0.04375 0.20092592592592592
0 0.365625 0.2972222222222222 0.03229166666666667 0.14074074074074075
0 0.29661458333333335 0.3962962962962963 0.0359375 0.1425925925925926
0 0.415625 0.3638888888888889 0.029166666666666667 0.16111111111111112
0 0.47109375 0.4689814814814815 0.0390625 0.19537037037037036
0 0.4635416666666667 0.4101851851851852 0.040625 0.17222222222222222
0 0.40260416666666665 0.3416666666666667 0.030208333333333334 0.14629629629629629
0 0.3375 0.3925925925925926 0.03333333333333333 0.17037037037037037
0 0.5380208333333333 0.41898148148148145 0.042708333333333334 0.19166666666666668
0 0.71171875 0.41898148148148145 0.03697916666666667 0.18055555555555555
0 0.5333333333333333 0.3726851851851852 0.03229166666666667 0.14907407407407408
0 0.47317708333333336 0.3337962962962963 0.0296875 0.1398148148148148
0 0.4440104166666667 0.2689814814814815 0.025520833333333333 0.12129629629629629
0 0.5125 0.3439814814814815 0.042708333333333334 0.16018518518518518
0 0.5565104166666667 0.3388888888888889 0.0359375 0.1685185185185185
0 0.5015625 0.3277777777777778 0.0375 0.16111111111111112
0 0.53984375 0.2523148148148148 0.025520833333333333 0.11018518518518519
0 0.5231770833333333 0.24814814814814815 0.0234375 0.10925925925925926
0 0.37552083333333336 0.2638888888888889 0.027083333333333334 0.11851851851851852
0 0.43072916666666666 0.2810185185185185 0.0375 0.1287037037037037
0 0.5026041666666666 0.2537037037037037 0.030208333333333334 0.11851851851851852
0 0.39166666666666666 0.287962962962963 0.03333333333333333 0.13148148148148148
0 0.35625 0.25833333333333336 0.021875 0.10740740740740741
0 0.37421875 0.2388888888888889 0.0265625 0.11851851851851852
0 0.2734375 0.3384259259259259 0.03958333333333333 0.16203703703703703
0 0.4552083333333333 0.2898148148148148 0.025 0.11296296296296296
0 0.3424479166666667 0.2962962962962963 0.0296875 0.14629629629629629
0 0.084375 0.6439814814814815 0.053125 0.24351851851851852
0 0.4317708333333333 0.3416666666666667 0.03125 0.1425925925925926
0 0.4752604166666667 0.274537037037037 0.027604166666666666 0.12685185185185185
0 0.7338541666666667 0.42453703703703705 0.029166666666666667 0.09722222222222222
0 0.5934895833333333 0.33240740740740743 0.0328125 0.14074074074074075
0 0.36770833333333336 0.33240740740740743 0.03125 0.14814814814814814
0 0.6799479166666667 0.3990740740740741 0.0296875 0.16666666666666666
0 0.6184895833333334 0.4981481481481482 0.0453125 0.20925925925925926
0 0.21744791666666666 0.5967592592592592 0.05572916666666667 0.18611111111111112
