0 0.5314389359129383 0.487962962962963 0.03990326481257558 0.14074074074074075
0 0.5795042321644498 0.6467592592592593 0.051390568319226115 0.1675925925925926
0 0.5522974607013301 0.6763888888888889 0.04050785973397823 0.14166666666666666
0 0.5964328899637243 0.6046296296296296 0.03688029020556227 0.14629629629629629
0 0.5828295042321644 0.4810185185185185 0.0471584038694075 0.16574074074074074
0 0.44649334945586455 0.3111111111111111 0.04171704957678356 0.17037037037037037
0 0.6185006045949214 0.6546296296296297 0.03990326481257558 0.16296296296296298
0 0.5900846432889963 0.725 0.044740024183796856 0.15185185185185185
0 0.5662031438935913 0.5921296296296297 0.044135429262394194 0.15462962962962962
0 0.5459492140266021 0.7546296296296297 0.049576783555018135 0.17962962962962964
0 0.33706166868198306 0.8833333333333333 0.06106408706166868 0.19444444444444445
0 0.6366384522370012 0.6625 0.03869407496977025 0.14722222222222223
0 0.4135429262394196 0.7611111111111111 0.04353083434099154 0.15925925925925927
0 0.6825876662636033 0.7342592592592593 0.05199516324062878 0.17407407407407408
0 0.47158403869407495 0.33101851851851855 0.044740024183796856 0.15648148148148147
0 0.691354292623942 0.562037037037037 0.0562273276904474 0.17592592592592593
0 0.7950423216444982 0.9402777777777778 0.05562273276904474 0.12129629629629629
0 0.8337363966142685 0.9523148148148148 0.053204353083434096 0.09537037037037037
0 0.6478234582829504 0.7430555555555556 0.039298669891172915 0.16018518518518518
0 0.5157194679564692 0.7240740740740741 0.05078597339782346 0.1648148148148148
0 0.8636638452237001 0.8486111111111111 0.046553808948004836 0.16203703703703703
0 0.6650544135429263 0.6305555555555555 0.044740024183796856 0.1574074074074074
0 0.620918984280532 0.5462962962962963 0.041112454655380895 0.17037037037037037
0 0.4573760580411125 0.7726851851851851 0.04897218863361548 0.1787037037037037
0 0.5435308343409916 0.5773148148148148 0.037484885126964934 0.15092592592592594
0 0.8301088270858524 0.8564814814814815 0.044740024183796856 0.12962962962962962
0 0.04564691656590085 0.8115740740740741 0.05985489721886336 0.175
0 0.08282950423216445 0.7902777777777777 0.053204353083434096 0.18055555555555555
0 0.5734582829504232 0.2935185185185185 0.03204353083434099 0.12962962962962962
0 0.6139661426844014 0.2689814814814815 0.034461910519951636 0.12129629629629629
0 0.02267230955259976 0.2490740740740741 0.04171704957678356 0.15185185185185185
0 0.08282950423216445 0.48194444444444445 0.04836759371221282 0.15833333333333333
0 0.06529625151148731 0.27546296296296297 0.03990326481257558 0.13425925925925927
0 0.657496977025393 0.39861111111111114 0.04171704957678356 0.14907407407407408
0 0.5625755743651754 0.2324074074074074 0.044135429262394194 0.14074074074074075
0 0.4347037484885127 0.35555555555555557 0.04232164449818621 0.15185185185185185
0 0.6163845223700121 0.37222222222222223 0.039298669891172915 0.1574074074074074
0 0.6481257557436517 0.36342592592592593 0.03869407496977025 0.16018518518518518
0 0.5598548972188634 0.3453703703703704 0.037484885126964934 0.15185185185185185
0 0.585247883917775 0.3537037037037037 0.037484885126964934 0.13518518518518519
0 0.4857920193470375 0.24722222222222223 0.03204353083434099 0.12407407407407407
0 0.7412333736396615 0.43194444444444446 0.045949214026602174 0.175
0 0.7753929866989118 0.425462962962963 0.04171704957678356 0.16203703703703703
0 0.4879081015719468 0.2712962962962963 0.03506650544135429 0.13518518518518519
0 0.4957678355501814 0.31527777777777777 0.041112454655380895 0.1638888888888889
0 0.5335550181378477 0.31805555555555554 0.03688029020556227 0.13796296296296295
0 0.5169286577992744 0.3787037037037037 0.04232164449818621 0.14074074074074075
0 0.5453446191051995 0.39305555555555555 0.03990326481257558 0.13240740740740742
0 0.6145707376058042 0.4398148148148148 0.044135429262394194 0.1648148148148148
0 0.6363361547762999 0.4638888888888889 0.039298669891172915 0.14074074074074075
0 0.6617291414752116 0.45787037037037037 0.04171704957678356 0.14351851851851852
0 0.8821039903264812 0.5361111111111111 0.045949214026602174 0.1685185185185185
0 0.6970979443772672 0.47685185185185186 0.04353083434099154 0.14629629629629629
0 0.6227327690447401 0.9199074074074074 0.04353083434099154 0.16203703703703703
0 0.6541717049576784 0.9097222222222222 0.053204353083434096 0.1787037037037037
0 0.719770253929867 0.6222222222222222 0.039298669891172915 0.15925925925925927
0 0.778415961305925 0.6425925925925926 0.04897218863361548 0.1685185185185185
0 0.6632406287787183 0.5953703703703703 0.03990326481257558 0.16296296296296298
0 0.9824667472793228 0.40185185185185185 0.03385731559854897 0.1537037037037037
0 0.9504232164449818 0.4009259259259259 0.03990326481257558 0.12037037037037036
0 0.967956469165659 0.9032407407407408 0.0471584038694075 0.14351851851851852
0 0.9776299879081015 0.7902777777777777 0.04353083434099154 0.1787037037037037
0 0.8237605804111245 0.3402777777777778 0.039298669891172915 0.13796296296296295
0 0.8585247883917775 0.35324074074074074 0.03506650544135429 0.12314814814814815
0 0.9374244256348246 0.799537037037037 0.05743651753325272 0.14907407407407408
0 0.8597339782345829 0.7101851851851851 0.049576783555018135 0.1574074074074074
0 0.8189238210399032 0.7125 0.05380894800483676 0.18425925925925926
0 0.8663845223700121 0.31296296296296294 0.041112454655380895 0.14629629629629629
0 0.9068923821039904 0.3125 0.04232164449818621 0.13425925925925927
0 0.902962515114873 0.24722222222222223 0.04171704957678356 0.13703703703703704
0 0.599758162031439 0.2037037037037037 0.044740024183796856 0.15185185185185185
0 0.8969165659008465 0.35185185185185186 0.0380894800483676 0.12037037037037036
0 0.9259371221281741 0.3212962962962963 0.034461910519951636 0.12407407407407407
0 0.7430471584038694 0.6398148148148148 0.041112454655380895 0.16296296296296298
0 0.7082829504232164 0.6518518518518519 0.04171704957678356 0.15925925925925927
0 0.4322853688029021 0.9175925925925926 0.04836759371221282 0.1648148148148148
0 0.5550181378476421 0.8847222222222222 0.05441354292623942 0.16018518518518518
0 0.1435912938331318 0.3333333333333333 0.04171704957678356 0.1574074074074074
0 0.7146311970979444 0.37824074074074077 0.05078597339782346 0.16203703703703703
0 0.7309552599758162 0.2898148148148148 0.037484885126964934 0.1259259259259259
0 0.8845223700120919 0.22777777777777777 0.03990326481257558 0.12962962962962962
0 0.932285368802902 0.2101851851851852 0.03869407496977025 0.12962962962962962
0 0.9737001209189843 0.1962962962962963 0.042926239419588876 0.1425925925925926
0 0.9860943168077388 0.1398148148148148 0.026602176541717048 0.12962962962962962
0 0.9286577992744861 0.16712962962962963 0.03869407496977025 0.14907407407407408
0 0.9138452237001209 0.1476851851851852 0.03688029020556227 0.12129629629629629
0 0.9365175332527207 0.12037037037037036 0.03869407496977025 0.12962962962962962
0 0.9673518742442564 0.03981481481481482 0.03990326481257558 0.07777777777777778
0 0.8766626360338573 0.12685185185185185 0.037484885126964934 0.11851851851851852
0 0.8506650544135429 0.08842592592592592 0.037484885126964934 0.12129629629629629
0 0.8688029020556227 0.09814814814814815 0.032648125755743655 0.10740740740740741
0 0.8944981862152358 0.09490740740740741 0.034461910519951636 0.10648148148148148
0 0.9238210399032648 0.06527777777777778 0.036275695284159616 0.10648148148148148
0 0.909310761789601 0.06944444444444445 0.032648125755743655 0.11296296296296296
0 0.8748488512696493 0.046296296296296294 0.030229746070133012 0.09074074074074075
0 0.9014510278113664 0.043055555555555555 0.03385731559854897 0.08425925925925926
0 0.9304715840386941 0.034722222222222224 0.03506650544135429 0.06759259259259259
0 0.007557436517533253 0.18472222222222223 0.013905683192261185 0.12314814814814815
0 0.13059250302297462 0.18194444444444444 0.045949214026602174 0.13796296296296295
0 0.0964328899637243 0.17731481481481481 0.039298669891172915 0.1398148148148148
0 0.10973397823458284 0.10787037037037037 0.03325272067714631 0.12685185185185185
0 0.032345828295042324 0.18564814814814815 0.03688029020556227 0.13425925925925927
0 0.006650544135429262 0.09166666666666666 0.012091898428053204 0.12407407407407407
0 0.003022974607013301 0.1125 0.0048367593712212815 0.13240740740740742
0 0.04232164449818621 0.1412037037037037 0.04232164449818621 0.1287037037037037
0 0.07648125755743652 0.13240740740740742 0.04171704957678356 0.13518518518518519
0 0.06711003627569528 0.09861111111111111 0.037484885126964934 0.13425925925925927
0 0.10701330108827085 0.05925925925925926 0.036275695284159616 0.11666666666666667
0 0.07920193470374849 0.05416666666666667 0.030229746070133012 0.10648148148148148
0 0.1457073760580411 0.059722222222222225 0.037484885126964934 0.1175925925925926
0 0.16686819830713423 0.07592592592592592 0.030229746070133012 0.10185185185185185
0 0.1717049576783555 0.05185185185185185 0.037484885126964934 0.10185185185185185
0 0.26541717049576785 0.1712962962962963 0.03990326481257558 0.13148148148148148
0 0.2953446191051995 0.13935185185185187 0.035671100362756954 0.13425925925925927
0 0.2348851269649335 0.10925925925925926 0.02962515114873035 0.11296296296296296
0 0.347037484885127 0.13703703703703704 0.03990326481257558 0.1537037037037037
0 0.2702539298669891 0.1037037037037037 0.037484885126964934 0.13148148148148148
0 0.28174123337363965 0.12777777777777777 0.032648125755743655 0.12962962962962962
0 0.531136638452237 0.26342592592592595 0.03688029020556227 0.14351851851851852
0 0.6837968561064087 0.28935185185185186 0.041112454655380895 0.14907407407407408
0 0.6986094316807738 0.25972222222222224 0.03325272067714631 0.13796296296296295
0 0.5142079806529625 0.21296296296296297 0.039298669891172915 0.12962962962962962
0 0.592503022974607 0.16435185185185186 0.03990326481257558 0.12685185185185185
0 0.6438935912938332 0.16157407407407406 0.03869407496977025 0.13240740740740742
0 0.7605804111245466 0.18333333333333332 0.03869407496977025 0.1259259259259259
0 0.7297460701330108 0.1361111111111111 0.036275695284159616 0.13703703703703704
0 0.7107013301088271 0.1699074074074074 0.034461910519951636 0.13425925925925927
0 0.6753325272067715 0.16898148148148148 0.03143893591293833 0.1287037037037037
0 0.7070737605804112 0.0824074074074074 0.03204353083434099 0.11851851851851852
0 0.6372430471584039 0.11898148148148148 0.04232164449818621 0.13240740740740742
0 0.6432889963724304 0.07731481481481481 0.03990326481257558 0.11944444444444445
0 0.5922007255139057 0.07361111111111111 0.03204353083434099 0.12685185185185185
0 0.563180169286578 0.07037037037037037 0.034461910519951636 0.12407407407407407
0 0.5507859733978234 0.16944444444444445 0.037484885126964934 0.13148148148148148
0 0.46795646916565903 0.14583333333333334 0.04232164449818621 0.13425925925925927
0 0.4147521160822249 0.09768518518518518 0.03143893591293833 0.13796296296296295
0 0.4987908101571947 0.09027777777777778 0.037484885126964934 0.12685185185185185
0 0.5069528415961306 0.1125 0.034461910519951636 0.11574074074074074
0 0.5229746070133011 0.10231481481481482 0.032648125755743655 0.12685185185185185
0 0.4525392986698912 0.0625 0.034461910519951636 0.12314814814814815
0 0.47128174123337363 0.04861111111111111 0.035671100362756954 0.09537037037037037
0 0.9600967351874244 0.14537037037037037 0.03990326481257558 0.14629629629629629
0 0.26481257557436516 0.05092592592592592 0.02539298669891173 0.06296296296296296
0 0.3591293833131802 0.4962962962962963 0.04232164449818621 0.14814814814814814
0 0.23367593712212817 0.2814814814814815 0.034461910519951636 0.1388888888888889
0 0.13694074969770254 0.7574074074074074 0.04897218863361548 0.16296296296296298
0 0.03476420798065296 0.6342592592592593 0.051390568319226115 0.1648148148148148
0 0.14026602176541716 0.7217592592592592 0.049576783555018135 0.16018518518518518
0 0.8089480048367593 0.30462962962962964 0.04232164449818621 0.13518518518518519
0 0.840689238210399 0.29212962962962963 0.03204353083434099 0.11018518518518519
0 0.24758162031438935 0.6087962962962963 0.04897218863361548 0.1675925925925926
0 0.21765417170495768 0.5916666666666667 0.04232164449818621 0.1685185185185185
0 0.35761789600967353 0.5912037037037037 0.034461910519951636 0.15092592592592594
0 0.21523579201934703 0.5254629629629629 0.044740024183796856 0.14907407407407408
0 0.21825876662636035 0.5009259259259259 0.037484885126964934 0.13518518518518519
0 0.1807738814993954 0.4949074074074074 0.041112454655380895 0.1398148148148148
0 0.19135429262394196 0.46064814814814814 0.04171704957678356 0.14351851851851852
0 0.13875453446191052 0.4930555555555556 0.039298669891172915 0.14351851851851852
0 0.3600362756952842 0.1712962962962963 0.03204353083434099 0.12962962962962962
0 0.3827085852478839 0.16666666666666666 0.03143893591293833 0.12962962962962962
0 0.27357920193470375 0.3976851851851852 0.046553808948004836 0.14351851851851852
0 0.2629987908101572 0.4125 0.036275695284159616 0.1398148148148148
0 0.18954050785973398 0.9217592592592593 0.0562273276904474 0.15648148148148147
0 0.3004836759371221 0.7240740740740741 0.04232164449818621 0.15
0 0.4217049576783555 0.5777777777777777 0.034461910519951636 0.14074074074074075
0 0.34159613059250304 0.6462962962962963 0.03990326481257558 0.15925925925925927
0 0.3431076178960097 0.6842592592592592 0.04171704957678356 0.1685185185185185
0 0.4135429262394196 0.6810185185185185 0.049576783555018135 0.14907407407407408
0 0.6336154776299879 0.7226851851851852 0.041112454655380895 0.16018518518518518
0 0.4325876662636034 0.48055555555555557 0.034461910519951636 0.14074074074074075
0 0.4226118500604595 0.45231481481481484 0.03506650544135429 0.13240740740740742
0 0.4159613059250302 0.5319444444444444 0.03869407496977025 0.15462962962962962
0 0.42503022974607013 0.5055555555555555 0.03143893591293833 0.14629629629629629
0 0.23397823458282951 0.5657407407407408 0.037484885126964934 0.14074074074074075
0 0.2750906892382104 0.5444444444444444 0.03990326481257558 0.16296296296296298
0 0.2799274486094317 0.5925925925925926 0.03990326481257558 0.1685185185185185
0 0.5529020556227328 0.5324074074074074 0.044135429262394194 0.14629629629629629
0 0.2551390568319226 0.35833333333333334 0.041112454655380895 0.15925925925925927
0 0.5486698911729141 0.4393518518518518 0.039298669891172915 0.14351851851851852
0 0.281136638452237 0.3453703703703704 0.04232164449818621 0.15185185185185185
0 0.3996372430471584 0.40324074074074073 0.04232164449818621 0.14351851851851852
0 0.4096130592503023 0.37222222222222223 0.034461910519951636 0.12962962962962962
0 0.4782345828295042 0.5185185185185185 0.03506650544135429 0.15185185185185185
0 0.2720677146311971 0.3050925925925926 0.037484885126964934 0.14351851851851852
0 0.68863361547763 0.9449074074074074 0.0592503022974607 0.11018518518518519
0 0.6614268440145102 0.9481481481481482 0.0471584038694075 0.1037037037037037
