0 0.28388746803069054 0.7448863636363636 0.056265984654731455 0.15568181818181817
0 0.6300085251491901 0.7573863636363637 0.0494458653026428 0.14886363636363636
0 0.59846547314578 0.69375 0.04603580562659847 0.14659090909090908
0 0.8486786018755328 0.45170454545454547 0.045183290707587385 0.13068181818181818
0 0.8115942028985508 0.4420454545454545 0.0443307757885763 0.125
0 0.35294117647058826 0.7346590909090909 0.05115089514066496 0.15795454545454546
0 0.32608695652173914 0.7630681818181818 0.06734867860187553 0.14431818181818182
0 0.3009377664109122 0.6693181818181818 0.04092071611253197 0.13863636363636364
0 0.3269394714407502 0.6840909090909091 0.043478260869565216 0.125
0 0.3853367433930094 0.675 0.0392156862745098 0.12727272727272726
0 0.4215686274509804 0.6704545454545454 0.045183290707587385 0.1340909090909091
0 0.505541346973572 0.9278409090909091 0.05115089514066496 0.14431818181818182
0 0.3917306052855925 0.6505681818181818 0.03495311167945439 0.11931818181818182
0 0.4236999147485081 0.7443181818181818 0.04092071611253197 0.1409090909090909
0 0.5046888320545609 0.7704545454545455 0.042625745950554135 0.14772727272727273
0 0.23358908780903667 0.6227272727272727 0.04092071611253197 0.14772727272727273
0 0.1555839727195226 0.6125 0.045183290707587385 0.14545454545454545
0 0.021312872975277068 0.4318181818181818 0.04092071611253197 0.12954545454545455
0 0.09548167092924126 0.48295454545454547 0.04774083546462063 0.12272727272727273
0 0.5673486786018755 0.5977272727272728 0.045183290707587385 0.13863636363636364
0 0.2689684569479966 0.5238636363636363 0.041773231031543054 0.1409090909090909
0 0.31287297527706737 0.5193181818181818 0.0443307757885763 0.1340909090909091
0 0.1679454390451833 0.5204545454545455 0.03751065643648764 0.12727272727272726
0 0.34782608695652173 0.39375 0.0392156862745098 0.09659090909090909
0 0.38448422847399827 0.38125 0.03580562659846547 0.11022727272727273
0 0.36828644501278773 0.39545454545454545 0.027280477408354646 0.08636363636363636
0 0.22847399829497017 0.3931818181818182 0.042625745950554135 0.125
0 0.7182438192668372 0.9323863636363636 0.06223358908780904 0.1375
0 0.922847399829497 0.17784090909090908 0.03665814151747655 0.10340909090909091
0 0.5473145780051151 0.9210227272727273 0.05456095481670929 0.14431818181818182
0 0.06351236146632566 0.49204545454545456 0.03495311167945439 0.1
0 0.2595907928388747 0.68125 0.03836317135549872 0.12840909090909092
0 0.8849104859335039 0.7664772727272727 0.0494458653026428 0.1534090909090909
0 0.8422847399829497 0.7613636363636364 0.0443307757885763 0.1409090909090909
0 0.8653026427962489 0.7119318181818182 0.05115089514066496 0.14431818181818182
0 0.8179880647911338 0.6988636363636364 0.05200341005967604 0.15454545454545454
0 0.6423699914748509 0.6943181818181818 0.041773231031543054 0.1590909090909091
0 0.13128729752770674 0.17556818181818182 0.03751065643648764 0.10113636363636364
0 0.24296675191815856 0.2125 0.03410059676044331 0.10681818181818181
0 0.3252344416027281 0.47556818181818183 0.040068201193520885 0.1375
0 0.2791986359761296 0.22102272727272726 0.03154305200341006 0.10340909090909091
0 0.25404944586530265 0.3039772727272727 0.04092071611253197 0.11931818181818182
0 0.20247229326513214 0.5198863636363636 0.041773231031543054 0.1375
0 0.4919011082693947 0.35965909090909093 0.04092071611253197 0.11704545454545455
0 0.5264279624893435 0.3613636363636364 0.043478260869565216 0.12045454545454545
0 0.3635976129582268 0.22329545454545455 0.03665814151747655 0.1125
0 0.3981244671781756 0.2278409090909091 0.0392156862745098 0.10340909090909091
0 0.32310315430520037 0.16022727272727272 0.03751065643648764 0.10681818181818181
0 0.5093776641091219 0.1471590909090909 0.03154305200341006 0.10340909090909091
0 0.4219948849104859 0.37727272727272726 0.042625745950554135 0.12272727272727273
0 0.3631713554987212 0.15625 0.030690537084398978 0.09659090909090909
0 0.48081841432225064 0.14261363636363636 0.03410059676044331 0.10795454545454546
0 0.9855072463768116 0.9159090909090909 0.030690537084398978 0.17045454545454544
0 0.6734867860187553 0.6625 0.04774083546462063 0.15681818181818183
0 0.5029838022165388 0.6164772727272727 0.0494458653026428 0.14204545454545456
0 0.5907928388746803 0.4068181818181818 0.03410059676044331 0.11136363636363636
0 0.5886615515771526 0.23806818181818182 0.03836317135549872 0.11477272727272728
0 0.058823529411764705 0.32272727272727275 0.04603580562659847 0.10454545454545454
0 0.2463768115942029 0.13465909090909092 0.03751065643648764 0.11022727272727273
0 0.15899403239556692 0.04772727272727273 0.03324808184143223 0.09318181818181819
0 0.2898550724637681 0.09659090909090909 0.03580562659846547 0.10227272727272728
0 0.30179028132992325 0.06761363636363636 0.03410059676044331 0.09431818181818181
0 0.20758738277919864 0.022727272727272728 0.03495311167945439 0.04318181818181818
0 0.8584825234441603 0.08409090909090909 0.03580562659846547 0.1
0 0.8175618073316283 0.08011363636363636 0.02557544757033248 0.09659090909090909
0 0.8546462063086104 0.021022727272727273 0.0247229326513214 0.03977272727272727
0 0.8456947996589941 0.011931818181818182 0.030690537084398978 0.02159090909090909
0 0.463768115942029 0.02784090909090909 0.030690537084398978 0.053409090909090906
0 0.30861040068201195 0.014772727272727272 0.03410059676044331 0.02727272727272727
0 0.3435635123614663 0.017613636363636363 0.028985507246376812 0.03295454545454545
0 0.3597612958226769 0.01875 0.030690537084398978 0.035227272727272725
0 0.5072463768115942 0.03125 0.023870417732310314 0.060227272727272727
0 0.43861892583120204 0.019318181818181818 0.03324808184143223 0.03636363636363636
0 0.5575447570332481 0.6318181818181818 0.04603580562659847 0.13863636363636364
0 0.5937766410912191 0.7488636363636364 0.041773231031543054 0.13636363636363635
0 0.5554134697357204 0.7380681818181818 0.045183290707587385 0.14431818181818182
0 0.37084398976982097 0.46988636363636366 0.042625745950554135 0.13522727272727272
0 0.49232736572890023 0.030113636363636363 0.023017902813299233 0.05568181818181818
