0 0.803125 0.8699074074074075 0.0625 0.2564814814814815
0 0.9330729166666667 0.8462962962962963 0.07239583333333334 0.3037037037037037
0 0.24010416666666667 0.5370370370370371 0.051041666666666666 0.19074074074074074
0 0.17135416666666667 0.575 0.051041666666666666 0.15925925925925927
0 0.175 0.512962962962963 0.057291666666666664 0.21296296296296297
0 0.26588541666666665 0.5157407407407407 0.0421875 0.1814814814814815
0 0.22916666666666666 0.512962962962963 0.041666666666666664 0.18703703703703703
0 0.3765625 0.65 0.053125 0.2388888888888889
0 0.35130208333333335 0.6217592592592592 0.0515625 0.22870370370370371
0 0.28489583333333335 0.5939814814814814 0.058333333333333334 0.23981481481481481
0 0.2955729166666667 0.45185185185185184 0.03802083333333333 0.18518518518518517
0 0.6544270833333333 0.48703703703703705 0.04739583333333333 0.17962962962962964
0 0.39921875 0.4601851851851852 0.033854166666666664 0.1537037037037037
0 0.3658854166666667 0.4393518518518518 0.044270833333333336 0.18425925925925926
0 0.32526041666666666 0.43425925925925923 0.044270833333333336 0.17962962962962964
0 0.48776041666666664 0.4263888888888889 0.03802083333333333 0.1712962962962963
0 0.45260416666666664 0.4263888888888889 0.0375 0.17685185185185184
0 0.50078125 0.39490740740740743 0.03802083333333333 0.16203703703703703
0 0.40546875 0.4060185185185185 0.0296875 0.15462962962962962
0 0.39036458333333335 0.37962962962962965 0.0328125 0.14814814814814814
0 0.4895833333333333 0.3458333333333333 0.03229166666666667 0.14351851851851852
0 0.36640625 0.37962962962962965 0.03177083333333333 0.1574074074074074
0 0.4471354166666667 0.38472222222222224 0.033854166666666664 0.15462962962962962
0 0.42473958333333334 0.3787037037037037 0.0296875 0.16296296296296298
0 0.440625 0.31296296296296294 0.030208333333333334 0.12407407407407407
0 0.42083333333333334 0.3398148148148148 0.03125 0.13518518518518519
0 0.371875 0.3402777777777778 0.036458333333333336 0.13796296296296295
0 0.48020833333333335 0.16018518518518518 0.021875 0.08703703703703704
0 0.7841145833333333 0.3611111111111111 0.03177083333333333 0.17407407407407408
0 0.45729166666666665 0.34675925925925927 0.03229166666666667 0.15648148148148147
0 0.5505208333333333 0.39166666666666666 0.034375 0.18518518518518517
0 0.4921875 0.3611111111111111 0.026041666666666668 0.12407407407407407
0 0.3502604166666667 0.37777777777777777 0.0359375 0.17222222222222222
0 0.4669270833333333 0.30648148148148147 0.027604166666666666 0.12777777777777777
0 0.48854166666666665 0.2953703703703704 0.029166666666666667 0.13518518518518519
0 0.5307291666666667 0.425462962962963 0.036458333333333336 0.16574074074074074
0 0.43046875 0.274537037037037 0.028645833333333332 0.12129629629629629
0 0.5375 0.40879629629629627 0.03333333333333333 0.1712962962962963
0 0.45416666666666666 0.2722222222222222 0.028125 0.10740740740740741
0 0.35625 0.2726851851851852 0.030208333333333334 0.1287037037037037
0 0.3763020833333333 0.27546296296296297 0.0296875 0.1287037037037037
0 0.38307291666666665 0.2550925925925926 0.027604166666666666 0.11203703703703703
0 0.0953125 0.549074074074074 0.035416666666666666 0.1962962962962963
0 0.36432291666666666 0.24583333333333332 0.027604166666666666 0.1175925925925926
0 0.13203125 0.49953703703703706 0.04114583333333333 0.19537037037037036
0 0.5346354166666667 0.48842592592592593 0.03802083333333333 0.2064814814814815
0 0.515625 0.5194444444444445 0.05416666666666667 0.2037037037037037
0 0.49895833333333334 0.24722222222222223 0.023958333333333335 0.11851851851851852
0 0.34791666666666665 0.24074074074074073 0.026041666666666668 0.1259259259259259
0 0.3421875 0.2791666666666667 0.027083333333333334 0.11574074074074074
0 0.76640625 0.3787037037037037 0.0328125 0.1685185185185185
0 0.4640625 0.24444444444444444 0.026041666666666668 0.10740740740740741
