0 0.07285368802902055 0.7208333333333333 0.04171704957678356 0.14351851851851852
0 0.09613059250302297 0.6819444444444445 0.04353083434099154 0.1712962962962963
0 0.023276904474002418 0.6856481481481481 0.04534461910519952 0.1712962962962963
0 0.039298669891172915 0.6648148148148149 0.06287787182587666 0.15925925925925927
0 0.14993954050785974 0.6435185185185185 0.04353083434099154 0.1425925925925926
0 0.28657799274486095 0.26157407407407407 0.04232164449818621 0.14166666666666666
0 0.010580411124546553 0.22083333333333333 0.01995163240628779 0.125
0 0.034159613059250304 0.18472222222222223 0.044135429262394194 0.13240740740740742
0 0.10489721886336155 0.1412037037037037 0.042926239419588876 0.13425925925925927
0 0.10792019347037485 0.08611111111111111 0.039298669891172915 0.13148148148148148
0 0.060459492140266025 0.07916666666666666 0.030229746070133012 0.12129629629629629
0 0.21765417170495768 0.05277777777777778 0.03990326481257558 0.1037037037037037
0 0.25241837968561065 0.060648148148148145 0.039298669891172915 0.11944444444444445
0 0.3957073760580411 0.1763888888888889 0.03688029020556227 0.13240740740740742
0 0.36698911729141476 0.16944444444444445 0.037484885126964934 0.12407407407407407
0 0.3561064087061669 0.02962962962962963 0.037484885126964934 0.05740740740740741
0 0.49818621523579204 0.038425925925925926 0.037484885126964934 0.075
0 0.5347642079806529 0.05740740740740741 0.039298669891172915 0.11296296296296296
0 0.5665054413542926 0.03287037037037037 0.036275695284159616 0.06388888888888888
0 0.39298669891172916 0.030555555555555555 0.037484885126964934 0.05925925925925926
0 0.40719467956469163 0.021296296296296296 0.03204353083434099 0.040740740740740744
0 0.5371825876662636 0.14166666666666666 0.042926239419588876 0.12962962962962962
0 0.5607617896009673 0.13287037037037036 0.04171704957678356 0.12685185185185185
0 0.5767835550181378 0.056018518518518516 0.032648125755743655 0.11018518518518519
0 0.6381499395405078 0.07777777777777778 0.04171704957678356 0.12407407407407407
0 0.601571946795647 0.058333333333333334 0.03506650544135429 0.11481481481481481
0 0.6714026602176542 0.07453703703703704 0.039298669891172915 0.12129629629629629
0 0.7079806529625151 0.33935185185185185 0.045949214026602174 0.15092592592592594
0 0.6169891172914147 0.24861111111111112 0.039298669891172915 0.14537037037037037
0 0.6753325272067715 0.23981481481481481 0.037484885126964934 0.13518518518518519
0 0.6475211608222491 0.21296296296296297 0.037484885126964934 0.12037037037037036
0 0.6919588875453446 0.16435185185185186 0.03204353083434099 0.12685185185185185
0 0.6438935912938332 0.1587962962962963 0.03990326481257558 0.12685185185185185
0 0.6946795646916566 0.12175925925925926 0.03385731559854897 0.13240740740740742
0 0.781136638452237 0.1398148148148148 0.037484885126964934 0.12962962962962962
0 0.752720677146312 0.12685185185185185 0.03990326481257558 0.11851851851851852
0 0.7602781136638452 0.09537037037037037 0.03688029020556227 0.12407407407407407
0 0.9286577992744861 0.07962962962962963 0.04232164449818621 0.12407407407407407
0 0.8941958887545345 0.09351851851851851 0.03506650544135429 0.1259259259259259
0 0.7082829504232164 0.047685185185185185 0.03688029020556227 0.09351851851851851
0 0.93409915356711 0.062037037037037036 0.037484885126964934 0.12222222222222222
0 0.9540507859733979 0.027314814814814816 0.032648125755743655 0.05277777777777778
0 0.9446795646916566 0.11018518518518519 0.039298669891172915 0.13333333333333333
0 0.9870012091898428 0.13194444444444445 0.024788391777509067 0.14907407407407408
0 0.9755139056831923 0.10601851851851851 0.03688029020556227 0.125
0 0.9331922611850061 0.29907407407407405 0.04171704957678356 0.13703703703703704
0 0.9631197097944377 0.2967592592592593 0.037484885126964934 0.13240740740740742
0 0.6441958887545345 0.9601851851851851 0.04171704957678356 0.08148148148148149
0 0.691354292623942 0.9425925925925925 0.0501813784764208 0.1111111111111111
0 0.09703748488512697 0.6092592592592593 0.044135429262394194 0.1537037037037037
0 0.18923821039903266 0.6097222222222223 0.04353083434099154 0.14537037037037037
0 0.1695888754534462 0.575462962962963 0.04171704957678356 0.13796296296296295
0 0.20949214026602175 0.5773148148148148 0.039298669891172915 0.14907407407407408
0 0.1946795646916566 0.5148148148148148 0.03506650544135429 0.13518518518518519
0 0.1686819830713422 0.5152777777777777 0.03990326481257558 0.13425925925925927
0 0.021463119709794438 0.2884259259259259 0.04171704957678356 0.15462962962962962
0 0.7249093107617895 0.712037037037037 0.04836759371221282 0.18518518518518517
0 0.4467956469165659 0.2263888888888889 0.03385731559854897 0.13240740740740742
0 0.4105199516324063 0.21388888888888888 0.03506650544135429 0.13148148148148148
0 0.42019347037484883 0.23796296296296296 0.03990326481257558 0.14074074074074075
0 0.02085852478839178 0.5259259259259259 0.04050785973397823 0.17037037037037037
0 0.23155985489721886 0.337037037037037 0.041112454655380895 0.13518518518518519
0 0.28536880290205563 0.5675925925925925 0.037484885126964934 0.13148148148148148
0 0.32043530834340994 0.42407407407407405 0.045949214026602174 0.15
0 0.3152962515114873 0.5337962962962963 0.044135429262394194 0.16018518518518518
0 0.31892382103990324 0.5694444444444444 0.046553808948004836 0.17592592592592593
0 0.2620918984280532 0.32546296296296295 0.04050785973397823 0.13796296296296295
0 0.3083434099153567 0.3907407407407407 0.04353083434099154 0.1574074074074074
0 0.20133010882708585 0.2861111111111111 0.037484885126964934 0.13518518518518519
0 0.21946795646916567 0.2962962962962963 0.036275695284159616 0.13148148148148148
0 0.6608222490931076 0.7333333333333333 0.0592503022974607 0.1685185185185185
0 0.6212212817412334 0.6861111111111111 0.06348246674727932 0.18703703703703703
0 0.8143893591293833 0.6657407407407407 0.044740024183796856 0.17962962962962964
0 0.8582224909310762 0.649537037037037 0.046553808948004836 0.1824074074074074
0 0.8361547762998791 0.6824074074074075 0.05441354292623942 0.18333333333333332
0 0.3128778718258767 0.2726851851851852 0.039298669891172915 0.13240740740740742
0 0.6964933494558646 0.2833333333333333 0.03506650544135429 0.12407407407407407
0 0.7100967351874244 0.4449074074074074 0.034461910519951636 0.14537037037037037
0 0.9703748488512697 0.4810185185185185 0.03506650544135429 0.12314814814814815
0 0.8881499395405078 0.5675925925925925 0.056831922611850064 0.1574074074074074
0 0.9845828295042321 0.5851851851851851 0.02962515114873035 0.17592592592592593
0 0.8609431680773881 0.5310185185185186 0.056831922611850064 0.15092592592592594
0 0.9271463119709794 0.35833333333333334 0.03204353083434099 0.0962962962962963
0 0.9050785973397824 0.33611111111111114 0.04353083434099154 0.13518518518518519
0 0.9334945586457074 0.5541666666666667 0.03990326481257558 0.14907407407407408
0 0.2158403869407497 0.15694444444444444 0.037484885126964934 0.13796296296296295
0 0.10852478839177751 0.487962962962963 0.051390568319226115 0.15185185185185185
0 0.7732769044740024 0.15694444444444444 0.037484885126964934 0.12129629629629629
0 0.9851874244256348 0.3861111111111111 0.028415961305925032 0.1259259259259259
0 0.9238210399032648 0.46296296296296297 0.04353083434099154 0.1574074074074074
0 0.9576783555018138 0.3449074074074074 0.03385731559854897 0.12314814814814815
0 0.6444981862152358 0.26666666666666666 0.032648125755743655 0.10740740740740741
0 0.908403869407497 0.4986111111111111 0.04897218863361548 0.15462962962962962
0 0.973397823458283 0.42824074074074076 0.03990326481257558 0.15648148148148147
0 0.7539298669891172 0.7398148148148148 0.04836759371221282 0.15555555555555556
0 0.7853688029020556 0.7337962962962963 0.03869407496977025 0.14907407407407408
0 0.9162636033857315 0.7717592592592593 0.0562273276904474 0.1712962962962963
0 0.9099153567110037 0.5819444444444445 0.049576783555018135 0.19537037037037036
0 0.9649334945586457 0.8115740740740741 0.0471584038694075 0.16574074074074074
0 0.9077992744860943 0.8476851851851852 0.05743651753325272 0.16018518518518518
0 0.9564691656590084 0.8439814814814814 0.049576783555018135 0.2101851851851852
0 0.8963119709794438 0.6486111111111111 0.046553808948004836 0.15092592592592594
0 0.9389359129383313 0.9319444444444445 0.045949214026602174 0.13425925925925927
0 0.7433494558645707 0.3541666666666667 0.039298669891172915 0.12129629629629629
0 0.7841596130592503 0.35694444444444445 0.04232164449818621 0.14351851851851852
0 0.9737001209189843 0.9625 0.051390568319226115 0.075
0 0.9262394195888755 0.7023148148148148 0.049576783555018135 0.18055555555555555
0 0.07194679564691657 0.9625 0.04232164449818621 0.07685185185185185
0 0.42623941958887546 0.6425925925925926 0.04232164449818621 0.14814814814814814
0 0.2941354292623942 0.34814814814814815 0.044135429262394194 0.13703703703703704
0 0.29020556227327693 0.36574074074074076 0.03385731559854897 0.1425925925925926
0 0.9123337363966143 0.9518518518518518 0.06287787182587666 0.0962962962962963
0 0.5589480048367593 0.4875 0.035671100362756954 0.13425925925925927
0 0.9727932285368803 0.7083333333333334 0.045949214026602174 0.15925925925925927
0 0.27388149939540507 0.961574074074074 0.049576783555018135 0.0787037037037037
0 0.4437726723095526 0.9458333333333333 0.05441354292623942 0.11018518518518519
0 0.5151148730350665 0.7935185185185185 0.04836759371221282 0.17777777777777778
0 0.46039903264812576 0.8458333333333333 0.046553808948004836 0.16203703703703703
0 0.5740628778718259 0.5916666666666667 0.039298669891172915 0.1574074074074074
0 0.6109431680773881 0.6023148148148149 0.047762998790810154 0.15092592592592594
0 0.35399032648125756 0.7689814814814815 0.047762998790810154 0.1675925925925926
0 0.19226118500604594 0.8861111111111111 0.03990326481257558 0.1574074074074074
0 0.2639056831922612 0.8648148148148148 0.05380894800483676 0.16296296296296298
0 0.5867593712212817 0.5046296296296297 0.04171704957678356 0.13703703703703704
0 0.5550181378476421 0.5152777777777777 0.030229746070133012 0.11018518518518519
0 0.6045949214026602 0.5740740740740741 0.04232164449818621 0.15185185185185185
0 0.5229746070133011 0.8425925925925926 0.04836759371221282 0.19074074074074074
0 0.36638452237001207 0.44583333333333336 0.04232164449818621 0.13796296296296295
0 0.4477025392986699 0.5912037037037037 0.044135429262394194 0.16203703703703703
0 0.39721886336154777 0.35555555555555557 0.04232164449818621 0.15185185185185185
0 0.49788391777509067 0.4041666666666667 0.03204353083434099 0.13240740740740742
0 0.7980652962515115 0.9555555555555556 0.053204353083434096 0.08703703703703704
0 0.7669286577992744 0.975 0.03204353083434099 0.04814814814814815
0 0.4068923821039903 0.7078703703703704 0.037484885126964934 0.16574074074074074
0 0.4217049576783555 0.7462962962962963 0.0804111245465538 0.16296296296296298
0 0.4507255139056832 0.7143518518518519 0.04171704957678356 0.1675925925925926
0 0.3857315598548972 0.7143518518518519 0.03869407496977025 0.1675925925925926
0 0.9546553808948005 0.6416666666666667 0.036275695284159616 0.14074074074074075
0 0.34522370012091896 0.11203703703703703 0.037484885126964934 0.14074074074074075
0 0.33252720677146314 0.05787037037037037 0.03143893591293833 0.11388888888888889
0 0.30773881499395406 0.058333333333333334 0.032648125755743655 0.11481481481481481
0 0.013603385731559855 0.8782407407407408 0.02599758162031439 0.18981481481481483
0 0.2980652962515115 0.11203703703703703 0.032648125755743655 0.13148148148148148
0 0.9449818621523579 0.6689814814814815 0.049576783555018135 0.16574074074074074
0 0.5740628778718259 0.6578703703703703 0.05380894800483676 0.1527777777777778
0 0.5368802902055623 0.6148148148148148 0.03990326481257558 0.1648148148148148
0 0.5734582829504232 0.6439814814814815 0.047762998790810154 0.16018518518518518
0 0.6901451027811366 0.6726851851851852 0.044135429262394194 0.14722222222222223
0 0.2756952841596131 0.4388888888888889 0.037484885126964934 0.13518518518518519
0 0.5120918984280532 0.5111111111111111 0.03506650544135429 0.13518518518518519
0 0.22914147521160821 0.8564814814814815 0.05078597339782346 0.16296296296296298
0 0.48941958887545345 0.4930555555555556 0.0380894800483676 0.14166666666666666
0 0.41293833131801694 0.34120370370370373 0.036275695284159616 0.13796296296296295
0 0.3545949214026602 0.4115740740740741 0.0380894800483676 0.14351851851851852
0 0.4788391777509069 0.3824074074074074 0.036275695284159616 0.1425925925925926
0 0.5211608222490931 0.38935185185185184 0.030229746070133012 0.14351851851851852
0 0.4525392986698912 0.5310185185185186 0.046553808948004836 0.14351851851851852
0 0.3219467956469166 0.11805555555555555 0.034461910519951636 0.1175925925925926
0 0.3778718258766626 0.6273148148148148 0.045949214026602174 0.15462962962962962
0 0.46372430471584036 0.4305555555555556 0.037484885126964934 0.12037037037037036
0 0.49032648125755746 0.4217592592592593 0.030229746070133012 0.12314814814814815
0 0.7672309552599759 0.053703703703703705 0.036275695284159616 0.10555555555555556
0 0.006045949214026602 0.1675925925925926 0.010882708585247884 0.12407407407407407
