0 0.02557544757033248 0.8005681818181818 0.04603580562659847 0.15113636363636362
0 0.12361466325660699 0.6744318181818182 0.04774083546462063 0.14886363636363636
0 0.09548167092924126 0.6204545454545455 0.0494458653026428 0.14545454545454545
0 0.1504688832054561 0.6232954545454545 0.05200341005967604 0.14204545454545456
0 0.6581415174765558 0.7823863636363636 0.04774083546462063 0.14886363636363636
0 0.3525149190110827 0.5727272727272728 0.041773231031543054 0.13863636363636364
0 0.5230179028132992 0.7744318181818182 0.058823529411764705 0.16704545454545455
0 0.4092071611253197 0.7630681818181818 0.04603580562659847 0.16022727272727272
0 0.2928388746803069 0.3375 0.03154305200341006 0.11136363636363636
0 0.6986359761295823 0.3744318181818182 0.041773231031543054 0.1125
0 0.8635976129582268 0.5795454545454546 0.0443307757885763 0.1409090909090909
0 0.8231031543052003 0.5954545454545455 0.041773231031543054 0.12045454545454545
0 0.5404944586530265 0.3130681818181818 0.03580562659846547 0.11704545454545455
0 0.8746803069053708 0.7357954545454546 0.04092071611253197 0.15113636363636362
0 0.09420289855072464 0.9028409090909091 0.04688832054560955 0.16477272727272727
0 0.8350383631713555 0.9875 0.0639386189258312 0.025
0 0.9036658141517476 0.9857954545454546 0.03751065643648764 0.028409090909090908
0 0.8478260869565217 0.915340909090909 0.045183290707587385 0.15795454545454546
0 0.7847399829497016 0.9477272727272728 0.045183290707587385 0.1
0 0.8397271952259164 0.7431818181818182 0.04603580562659847 0.13636363636363635
0 0.7672634271099744 0.5727272727272728 0.03751065643648764 0.13863636363636364
0 0.7945439045183291 0.5818181818181818 0.03410059676044331 0.125
0 0.8572037510656436 0.17897727272727273 0.03495311167945439 0.10340909090909091
0 0.8218243819266837 0.16704545454545455 0.030690537084398978 0.10227272727272728
0 0.34995737425404944 0.33295454545454545 0.029838022165387893 0.1159090909090909
0 0.3205456095481671 0.35 0.042625745950554135 0.09772727272727273
0 0.0443307757885763 0.27329545454545456 0.028985507246376812 0.10568181818181818
0 0.12915601023017903 0.2761363636363636 0.03154305200341006 0.10454545454545454
0 0.1794543904518329 0.23522727272727273 0.03154305200341006 0.10454545454545454
0 0.35805626598465473 0.2903409090909091 0.028985507246376812 0.10113636363636364
0 0.3776641091219096 0.3039772727272727 0.027280477408354646 0.09431818181818181
0 0.4752770673486786 0.5494318181818182 0.045183290707587385 0.13977272727272727
0 0.42242114236999145 0.3164772727272727 0.03154305200341006 0.10113636363636364
0 0.45439045183290705 0.32045454545454544 0.03239556692242114 0.1
0 0.45907928388746805 0.4011363636363636 0.040068201193520885 0.12045454545454545
0 0.4812446717817562 0.3 0.03324808184143223 0.10227272727272728
0 0.4676044330775789 0.2505681818181818 0.03324808184143223 0.09431818181818181
0 0.42327365728900257 0.2215909090909091 0.028132992327365727 0.10454545454545454
0 0.39215686274509803 0.22613636363636364 0.03239556692242114 0.08863636363636364
0 0.17050298380221654 0.175 0.030690537084398978 0.09318181818181819
0 0.21526001705029837 0.22727272727272727 0.03154305200341006 0.10909090909090909
0 0.2216538789428815 0.2471590909090909 0.03239556692242114 0.10340909090909091
0 0.26001705029838024 0.2505681818181818 0.03239556692242114 0.09659090909090909
0 0.24296675191815856 0.22727272727272727 0.03239556692242114 0.09772727272727273
0 0.27877237851662406 0.20454545454545456 0.04092071611253197 0.09545454545454546
0 0.4884910485933504 0.2278409090909091 0.03410059676044331 0.11022727272727273
0 0.4403239556692242 0.1903409090909091 0.03495311167945439 0.10340909090909091
0 0.47911338448422847 0.18238636363636362 0.028985507246376812 0.10340909090909091
0 0.3657289002557545 0.21647727272727274 0.030690537084398978 0.10340909090909091
0 0.4475703324808184 0.1340909090909091 0.03580562659846547 0.09772727272727273
0 0.4322250639386189 0.1534090909090909 0.027280477408354646 0.07954545454545454
0 0.29965899403239554 0.12102272727272727 0.0247229326513214 0.10340909090909091
0 0.5042625745950554 0.32784090909090907 0.03154305200341006 0.11931818181818182
0 0.0068201193520886615 0.8619318181818182 0.011935208866155157 0.14659090909090908
0 0.1926683716965047 0.3568181818181818 0.05456095481670929 0.12045454545454545
0 0.4833759590792839 0.3755681818181818 0.0392156862745098 0.10795454545454546
0 0.05456095481670929 0.8931818181818182 0.04092071611253197 0.14772727272727273
0 0.8124467178175618 0.9238636363636363 0.04603580562659847 0.1431818181818182
0 0.2566069906223359 0.9295454545454546 0.05285592497868713 0.13863636363636364
0 0.31074168797953966 0.9176136363636364 0.05029838022165388 0.1625
0 0.3670076726342711 0.9272727272727272 0.045183290707587385 0.13863636363636364
0 0.02855924978687127 0.3073863636363636 0.03836317135549872 0.10795454545454546
0 0.2672634271099744 0.696590909090909 0.05711849957374254 0.15
0 0.06521739130434782 0.3079545454545455 0.03324808184143223 0.10909090909090909
0 0.07459505541346974 0.8051136363636363 0.04688832054560955 0.13977272727272727
0 0.04092071611253197 0.9772727272727273 0.042625745950554135 0.045454545454545456
0 0.3337595907928389 0.3 0.026427962489343565 0.10681818181818181
0 0.80306905370844 0.6636363636363637 0.057971014492753624 0.13863636363636364
0 0.7817561807331628 0.33579545454545456 0.03751065643648764 0.11704545454545455
0 0.7289002557544757 0.3301136363636364 0.03410059676044331 0.1125
0 0.7438192668371697 0.30056818181818185 0.04688832054560955 0.10795454545454546
0 0.706308610400682 0.2943181818181818 0.03324808184143223 0.1159090909090909
0 0.8252344416027281 0.044886363636363634 0.028985507246376812 0.0875
0 0.15430520034100598 0.01534090909090909 0.027280477408354646 0.028409090909090908
0 0.16837169650468883 0.010227272727272727 0.0247229326513214 0.01818181818181818
0 0.24168797953964194 0.04090909090909091 0.028132992327365727 0.07954545454545454
0 0.26811594202898553 0.04431818181818182 0.028132992327365727 0.08636363636363636
0 0.2907075873827792 0.026136363636363635 0.027280477408354646 0.05
0 0.3252344416027281 0.04090909090909091 0.03154305200341006 0.07954545454545454
0 0.37638533674339303 0.1494318181818182 0.029838022165387893 0.10113636363636364
0 0.35294117647058826 0.04431818181818182 0.027280477408354646 0.08636363636363636
0 0.3793691389599318 0.06647727272727273 0.03239556692242114 0.09431818181818181
0 0.39940323955669227 0.20795454545454545 0.03324808184143223 0.08863636363636364
0 0.48934356351236147 0.09090909090909091 0.030690537084398978 0.09090909090909091
0 0.5191815856777494 0.09261363636363637 0.03239556692242114 0.09659090909090909
0 0.4258312020460358 0.053409090909090906 0.029838022165387893 0.09090909090909091
0 0.45098039215686275 0.058522727272727275 0.03580562659846547 0.08977272727272727
0 0.47485080988917305 0.13068181818181818 0.03410059676044331 0.09090909090909091
0 0.4083546462063086 0.1471590909090909 0.028985507246376812 0.09431818181818181
