0 0.5589480048367593 0.8851851851851852 0.04171704957678356 0.16666666666666666
0 0.5716444981862152 0.9319444444444445 0.044135429262394194 0.13796296296296295
0 0.3893591293833132 0.5587962962962963 0.037484885126964934 0.13425925925925927
0 0.32376058041112454 0.3337962962962963 0.042926239419588876 0.1361111111111111
0 0.2914147521160822 0.5814814814814815 0.041112454655380895 0.16296296296296298
0 0.31952841596130593 0.36435185185185187 0.034461910519951636 0.14537037037037037
0 0.15386940749697703 0.4060185185185185 0.044135429262394194 0.14537037037037037
0 0.6327085852478839 0.961574074074074 0.0501813784764208 0.0787037037037037
0 0.6704957678355502 0.9472222222222222 0.04232164449818621 0.10740740740740741
0 0.6157799274486094 0.9458333333333333 0.0380894800483676 0.10833333333333334
0 0.37394195888754533 0.9666666666666667 0.042926239419588876 0.06666666666666667
0 0.7620918984280532 0.7449074074074075 0.044135429262394194 0.16018518518518518
0 0.8074365175332527 0.7138888888888889 0.051390568319226115 0.16296296296296298
0 0.8388754534461911 0.6439814814814815 0.051390568319226115 0.15648148148148147
0 0.8860338573155986 0.7703703703703704 0.051390568319226115 0.15
0 0.8555018137847642 0.7824074074074074 0.045949214026602174 0.1648148148148148
0 0.8279927448609432 0.9106481481481481 0.0501813784764208 0.16944444444444445
0 0.1596130592503023 0.9837962962962963 0.02781136638452237 0.030555555555555555
0 0.8403869407496977 0.37916666666666665 0.037484885126964934 0.13425925925925927
0 0.8609431680773881 0.36898148148148147 0.037484885126964934 0.12314814814814815
0 0.29564691656590086 0.6685185185185185 0.044740024183796856 0.15925925925925927
0 0.3551995163240629 0.6263888888888889 0.047762998790810154 0.15833333333333333
0 0.3766626360338573 0.6546296296296297 0.036275695284159616 0.13148148148148148
0 0.49939540507859737 0.9287037037037037 0.0471584038694075 0.14444444444444443
0 0.876360338573156 0.8939814814814815 0.05380894800483676 0.16944444444444445
0 0.23367593712212817 0.5981481481481481 0.035671100362756954 0.1537037037037037
0 0.23760580411124546 0.5694444444444444 0.03385731559854897 0.14814814814814814
0 0.187726723095526 0.5819444444444445 0.04171704957678356 0.1398148148148148
0 0.1977025392986699 0.5444444444444444 0.044740024183796856 0.14629629629629629
0 0.16717049576783555 0.5550925925925926 0.046553808948004836 0.14907407407407408
0 0.005743651753325272 0.7768518518518519 0.010278113663845224 0.16111111111111112
0 0.37908101571946795 0.2439814814814815 0.03143893591293833 0.13240740740740742
0 0.40447400241837966 0.24768518518518517 0.032648125755743655 0.13240740740740742
0 0.7128174123337364 0.9592592592592593 0.044740024183796856 0.08148148148148149
0 0.7122128174123338 0.3939814814814815 0.04232164449818621 0.12685185185185185
0 0.750906892382104 0.40324074074074073 0.03990326481257558 0.13055555555555556
0 0.26964933494558646 0.38935185185185184 0.04353083434099154 0.14351851851851852
0 0.2460701330108827 0.40370370370370373 0.03506650544135429 0.1388888888888889
0 0.9328899637243047 0.7 0.03506650544135429 0.1388888888888889
0 0.30773881499395406 0.9712962962962963 0.04232164449818621 0.05925925925925926
0 0.5347642079806529 0.48148148148148145 0.04050785973397823 0.1425925925925926
0 0.3180169286577993 0.7851851851851852 0.045949214026602174 0.16296296296296298
0 0.9220072551390568 0.7337962962962963 0.04353083434099154 0.14907407407407408
0 0.8932889963724304 0.7324074074074074 0.034461910519951636 0.12222222222222222
0 0.5607617896009673 0.4671296296296296 0.03688029020556227 0.14907407407407408
0 0.35066505441354295 0.48842592592592593 0.03869407496977025 0.12129629629629629
0 0.2911124546553809 0.5462962962962963 0.044135429262394194 0.15555555555555556
0 0.4788391777509069 0.4462962962962963 0.02781136638452237 0.13518518518518519
0 0.3591293833131802 0.7152777777777778 0.03506650544135429 0.15833333333333333
0 0.37998790810157196 0.7462962962962963 0.042926239419588876 0.17037037037037037
0 0.47339782345828296 0.7754629629629629 0.053204353083434096 0.16944444444444445
0 0.5504836759371221 0.7939814814814815 0.04171704957678356 0.1675925925925926
0 0.5272067714631197 0.7671296296296296 0.03506650544135429 0.14537037037037037
0 0.43742442563482464 0.7421296296296296 0.04534461910519952 0.14722222222222223
0 0.6792623941958887 0.7291666666666666 0.047762998790810154 0.15092592592592594
0 0.3863361547762999 0.4587962962962963 0.03506650544135429 0.11203703703703703
0 0.4649334945586457 0.5444444444444444 0.03506650544135429 0.13333333333333333
0 0.45163240628778717 0.5097222222222222 0.04836759371221282 0.10648148148148148
0 0.4622128174123337 0.42314814814814816 0.03325272067714631 0.1425925925925926
0 0.49758162031438935 0.462037037037037 0.03990326481257558 0.15
0 0.156590084643289 0.7754629629629629 0.05562273276904474 0.16574074074074074
0 0.435912938331318 0.43287037037037035 0.02902055622732769 0.12129629629629629
0 0.5126964933494559 0.612037037037037 0.03869407496977025 0.12407407407407407
0 0.5374848851269649 0.2023148148148148 0.03385731559854897 0.09907407407407408
0 0.5084643288996372 0.17546296296296296 0.041112454655380895 0.13055555555555556
0 0.7690447400241838 0.48148148148148145 0.05441354292623942 0.15555555555555556
0 0.7397218863361548 0.3175925925925926 0.047762998790810154 0.1425925925925926
0 0.7956469165659008 0.4976851851851852 0.03506650544135429 0.11944444444444445
0 0.7587666263603385 0.2722222222222222 0.036275695284159616 0.13148148148148148
0 0.6239419588875453 0.2884259259259259 0.03990326481257558 0.14166666666666666
0 0.6577992744860943 0.29768518518518516 0.037484885126964934 0.13796296296296295
0 0.7246070133010882 0.2671296296296296 0.04050785973397823 0.14351851851851852
0 0.6478234582829504 0.35185185185185186 0.03688029020556227 0.14444444444444443
0 0.5918984280532044 0.36666666666666664 0.03869407496977025 0.13703703703703704
0 0.8240628778718259 0.14444444444444443 0.03869407496977025 0.12962962962962962
0 0.6807738814993954 0.4023148148148148 0.04836759371221282 0.15092592592592594
0 0.6925634824667473 0.43425925925925923 0.03688029020556227 0.13703703703703704
0 0.8482466747279322 0.5212962962962963 0.044740024183796856 0.1425925925925926
0 0.7110036275695284 0.5412037037037037 0.05078597339782346 0.1527777777777778
0 0.6741233373639661 0.5745370370370371 0.045949214026602174 0.14907407407407408
0 0.7270253929866989 0.5916666666666667 0.044135429262394194 0.14629629629629629
0 0.6130592503022975 0.4361111111111111 0.037484885126964934 0.13703703703703704
0 0.5864570737605804 0.449537037037037 0.037484885126964934 0.13055555555555556
0 0.5695284159613059 0.2847222222222222 0.03990326481257558 0.14351851851851852
0 0.5432285368802902 0.2824074074074074 0.028415961305925032 0.11851851851851852
0 0.8125755743651754 0.5513888888888889 0.05078597339782346 0.15833333333333333
0 0.5133010882708585 0.5625 0.04836759371221282 0.13796296296296295
0 0.5619709794437727 0.6037037037037037 0.039298669891172915 0.15555555555555556
0 0.6305925030229746 0.5907407407407408 0.03990326481257558 0.1574074074074074
0 0.30683192261185005 0.2953703703703704 0.0380894800483676 0.13148148148148148
0 0.20223700120918983 0.4083333333333333 0.039298669891172915 0.1574074074074074
0 0.5402055622732769 0.36574074074074076 0.04171704957678356 0.14814814814814814
0 0.5087666263603385 0.3087962962962963 0.039298669891172915 0.13796296296296295
0 0.28053204353083433 0.28703703703703703 0.03506650544135429 0.13148148148148148
0 0.02267230955259976 0.4412037037037037 0.042926239419588876 0.16018518518518518
0 0.05501813784764208 0.4601851851851852 0.045949214026602174 0.14814814814814814
0 0.3875453446191052 0.9458333333333333 0.056831922611850064 0.11018518518518519
0 0.8110640870616687 0.7907407407407407 0.046553808948004836 0.16296296296296298
0 0.9743047158403869 0.4828703703703704 0.04050785973397823 0.1361111111111111
0 0.9806529625151149 0.5111111111111111 0.037484885126964934 0.1425925925925926
0 0.011185006045949214 0.27685185185185185 0.021160822249093107 0.14444444444444443
0 0.09401451027811367 0.24768518518518517 0.04171704957678356 0.1361111111111111
0 0.0761789600967352 0.26342592592592595 0.03869407496977025 0.1287037037037037
0 0.2327690447400242 0.2152777777777778 0.03869407496977025 0.12685185185185185
0 0.27297460701330106 0.18796296296296297 0.03688029020556227 0.12407407407407407
0 0.07980652962515115 0.19814814814814816 0.03869407496977025 0.14814814814814814
0 0.006045949214026602 0.18518518518518517 0.010882708585247884 0.15185185185185185
0 0.06620314389359129 0.41388888888888886 0.044135429262394194 0.15925925925925927
0 0.8276904474002419 0.16111111111111112 0.036275695284159616 0.12962962962962962
0 0.7648125755743652 0.1476851851851852 0.03506650544135429 0.13240740740740742
0 0.7082829504232164 0.11342592592592593 0.03204353083434099 0.13240740740740742
0 0.12394195888754535 0.5550925925925926 0.041112454655380895 0.15833333333333333
0 0.014510278113663845 0.5226851851851851 0.02781136638452237 0.15462962962962962
0 0.7285368802902056 0.43657407407407406 0.04232164449818621 0.15092592592592594
0 0.7212817412333736 0.4736111111111111 0.04353083434099154 0.14166666666666666
0 0.08162031438935913 0.5435185185185185 0.044740024183796856 0.17037037037037037
0 0.1375453446191052 0.512962962962963 0.04534461910519952 0.15185185185185185
0 0.2708585247883918 0.7462962962962963 0.04353083434099154 0.18518518518518517
0 0.2400241837968561 0.7754629629629629 0.03869407496977025 0.1712962962962963
0 0.8860338573155986 0.5018518518518519 0.047762998790810154 0.17037037037037037
0 0.012394195888754534 0.9717592592592592 0.02357920193470375 0.058333333333333334
0 0.048065296251511486 0.9587962962962963 0.05380894800483676 0.0824074074074074
0 0.06680773881499395 0.9402777777777778 0.05259975816203144 0.12129629629629629
0 0.3645707376058041 0.8638888888888889 0.05078597339782346 0.15925925925925927
0 0.34794437726723093 0.8148148148148148 0.06348246674727932 0.16666666666666666
0 0.9915356711003628 0.3925925925925926 0.015719467956469165 0.10740740740740741
0 0.9613059250302297 0.3768518518518518 0.03869407496977025 0.16111111111111112
0 0.973397823458283 0.19490740740740742 0.03990326481257558 0.14537037037037037
0 0.9452841596130592 0.18935185185185185 0.03688029020556227 0.12685185185185185
0 0.967049576783555 0.125 0.035671100362756954 0.12407407407407407
0 0.9452841596130592 0.11944444444444445 0.03688029020556227 0.11666666666666667
0 0.8010882708585247 0.3 0.041112454655380895 0.1425925925925926
0 0.029322853688029022 0.7018518518518518 0.05259975816203144 0.14629629629629629
0 0.035671100362756954 0.6407407407407407 0.056831922611850064 0.15555555555555556
0 0.17623941958887546 0.649074074074074 0.042926239419588876 0.16296296296296298
0 0.018440145102781136 0.22037037037037038 0.035671100362756954 0.14629629629629629
0 0.24969770253929868 0.32037037037037036 0.03385731559854897 0.1425925925925926
0 0.6599153567110037 0.4273148148148148 0.039298669891172915 0.1361111111111111
0 0.10973397823458284 0.20787037037037037 0.03204353083434099 0.15092592592592594
0 0.6178960096735188 0.37592592592592594 0.044740024183796856 0.13703703703703704
0 0.6847037484885127 0.3574074074074074 0.039298669891172915 0.14074074074074075
0 0.2370012091898428 0.2884259259259259 0.03869407496977025 0.15092592592592594
0 0.6163845223700121 0.324537037037037 0.044135429262394194 0.14722222222222223
0 0.2478839177750907 0.2351851851851852 0.036275695284159616 0.14444444444444443
0 0.689540507859734 0.24212962962962964 0.051390568319226115 0.1527777777777778
0 0.6665659008464329 0.031018518518518518 0.03204353083434099 0.06018518518518518
0 0.6387545344619106 0.03194444444444444 0.03204353083434099 0.062037037037037036
0 0.6212212817412334 0.024074074074074074 0.02720677146311971 0.046296296296296294
0 0.662031438935913 0.1787037037037037 0.03869407496977025 0.14074074074074075
0 0.6233373639661427 0.18101851851851852 0.045949214026602174 0.1287037037037037
0 0.5785973397823458 0.10046296296296296 0.03869407496977025 0.12314814814814815
0 0.5483675937122128 0.08981481481481482 0.044740024183796856 0.12962962962962962
0 0.4779322853688029 0.1884259259259259 0.04171704957678356 0.13425925925925927
0 0.4480048367593712 0.03888888888888889 0.03143893591293833 0.07592592592592592
0 0.4649334945586457 0.08564814814814815 0.036275695284159616 0.11944444444444445
0 0.3857315598548972 0.05324074074074074 0.03385731559854897 0.10462962962962963
0 0.3388754534461911 0.047685185185185185 0.03688029020556227 0.09351851851851851
0 0.3056227327690447 0.04537037037037037 0.03688029020556227 0.08888888888888889
0 0.06741233373639662 0.18425925925925926 0.035671100362756954 0.1259259259259259
0 0.09975816203143893 0.125 0.03385731559854897 0.12407407407407407
0 0.17140266021765418 0.16712962962962963 0.03688029020556227 0.1287037037037037
0 0.1444981862152358 0.09351851851851851 0.03506650544135429 0.12222222222222222
0 0.15568319226118502 0.11898148148148148 0.0380894800483676 0.13055555555555556
0 0.18228536880290205 0.13472222222222222 0.035671100362756954 0.13425925925925927
0 0.17200725513905682 0.0412037037037037 0.034461910519951636 0.08055555555555556
0 0.21281741233373638 0.0412037037037037 0.036275695284159616 0.08055555555555556
0 0.29171704957678357 0.2 0.04171704957678356 0.1388888888888889
0 0.22914147521160821 0.16898148148148148 0.030229746070133012 0.13055555555555556
0 0.24939540507859734 0.15555555555555556 0.03325272067714631 0.1259259259259259
0 0.2478839177750907 0.125 0.03143893591293833 0.11666666666666667
0 0.2626964933494559 0.08703703703703704 0.03325272067714631 0.12222222222222222
0 0.34915356711003626 0.23194444444444445 0.03325272067714631 0.13240740740740742
0 0.34552599758162034 0.20972222222222223 0.04050785973397823 0.14537037037037037
0 0.4458887545344619 0.19722222222222222 0.034461910519951636 0.09814814814814815
0 0.4268440145102781 0.16203703703703703 0.032648125755743655 0.12407407407407407
0 0.40477629987908104 0.16805555555555557 0.035671100362756954 0.13425925925925927
0 0.2841596130592503 0.13333333333333333 0.032648125755743655 0.11666666666666667
0 0.37817412333736394 0.1726851851851852 0.034461910519951636 0.1175925925925926
0 0.375453446191052 0.13796296296296295 0.036275695284159616 0.11296296296296296
0 0.3591293833131802 0.11990740740740741 0.041112454655380895 0.1361111111111111
0 0.3373639661426844 0.1824074074074074 0.03385731559854897 0.12777777777777777
0 0.32043530834340994 0.16574074074074074 0.03506650544135429 0.12222222222222222
0 0.35399032648125756 0.1648148148148148 0.034461910519951636 0.12222222222222222
0 0.27750906892382105 0.07546296296296297 0.032648125755743655 0.12314814814814815
0 0.11608222490931076 0.0875 0.037484885126964934 0.14166666666666666
0 0.11729141475211609 0.12731481481481483 0.03506650544135429 0.13055555555555556
0 0.19588875453446192 0.9953703703703703 0.020556227327690448 0.011111111111111112
0 0.13845223700120918 0.22592592592592592 0.036275695284159616 0.14814814814814814
0 0.5021160822249093 0.06666666666666667 0.035671100362756954 0.12962962962962962
