0 0.7540494458653026 0.4738636363636364 0.043478260869565216 0.11363636363636363
0 0.13256606990622335 0.14147727272727273 0.03495311167945439 0.09431818181818181
0 0.578005115089514 0.4727272727272727 0.042625745950554135 0.11818181818181818
0 0.05839727195225917 0.13863636363636364 0.03154305200341006 0.1
0 0.08056265984654731 0.3397727272727273 0.05200341005967604 0.10681818181818181
0 0.5277067348678602 0.18579545454545454 0.023870417732310314 0.0875
0 0.3375959079283887 0.1653409090909091 0.03239556692242114 0.0875
0 0.5170502983802217 0.17386363636363636 0.03154305200341006 0.08409090909090909
0 0.3103154305200341 0.15738636363636363 0.028985507246376812 0.08068181818181819
0 0.2915601023017903 0.14147727272727273 0.028985507246376812 0.0875
0 0.2668371696504689 0.13920454545454544 0.03239556692242114 0.09431818181818181
0 0.4803921568627451 0.17613636363636365 0.03154305200341006 0.1
0 0.3248081841432225 0.13125 0.03239556692242114 0.09431818181818181
0 0.23060528559249788 0.0715909090909091 0.03154305200341006 0.08409090909090909
0 0.2753623188405797 0.07272727272727272 0.028985507246376812 0.07045454545454545
0 0.2928388746803069 0.058522727272727275 0.03324808184143223 0.0875
0 0.3431372549019608 0.06704545454545455 0.028132992327365727 0.08409090909090909
0 0.3793691389599318 0.07102272727272728 0.030690537084398978 0.0875
0 0.4083546462063086 0.07443181818181818 0.03239556692242114 0.0875
0 0.4322250639386189 0.053409090909090906 0.028985507246376812 0.08636363636363636
0 0.4876385336743393 0.10568181818181818 0.03239556692242114 0.08409090909090909
0 0.5123614663256607 0.09829545454545455 0.03239556692242114 0.08068181818181819
0 0.49019607843137253 0.058522727272727275 0.030690537084398978 0.08295454545454546
0 0.3635976129582268 0.028977272727272727 0.028132992327365727 0.05568181818181818
0 0.9825234441602728 0.04772727272727273 0.028132992327365727 0.07727272727272727
0 0.9633418584825234 0.061931818181818185 0.03580562659846547 0.0875
0 0.9156010230179028 0.029545454545454545 0.03239556692242114 0.056818181818181816
0 0.8371696504688833 0.09488636363636363 0.03410059676044331 0.10113636363636364
0 0.3103154305200341 0.035227272727272725 0.028985507246376812 0.0659090909090909
0 0.293691389599318 0.04147727272727273 0.028132992327365727 0.0715909090909091
0 0.731457800511509 0.32386363636363635 0.042625745950554135 0.10681818181818181
0 0.763000852514919 0.4335227272727273 0.03751065643648764 0.10568181818181818
0 0.69693094629156 0.44431818181818183 0.03665814151747655 0.1
0 0.5481670929241261 0.4863636363636364 0.028985507246376812 0.07954545454545454
0 0.37851662404092073 0.16875 0.03239556692242114 0.08977272727272727
0 0.17902813299232737 0.5772727272727273 0.04603580562659847 0.1318181818181818
0 0.9437340153452686 0.9471590909090909 0.0443307757885763 0.10568181818181818
0 0.9582267689684569 0.9670454545454545 0.042625745950554135 0.06818181818181818
0 0.526001705029838 0.4022727272727273 0.04092071611253197 0.10681818181818181
0 0.3797953964194373 0.4068181818181818 0.03836317135549872 0.11136363636363636
0 0.40153452685422 0.3625 0.0392156862745098 0.11136363636363636
0 0.5528559249786871 0.39375 0.03495311167945439 0.10795454545454546
0 0.4215686274509804 0.41875 0.04688832054560955 0.11704545454545455
0 0.4514066496163683 0.4380681818181818 0.0247229326513214 0.0715909090909091
0 0.16538789428815004 0.44545454545454544 0.042625745950554135 0.11818181818181818
0 0.30008525149190113 0.38295454545454544 0.03410059676044331 0.1159090909090909
0 0.33631713554987214 0.38693181818181815 0.03324808184143223 0.10795454545454546
0 0.0907928388746803 0.23295454545454544 0.028132992327365727 0.09772727272727273
0 0.5119352088661552 0.3801136363636364 0.03324808184143223 0.12386363636363637
0 0.3797953964194373 0.3261363636363636 0.03836317135549872 0.11136363636363636
0 0.4761295822676897 0.29772727272727273 0.03324808184143223 0.10681818181818181
0 0.017902813299232736 0.20681818181818182 0.03410059676044331 0.1
0 0.14876385336743392 0.20625 0.03324808184143223 0.09886363636363636
0 0.1184995737425405 0.21022727272727273 0.028985507246376812 0.10227272727272728
0 0.21270247229326514 0.1375 0.03154305200341006 0.08636363636363636
0 0.5613810741687979 0.17045454545454544 0.03154305200341006 0.09772727272727273
0 0.24083546462063085 0.22272727272727272 0.03665814151747655 0.10909090909090909
0 0.35038363171355497 0.19147727272727272 0.03580562659846547 0.10113636363636364
0 0.3772378516624041 0.18920454545454546 0.03154305200341006 0.10340909090909091
0 0.4143222506393862 0.1903409090909091 0.03580562659846547 0.09659090909090909
0 0.35507246376811596 0.26136363636363635 0.03665814151747655 0.09318181818181819
0 0.5063938618925832 0.29318181818181815 0.028985507246376812 0.10909090909090909
0 0.2907075873827792 0.1 0.027280477408354646 0.07727272727272727
0 0.4884910485933504 0.19886363636363635 0.03239556692242114 0.09090909090909091
0 0.3874680306905371 0.6903409090909091 0.04688832054560955 0.1375
0 0.4518329070758738 0.15 0.03580562659846547 0.09090909090909091
0 0.3069053708439898 0.10795454545454546 0.028985507246376812 0.08409090909090909
0 0.27365728900255754 0.23068181818181818 0.028985507246376812 0.08863636363636364
0 0.3815004262574595 0.25113636363636366 0.03324808184143223 0.11136363636363636
0 0.6901108269394715 0.2409090909090909 0.041773231031543054 0.09772727272727273
0 0.24254049445865303 0.1375 0.03154305200341006 0.08409090909090909
0 0.3554987212276215 0.13920454545454544 0.03239556692242114 0.0875
0 0.4859335038363171 0.6215909090909091 0.0443307757885763 0.13636363636363635
0 0.7399829497016198 0.9676136363636364 0.04603580562659847 0.06704545454545455
0 0.11253196930946291 0.9823863636363637 0.03580562659846547 0.0375
0 0.16112531969309463 0.9806818181818182 0.04092071611253197 0.04090909090909091
0 0.5477408354646206 0.9573863636363636 0.03836317135549872 0.0875
0 0.8132992327365729 0.8420454545454545 0.0494458653026428 0.14545454545454545
0 0.33631713554987214 0.8443181818181819 0.05200341005967604 0.15
0 0.8201193520886616 0.9448863636363637 0.056265984654731455 0.1125
0 0.5021312872975278 0.9471590909090909 0.04603580562659847 0.10795454545454546
0 0.09974424552429667 0.8744318181818181 0.056265984654731455 0.15795454545454546
0 0.4424552429667519 0.6255681818181819 0.03410059676044331 0.13068181818181818
0 0.07544757033248081 0.525 0.026427962489343565 0.09545454545454546
0 0.4676044330775789 0.584659090909091 0.040068201193520885 0.12386363636363637
0 0.5119352088661552 0.5818181818181818 0.03665814151747655 0.11818181818181818
0 0.46462063086104005 0.19318181818181818 0.03580562659846547 0.09090909090909091
0 0.036231884057971016 0.4971590909090909 0.03665814151747655 0.11704545454545455
0 0.05711849957374254 0.5232954545454546 0.02557544757033248 0.07840909090909091
0 0.8167092924126172 0.48806818181818185 0.03580562659846547 0.11477272727272728
0 0.0029838022165387893 0.5596590909090909 0.004262574595055414 0.12840909090909092
