0 0.17476555839727195 0.45681818181818185 0.0392156862745098 0.12727272727272726
0 0.8981244671781756 0.23863636363636365 0.03495311167945439 0.09318181818181819
0 0.13000852514919012 0.4403409090909091 0.03495311167945439 0.12613636363636363
0 0.5174765558397272 0.49886363636363634 0.05115089514066496 0.12727272727272726
0 0.4164535379369139 0.20681818181818182 0.03154305200341006 0.10227272727272728
0 0.8452685421994884 0.42613636363636365 0.03665814151747655 0.125
0 0.7668371696504689 0.4017045454545455 0.03324808184143223 0.10568181818181818
0 0.7549019607843137 0.425 0.03836317135549872 0.1159090909090909
0 0.8077578857630009 0.41363636363636364 0.03324808184143223 0.1159090909090909
0 0.7953964194373402 0.42045454545454547 0.03751065643648764 0.12045454545454545
0 0.7787723785166241 0.45681818181818185 0.041773231031543054 0.12045454545454545
0 0.7071611253196931 0.6153409090909091 0.04688832054560955 0.12613636363636363
0 0.9181585677749361 0.6642045454545454 0.042625745950554135 0.1375
0 0.6240409207161125 0.7909090909090909 0.042625745950554135 0.1431818181818182
0 0.8316283034953111 0.17897727272727273 0.03154305200341006 0.10340909090909091
0 0.8452685421994884 0.03920454545454546 0.0247229326513214 0.07613636363636364
0 0.9381926683716965 0.02784090909090909 0.03154305200341006 0.053409090909090906
0 0.08908780903665814 0.08579545454545455 0.0247229326513214 0.09431818181818181
0 0.10954816709292413 0.07954545454545454 0.028132992327365727 0.09090909090909091
0 0.17902813299232737 0.08352272727272728 0.02557544757033248 0.08977272727272727
0 0.5051150895140665 0.11420454545454546 0.029838022165387893 0.09659090909090909
0 0.4134697357203751 0.1125 0.03239556692242114 0.08636363636363636
0 0.3878942881500426 0.0846590909090909 0.028985507246376812 0.0875
0 0.48721227621483376 0.06136363636363636 0.028132992327365727 0.08636363636363636
0 0.24040920716112532 0.03238636363636364 0.027280477408354646 0.0625
0 0.4394714407502131 0.10568181818181818 0.03495311167945439 0.09318181818181819
0 0.46035805626598464 0.12272727272727273 0.023870417732310314 0.06363636363636363
0 0.2651321398124467 0.03636363636363636 0.028985507246376812 0.07045454545454545
0 0.2847399829497016 0.03409090909090909 0.027280477408354646 0.0659090909090909
0 0.3111679454390452 0.05056818181818182 0.028985507246376812 0.0875
0 0.3333333333333333 0.07045454545454545 0.028985507246376812 0.09545454545454546
0 0.35507246376811596 0.07443181818181818 0.028132992327365727 0.08295454545454546
0 0.30818414322250637 0.02159090909090909 0.03154305200341006 0.04090909090909091
0 0.3537936913895993 0.010795454545454546 0.028985507246376812 0.019318181818181818
0 0.4539641943734015 0.053409090909090906 0.03154305200341006 0.09090909090909091
0 0.4219948849104859 0.031818181818181815 0.028985507246376812 0.06136363636363636
0 0.46334185848252346 0.03579545454545455 0.028132992327365727 0.06931818181818182
0 0.4876385336743393 0.033522727272727273 0.028985507246376812 0.06477272727272727
0 0.5481670929241261 0.5198863636363636 0.03239556692242114 0.08068181818181819
0 0.5562659846547314 0.5704545454545454 0.043478260869565216 0.1318181818181818
0 0.34441602728047743 0.009659090909090909 0.030690537084398978 0.017045454545454544
0 0.5208866155157715 0.020454545454545454 0.028985507246376812 0.038636363636363635
0 0.6717817561807332 0.9443181818181818 0.0494458653026428 0.10909090909090909
0 0.14620630861040068 0.3522727272727273 0.03495311167945439 0.11136363636363636
0 0.41261722080136404 0.23863636363636365 0.03410059676044331 0.11136363636363636
0 0.2651321398124467 0.6056818181818182 0.042625745950554135 0.1431818181818182
0 0.7740835464620631 0.5039772727272728 0.03751065643648764 0.11931818181818182
0 0.2361466325660699 0.9829545454545454 0.0443307757885763 0.03636363636363636
0 0.12105711849957375 0.959659090909091 0.04774083546462063 0.08068181818181819
0 0.16197783461210571 0.9545454545454546 0.04603580562659847 0.09090909090909091
0 0.42668371696504687 0.45454545454545453 0.03324808184143223 0.10227272727272728
0 0.3917306052855925 0.4465909090909091 0.03665814151747655 0.11136363636363636
0 0.3115942028985507 0.36875 0.040068201193520885 0.11477272727272728
0 0.7962489343563512 0.6193181818181818 0.04603580562659847 0.12954545454545455
0 0.9360613810741688 0.8267045454545454 0.0494458653026428 0.1375
0 0.9160272804774083 0.8517045454545454 0.05029838022165388 0.14659090909090908
0 0.8145780051150895 0.509090909090909 0.03665814151747655 0.125
0 0.6581415174765558 0.6522727272727272 0.03751065643648764 0.12954545454545455
0 0.3145780051150895 0.48522727272727273 0.04092071611253197 0.12045454545454545
0 0.3751065643648764 0.43636363636363634 0.03751065643648764 0.10909090909090909
0 0.6867007672634271 0.6664772727272728 0.03836317135549872 0.13522727272727272
0 0.11381074168797954 0.22045454545454546 0.029838022165387893 0.09318181818181819
0 0.7561807331628303 0.6227272727272727 0.042625745950554135 0.13863636363636364
0 0.03324808184143223 0.5448863636363637 0.042625745950554135 0.11704545454545455
0 0.06564364876385337 0.5477272727272727 0.04603580562659847 0.12727272727272726
0 0.4914748508098892 0.575 0.045183290707587385 0.12954545454545455
0 0.5247229326513214 0.5920454545454545 0.04688832054560955 0.125
0 0.07033248081841433 0.31988636363636364 0.03324808184143223 0.09431818181818181
0 0.08653026427962489 0.32045454545454544 0.04859335038363171 0.10909090909090909
0 0.023444160272804774 0.8801136363636364 0.045183290707587385 0.15113636363636362
0 0.058823529411764705 0.7636363636363637 0.0443307757885763 0.15227272727272728
0 0.32011935208866155 0.3164772727272727 0.041773231031543054 0.11022727272727273
0 0.3878942881500426 0.24375 0.02557544757033248 0.09886363636363636
0 0.26768968456947995 0.20511363636363636 0.027280477408354646 0.07386363636363637
0 0.13469735720375106 0.20795454545454545 0.028985507246376812 0.10227272727272728
0 0.16666666666666666 0.21363636363636362 0.028132992327365727 0.09318181818181819
0 0.45481670929241264 0.22613636363636364 0.03324808184143223 0.09772727272727273
0 0.4884910485933504 0.22897727272727272 0.03239556692242114 0.08977272727272727
0 0.06095481670929241 0.11704545454545455 0.03495311167945439 0.09545454545454546
0 0.1423699914748508 0.0715909090909091 0.030690537084398978 0.08636363636363636
0 0.23870417732310314 0.18636363636363637 0.028985507246376812 0.09318181818181819
0 0.24893435635123615 0.20852272727272728 0.023870417732310314 0.06477272727272727
0 0.6364023870417732 0.7477272727272727 0.04688832054560955 0.1409090909090909
0 0.8294970161977835 0.7585227272727273 0.04774083546462063 0.14886363636363636
0 0.7450980392156863 0.8738636363636364 0.04092071611253197 0.16136363636363638
0 0.7804774083546462 0.8613636363636363 0.04688832054560955 0.16136363636363638
0 0.4143222506393862 0.91875 0.04603580562659847 0.14659090909090908
0 0.6768968456947997 0.7806818181818181 0.04092071611253197 0.13636363636363635
0 0.7122762148337596 0.875 0.05029838022165388 0.1431818181818182
0 0.7932651321398124 0.7704545454545455 0.04688832054560955 0.1431818181818182
0 0.32438192668371696 0.4414772727272727 0.029838022165387893 0.0875
0 0.2971014492753623 0.42613636363636365 0.03495311167945439 0.11136363636363636
0 0.2710997442455243 0.4096590909090909 0.03580562659846547 0.12613636363636363
0 0.861466325660699 0.1375 0.03495311167945439 0.09318181818181819
0 0.757459505541347 0.5227272727272727 0.03324808184143223 0.08409090909090909
0 0.7011935208866155 0.8022727272727272 0.04688832054560955 0.15227272727272728
0 0.15302642796248933 0.16818181818181818 0.03324808184143223 0.09318181818181819
0 0.014066496163682864 0.9238636363636363 0.026427962489343565 0.1431818181818182
0 0.39258312020460356 0.675 0.04688832054560955 0.14772727272727273
0 0.5247229326513214 0.8818181818181818 0.05541346973572037 0.1590909090909091
0 0.5677749360613811 0.8772727272727273 0.042625745950554135 0.13863636363636364
0 0.29838022165387895 0.6193181818181818 0.04092071611253197 0.125
0 0.5451832907075874 0.8113636363636364 0.05029838022165388 0.13863636363636364
0 0.3567774936061381 0.48465909090909093 0.03836317135549872 0.11704545454545455
0 0.44884910485933505 0.4943181818181818 0.041773231031543054 0.1159090909090909
0 0.33631713554987214 0.9823863636363637 0.045183290707587385 0.0375
0 0.46717817561807334 0.8261363636363637 0.05456095481670929 0.13636363636363635
0 0.49531116794543906 0.9454545454545454 0.04603580562659847 0.10909090909090909
0 0.3857630008525149 0.875 0.041773231031543054 0.14772727272727273
0 0.4322250639386189 0.8738636363636364 0.056265984654731455 0.15227272727272728
0 0.45907928388746805 0.9471590909090909 0.04688832054560955 0.10795454545454546
0 0.4254049445865303 0.8221590909090909 0.056265984654731455 0.15113636363636362
0 0.4799658994032396 0.8829545454545454 0.05115089514066496 0.13636363636363635
0 0.5809889173060528 0.8227272727272728 0.041773231031543054 0.15227272727272728
0 0.9143222506393862 0.9329545454545455 0.03836317135549872 0.12954545454545455
0 0.8823529411764706 0.9215909090909091 0.05115089514066496 0.14545454545454545
0 0.396845694799659 0.6426136363636363 0.040068201193520885 0.12386363636363637
