0 0.5578125 0.28935185185185186 0.03333333333333333 0.14351851851851852
0 0.38958333333333334 0.26990740740740743 0.029166666666666667 0.13796296296296295
0 0.11979166666666667 0.5115740740740741 0.034375 0.18981481481481483
0 0.6192708333333333 0.324537037037037 0.03125 0.14907407407407408
0 0.3625 0.2726851851851852 0.028125 0.14351851851851852
0 0.29453125 0.9018518518518519 0.07760416666666667 0.19814814814814816
0 0.7807291666666667 0.4101851851851852 0.041666666666666664 0.17592592592592593
0 0.74296875 0.4166666666666667 0.04010416666666667 0.18518518518518517
0 0.28020833333333334 0.9583333333333334 0.0625 0.08333333333333333
0 0.33567708333333335 0.6768518518518518 0.07447916666666667 0.3648148148148148
0 0.5348958333333333 0.5393518518518519 0.052083333333333336 0.23425925925925925
0 0.45 0.5527777777777778 0.05 0.1925925925925926
0 0.3932291666666667 0.5351851851851852 0.05 0.21481481481481482
0 0.29583333333333334 0.5212962962962963 0.04479166666666667 0.20555555555555555
0 0.31640625 0.4185185185185185 0.0359375 0.15925925925925927
0 0.3796875 0.3888888888888889 0.0375 0.16666666666666666
0 0.4192708333333333 0.37407407407407406 0.03333333333333333 0.14629629629629629
0 0.3671875 0.4148148148148148 0.03229166666666667 0.12962962962962962
0 0.46458333333333335 0.3421296296296296 0.03854166666666667 0.1712962962962963
0 0.4786458333333333 0.36712962962962964 0.028125 0.11018518518518519
0 0.3625 0.3148148148148148 0.03229166666666667 0.14444444444444443
0 0.34140625 0.2796296296296296 0.0359375 0.15
0 0.4354166666666667 0.29814814814814816 0.034375 0.12962962962962962
0 0.4661458333333333 0.3013888888888889 0.03229166666666667 0.12129629629629629
0 0.47161458333333334 0.2740740740740741 0.03177083333333333 0.12222222222222222
0 0.51875 0.2828703703703704 0.034375 0.15092592592592594
0 0.49375 0.2638888888888889 0.03333333333333333 0.13703703703703704
0 0.4395833333333333 0.22175925925925927 0.030208333333333334 0.12129629629629629
0 0.4354166666666667 0.23981481481481481 0.026041666666666668 0.11851851851851852
0 0.4947916666666667 0.27824074074074073 0.030208333333333334 0.1287037037037037
