0 0.4655380894800484 0.2412037037037037 0.036275695284159616 0.13240740740740742
0 0.4930471584038694 0.22685185185185186 0.03083434099153567 0.11851851851851852
0 0.9854897218863361 0.6189814814814815 0.02781136638452237 0.15462962962962962
0 0.5728536880290206 0.6763888888888889 0.03688029020556227 0.15462962962962962
0 0.5335550181378477 0.6805555555555556 0.05380894800483676 0.1574074074074074
0 0.5341596130592503 0.3055555555555556 0.044135429262394194 0.14629629629629629
0 0.5580411124546554 0.3578703703703704 0.037484885126964934 0.13240740740740742
0 0.8600362756952842 0.7180555555555556 0.04171704957678356 0.1638888888888889
0 0.8225513905683193 0.7092592592592593 0.044135429262394194 0.17407407407407408
0 0.7832527206771464 0.7018518518518518 0.04050785973397823 0.14074074074074075
0 0.8981257557436517 0.31342592592592594 0.039298669891172915 0.14907407407407408
0 0.5900846432889963 0.3314814814814815 0.030229746070133012 0.1259259259259259
0 0.9256348246674728 0.40555555555555556 0.03990326481257558 0.16111111111111112
0 0.9740024183796856 0.37037037037037035 0.03990326481257558 0.14814814814814814
0 0.9446795646916566 0.36666666666666664 0.03688029020556227 0.1425925925925926
0 0.5362756952841596 0.22175925925925927 0.037484885126964934 0.13796296296296295
0 0.4782345828295042 0.1763888888888889 0.03143893591293833 0.1398148148148148
0 0.596130592503023 0.3638888888888889 0.032648125755743655 0.13518518518518519
0 0.6260580411124547 0.37175925925925923 0.034461910519951636 0.14722222222222223
0 0.6048972188633616 0.3902777777777778 0.0380894800483676 0.13796296296296295
0 0.6608222490931076 0.3055555555555556 0.037484885126964934 0.13703703703703704
0 0.7663240628778718 0.611574074074074 0.05743651753325272 0.1638888888888889
0 0.7503022974607013 0.4625 0.044740024183796856 0.15833333333333333
0 0.6910519951632407 0.4824074074074074 0.045949214026602174 0.17962962962962964
0 0.6466142684401451 0.3490740740740741 0.03204353083434099 0.11481481481481481
0 0.7052599758162031 0.6541666666666667 0.034461910519951636 0.13796296296296295
0 0.5598548972188634 0.41435185185185186 0.044740024183796856 0.15648148148148147
0 0.6819830713422007 0.40185185185185185 0.041112454655380895 0.14074074074074075
0 0.5105804111245466 0.18888888888888888 0.044135429262394194 0.14814814814814814
0 0.6771463119709794 0.26481481481481484 0.037484885126964934 0.13518518518518519
0 0.7243047158403869 0.35694444444444445 0.03869407496977025 0.14537037037037037
0 0.9407496977025392 0.6726851851851852 0.04353083434099154 0.1675925925925926
0 0.903869407496977 0.6287037037037037 0.03385731559854897 0.14074074074074075
0 0.8772672309552599 0.6282407407407408 0.04232164449818621 0.15092592592592594
0 0.7735792019347038 0.4217592592592593 0.035671100362756954 0.14166666666666666
0 0.7466747279322854 0.36157407407407405 0.032648125755743655 0.1175925925925926
0 0.6460096735187424 0.40694444444444444 0.03688029020556227 0.14351851851851852
0 0.9470979443772672 0.3837962962962963 0.04050785973397823 0.13240740740740742
0 0.8996372430471584 0.4388888888888889 0.036275695284159616 0.14629629629629629
0 0.9105199516324063 0.3773148148148148 0.037484885126964934 0.1175925925925926
0 0.7366989117291415 0.4527777777777778 0.039298669891172915 0.14444444444444443
0 0.7941354292623942 0.37916666666666665 0.035671100362756954 0.13055555555555556
0 0.808645707376058 0.42453703703703705 0.044135429262394194 0.15092592592592594
0 0.6605199516324063 0.3351851851851852 0.039298669891172915 0.13518518518518519
0 0.9159613059250302 0.5907407407407408 0.037484885126964934 0.13518518518518519
0 0.5208585247883918 0.30185185185185187 0.024788391777509067 0.0962962962962963
0 0.5652962515114873 0.25601851851851853 0.03143893591293833 0.12685185185185185
0 0.9510278113663845 0.44583333333333336 0.03869407496977025 0.10648148148148148
0 0.8799879081015719 0.774074074074074 0.05743651753325272 0.17037037037037037
0 0.9159613059250302 0.7638888888888888 0.0471584038694075 0.15555555555555556
0 0.2663240628778718 0.21064814814814814 0.03688029020556227 0.10462962962962963
0 0.594316807738815 0.4060185185185185 0.03990326481257558 0.15648148148148147
0 0.5399032648125756 0.3439814814814815 0.02902055622732769 0.1175925925925926
0 0.6444981862152358 0.29212962962962963 0.032648125755743655 0.12314814814814815
0 0.772067714631197 0.38564814814814813 0.03385731559854897 0.10092592592592593
0 0.24153567110036275 0.975925925925926 0.03688029020556227 0.05
0 0.020556227327690448 0.3277777777777778 0.03990326481257558 0.1537037037037037
0 0.011185006045949214 0.22037037037037038 0.021160822249093107 0.14074074074074075
0 0.020253929866989116 0.1837962962962963 0.039298669891172915 0.13425925925925927
0 0.0281136638452237 0.07314814814814814 0.042926239419588876 0.13518518518518519
0 0.06650544135429262 0.27546296296296297 0.03990326481257558 0.13796296296296295
0 0.09552599758162031 0.26851851851851855 0.04232164449818621 0.1425925925925926
0 0.06529625151148731 0.059722222222222225 0.03506650544135429 0.1175925925925926
0 0.0903869407496977 0.07268518518518519 0.034461910519951636 0.1287037037037037
0 0.02781136638452237 0.2537037037037037 0.03143893591293833 0.12962962962962962
0 0.0761789600967352 0.21898148148148147 0.036275695284159616 0.13425925925925927
0 0.1596130592503023 0.13518518518518519 0.03506650544135429 0.12407407407407407
0 0.15507859733978235 0.09444444444444444 0.03688029020556227 0.12037037037037036
0 0.23337363966142685 0.04259259259259259 0.03385731559854897 0.08333333333333333
0 0.1967956469165659 0.1388888888888889 0.035671100362756954 0.12962962962962962
0 0.20707376058041113 0.040740740740740744 0.02720677146311971 0.06851851851851852
0 0.14328899637243048 0.36944444444444446 0.04836759371221282 0.15185185185185185
0 0.30773881499395406 0.055092592592592596 0.04232164449818621 0.10833333333333334
0 0.34794437726723093 0.08148148148148149 0.03688029020556227 0.12962962962962962
0 0.33978234582829503 0.05694444444444444 0.02902055622732769 0.11203703703703703
0 0.41233373639661425 0.13425925925925927 0.032648125755743655 0.13518518518518519
0 0.45042321644498184 0.018055555555555554 0.02539298669891173 0.03425925925925926
0 0.3978234582829504 0.09537037037037037 0.03506650544135429 0.12037037037037036
0 0.4322853688029021 0.06666666666666667 0.032648125755743655 0.1259259259259259
0 0.48911729141475213 0.0787037037037037 0.03506650544135429 0.1537037037037037
0 0.564993954050786 0.03981481481481482 0.03325272067714631 0.07777777777777778
0 0.5837363966142685 0.041666666666666664 0.03325272067714631 0.08148148148148149
0 0.47218863361547764 0.11712962962962963 0.032648125755743655 0.12685185185185185
0 0.6109431680773881 0.02546296296296296 0.03204353083434099 0.049074074074074076
0 0.49727932285368803 0.12685185185185185 0.034461910519951636 0.13148148148148148
0 0.5069528415961306 0.15092592592592594 0.03688029020556227 0.13518518518518519
0 0.5495767835550182 0.1574074074074074 0.03506650544135429 0.13333333333333333
0 0.5683192261185006 0.1375 0.03990326481257558 0.13055555555555556
0 0.598851269649335 0.1388888888888889 0.03204353083434099 0.12777777777777777
0 0.6324062877871826 0.09953703703703703 0.032648125755743655 0.13240740740740742
0 0.6544740024183797 0.125 0.03083434099153567 0.11481481481481481
0 0.6701934703748489 0.13333333333333333 0.02962515114873035 0.11851851851851852
0 0.7315598548972189 0.10092592592592593 0.036275695284159616 0.1388888888888889
0 0.6789600967351874 0.2310185185185185 0.032648125755743655 0.11574074074074074
0 0.711608222490931 0.300462962962963 0.032648125755743655 0.12685185185185185
0 0.7333736396614269 0.2935185185185185 0.032648125755743655 0.13518518518518519
0 0.7291414752116082 0.2324074074074074 0.04232164449818621 0.12222222222222222
0 0.7744860943168077 0.27361111111111114 0.036275695284159616 0.1398148148148148
0 0.7998790810157195 0.2212962962962963 0.030229746070133012 0.12407407407407407
0 0.9915356711003628 0.05694444444444444 0.016928657799274487 0.11203703703703703
0 0.9570737605804112 0.06481481481481481 0.03869407496977025 0.12037037037037036
0 0.9280532043530835 0.058333333333333334 0.030229746070133012 0.09814814814814815
0 0.936819830713422 0.08009259259259259 0.03204353083434099 0.12129629629629629
0 0.869105199516324 0.32083333333333336 0.02962515114873035 0.11574074074074074
0 0.9758162031438936 0.30972222222222223 0.032648125755743655 0.1398148148148148
0 0.9800483675937122 0.22546296296296298 0.03506650544135429 0.13240740740740742
0 0.9582829504232164 0.2550925925925926 0.037484885126964934 0.13240740740740742
0 0.8573155985489722 0.15462962962962962 0.03143893591293833 0.12962962962962962
0 0.8857315598548973 0.14953703703703702 0.036275695284159616 0.125
0 0.9507255139056832 0.21851851851851853 0.035671100362756954 0.13333333333333333
0 0.9519347037484885 0.17731481481481481 0.03204353083434099 0.1287037037037037
0 0.9274486094316807 0.1726851851851852 0.037484885126964934 0.12685185185185185
0 0.8751511487303507 0.11990740740740741 0.03325272067714631 0.1287037037037037
0 0.8929866989117291 0.125 0.03143893591293833 0.12037037037037036
0 0.8908706166868199 0.43703703703703706 0.02962515114873035 0.0962962962962963
0 0.1865175332527207 0.025 0.03204353083434099 0.04814814814814815
0 0.8500604594921403 0.14212962962962963 0.030229746070133012 0.09351851851851851
0 0.8978234582829504 0.14212962962962963 0.032648125755743655 0.10648148148148148
0 0.9156590084643289 0.11574074074074074 0.02962515114873035 0.10740740740740741
0 0.7430471584038694 0.25787037037037036 0.036275695284159616 0.11203703703703703
0 0.012998790810157194 0.07453703703703704 0.024788391777509067 0.11944444444444445
0 0.9096130592503023 0.262037037037037 0.06469165659008465 0.1685185185185185
0 0.8479443772672309 0.013888888888888888 0.034461910519951636 0.025925925925925925
0 0.36577992744860943 0.5375 0.037484885126964934 0.14907407407407408
0 0.0752720677146312 0.4759259259259259 0.04171704957678356 0.15
0 0.041112454655380895 0.537962962962963 0.03990326481257558 0.14814814814814814
0 0.02267230955259976 0.4962962962962963 0.039298669891172915 0.16111111111111112
0 0.08796856106408706 0.5361111111111111 0.04897218863361548 0.15925925925925927
0 0.817714631197098 0.3439814814814815 0.028415961305925032 0.1287037037037037
0 0.8337363966142685 0.33796296296296297 0.032648125755743655 0.1259259259259259
0 0.25241837968561065 0.6486111111111111 0.044135429262394194 0.16574074074074074
0 0.21825876662636035 0.6347222222222222 0.03869407496977025 0.16203703703703703
0 0.35308343409915355 0.6305555555555555 0.036275695284159616 0.14444444444444443
0 0.21765417170495768 0.5606481481481481 0.03385731559854897 0.13425925925925927
0 0.22218863361547764 0.5425925925925926 0.034461910519951636 0.1425925925925926
0 0.18440145102781136 0.5375 0.03990326481257558 0.14351851851851852
0 0.19044740024183796 0.5078703703703704 0.044740024183796856 0.15462962962962962
0 0.14812575574365175 0.5226851851851851 0.03869407496977025 0.14351851851851852
0 0.36275695284159615 0.2111111111111111 0.03143893591293833 0.12962962962962962
0 0.38391777509068925 0.20925925925925926 0.03143893591293833 0.1259259259259259
0 0.2711608222490931 0.4305555555555556 0.044135429262394194 0.13703703703703704
0 0.26844014510278114 0.4527777777777778 0.036275695284159616 0.14074074074074075
0 0.250906892382104 0.937962962962963 0.04232164449818621 0.12407407407407407
0 0.30683192261185005 0.762962962962963 0.04050785973397823 0.1537037037037037
0 0.3225513905683192 0.5634259259259259 0.03688029020556227 0.14722222222222223
0 0.34280532043530837 0.6875 0.03869407496977025 0.15462962962962962
0 0.34975816203143895 0.7222222222222222 0.042926239419588876 0.1648148148148148
0 0.6448004836759371 0.8472222222222222 0.051390568319226115 0.18888888888888888
0 0.7007255139056832 0.8777777777777778 0.0471584038694075 0.1574074074074074
0 0.7061668681983071 0.8439814814814814 0.037484885126964934 0.14537037037037037
0 0.4198911729141475 0.7236111111111111 0.04897218863361548 0.14537037037037037
0 0.6423821039903265 0.674074074074074 0.051390568319226115 0.14814814814814814
0 0.44347037484885127 0.5097222222222222 0.03325272067714631 0.13425925925925927
0 0.4274486094316808 0.49166666666666664 0.03385731559854897 0.13333333333333333
0 0.29564691656590086 0.20277777777777778 0.037484885126964934 0.13518518518518519
0 0.4198911729141475 0.575925925925926 0.035671100362756954 0.14814814814814814
0 0.4283555018137848 0.5430555555555555 0.03688029020556227 0.15092592592592594
0 0.23579201934703747 0.6078703703703704 0.03506650544135429 0.14351851851851852
0 0.28627569528415964 0.5819444444444445 0.0501813784764208 0.15833333333333333
0 0.2883917775090689 0.6328703703703704 0.037484885126964934 0.16944444444444445
0 0.3047158403869408 0.3958333333333333 0.041112454655380895 0.14907407407407408
0 0.3307134220072551 0.37916666666666665 0.037484885126964934 0.13055555555555556
0 0.3010882708585248 0.36898148148148147 0.037484885126964934 0.14907407407407408
0 0.9773276904474002 0.7967592592592593 0.042926239419588876 0.16574074074074074
0 0.40386940749697703 0.44583333333333336 0.03869407496977025 0.14351851851851852
0 0.7593712212817413 0.8935185185185185 0.04353083434099154 0.13703703703703704
0 0.8346432889963724 0.2064814814814815 0.028415961305925032 0.12962962962962962
0 0.7406287787182587 0.1537037037037037 0.03506650544135429 0.12777777777777777
0 0.7019347037484885 0.9490740740740741 0.06287787182587666 0.1037037037037037
0 0.4821644498186215 0.5537037037037037 0.0380894800483676 0.14814814814814814
0 0.8675937122128174 0.9087962962962963 0.049576783555018135 0.175
0 0.8107617896009673 0.8847222222222222 0.06771463119709795 0.1824074074074074
0 0.06166868198307134 0.9745370370370371 0.05199516324062878 0.05277777777777778
0 0.6429866989117291 0.9472222222222222 0.06952841596130592 0.10555555555555556
0 0.6617291414752116 0.7550925925925925 0.046553808948004836 0.16944444444444445
0 0.841596130592503 0.6208333333333333 0.037484885126964934 0.13796296296296295
0 0.7950423216444982 0.9666666666666667 0.045949214026602174 0.06851851851851852
0 0.2439540507859734 0.36064814814814816 0.0380894800483676 0.14166666666666666
0 0.4957678355501814 0.4824074074074074 0.044740024183796856 0.16296296296296298
0 0.5151148730350665 0.44907407407407407 0.036275695284159616 0.15555555555555556
0 0.24939540507859734 0.387037037037037 0.03325272067714631 0.12222222222222222
0 0.9591898428053204 0.6273148148148148 0.044135429262394194 0.16574074074074074
0 0.7055622732769045 0.7449074074074075 0.045949214026602174 0.14537037037037037
0 0.8479443772672309 0.9597222222222223 0.0380894800483676 0.08055555555555556
0 0.7521160822249093 0.9402777777777778 0.0592503022974607 0.1175925925925926
0 0.8222490931076178 0.9856481481481482 0.020556227327690448 0.026851851851851852
