0 0.23802083333333332 0.612037037037037 0.04583333333333333 0.17962962962962964
0 0.31666666666666665 0.6407407407407407 0.04479166666666667 0.17037037037037037
0 0.5411458333333333 0.6296296296296297 0.034375 0.18703703703703703
0 0.5760416666666667 0.6337962962962963 0.034375 0.1824074074074074
0 0.61015625 0.6365740740740741 0.0328125 0.1787037037037037
0 0.6901041666666666 0.9495370370370371 0.06145833333333333 0.10092592592592593
0 0.6190104166666667 0.9476851851851852 0.06822916666666666 0.10648148148148148
0 0.46171875 0.6180555555555556 0.025520833333333333 0.13055555555555556
0 0.49453125 0.600925925925926 0.033854166666666664 0.16111111111111112
0 0.5 0.6541666666666667 0.036458333333333336 0.16203703703703703
0 0.6484375 0.6092592592592593 0.042708333333333334 0.16296296296296298
0 0.88828125 0.7375 0.05677083333333333 0.19907407407407407
0 0.53515625 0.9425925925925925 0.0609375 0.11666666666666667
0 0.19375 0.8111111111111111 0.05416666666666667 0.2388888888888889
0 0.24010416666666667 0.825462962962963 0.04895833333333333 0.22685185185185186
0 0.20416666666666666 0.887962962962963 0.0625 0.22592592592592592
0 0.11302083333333333 0.836574074074074 0.051041666666666666 0.23796296296296296
0 0.50390625 0.6777777777777778 0.0421875 0.18333333333333332
0 0.7578125 0.6930555555555555 0.040625 0.18981481481481483
0 0.6057291666666667 0.7212962962962963 0.0375 0.2037037037037037
0 0.6299479166666667 0.7226851851851852 0.03177083333333333 0.1787037037037037
0 0.5877604166666667 0.6925925925925925 0.0390625 0.16111111111111112
0 0.7846354166666667 0.7351851851851852 0.033854166666666664 0.12777777777777777
0 0.7309895833333333 0.7416666666666667 0.0390625 0.1574074074074074
0 0.934375 0.7703703703703704 0.06354166666666666 0.2222222222222222
0 0.9635416666666666 0.7648148148148148 0.05 0.20925925925925926
0 0.7627604166666667 0.7236111111111111 0.04010416666666667 0.18981481481481483
0 0.5799479166666667 0.5527777777777778 0.0296875 0.12037037037037036
0 0.5515625 0.5430555555555555 0.0375 0.1361111111111111
0 0.4505208333333333 0.5435185185185185 0.034375 0.13518518518518519
0 0.6244791666666667 0.5953703703703703 0.040625 0.16296296296296298
0 0.5263020833333333 0.5222222222222223 0.0234375 0.1037037037037037
0 0.5010416666666667 0.5092592592592593 0.030208333333333334 0.10740740740740741
0 0.46822916666666664 0.5050925925925925 0.030208333333333334 0.12129629629629629
0 0.4317708333333333 0.5027777777777778 0.030208333333333334 0.11296296296296296
0 0.4080729166666667 0.5027777777777778 0.025520833333333333 0.11296296296296296
0 0.4861979166666667 0.4842592592592593 0.025520833333333333 0.10925925925925926
0 0.45989583333333334 0.4824074074074074 0.023958333333333335 0.11296296296296296
0 0.4395833333333333 0.47824074074074074 0.021875 0.12314814814814815
0 0.4244791666666667 0.48518518518518516 0.022916666666666665 0.11481481481481481
0 0.40208333333333335 0.4648148148148148 0.025 0.10740740740740741
0 0.7520833333333333 0.4388888888888889 0.019791666666666666 0.07407407407407407
