0 0.09548167092924126 0.9676136363636364 0.059676044330775786 0.06704545454545455
0 0.37468030690537085 0.8857954545454545 0.04859335038363171 0.16477272727272727
0 0.2566069906223359 0.5164772727272727 0.042625745950554135 0.12840909090909092
0 0.5545609548167093 0.5352272727272728 0.041773231031543054 0.12727272727272726
0 0.9147485080988917 0.8096590909090909 0.04774083546462063 0.1625
0 0.881074168797954 0.8210227272727273 0.05200341005967604 0.1375
0 0.5080988917306053 0.4818181818181818 0.04092071611253197 0.125
0 0.7945439045183291 0.7971590909090909 0.061381074168797956 0.15568181818181817
0 0.8448422847399829 0.8011363636363636 0.04092071611253197 0.13863636363636364
0 0.835464620630861 0.30056818181818185 0.0443307757885763 0.11477272727272728
0 0.7979539641943734 0.2846590909090909 0.04603580562659847 0.11704545454545455
0 0.3171355498721228 0.5107954545454545 0.04603580562659847 0.13522727272727272
0 0.29028132992327366 0.53125 0.058823529411764705 0.13068181818181818
0 0.05839727195225917 0.38579545454545455 0.03836317135549872 0.12386363636363637
0 0.3090366581415175 0.46647727272727274 0.041773231031543054 0.1375
0 0.33248081841432225 0.47897727272727275 0.0392156862745098 0.11704545454545455
0 0.4556692242114237 0.9676136363636364 0.05370843989769821 0.0625
0 0.37084398976982097 0.4784090909090909 0.04092071611253197 0.12272727272727273
0 0.41474850809889174 0.48352272727272727 0.041773231031543054 0.13295454545454546
0 0.38448422847399827 0.6443181818181818 0.0494458653026428 0.14545454545454545
0 0.3934356351236147 0.49829545454545454 0.041773231031543054 0.12840909090909092
0 0.4595055413469736 0.4738636363636364 0.04603580562659847 0.13863636363636364
0 0.31202046035805625 0.3880681818181818 0.03751065643648764 0.1215909090909091
0 0.28388746803069054 0.38579545454545455 0.04092071611253197 0.11477272727272728
0 0.09292412617220801 0.29147727272727275 0.03751065643648764 0.11704545454545455
0 0.09036658141517477 0.3721590909090909 0.03580562659846547 0.12386363636363637
0 0.10187553282182438 0.4022727272727273 0.041773231031543054 0.125
0 0.13171355498721227 0.40852272727272726 0.040068201193520885 0.11704545454545455
0 0.12361466325660699 0.3778409090909091 0.0392156862745098 0.1215909090909091
0 0.19863597612958228 0.3306818181818182 0.0494458653026428 0.10681818181818181
0 0.525149190110827 0.3926136363636364 0.042625745950554135 0.13522727272727272
0 0.35080988917306055 0.3397727272727273 0.041773231031543054 0.11818181818181818
0 0.39300937766410915 0.3255681818181818 0.0443307757885763 0.11477272727272728
0 0.2668371696504689 0.3522727272727273 0.03580562659846547 0.11818181818181818
0 0.35720375106564367 0.2409090909090909 0.03239556692242114 0.08636363636363636
0 0.39471440750213127 0.23295454545454544 0.03580562659846547 0.09772727272727273
0 0.37851662404092073 0.25227272727272726 0.02557544757033248 0.08409090909090909
0 0.25404944586530265 0.23806818181818182 0.0392156862745098 0.11931818181818182
0 0.5447570332480819 0.6056818181818182 0.04092071611253197 0.14545454545454545
0 0.46888320545609546 0.6136363636363636 0.04774083546462063 0.12954545454545455
0 0.17561807331628304 0.33579545454545456 0.030690537084398978 0.09431818181818181
0 0.06436487638533675 0.9380681818181819 0.05541346973572037 0.1215909090909091
0 0.008951406649616368 0.3965909090909091 0.01619778346121057 0.12045454545454545
0 0.28005115089514065 0.46193181818181817 0.03154305200341006 0.1215909090909091
0 0.83461210571185 0.5204545454545455 0.04603580562659847 0.1340909090909091
0 0.7953964194373402 0.5329545454545455 0.04092071611253197 0.125
0 0.8235294117647058 0.48579545454545453 0.0443307757885763 0.14431818181818182
0 0.7864450127877238 0.4715909090909091 0.04688832054560955 0.12045454545454545
0 0.815004262574595 0.15113636363636362 0.03751065643648764 0.10681818181818181
0 0.05456095481670929 0.04943181818181818 0.04092071611253197 0.09659090909090909
0 0.020034100596760442 0.15397727272727274 0.03836317135549872 0.11704545454545455
0 0.5362318840579711 0.49204545454545456 0.0443307757885763 0.1431818181818182
0 0.046462063086104004 0.15738636363636363 0.043478260869565216 0.10795454545454546
0 0.18499573742540495 0.075 0.03239556692242114 0.1
0 0.2971014492753623 0.11761363636363636 0.028132992327365727 0.10795454545454546
0 0.3273657289002558 0.2863636363636364 0.0392156862745098 0.125
0 0.3256606990622336 0.11988636363636364 0.028985507246376812 0.09431818181818181
0 0.32310315430520037 0.16875 0.04092071611253197 0.10340909090909091
0 0.29539641943734013 0.3482954545454545 0.041773231031543054 0.1215909090909091
0 0.4825234441602728 0.20625 0.04092071611253197 0.10795454545454546
0 0.5140664961636828 0.20795454545454545 0.042625745950554135 0.11136363636363636
0 0.38064791133844844 0.1215909090909091 0.03154305200341006 0.1
0 0.4151747655583973 0.12954545454545455 0.03751065643648764 0.1
0 0.3410059676044331 0.05284090909090909 0.0392156862745098 0.09886363636363636
0 0.5029838022165388 0.031818181818181815 0.02557544757033248 0.06136363636363636
0 0.4258312020460358 0.23295454545454544 0.03836317135549872 0.11136363636363636
0 0.38192668371696503 0.048295454545454544 0.028985507246376812 0.09431818181818181
0 0.46675191815856776 0.03125 0.03495311167945439 0.060227272727272727
0 0.7791986359761296 0.5619318181818181 0.04774083546462063 0.13295454545454546
0 0.5622335890878091 0.4744318181818182 0.03836317135549872 0.14431818181818182
0 0.4919011082693947 0.4090909090909091 0.0443307757885763 0.12954545454545455
0 0.2728047740835465 0.035227272727272725 0.03410059676044331 0.06818181818181818
0 0.30434782608695654 0.01818181818181818 0.02557544757033248 0.03409090909090909
0 0.3273657289002558 0.008522727272727272 0.030690537084398978 0.014772727272727272
0 0.8648763853367434 0.014772727272727272 0.03154305200341006 0.02727272727272727
0 0.8418584825234442 0.014204545454545454 0.0247229326513214 0.026136363636363635
0 0.5822676896845694 0.00909090909090909 0.028985507246376812 0.015909090909090907
0 0.5345268542199488 0.4119318181818182 0.0443307757885763 0.1215909090909091
0 0.5302642796248934 0.5397727272727273 0.0392156862745098 0.11818181818181818
0 0.49957374254049447 0.522159090909091 0.0443307757885763 0.12386363636363637
0 0.37254901960784315 0.2857954545454545 0.0443307757885763 0.12386363636363637
