0 0.8456947996589941 0.2909090909090909 0.042625745950554135 0.10227272727272728
0 0.25021312872975277 0.03579545454545455 0.03324808184143223 0.06931818181818182
0 0.20673486786018755 0.033522727272727273 0.03154305200341006 0.06477272727272727
0 0.46888320545609546 0.02215909090909091 0.02557544757033248 0.042045454545454546
0 0.4075021312872975 0.05113636363636364 0.023870417732310314 0.08409090909090909
0 0.5042625745950554 0.05 0.03154305200341006 0.08409090909090909
0 0.36061381074168797 0.05113636363636364 0.028985507246376812 0.07954545454545454
0 0.30775788576300084 0.04147727272727273 0.028985507246376812 0.08068181818181819
0 0.4884910485933504 0.04715909090909091 0.03239556692242114 0.0875
0 0.38917306052855927 0.04090909090909091 0.03154305200341006 0.07954545454545454
0 0.9560954816709293 0.035227272727272725 0.03495311167945439 0.06818181818181818
0 0.8891730605285593 0.02727272727272727 0.030690537084398978 0.05227272727272727
0 0.8793691389599319 0.02727272727272727 0.029838022165387893 0.05227272727272727
0 0.6977834612105712 0.2772727272727273 0.03836317135549872 0.09772727272727273
0 0.42668371696504687 0.048295454545454544 0.03154305200341006 0.08068181818181819
0 0.10997442455242967 0.8198863636363637 0.04603580562659847 0.16477272727272727
0 0.04816709292412617 0.7829545454545455 0.045183290707587385 0.1590909090909091
0 0.7578857630008525 0.8880681818181818 0.06308610400682012 0.1534090909090909
0 0.289002557544757 0.4193181818181818 0.0392156862745098 0.12045454545454545
0 0.9198635976129582 0.6977272727272728 0.042625745950554135 0.1409090909090909
0 0.8184143222506394 0.7107954545454546 0.042625745950554135 0.14431818181818182
0 0.8158567774936062 0.7392045454545455 0.0443307757885763 0.13522727272727272
0 0.881074168797954 0.7136363636363636 0.041773231031543054 0.14545454545454545
0 0.9040920716112532 0.7255681818181818 0.04859335038363171 0.15795454545454546
0 0.8572037510656436 0.7602272727272728 0.041773231031543054 0.15454545454545454
0 0.783461210571185 0.9357954545454545 0.061381074168797956 0.12840909090909092
0 0.024296675191815855 0.2818181818181818 0.03836317135549872 0.11363636363636363
0 0.5140664961636828 0.26875 0.03580562659846547 0.10795454545454546
0 0.3917306052855925 0.2676136363636364 0.03665814151747655 0.09659090909090909
0 0.39258312020460356 0.2505681818181818 0.03324808184143223 0.11022727272727273
0 0.5119352088661552 0.23238636363636364 0.03495311167945439 0.09659090909090909
0 0.4279624893435635 0.27329545454545456 0.04603580562659847 0.10795454545454546
0 0.4492753623188406 0.2863636363636364 0.023870417732310314 0.06363636363636363
0 0.00937766410912191 0.18011363636363636 0.017050298380221655 0.09431818181818181
0 0.22506393861892582 0.2556818181818182 0.03751065643648764 0.10454545454545454
0 0.3090366581415175 0.2375 0.03154305200341006 0.10909090909090909
0 0.33972719522591643 0.2431818181818182 0.03324808184143223 0.10681818181818181
0 0.08098891730605286 0.14488636363636365 0.03410059676044331 0.10113636363636364
0 0.023017902813299233 0.06079545454545455 0.02557544757033248 0.08068181818181819
0 0.03665814151747655 0.06647727272727273 0.028985507246376812 0.08295454545454546
0 0.170076726342711 0.12272727272727273 0.028132992327365727 0.09772727272727273
0 0.4838022165387894 0.2255681818181818 0.03665814151747655 0.10568181818181818
0 0.4194373401534527 0.18181818181818182 0.03751065643648764 0.09772727272727273
0 0.47868712702472294 0.17727272727272728 0.03324808184143223 0.10681818181818181
0 0.16879795396419436 0.0846590909090909 0.03239556692242114 0.09204545454545454
0 0.22549019607843138 0.09431818181818181 0.03324808184143223 0.09772727272727273
0 0.20673486786018755 0.09261363636363637 0.028132992327365727 0.09431818181818181
0 0.26811594202898553 0.05227272727272727 0.03154305200341006 0.07727272727272727
0 0.5353793691389599 0.0659090909090909 0.03239556692242114 0.09772727272727273
0 0.293691389599318 0.0875 0.03665814151747655 0.09772727272727273
0 0.3576300085251492 0.08181818181818182 0.03154305200341006 0.08636363636363636
0 0.38277919863597615 0.07897727272727273 0.03239556692242114 0.09659090909090909
0 0.4381926683716965 0.08125 0.03239556692242114 0.0875
0 0.42028985507246375 0.11477272727272728 0.027280477408354646 0.07954545454545454
0 0.5072463768115942 0.1715909090909091 0.028985507246376812 0.10681818181818181
0 0.5596760443307758 0.06818181818181818 0.03324808184143223 0.09318181818181819
0 0.3307757885763001 0.03068181818181818 0.028985507246376812 0.05909090909090909
0 0.49872122762148335 0.0846590909090909 0.03239556692242114 0.0875
0 0.4948849104859335 0.49829545454545454 0.03665814151747655 0.12613636363636363
0 0.8060528559249787 0.9289772727272727 0.041773231031543054 0.11022727272727273
0 0.8473998294970162 0.9096590909090909 0.05456095481670929 0.13977272727272727
0 0.09121909633418585 0.0625 0.03239556692242114 0.08409090909090909
0 0.061381074168797956 0.10397727272727272 0.03410059676044331 0.09431818181818181
0 0.07672634271099744 0.11363636363636363 0.03239556692242114 0.09090909090909091
0 0.45907928388746805 0.05113636363636364 0.03495311167945439 0.08409090909090909
0 0.3473998294970162 0.036931818181818184 0.028132992327365727 0.0715909090909091
0 0.3192668371696505 0.0971590909090909 0.028132992327365727 0.08295454545454546
0 0.4497016197783461 0.11306818181818182 0.03324808184143223 0.10568181818181818
0 0.2932651321398124 0.04943181818181818 0.028985507246376812 0.07613636363636364
0 0.4616368286445013 0.4420454545454545 0.03665814151747655 0.125
0 0.32395566922421143 0.9431818181818182 0.05285592497868713 0.1159090909090909
0 0.7067348678601876 0.7676136363636363 0.04603580562659847 0.13977272727272727
0 0.11594202898550725 0.9636363636363636 0.042625745950554135 0.075
0 0.16027280477408354 0.9670454545454545 0.0443307757885763 0.06818181818181818
0 0.437766410912191 0.7494318181818181 0.03154305200341006 0.1215909090909091
0 0.7762148337595908 0.615909090909091 0.045183290707587385 0.13636363636363635
0 0.4053708439897698 0.7471590909090909 0.03836317135549872 0.12840909090909092
0 0.30051150895140666 0.6227272727272727 0.05200341005967604 0.1431818181818182
0 0.8329070758738278 0.8471590909090909 0.04774083546462063 0.12386363636363637
0 0.763000852514919 0.75 0.0443307757885763 0.14545454545454545
0 0.875532821824382 0.9619318181818182 0.04092071611253197 0.07613636363636364
0 0.31287297527706737 0.8022727272727272 0.0494458653026428 0.13863636363636364
0 0.3772378516624041 0.7318181818181818 0.041773231031543054 0.125
0 0.9215686274509803 0.9625 0.04603580562659847 0.07727272727272727
0 0.80306905370844 0.8642045454545455 0.0494458653026428 0.15113636363636362
0 0.6564364876385337 0.9011363636363636 0.056265984654731455 0.15681818181818183
0 0.6982097186700768 0.9085227272727273 0.0494458653026428 0.14204545454545456
0 0.19309462915601022 0.6090909090909091 0.05711849957374254 0.13636363636363635
0 0.43137254901960786 0.45340909090909093 0.03410059676044331 0.12045454545454545
0 0.16325660699062233 0.3795454545454545 0.0247229326513214 0.09318181818181819
0 0.005115089514066497 0.44829545454545455 0.008525149190110827 0.10568181818181818
0 0.4462915601023018 0.41647727272727275 0.03495311167945439 0.10795454545454546
0 0.49232736572890023 0.41875 0.03324808184143223 0.1125
0 0.4761295822676897 0.07840909090909091 0.03495311167945439 0.09090909090909091
0 0.12446717817561807 0.3528409090909091 0.03580562659846547 0.11022727272727273
0 0.14705882352941177 0.3704545454545455 0.023017902813299233 0.075
0 0.12361466325660699 0.7380681818181818 0.0392156862745098 0.10340909090909091
0 0.09974424552429667 0.7142045454545455 0.042625745950554135 0.13295454545454546
0 0.0392156862745098 0.6943181818181818 0.0494458653026428 0.15
0 0.8316283034953111 0.3181818181818182 0.03324808184143223 0.1
0 0.6747655583972719 0.7920454545454545 0.03154305200341006 0.10681818181818181
0 0.032821824381926684 0.3778409090909091 0.03665814151747655 0.11022727272727273
0 0.3631713554987212 0.9590909090909091 0.0494458653026428 0.08409090909090909
0 0.3640238704177323 0.7965909090909091 0.0494458653026428 0.1409090909090909
0 0.4752770673486786 0.8153409090909091 0.05541346973572037 0.14204545454545456
0 0.4774083546462063 0.9590909090909091 0.04603580562659847 0.08181818181818182
0 0.927536231884058 0.03636363636363636 0.03239556692242114 0.07045454545454545
0 0.5396419437340153 0.029545454545454545 0.030690537084398978 0.056818181818181816
