0 0.016626360338573155 0.2518518518518518 0.03204353083434099 0.12962962962962962
0 0.0402055622732769 0.25277777777777777 0.039298669891172915 0.14814814814814814
0 0.049576783555018135 0.21944444444444444 0.036275695284159616 0.13703703703703704
0 0.0903869407496977 0.20787037037037037 0.04171704957678356 0.13240740740740742
0 0.14026602176541716 0.19675925925925927 0.041112454655380895 0.14351851851851852
0 0.07859733978234583 0.05416666666666667 0.032648125755743655 0.10648148148148148
0 0.20012091898428053 0.13657407407407407 0.03506650544135429 0.1398148148148148
0 0.15719467956469166 0.05 0.037484885126964934 0.09814814814814815
0 0.19951632406287786 0.0625 0.03385731559854897 0.11944444444444445
0 0.22732769044740025 0.059722222222222225 0.037484885126964934 0.1175925925925926
0 0.14026602176541716 0.044444444444444446 0.037484885126964934 0.08703703703703704
0 0.18530834340991537 0.0375 0.03083434099153567 0.07314814814814814
0 0.5223700120918985 0.2962962962962963 0.032648125755743655 0.12037037037037036
0 0.3512696493349456 0.08888888888888889 0.032648125755743655 0.11851851851851852
0 0.3373639661426844 0.2851851851851852 0.037484885126964934 0.13518518518518519
0 0.4821644498186215 0.27037037037037037 0.0501813784764208 0.13518518518518519
0 0.48911729141475213 0.1648148148148148 0.032648125755743655 0.11666666666666667
0 0.4455864570737606 0.16435185185185186 0.03990326481257558 0.13240740740740742
0 0.5211608222490931 0.23703703703703705 0.032648125755743655 0.1259259259259259
0 0.5683192261185006 0.22916666666666666 0.03990326481257558 0.12129629629629629
0 0.5471584038694075 0.03888888888888889 0.032648125755743655 0.07592592592592592
0 0.5828295042321644 0.06620370370370371 0.030229746070133012 0.12685185185185185
0 0.6160822249093107 0.1412037037037037 0.02781136638452237 0.11574074074074074
0 0.5840386940749698 0.13518518518518519 0.03506650544135429 0.13148148148148148
0 0.5571342200725514 0.12916666666666668 0.03204353083434099 0.10462962962962963
0 0.558645707376058 0.04490740740740741 0.030229746070133012 0.08796296296296297
0 0.9537484885126964 0.21898148148148147 0.034461910519951636 0.12314814814814815
0 0.9691656590084643 0.21157407407407408 0.030229746070133012 0.12685185185185185
0 0.9782345828295043 0.12268518518518519 0.04232164449818621 0.13796296296296295
0 0.9347037484885127 0.19166666666666668 0.032648125755743655 0.11296296296296296
0 0.9449818621523579 0.09722222222222222 0.032648125755743655 0.1259259259259259
0 0.9087061668681983 0.1884259259259259 0.03506650544135429 0.13425925925925927
0 0.9195888754534461 0.10694444444444444 0.037484885126964934 0.13240740740740742
0 0.6892382103990327 0.25787037037037036 0.03506650544135429 0.12314814814814815
0 0.7149334945586457 0.28935185185185186 0.039298669891172915 0.1527777777777778
0 0.7385126964933495 0.2902777777777778 0.02962515114873035 0.12314814814814815
0 0.6073155985489722 0.0625 0.028415961305925032 0.10277777777777777
0 0.6227327690447401 0.08333333333333333 0.032648125755743655 0.12222222222222222
0 0.9334945586457074 0.06111111111111111 0.032648125755743655 0.11851851851851852
0 0.9044740024183797 0.17037037037037037 0.04232164449818621 0.14629629629629629
0 0.906590084643289 0.1388888888888889 0.03688029020556227 0.1259259259259259
0 0.8990326481257558 0.07222222222222222 0.037484885126964934 0.13518518518518519
0 0.8621523579201935 0.14166666666666666 0.03385731559854897 0.13518518518518519
0 0.6674727932285369 0.06666666666666667 0.036275695284159616 0.11481481481481481
0 0.8246674727932285 0.19074074074074074 0.03506650544135429 0.12962962962962962
0 0.8083434099153567 0.1912037037037037 0.032648125755743655 0.13425925925925927
0 0.7847642079806529 0.1814814814814815 0.032648125755743655 0.14074074074074075
0 0.6931680773881499 0.0587962962962963 0.02962515114873035 0.11574074074074074
0 0.7164449818621523 0.24675925925925926 0.037484885126964934 0.1361111111111111
0 0.6493349455864571 0.07314814814814814 0.032648125755743655 0.11851851851851852
0 0.9374244256348246 0.13425925925925927 0.03688029020556227 0.13518518518518519
0 0.9637243047158404 0.16111111111111112 0.036275695284159616 0.11851851851851852
0 0.9873035066505441 0.19675925925925927 0.02418379685610641 0.13425925925925927
0 0.6904474002418379 0.09490740740740741 0.037484885126964934 0.11018518518518519
0 0.8304111245465539 0.175 0.03204353083434099 0.11666666666666667
0 0.3935912938331318 0.2 0.03990326481257558 0.13703703703703704
0 0.43802902055622733 0.19398148148148148 0.03688029020556227 0.12314814814814815
0 0.5707376058041113 0.056018518518518516 0.02781136638452237 0.09351851851851851
0 0.6750302297460702 0.10138888888888889 0.024788391777509067 0.08796296296296297
0 0.6711003627569528 0.08981481481481482 0.026602176541717048 0.09074074074074075
0 0.3766626360338573 0.5787037037037037 0.036275695284159616 0.15185185185185185
0 0.06408706166868199 0.4888888888888889 0.037484885126964934 0.1425925925925926
0 0.06136638452237001 0.5254629629629629 0.04171704957678356 0.14166666666666666
0 0.03174123337363966 0.500462962962963 0.03688029020556227 0.15648148148148147
0 0.09522370012091898 0.4912037037037037 0.03688029020556227 0.14722222222222223
0 0.8358524788391778 0.3824074074074074 0.03688029020556227 0.13518518518518519
0 0.8422007255139057 0.36064814814814816 0.037484885126964934 0.12129629629629629
0 0.2599758162031439 0.6893518518518519 0.044740024183796856 0.16944444444444445
0 0.23972188633615477 0.6726851851851852 0.047762998790810154 0.1675925925925926
0 0.37122128174123337 0.6708333333333333 0.03385731559854897 0.14537037037037037
0 0.23155985489721886 0.600925925925926 0.03506650544135429 0.14814814814814814
0 0.23548972188633616 0.575462962962963 0.02962515114873035 0.1398148148148148
0 0.19165659008464328 0.5726851851851852 0.04232164449818621 0.13425925925925927
0 0.19800483675937122 0.5356481481481481 0.046553808948004836 0.15648148148148147
0 0.1523579201934704 0.5606481481481481 0.04353083434099154 0.14907407407407408
0 0.3733373639661427 0.24583333333333332 0.034461910519951636 0.12685185185185185
0 0.3948004836759371 0.2574074074074074 0.032648125755743655 0.12962962962962962
0 0.6055018137847642 0.48935185185185187 0.044135429262394194 0.13240740740740742
0 0.6535671100362757 0.5111111111111111 0.044740024183796856 0.14629629629629629
0 0.24486094316807738 0.3861111111111111 0.03990326481257558 0.1425925925925926
0 0.25211608222490933 0.4046296296296296 0.03385731559854897 0.14629629629629629
0 0.2708585247883918 0.9481481481481482 0.04232164449818621 0.10555555555555556
0 0.19165659008464328 0.5027777777777778 0.03990326481257558 0.13703703703703704
0 0.3092503022974607 0.7912037037037037 0.05259975816203144 0.16574074074074074
0 0.1185006045949214 0.5236111111111111 0.04232164449818621 0.15648148148148147
0 0.3382708585247884 0.4962962962962963 0.03688029020556227 0.14074074074074075
0 0.17321644498186214 0.649074074074074 0.04171704957678356 0.1537037037037037
0 0.5492744860943168 0.7222222222222222 0.03688029020556227 0.13518518518518519
0 0.35701330108827084 0.7194444444444444 0.04050785973397823 0.1574074074074074
0 0.3585247883917775 0.7546296296296297 0.03869407496977025 0.1685185185185185
0 0.5813180169286578 0.6277777777777778 0.047762998790810154 0.16111111111111112
0 0.6197097944377267 0.6587962962962963 0.044740024183796856 0.16203703703703703
0 0.6390568319226119 0.6421296296296296 0.02902055622732769 0.13425925925925927
0 0.42986698911729143 0.7578703703703704 0.0471584038694075 0.14907407407407408
0 0.6859129383313181 0.6921296296296297 0.051390568319226115 0.14907407407407408
0 0.3234582829504232 0.7111111111111111 0.041112454655380895 0.1574074074074074
0 0.4528415961305925 0.5560185185185185 0.03385731559854897 0.1361111111111111
0 0.44347037484885127 0.5157407407407407 0.044135429262394194 0.10740740740740741
0 0.507255139056832 0.6819444444444445 0.05078597339782346 0.15462962962962962
0 0.5858524788391778 0.7097222222222223 0.049576783555018135 0.1675925925925926
0 0.5441354292623942 0.7041666666666667 0.03506650544135429 0.14166666666666666
0 0.41233373639661425 0.03287037037037037 0.03143893591293833 0.06388888888888888
0 0.7705562273276905 0.8717592592592592 0.04897218863361548 0.16944444444444445
0 0.7977629987908101 0.8708333333333333 0.04171704957678356 0.1527777777777778
0 0.42563482466747277 0.6106481481481482 0.045949214026602174 0.14907407407407408
0 0.45616686819830715 0.5916666666666667 0.03688029020556227 0.1388888888888889
0 0.10852478839177751 0.8078703703703703 0.044135429262394194 0.16203703703703703
0 0.5525997581620314 0.774074074074074 0.044740024183796856 0.1685185185185185
0 0.5894800483675937 0.7726851851851851 0.0471584038694075 0.16574074074074074
0 0.06106408706166868 0.8046296296296296 0.04353083434099154 0.1537037037037037
0 0.012091898428053204 0.41435185185185186 0.022974607013301087 0.1287037037037037
0 0.042926239419588876 0.40879629629629627 0.04232164449818621 0.14351851851851852
0 0.9761185006045949 0.30694444444444446 0.03204353083434099 0.12685185185185185
0 0.9594921402660218 0.3453703703703704 0.03990326481257558 0.1425925925925926
0 0.9528415961305925 0.31157407407407406 0.03869407496977025 0.12314814814814815
0 0.6003627569528416 0.8222222222222222 0.04836759371221282 0.17407407407407408
0 0.5634824667472793 0.8175925925925925 0.03869407496977025 0.15925925925925927
0 0.2950423216444982 0.6162037037037037 0.05199516324062878 0.16574074074074074
0 0.2932285368802902 0.6620370370370371 0.036275695284159616 0.16111111111111112
0 0.3343409915356711 0.38796296296296295 0.037484885126964934 0.12962962962962962
0 0.31892382103990324 0.4337962962962963 0.042926239419588876 0.1527777777777778
0 0.344316807738815 0.4222222222222222 0.039298669891172915 0.13518518518518519
0 0.3010882708585248 0.4 0.032648125755743655 0.1425925925925926
0 0.8821039903264812 0.3277777777777778 0.037484885126964934 0.13148148148148148
0 0.9117291414752116 0.3282407407407407 0.03990326481257558 0.14907407407407408
0 0.14812575574365175 0.9032407407407408 0.04353083434099154 0.1675925925925926
0 0.1154776299879081 0.8870370370370371 0.04836759371221282 0.18703703703703703
0 0.45646916565900847 0.4685185185185185 0.04836759371221282 0.14814814814814814
0 0.42140266021765416 0.4722222222222222 0.03990326481257558 0.14629629629629629
0 0.936819830713422 0.9120370370370371 0.044135429262394194 0.17407407407407408
0 0.9068923821039904 0.9347222222222222 0.05199516324062878 0.13240740740740742
0 0.9607013301088271 0.8273148148148148 0.05562273276904474 0.18055555555555555
0 0.5840386940749698 0.8921296296296296 0.060459492140266025 0.18055555555555555
0 0.5483675937122128 0.41805555555555557 0.03990326481257558 0.14537037037037037
0 0.12454655380894801 0.6949074074074074 0.0471584038694075 0.1675925925925926
0 0.932285368802902 0.6796296296296296 0.045949214026602174 0.17407407407407408
0 0.9721886336154776 0.6773148148148148 0.04353083434099154 0.1712962962962963
0 0.16384522370012092 0.2833333333333333 0.03385731559854897 0.12037037037037036
0 0.1375453446191052 0.27175925925925926 0.035671100362756954 0.1398148148148148
0 0.07799274486094317 0.24537037037037038 0.037484885126964934 0.14074074074074075
0 0.6475211608222491 0.4597222222222222 0.0471584038694075 0.14351851851851852
0 0.5411124546553809 0.8898148148148148 0.041112454655380895 0.12962962962962962
0 0.7294437726723095 0.837037037037037 0.04171704957678356 0.1425925925925926
0 0.6974002418379686 0.8300925925925926 0.051390568319226115 0.17314814814814813
0 0.0973397823458283 0.27175925925925926 0.03385731559854897 0.13240740740740742
0 0.7149334945586457 0.7606481481481482 0.042926239419588876 0.16018518518518518
0 0.7506045949214026 0.7513888888888889 0.044135429262394194 0.1675925925925926
0 0.0843409915356711 0.7291666666666666 0.04897218863361548 0.14907407407407408
0 0.10882708585247884 0.7449074074074075 0.04353083434099154 0.16574074074074074
0 0.04322853688029021 0.7486111111111111 0.04171704957678356 0.15648148148148147
0 0.6275695284159613 0.8532407407407407 0.03143893591293833 0.13240740740740742
0 0.6753325272067715 0.45740740740740743 0.037484885126964934 0.1425925925925926
0 0.8029020556227328 0.8203703703703704 0.05078597339782346 0.18518518518518517
0 0.8739419588875453 0.7712962962962963 0.046553808948004836 0.18518518518518517
0 0.8198307134220073 0.7898148148148149 0.044740024183796856 0.1685185185185185
0 0.8494558645707376 0.7837962962962963 0.03990326481257558 0.18055555555555555
0 0.8875453446191052 0.7185185185185186 0.03990326481257558 0.17407407407407408
0 0.9105199516324063 0.2671296296296296 0.02781136638452237 0.13240740740740742
0 0.8657799274486094 0.21342592592592594 0.03385731559854897 0.12314814814814815
0 0.8591293833131801 0.4222222222222222 0.044740024183796856 0.1425925925925926
0 0.7037484885126964 0.48333333333333334 0.03990326481257558 0.14814814814814814
0 0.7342805320435308 0.46111111111111114 0.044135429262394194 0.14814814814814814
0 0.43833131801692865 0.3314814814814815 0.03143893591293833 0.14074074074074075
0 0.7385126964933495 0.3990740740740741 0.03688029020556227 0.1537037037037037
0 0.6336154776299879 0.2708333333333333 0.037484885126964934 0.1361111111111111
0 0.596130592503023 0.2569444444444444 0.049576783555018135 0.14351851851851852
0 0.18349455864570738 0.37407407407407406 0.046553808948004836 0.13148148148148148
0 0.1735187424425635 0.412962962962963 0.04232164449818621 0.14629629629629629
0 0.0063482466747279325 0.44907407407407407 0.011487303506650543 0.1537037037037037
0 0.07859733978234583 0.337037037037037 0.03869407496977025 0.14074074074074075
0 0.018742442563482467 0.5560185185185185 0.036275695284159616 0.16574074074074074
0 0.08071342200725513 0.31203703703703706 0.03688029020556227 0.14074074074074075
0 0.039298669891172915 0.30694444444444446 0.03990326481257558 0.14351851851851852
0 0.8095525997581621 0.4064814814814815 0.036275695284159616 0.14074074074074075
0 0.9292623941958887 0.42824074074074076 0.03385731559854897 0.11574074074074074
0 0.9576783555018138 0.4212962962962963 0.036275695284159616 0.14074074074074075
0 0.8848246674727932 0.3787037037037037 0.03688029020556227 0.14074074074074075
0 0.7581620314389359 0.17731481481481481 0.032648125755743655 0.1287037037037037
0 0.941354292623942 0.38287037037037036 0.037484885126964934 0.15092592592592594
0 0.09915356711003627 0.3662037037037037 0.03506650544135429 0.13240740740740742
0 0.14268440145102781 0.35138888888888886 0.03506650544135429 0.1398148148148148
0 0.12303506650544135 0.33611111111111114 0.03204353083434099 0.14074074074074075
0 0.9244256348246674 0.26064814814814813 0.03506650544135429 0.1287037037037037
0 0.11487303506650544 0.39490740740740743 0.03385731559854897 0.12129629629629629
0 0.3567110036275695 0.26435185185185184 0.03990326481257558 0.13796296296296295
0 0.9044740024183797 0.3648148148148148 0.03506650544135429 0.13518518518518519
0 0.9353083434099153 0.287962962962963 0.03869407496977025 0.12407407407407407
0 0.9730955259975816 0.39814814814814814 0.034461910519951636 0.1259259259259259
0 0.8914752116082225 0.4078703703703704 0.046553808948004836 0.13796296296296295
0 0.658403869407497 0.837037037037037 0.04353083434099154 0.16296296296296298
0 0.09613059250302297 0.9407407407407408 0.05441354292623942 0.11666666666666667
0 0.37061668681983073 0.975462962962963 0.037484885126964934 0.05092592592592592
0 0.9818621523579202 0.4393518518518518 0.03506650544135429 0.14907407407407408
0 0.7146311970979444 0.41805555555555557 0.03506650544135429 0.14351851851851852
0 0.06348246674727932 0.9717592592592592 0.03506650544135429 0.058333333333333334
0 0.012091898428053204 0.8898148148148148 0.022974607013301087 0.18333333333333332
0 0.05471584038694075 0.8513888888888889 0.05985489721886336 0.1787037037037037
0 0.0973397823458283 0.8412037037037037 0.04353083434099154 0.16018518518518518
