0 0.8052083333333333 0.875462962962963 0.06354166666666666 0.25092592592592594
0 0.20677083333333332 0.4847222222222222 0.040625 0.1361111111111111
0 0.29453125 0.8291666666666667 0.0703125 0.30277777777777776
0 0.23046875 0.8662037037037037 0.09114583333333333 0.2675925925925926
0 0.15104166666666666 0.8324074074074074 0.07395833333333333 0.3148148148148148
0 0.26536458333333335 0.5550925925925926 0.06510416666666667 0.2212962962962963
0 0.38567708333333334 0.5694444444444444 0.03802083333333333 0.18518518518518517
0 0.34869791666666666 0.55 0.050520833333333334 0.21851851851851853
0 0.3059895833333333 0.5356481481481481 0.044270833333333336 0.2101851851851852
0 0.59140625 0.5328703703703703 0.0484375 0.19537037037037036
0 0.5455729166666666 0.5347222222222222 0.044270833333333336 0.20462962962962963
0 0.646875 0.475 0.04895833333333333 0.18333333333333332
0 0.38359375 0.45740740740740743 0.0328125 0.17592592592592593
0 0.346875 0.44675925925925924 0.040625 0.1787037037037037
0 0.5674479166666667 0.4583333333333333 0.03802083333333333 0.17962962962962964
0 0.528125 0.46064814814814814 0.041666666666666664 0.18981481481481483
0 0.2796875 0.44814814814814813 0.03125 0.13703703703703704
0 0.26145833333333335 0.5199074074074074 0.04375 0.21388888888888888
0 0.45598958333333334 0.4425925925925926 0.0359375 0.1685185185185185
0 0.40520833333333334 0.41944444444444445 0.034375 0.1925925925925926
0 0.42161458333333335 0.4412037037037037 0.0390625 0.1675925925925926
0 0.38619791666666664 0.3055555555555556 0.030729166666666665 0.14074074074074075
0 0.36015625 0.31666666666666665 0.0328125 0.13148148148148148
0 0.7864583333333334 0.36157407407407405 0.030208333333333334 0.17314814814814813
0 0.4635416666666667 0.4101851851851852 0.036458333333333336 0.17777777777777778
0 0.49765625 0.41574074074074074 0.033854166666666664 0.17777777777777778
0 0.5033854166666667 0.4412037037037037 0.033854166666666664 0.15462962962962962
0 0.3328125 0.42962962962962964 0.036458333333333336 0.16296296296296298
0 0.2989583333333333 0.39166666666666666 0.03854166666666667 0.14814814814814814
0 0.45026041666666666 0.3648148148148148 0.027604166666666666 0.13518518518518519
0 0.48880208333333336 0.36064814814814816 0.03177083333333333 0.14351851851851852
0 0.334375 0.3699074074074074 0.03229166666666667 0.15092592592592594
0 0.47994791666666664 0.33287037037037037 0.0296875 0.12314814814814815
0 0.55546875 0.42916666666666664 0.0359375 0.1712962962962963
0 0.5111979166666667 0.3333333333333333 0.03177083333333333 0.12222222222222222
0 0.38776041666666666 0.325 0.03177083333333333 0.14629629629629629
0 0.43020833333333336 0.32592592592592595 0.030208333333333334 0.13703703703703704
0 0.44921875 0.2708333333333333 0.025520833333333333 0.12129629629629629
0 0.45260416666666664 0.3087962962962963 0.030208333333333334 0.13240740740740742
0 0.33828125 0.33055555555555555 0.025520833333333333 0.11851851851851852
0 0.39348958333333334 0.2833333333333333 0.025520833333333333 0.12037037037037036
0 0.09010416666666667 0.5532407407407407 0.040625 0.1935185185185185
0 0.45234375 0.2865740740740741 0.0296875 0.12685185185185185
0 0.13411458333333334 0.5041666666666667 0.04114583333333333 0.19537037037037036
0 0.47161458333333334 0.28888888888888886 0.028645833333333332 0.12962962962962962
0 0.021354166666666667 0.8606481481481482 0.041666666666666664 0.28055555555555556
0 0.34140625 0.4824074074074074 0.03802083333333333 0.1925925925925926
0 0.36223958333333334 0.49953703703703706 0.0390625 0.19166666666666668
0 0.5721354166666667 0.2916666666666667 0.03177083333333333 0.12962962962962962
0 0.4869791666666667 0.28379629629629627 0.030208333333333334 0.13796296296296295
0 0.6080729166666666 0.3611111111111111 0.03177083333333333 0.13518518518518519
0 0.4140625 0.31805555555555554 0.027083333333333334 0.12129629629629629
0 0.7700520833333333 0.3824074074074074 0.027604166666666666 0.1685185185185185
0 0.5466145833333333 0.2851851851851852 0.0296875 0.11296296296296296
