0 0.07786458333333333 0.9453703703703704 0.08489583333333334 0.10925925925925926
0 0.8083333333333333 0.8527777777777777 0.06770833333333333 0.29259259259259257
0 0.8786458333333333 0.7583333333333333 0.059375 0.29259259259259257
0 0.21875 0.5796296296296296 0.05416666666666667 0.20925925925925926
0 0.13776041666666666 0.6189814814814815 0.05260416666666667 0.17314814814814813
0 0.16041666666666668 0.5537037037037037 0.058333333333333334 0.23148148148148148
0 0.2671875 0.5467592592592593 0.0375 0.18981481481481483
0 0.3450520833333333 0.6157407407407407 0.04635416666666667 0.23333333333333334
0 0.38567708333333334 0.5638888888888889 0.0609375 0.21296296296296297
0 0.3125 0.5425925925925926 0.04791666666666667 0.22037037037037038
0 0.28802083333333334 0.43148148148148147 0.04375 0.17592592592592593
0 0.54140625 0.4648148148148148 0.050520833333333334 0.17592592592592593
0 0.3966145833333333 0.43425925925925923 0.03177083333333333 0.14629629629629629
0 0.3651041666666667 0.412962962962963 0.042708333333333334 0.17407407407407408
0 0.32369791666666664 0.40370370370370373 0.0421875 0.1574074074074074
0 0.48671875 0.4046296296296296 0.03802083333333333 0.16296296296296298
0 0.45026041666666666 0.3990740740740741 0.033854166666666664 0.16296296296296298
0 0.5182291666666666 0.3712962962962963 0.03854166666666667 0.15185185185185185
0 0.4200520833333333 0.39166666666666666 0.033854166666666664 0.15925925925925927
0 0.40677083333333336 0.37083333333333335 0.03333333333333333 0.1398148148148148
0 0.49166666666666664 0.3648148148148148 0.03125 0.13703703703703704
0 0.4786458333333333 0.33240740740740743 0.03125 0.1425925925925926
0 0.37265625 0.3680555555555556 0.04010416666666667 0.15462962962962962
0 0.43776041666666665 0.3680555555555556 0.033854166666666664 0.15462962962962962
0 0.43828125 0.29814814814814816 0.0296875 0.12407407407407407
0 0.41015625 0.325 0.03177083333333333 0.12407407407407407
0 0.40182291666666664 0.30833333333333335 0.024479166666666666 0.10740740740740741
0 0.3625 0.32731481481481484 0.036458333333333336 0.13796296296296295
0 0.49322916666666666 0.16111111111111112 0.020833333333333332 0.09259259259259259
0 0.78515625 0.3638888888888889 0.03177083333333333 0.17407407407407408
0 0.4432291666666667 0.3236111111111111 0.03125 0.14537037037037037
0 0.5434895833333333 0.39675925925925926 0.028645833333333332 0.17685185185185184
0 0.49661458333333336 0.34444444444444444 0.025520833333333333 0.12407407407407407
0 0.4234375 0.3365740740740741 0.030208333333333334 0.12685185185185185
0 0.35859375 0.3685185185185185 0.0359375 0.15925925925925927
0 0.4515625 0.28888888888888886 0.028125 0.13148148148148148
0 0.4869791666666667 0.2796296296296296 0.028125 0.12777777777777777
0 0.5239583333333333 0.42453703703703705 0.03854166666666667 0.16574074074074074
0 0.3966145833333333 0.25555555555555554 0.0234375 0.11296296296296296
0 0.5169270833333334 0.4060185185185185 0.0328125 0.1712962962962963
0 0.40651041666666665 0.2564814814814815 0.025520833333333333 0.10740740740740741
0 0.3528645833333333 0.2601851851851852 0.03177083333333333 0.12407407407407407
0 0.09427083333333333 0.5472222222222223 0.036458333333333336 0.19814814814814816
0 0.6013020833333333 0.5175925925925926 0.05260416666666667 0.2074074074074074
0 0.6309895833333333 0.5291666666666667 0.059895833333333336 0.20277777777777778
0 0.4557291666666667 0.24259259259259258 0.023958333333333335 0.11851851851851852
0 0.6088541666666667 0.35462962962962963 0.03125 0.13518518518518519
0 0.7690104166666667 0.37962962962962965 0.0359375 0.1685185185185185
0 0.43645833333333334 0.24722222222222223 0.025 0.10740740740740741
