0 0.07496977025392987 0.9638888888888889 0.06408706166868199 0.07222222222222222
0 0.40084643288996374 0.9287037037037037 0.04353083434099154 0.13148148148148148
0 0.4217049576783555 0.8972222222222223 0.05380894800483676 0.16296296296296298
0 0.19437726723095525 0.874537037037037 0.051390568319226115 0.1675925925925926
0 0.2158403869407497 0.8314814814814815 0.0471584038694075 0.16296296296296298
0 0.14721886336154777 0.8472222222222222 0.051390568319226115 0.15
0 0.4410519951632406 0.6884259259259259 0.034461910519951636 0.14351851851851852
0 0.08948004836759371 0.513425925925926 0.04353083434099154 0.15462962962962962
0 0.28143893591293834 0.28888888888888886 0.034461910519951636 0.1259259259259259
0 0.02962515114873035 0.22777777777777777 0.04232164449818621 0.14074074074074075
0 0.016928657799274487 0.30092592592592593 0.032648125755743655 0.13518518518518519
0 0.012091898428053204 0.2175925925925926 0.022974607013301087 0.12962962962962962
0 0.011487303506650543 0.1162037037037037 0.02176541717049577 0.12129629629629629
0 0.04836759371221282 0.12638888888888888 0.03506650544135429 0.1398148148148148
0 0.02418379685610641 0.08333333333333333 0.03143893591293833 0.12407407407407407
0 0.19407496977025393 0.07777777777777778 0.030229746070133012 0.12407407407407407
0 0.1405683192261185 0.12083333333333333 0.034461910519951636 0.13240740740740742
0 0.18742442563482467 0.13842592592592592 0.037484885126964934 0.13240740740740742
0 0.19226118500604594 0.17453703703703705 0.037484885126964934 0.1398148148148148
0 0.2699516324062878 0.1763888888888889 0.034461910519951636 0.15092592592592594
0 0.187726723095526 0.3699074074074074 0.03688029020556227 0.14537037037037037
0 0.154776299879081 0.37083333333333335 0.044740024183796856 0.13240740740740742
0 0.39600967351874244 0.08425925925925926 0.030229746070133012 0.13703703703703704
0 0.3264812575574365 0.20416666666666666 0.03385731559854897 0.1287037037037037
0 0.3282950423216445 0.23287037037037037 0.041112454655380895 0.1361111111111111
0 0.39510278113663844 0.19907407407407407 0.03688029020556227 0.14074074074074075
0 0.37031438935912936 0.18472222222222223 0.04050785973397823 0.12685185185185185
0 0.4531438935912938 0.08148148148148149 0.039298669891172915 0.14074074074074075
0 0.48035066505441354 0.08009259259259259 0.03325272067714631 0.12685185185185185
0 0.5834340991535671 0.32314814814814813 0.041112454655380895 0.1425925925925926
0 0.6257557436517533 0.3111111111111111 0.044740024183796856 0.13518518518518519
0 0.5163240628778718 0.1787037037037037 0.032648125755743655 0.1388888888888889
0 0.555925030229746 0.2037037037037037 0.03204353083434099 0.12962962962962962
0 0.5429262394195888 0.17453703703703705 0.036275695284159616 0.125
0 0.5350665054413543 0.13425925925925927 0.032648125755743655 0.12962962962962962
0 0.6463119709794438 0.08564814814814815 0.037484885126964934 0.13240740740740742
0 0.6674727932285369 0.09212962962962963 0.02902055622732769 0.12685185185185185
0 0.685006045949214 0.08703703703703704 0.03506650544135429 0.12407407407407407
0 0.7103990326481258 0.1037037037037037 0.036275695284159616 0.14074074074074075
0 0.5846432889963724 0.1962962962962963 0.03869407496977025 0.13148148148148148
0 0.7974607013301088 0.6884259259259259 0.045949214026602174 0.1638888888888889
0 0.6964933494558646 0.462037037037037 0.03869407496977025 0.16111111111111112
0 0.7648125755743652 0.4305555555555556 0.03506650544135429 0.13518518518518519
0 0.718863361547763 0.39444444444444443 0.037484885126964934 0.12962962962962962
0 0.8373639661426844 0.3449074074074074 0.032648125755743655 0.13240740740740742
0 0.8044135429262395 0.3365740740740741 0.0380894800483676 0.14166666666666666
0 0.6898428053204353 0.36157407407407405 0.04232164449818621 0.13796296296296295
0 0.7986698911729141 0.28379629629629627 0.03869407496977025 0.14351851851851852
0 0.7696493349455864 0.25601851851851853 0.041112454655380895 0.12685185185185185
0 0.8110640870616687 0.24722222222222223 0.039298669891172915 0.1425925925925926
0 0.713422007255139 0.24166666666666667 0.037484885126964934 0.13148148148148148
0 0.6819830713422007 0.24722222222222223 0.03990326481257558 0.14074074074074075
0 0.8712212817412334 0.1787037037037037 0.03990326481257558 0.13518518518518519
0 0.7484885126964933 0.2199074074074074 0.032648125755743655 0.1287037037037037
0 0.7835550181378477 0.19814814814814816 0.03385731559854897 0.12962962962962962
0 0.9262394195888755 0.12407407407407407 0.032648125755743655 0.11666666666666667
0 0.9703748488512697 0.1486111111111111 0.03990326481257558 0.13240740740740742
0 0.9637243047158404 0.1175925925925926 0.030229746070133012 0.10740740740740741
0 0.9359129383313181 0.29768518518518516 0.03869407496977025 0.1398148148148148
0 0.9005441354292624 0.39351851851851855 0.044135429262394194 0.1574074074074074
0 0.9504232164449818 0.27037037037037037 0.03990326481257558 0.13518518518518519
0 0.9836759371221282 0.3537037037037037 0.03143893591293833 0.1537037037037037
0 0.9041717049576784 0.4486111111111111 0.05259975816203144 0.14351851851851852
0 0.9461910519951633 0.4675925925925926 0.037484885126964934 0.1425925925925926
0 0.9957678355501813 0.09351851851851851 0.007255139056831923 0.09259259259259259
0 0.6744256348246674 0.030555555555555555 0.03688029020556227 0.05925925925925926
0 0.6151753325272068 0.05185185185185185 0.034461910519951636 0.10185185185185185
0 0.6372430471584039 0.052314814814814814 0.030229746070133012 0.10277777777777777
0 0.9347037484885127 0.06018518518518518 0.036275695284159616 0.11481481481481481
0 0.555925030229746 0.024537037037037038 0.028415961305925032 0.04722222222222222
0 0.5764812575574365 0.03518518518518519 0.02720677146311971 0.06851851851851852
0 0.5946191051995163 0.04027777777777778 0.022370012091898428 0.07685185185185185
0 0.13482466747279323 0.07685185185185185 0.030229746070133012 0.10925925925925926
0 0.15568319226118502 0.06481481481481481 0.03204353083434099 0.11296296296296296
0 0.3089480048367594 0.02962962962962963 0.03143893591293833 0.05740740740740741
0 0.34280532043530837 0.026851851851851852 0.030229746070133012 0.05185185185185185
0 0.17412333736396615 0.056018518518518516 0.032648125755743655 0.11018518518518519
0 0.11819830713422007 0.02638888888888889 0.022370012091898428 0.05092592592592592
0 0.2330713422007255 0.01990740740740741 0.01995163240628779 0.03796296296296296
0 0.20737605804111245 0.03194444444444444 0.03506650544135429 0.062037037037037036
0 0.17472793228536881 0.15462962962962962 0.02418379685610641 0.08148148148148149
0 0.17896009673518742 0.6277777777777778 0.032648125755743655 0.15185185185185185
0 0.2279322853688029 0.6050925925925926 0.03506650544135429 0.14907407407407408
0 0.16505441354292624 0.5879629629629629 0.04232164449818621 0.14074074074074075
0 0.20495767835550183 0.5912037037037037 0.03990326481257558 0.15462962962962962
0 0.19407496977025393 0.5337962962962963 0.041112454655380895 0.15092592592592594
0 0.1587061668681983 0.525 0.03688029020556227 0.12962962962962962
0 0.6807738814993954 0.9467592592592593 0.04836759371221282 0.10833333333333334
0 0.5976420798065296 0.38564814814814813 0.034461910519951636 0.14166666666666666
0 0.402962515114873 0.23055555555555557 0.03204353083434099 0.1259259259259259
0 0.42714631197097946 0.23564814814814813 0.02720677146311971 0.12685185185185185
0 0.5689238210399032 0.4023148148148148 0.032648125755743655 0.15092592592592594
0 0.05804111245465538 0.6046296296296296 0.049576783555018135 0.14074074074074075
0 0.25151148730350664 0.7759259259259259 0.03990326481257558 0.12407407407407407
0 0.282950423216445 0.7064814814814815 0.04353083434099154 0.16296296296296298
0 0.27781136638452236 0.7777777777777778 0.034461910519951636 0.16111111111111112
0 0.22067714631197097 0.7657407407407407 0.03869407496977025 0.1648148148148148
0 0.10247883917775091 0.6018518518518519 0.044135429262394194 0.14814814814814814
0 0.2880894800483676 0.6532407407407408 0.046553808948004836 0.1675925925925926
0 0.5713422007255139 0.9777777777777777 0.03869407496977025 0.046296296296296294
0 0.8594316807738815 0.9587962962962963 0.04171704957678356 0.08425925925925926
0 0.9528415961305925 0.9541666666666667 0.04836759371221282 0.09351851851851851
0 0.9032648125755743 0.9606481481481481 0.053204353083434096 0.08055555555555556
0 0.11970979443772672 0.5166666666666667 0.04232164449818621 0.13148148148148148
0 0.752720677146312 0.48148148148148145 0.032648125755743655 0.12777777777777777
0 0.6765417170495768 0.875 0.04836759371221282 0.16666666666666666
0 0.9425634824667473 0.8175925925925925 0.06650544135429262 0.14814814814814814
0 0.973397823458283 0.7324074074074074 0.05199516324062878 0.15925925925925927
0 0.9014510278113664 0.799537037037037 0.05804111245465538 0.16574074074074074
0 0.8748488512696493 0.6393518518518518 0.032648125755743655 0.10462962962962963
0 0.8473397823458283 0.5967592592592592 0.046553808948004836 0.1527777777777778
0 0.9767230955259976 0.8023148148148148 0.03688029020556227 0.16944444444444445
0 0.15507859733978235 0.23981481481481481 0.034461910519951636 0.1388888888888889
0 0.09613059250302297 0.7712962962962963 0.0592503022974607 0.17222222222222222
0 0.781136638452237 0.30648148148148147 0.03990326481257558 0.12407407407407407
0 0.9703748488512697 0.4740740740740741 0.02781136638452237 0.12037037037037036
0 0.7291414752116082 0.44722222222222224 0.03506650544135429 0.1259259259259259
0 0.9773276904474002 0.6703703703703704 0.044135429262394194 0.16111111111111112
0 0.9894195888754534 0.586574074074074 0.021160822249093107 0.15462962962962962
0 0.7149334945586457 0.9726851851851852 0.04897218863361548 0.05648148148148148
0 0.7439540507859734 0.9722222222222222 0.04171704957678356 0.05740740740740741
0 0.8418984280532044 0.8800925925925925 0.044135429262394194 0.17314814814814813
0 0.7382103990326482 0.3699074074074074 0.041112454655380895 0.12685185185185185
0 0.7756952841596131 0.3726851851851852 0.03990326481257558 0.13796296296296295
0 0.9806529625151149 0.9384259259259259 0.037484885126964934 0.125
0 0.592503022974607 0.7240740740740741 0.03385731559854897 0.14814814814814814
0 0.2962515114873035 0.3680555555555556 0.044740024183796856 0.13796296296296295
0 0.27055622732769047 0.37083333333333335 0.034461910519951636 0.13055555555555556
0 0.563180169286578 0.4935185185185185 0.03204353083434099 0.12407407407407407
0 0.8095525997581621 0.8773148148148148 0.044740024183796856 0.16574074074074074
0 0.436819830713422 0.95 0.05259975816203144 0.09814814814814815
0 0.5093712212817413 0.8055555555555556 0.04897218863361548 0.17962962962962964
0 0.45435308343409914 0.8611111111111112 0.046553808948004836 0.16296296296296298
0 0.5788996372430472 0.6129629629629629 0.04171704957678356 0.1537037037037037
0 0.6039903264812576 0.6296296296296297 0.045949214026602174 0.15185185185185185
0 0.3503627569528416 0.7842592592592592 0.0562273276904474 0.15925925925925927
0 0.5680169286577993 0.5212962962962963 0.03688029020556227 0.13703703703703704
0 0.5447400241837969 0.5212962962962963 0.02902055622732769 0.10740740740740741
0 0.5958282950423216 0.5856481481481481 0.04171704957678356 0.14722222222222223
0 0.5136033857315598 0.8541666666666666 0.04897218863361548 0.18796296296296297
0 0.3645707376058041 0.4615740740740741 0.037484885126964934 0.1287037037037037
0 0.32285368802902054 0.6050925925925926 0.04353083434099154 0.15462962962962962
0 0.3851269649334946 0.3768518518518518 0.03990326481257558 0.15185185185185185
0 0.5030229746070133 0.4263888888888889 0.03143893591293833 0.14351851851851852
0 0.3981257557436518 0.7175925925925926 0.03204353083434099 0.14444444444444443
0 0.40447400241837966 0.7620370370370371 0.049576783555018135 0.1574074074074074
0 0.435912938331318 0.7351851851851852 0.03869407496977025 0.1574074074074074
0 0.3766626360338573 0.725925925925926 0.04232164449818621 0.17037037037037037
0 0.33192261185006044 0.14629629629629629 0.03990326481257558 0.13518518518518519
0 0.26934703748488514 0.03287037037037037 0.034461910519951636 0.06388888888888888
0 0.2587666263603386 0.04861111111111111 0.02781136638452237 0.09537037037037037
0 0.009975816203143894 0.8912037037037037 0.018742442563482467 0.2101851851851852
0 0.28053204353083433 0.14537037037037037 0.037484885126964934 0.12962962962962962
0 0.5668077388149939 0.674074074074074 0.044135429262394194 0.1537037037037037
0 0.39117291414752114 0.6162037037037037 0.036275695284159616 0.16018518518518518
0 0.5486698911729141 0.6421296296296296 0.04171704957678356 0.15462962962962962
0 0.6831922611850061 0.6898148148148148 0.04353083434099154 0.15185185185185185
0 0.25634824667472794 0.44907407407407407 0.04232164449818621 0.14074074074074075
0 0.5024183796856106 0.525 0.03506650544135429 0.13703703703703704
0 0.4782345828295042 0.5055555555555555 0.0471584038694075 0.13518518518518519
0 0.39721886336154777 0.3597222222222222 0.03990326481257558 0.14166666666666666
0 0.32285368802902054 0.5259259259259259 0.04353083434099154 0.1425925925925926
0 0.4788391777509069 0.39490740740740743 0.032648125755743655 0.1398148148148148
0 0.5126964933494559 0.3939814814814815 0.037484885126964934 0.1361111111111111
0 0.4492140266021765 0.5398148148148149 0.03990326481257558 0.14629629629629629
0 0.28869407496977023 0.1685185185185185 0.02720677146311971 0.11851851851851852
0 0.5417170495767836 0.7013888888888888 0.0471584038694075 0.14907407407407408
0 0.45556227327690446 0.42962962962962964 0.02962515114873035 0.09814814814814815
0 0.4788391777509069 0.44166666666666665 0.030229746070133012 0.11851851851851852
0 0.6345223700120919 0.21157407407407408 0.04897218863361548 0.14907407407407408
