0 0.14114583333333333 0.9314814814814815 0.07395833333333333 0.13518518518518519
0 0.047135416666666666 0.9546296296296296 0.0765625 0.09259259259259259
0 0.8109375 0.8439814814814814 0.065625 0.3138888888888889
0 0.8578125 0.7138888888888889 0.059375 0.2833333333333333
0 0.2015625 0.6101851851851852 0.057291666666666664 0.20925925925925926
0 0.11015625 0.6439814814814815 0.0515625 0.17685185185185184
0 0.146875 0.5842592592592593 0.058333333333333334 0.24444444444444444
0 0.8994791666666667 0.5527777777777778 0.04583333333333333 0.20555555555555555
0 0.26640625 0.5671296296296297 0.04114583333333333 0.19722222222222222
0 0.228125 0.5615740740740741 0.04375 0.20092592592592592
0 0.33359375 0.5986111111111111 0.04739583333333333 0.22685185185185186
0 0.3963541666666667 0.5444444444444444 0.059375 0.20185185185185187
0 0.32447916666666665 0.5138888888888888 0.046875 0.20185185185185187
0 0.2908854166666667 0.42314814814814816 0.0390625 0.17592592592592593
0 0.49192708333333335 0.462037037037037 0.043229166666666666 0.17777777777777778
0 0.39479166666666665 0.42314814814814816 0.030208333333333334 0.14629629629629629
0 0.36302083333333335 0.4078703703703704 0.04479166666666667 0.17314814814814813
0 0.32578125 0.39490740740740743 0.04010416666666667 0.15092592592592594
0 0.49296875 0.3962962962962963 0.03802083333333333 0.16296296296296298
0 0.45755208333333336 0.38842592592592595 0.033854166666666664 0.15833333333333333
0 0.5229166666666667 0.362962962962963 0.03854166666666667 0.15185185185185185
0 0.43046875 0.3800925925925926 0.0296875 0.15092592592592594
0 0.49453125 0.35648148148148145 0.03177083333333333 0.13333333333333333
0 0.475 0.32037037037037036 0.03125 0.13333333333333333
0 0.3809895833333333 0.3625 0.04010416666666667 0.15462962962962962
0 0.42473958333333334 0.3592592592592593 0.03177083333333333 0.14814814814814814
0 0.43828125 0.2935185185185185 0.0296875 0.12407407407407407
0 0.40286458333333336 0.2962962962962963 0.0234375 0.09814814814814815
0 0.35859375 0.31851851851851853 0.034895833333333334 0.13703703703703704
0 0.5018229166666667 0.16620370370370371 0.021354166666666667 0.09351851851851851
0 0.7869791666666667 0.36574074074074076 0.03229166666666667 0.17407407407407408
0 0.4395833333333333 0.3148148148148148 0.03229166666666667 0.14074074074074075
0 0.5526041666666667 0.3925925925925926 0.034375 0.18518518518518517
0 0.49895833333333334 0.33796296296296297 0.026041666666666668 0.12407407407407407
0 0.42265625 0.32731481481481484 0.0296875 0.12685185185185185
0 0.36328125 0.3648148148148148 0.0359375 0.1537037037037037
0 0.4471354166666667 0.28379629629629627 0.0296875 0.13240740740740742
0 0.48072916666666665 0.27546296296296297 0.028125 0.12685185185185185
0 0.52734375 0.425462962962963 0.03802083333333333 0.16574074074074074
0 0.37161458333333336 0.25555555555555554 0.0234375 0.11296296296296296
0 0.509375 0.4148148148148148 0.036458333333333336 0.17962962962962964
0 0.37994791666666666 0.2513888888888889 0.025520833333333333 0.10648148148148148
0 0.34609375 0.25555555555555554 0.0296875 0.12037037037037036
0 0.09427083333333333 0.5481481481481482 0.0375 0.19814814814814816
0 0.6591145833333333 0.5300925925925926 0.05364583333333333 0.20462962962962963
0 0.6885416666666667 0.5342592592592592 0.04479166666666667 0.2037037037037037
0 0.4375 0.2462962962962963 0.023958333333333335 0.11851851851851852
0 0.6130208333333333 0.35648148148148145 0.03125 0.13518518518518519
0 0.7703125 0.38055555555555554 0.035416666666666666 0.1685185185185185
0 0.4127604166666667 0.2518518518518518 0.025520833333333333 0.10740740740740741
