0 0.10315430520034101 0.5903409090909091 0.04603580562659847 0.13522727272727272
0 0.9049445865302643 0.31875 0.03495311167945439 0.10113636363636364
0 0.09505541346973571 0.5642045454545455 0.045183290707587385 0.14204545454545456
0 0.5294117647058824 0.6426136363636363 0.059676044330775786 0.13068181818181818
0 0.3631713554987212 0.28920454545454544 0.042625745950554135 0.10568181818181818
0 0.8704177323103154 0.5301136363636364 0.042625745950554135 0.13522727272727272
0 0.7851662404092071 0.5301136363636364 0.0392156862745098 0.14204545454545456
0 0.7860187553282183 0.5454545454545454 0.042625745950554135 0.1318181818181818
0 0.8303495311167945 0.5465909090909091 0.0494458653026428 0.14545454545454545
0 0.8132992327365729 0.5761363636363637 0.04603580562659847 0.1340909090909091
0 0.7075873827791986 0.7386363636363636 0.05285592497868713 0.1431818181818182
0 0.9305200341005968 0.7738636363636363 0.041773231031543054 0.13863636363636364
0 0.6615515771526002 0.9375 0.04092071611253197 0.12727272727272726
0 0.9539641943734015 0.035227272727272725 0.030690537084398978 0.06818181818181818
0 0.8900255754475703 0.22840909090909092 0.03239556692242114 0.10454545454545454
0 0.9258312020460358 0.035227272727272725 0.03410059676044331 0.06818181818181818
0 0.907928388746803 0.04261363636363636 0.02557544757033248 0.08068181818181819
0 0.8797953964194374 0.02159090909090909 0.02557544757033248 0.04090909090909091
0 0.008525149190110827 0.14602272727272728 0.015345268542199489 0.10113636363636364
0 0.11466325660699062 0.16193181818181818 0.03495311167945439 0.10568181818181818
0 0.5144927536231884 0.18011363636363636 0.03495311167945439 0.09431818181818181
0 0.4011082693947144 0.17386363636363636 0.03665814151747655 0.08409090909090909
0 0.38832054560954815 0.1494318181818182 0.03324808184143223 0.09886363636363636
0 0.5098039215686274 0.12840909090909092 0.03580562659846547 0.09090909090909091
0 0.13810741687979539 0.07954545454545454 0.03239556692242114 0.09772727272727273
0 0.43435635123614663 0.17727272727272728 0.03836317135549872 0.10227272727272728
0 0.45481670929241264 0.1875 0.0247229326513214 0.06136363636363636
0 0.1547314578005115 0.08409090909090909 0.028132992327365727 0.1
0 0.18414322250639387 0.08977272727272727 0.028985507246376812 0.09318181818181819
0 0.27195225916453536 0.12840909090909092 0.03410059676044331 0.1
0 0.3209718670076726 0.1375 0.03324808184143223 0.09772727272727273
0 0.3388746803069054 0.1431818181818182 0.03324808184143223 0.09318181818181819
0 0.226768968456948 0.058522727272727275 0.03239556692242114 0.0875
0 0.17433930093776642 0.019318181818181818 0.0247229326513214 0.03636363636363636
0 0.18627450980392157 0.02556818181818182 0.026427962489343565 0.048863636363636366
0 0.2826086956521739 0.042045454545454546 0.028132992327365727 0.08181818181818182
0 0.48081841432225064 0.12102272727272727 0.03751065643648764 0.09659090909090909
0 0.42242114236999145 0.08977272727272727 0.03324808184143223 0.09318181818181819
0 0.4697357203751066 0.08579545454545455 0.030690537084398978 0.09431818181818181
0 0.2796248934356351 0.021022727272727273 0.03239556692242114 0.03977272727272727
0 0.32651321398124467 0.03238636363636364 0.03239556692242114 0.0625
0 0.30605285592497866 0.030113636363636363 0.028985507246376812 0.05795454545454545
0 0.36018755328218244 0.023295454545454546 0.03324808184143223 0.04431818181818182
0 0.3981244671781756 0.023863636363636365 0.028985507246376812 0.045454545454545456
0 0.4215686274509804 0.02784090909090909 0.03154305200341006 0.053409090909090906
0 0.43435635123614663 0.02556818181818182 0.028132992327365727 0.048863636363636366
0 0.46675191815856776 0.030113636363636363 0.028132992327365727 0.05795454545454545
0 0.49957374254049447 0.0846590909090909 0.027280477408354646 0.08977272727272727
0 0.5341005967604433 0.014772727272727272 0.03154305200341006 0.02727272727272727
0 0.49104859335038364 0.02215909090909091 0.02557544757033248 0.042045454545454546
0 0.5707587382779199 0.3613636363636364 0.03495311167945439 0.1159090909090909
0 0.6368286445012787 0.6977272727272728 0.0494458653026428 0.1340909090909091
0 0.8900255754475703 0.02556818181818182 0.028985507246376812 0.048863636363636366
0 0.2259164535379369 0.033522727272727273 0.028985507246376812 0.06477272727272727
0 0.2412617220801364 0.03636363636363636 0.028985507246376812 0.07045454545454545
0 0.45481670929241264 0.014772727272727272 0.03154305200341006 0.02727272727272727
0 0.3797953964194373 0.026136363636363635 0.028132992327365727 0.05
0 0.5034100596760444 0.033522727272727273 0.03324808184143223 0.06477272727272727
0 0.5115089514066496 0.05284090909090909 0.027280477408354646 0.08295454545454546
0 0.08098891730605286 0.4778409090909091 0.04603580562659847 0.12613636363636363
0 0.42710997442455245 0.32329545454545455 0.03580562659846547 0.12386363636363637
0 0.30264279624893436 0.7392045454545455 0.05115089514066496 0.15568181818181817
0 0.7651321398124468 0.6079545454545454 0.040068201193520885 0.1340909090909091
0 0.23955669224211423 0.9914772727272727 0.03239556692242114 0.017045454545454544
0 0.12276214833759591 0.9636363636363636 0.04092071611253197 0.075
0 0.16624040920716113 0.9613636363636363 0.0443307757885763 0.07954545454545454
0 0.4100596760443308 0.575 0.030690537084398978 0.11363636363636363
0 0.7122762148337596 0.45852272727272725 0.03836317135549872 0.11704545454545455
0 0.39215686274509803 0.5602272727272727 0.0392156862745098 0.12045454545454545
0 0.30605285592497866 0.4647727272727273 0.0443307757885763 0.125
0 0.8052003410059676 0.7085227272727272 0.041773231031543054 0.12840909090909092
0 0.8124467178175618 0.6079545454545454 0.04603580562659847 0.1318181818181818
0 0.736999147485081 0.7767045454545455 0.03836317135549872 0.13068181818181818
0 0.30392156862745096 0.602840909090909 0.04859335038363171 0.12386363636363637
0 0.3593350383631714 0.5482954545454546 0.041773231031543054 0.11477272727272728
0 0.7723785166240409 0.7795454545454545 0.04092071611253197 0.13863636363636364
0 0.04134697357203751 0.30625 0.03495311167945439 0.09204545454545454
0 0.7570332480818415 0.7147727272727272 0.0443307757885763 0.14545454545454545
0 0.5532821824381927 0.6920454545454545 0.05285592497868713 0.1318181818181818
0 0.5852514919011083 0.7073863636363636 0.045183290707587385 0.12386363636363637
0 0.02557544757033248 0.41761363636363635 0.042625745950554135 0.12386363636363637
0 0.27578857630008524 0.9028409090909091 0.060528559249786874 0.15113636363636362
0 0.29241261722080136 0.43125 0.0443307757885763 0.12613636363636363
0 0.3989769820971867 0.32727272727272727 0.02557544757033248 0.10681818181818181
0 0.2280477408354646 0.27329545454545456 0.026427962489343565 0.08295454545454546
0 0.06308610400682012 0.30056818181818185 0.03580562659846547 0.11022727272727273
0 0.09292412617220801 0.3079545454545455 0.030690537084398978 0.09545454545454546
0 0.4505541346973572 0.3 0.03495311167945439 0.10681818181818181
0 0.47868712702472294 0.30625 0.03324808184143223 0.10340909090909091
0 0.06223358908780904 0.12840909090909092 0.03580562659846547 0.09090909090909091
0 0.19522591645353793 0.2556818181818182 0.03580562659846547 0.10454545454545454
0 0.20630861040068202 0.27443181818181817 0.023870417732310314 0.07386363636363637
0 0.4961636828644501 0.9136363636363637 0.05115089514066496 0.1409090909090909
0 0.8742540494458653 0.9085227272727273 0.04859335038363171 0.16477272727272727
0 0.7263427109974424 0.9335227272727272 0.04092071611253197 0.13068181818181818
0 0.8380221653878943 0.9227272727272727 0.05115089514066496 0.15227272727272728
0 0.257459505541347 0.5551136363636363 0.0392156862745098 0.09431818181818181
0 0.22335890878090367 0.5420454545454545 0.042625745950554135 0.12045454545454545
0 0.17306052855924978 0.5176136363636363 0.04603580562659847 0.13522727272727272
0 0.8618925831202046 0.21420454545454545 0.03410059676044331 0.09431818181818181
0 0.7408354646206309 0.6267045454545455 0.03239556692242114 0.0875
0 0.7016197783461211 0.9352272727272727 0.042625745950554135 0.1318181818181818
0 0.10997442455242967 0.25170454545454546 0.0392156862745098 0.10340909090909091
0 0.3836317135549872 0.8443181818181819 0.05285592497868713 0.16136363636363638
0 0.3316283034953112 0.7522727272727273 0.0443307757885763 0.1340909090909091
0 0.6219096334185849 0.9710227272727273 0.043478260869565216 0.05795454545454545
0 0.3512361466325661 0.6045454545454545 0.04603580562659847 0.12954545454545455
0 0.45268542199488493 0.6119318181818182 0.0494458653026428 0.12840909090909092
0 0.47655583972719523 0.9585227272727272 0.05115089514066496 0.08522727272727272
0 0.4309462915601023 0.9534090909090909 0.05541346973572037 0.09545454545454546
0 0.4309462915601023 0.7727272727272727 0.045183290707587385 0.1318181818181818
