0 0.12105711849957375 0.23068181818181818 0.03410059676044331 0.10909090909090909
0 0.5277067348678602 0.2767045454545455 0.0443307757885763 0.09659090909090909
0 0.9104859335038363 0.9698863636363636 0.056265984654731455 0.060227272727272727
0 0.08184143222506395 0.23238636363636364 0.03580562659846547 0.11477272727272728
0 0.12276214833759591 0.8397727272727272 0.04092071611253197 0.1431818181818182
0 0.5677749360613811 0.06079545454545455 0.028985507246376812 0.0875
0 0.8171355498721228 0.22215909090909092 0.03495311167945439 0.10568181818181818
0 0.7084398976982097 0.21136363636363636 0.03239556692242114 0.10681818181818181
0 0.7723785166240409 0.2125 0.03751065643648764 0.10681818181818181
0 0.7139812446717817 0.24204545454545454 0.03324808184143223 0.11136363636363636
0 0.6845694799658995 0.3806818181818182 0.042625745950554135 0.11136363636363636
0 0.6982097186700768 0.3306818181818182 0.0392156862745098 0.1159090909090909
0 0.47911338448422847 0.017045454545454544 0.03239556692242114 0.031818181818181815
0 0.41687979539641945 0.007386363636363636 0.027280477408354646 0.0125
0 0.4411764705882353 0.011931818181818182 0.03154305200341006 0.02159090909090909
0 0.4578005115089514 0.008522727272727272 0.02557544757033248 0.014772727272727272
0 0.5349531116794544 0.5539772727272727 0.041773231031543054 0.11704545454545455
0 0.2813299232736573 0.1318181818181818 0.03410059676044331 0.09772727272727273
0 0.4288150042625746 0.08636363636363636 0.028985507246376812 0.10227272727272728
0 0.2570332480818414 0.3659090909090909 0.03324808184143223 0.125
0 0.7625745950554135 0.31022727272727274 0.03154305200341006 0.10681818181818181
0 0.9117647058823529 0.8238636363636364 0.04688832054560955 0.1431818181818182
0 0.2668371696504689 0.990909090909091 0.028985507246376812 0.020454545454545454
0 0.22719522591645352 0.9710227272727273 0.05200341005967604 0.05795454545454545
0 0.13000852514919012 0.9420454545454545 0.04859335038363171 0.11818181818181818
0 0.16538789428815004 0.9392045454545455 0.04603580562659847 0.1215909090909091
0 0.4198635976129582 0.26022727272727275 0.03324808184143223 0.09318181818181819
0 0.5801364023870418 0.18181818181818182 0.03836317135549872 0.10681818181818181
0 0.41474850809889174 0.2590909090909091 0.03324808184143223 0.09772727272727273
0 0.3380221653878943 0.18806818181818183 0.03495311167945439 0.10568181818181818
0 0.13000852514919012 0.27954545454545454 0.041773231031543054 0.12045454545454545
0 0.030264279624893437 0.33238636363636365 0.03495311167945439 0.10795454545454546
0 0.7429667519181585 0.80625 0.04688832054560955 0.15568181818181817
0 0.8137254901960784 0.45 0.041773231031543054 0.1159090909090909
0 0.8780903665814151 0.553409090909091 0.05115089514066496 0.12954545454545455
0 0.8367433930093776 0.5761363636363637 0.04688832054560955 0.1431818181818182
0 0.809462915601023 0.30454545454545456 0.03665814151747655 0.11136363636363636
0 0.8192668371696504 0.8193181818181818 0.042625745950554135 0.1431818181818182
0 0.59846547314578 0.7482954545454545 0.04603580562659847 0.12613636363636363
0 0.6381074168797954 0.7397727272727272 0.05029838022165388 0.16590909090909092
0 0.8989769820971867 0.7596590909090909 0.04688832054560955 0.1625
0 0.8520886615515771 0.8232954545454545 0.040068201193520885 0.14431818181818182
0 0.7263427109974424 0.9340909090909091 0.05115089514066496 0.1318181818181818
0 0.6692242114236999 0.9357954545454545 0.057971014492753624 0.12613636363636363
0 0.04134697357203751 0.6755681818181818 0.043478260869565216 0.14659090909090908
0 0.5187553282182438 0.42727272727272725 0.03324808184143223 0.11136363636363636
0 0.33972719522591643 0.2755681818181818 0.029838022165387893 0.10340909090909091
0 0.391304347826087 0.2534090909090909 0.028985507246376812 0.09772727272727273
0 0.8282182438192668 0.7130681818181818 0.045183290707587385 0.13522727272727272
0 0.05583972719522592 0.34602272727272726 0.03495311167945439 0.10340909090909091
0 0.7463768115942029 0.7482954545454545 0.05541346973572037 0.15568181818181817
0 0.9254049445865302 0.7369318181818182 0.040068201193520885 0.14659090909090908
0 0.5098039215686274 0.8676136363636363 0.04603580562659847 0.16477272727272727
0 0.8648763853367434 0.7482954545454545 0.04859335038363171 0.13977272727272727
0 0.5439045183290707 0.4346590909090909 0.03410059676044331 0.12386363636363637
0 0.11977834612105712 0.033522727272727273 0.028132992327365727 0.06477272727272727
0 0.19522591645353793 0.025 0.030690537084398978 0.04772727272727273
0 0.24339300937766412 0.044886363636363634 0.028132992327365727 0.07840909090909091
0 0.170076726342711 0.8636363636363636 0.04688832054560955 0.14772727272727273
0 0.5733162830349531 0.8573863636363637 0.04859335038363171 0.16477272727272727
0 0.6287297527706734 0.80625 0.041773231031543054 0.14431818181818182
0 0.6099744245524297 0.8511363636363637 0.04688832054560955 0.15227272727272728
0 0.768542199488491 0.9329545454545455 0.05029838022165388 0.12727272727272726
0 0.840153452685422 0.9590909090909091 0.05200341005967604 0.08409090909090909
0 0.768542199488491 0.4465909090909091 0.041773231031543054 0.12954545454545455
0 0.23955669224211423 0.3125 0.03410059676044331 0.10454545454545454
0 0.26214833759590794 0.31477272727272726 0.040068201193520885 0.1159090909090909
0 0.5174765558397272 0.3522727272727273 0.03751065643648764 0.1159090909090909
0 0.5490196078431373 0.36022727272727273 0.03751065643648764 0.10681818181818181
0 0.0711849957374254 0.15056818181818182 0.03154305200341006 0.10795454545454546
0 0.13768115942028986 0.16647727272727272 0.029838022165387893 0.09886363636363636
0 0.2041773231031543 0.13011363636363638 0.029838022165387893 0.0875
0 0.041773231031543054 0.13693181818181818 0.03580562659846547 0.10795454545454546
0 0.21739130434782608 0.13068181818181818 0.03239556692242114 0.09772727272727273
0 0.3976982097186701 0.1278409090909091 0.03665814151747655 0.09886363636363636
0 0.396845694799659 0.08863636363636364 0.0247229326513214 0.08863636363636364
0 0.3567774936061381 0.07613636363636364 0.0247229326513214 0.075
0 0.2659846547314578 0.04431818181818182 0.028985507246376812 0.08636363636363636
0 0.2830349531116795 0.045454545454545456 0.028985507246376812 0.07954545454545454
0 0.4919011082693947 0.08636363636363636 0.028985507246376812 0.08863636363636364
0 0.5110826939471441 0.0903409090909091 0.0247229326513214 0.0875
0 0.8375959079283888 0.06931818181818182 0.03495311167945439 0.10454545454545454
0 0.577152600170503 0.015909090909090907 0.028985507246376812 0.029545454545454545
0 0.3205456095481671 0.008522727272727272 0.028985507246376812 0.014772727272727272
0 0.3235294117647059 0.055113636363636365 0.028132992327365727 0.08068181818181819
0 0.3371696504688832 0.07386363636363637 0.023017902813299233 0.056818181818181816
0 0.7199488491048593 0.45625 0.043478260869565216 0.13068181818181818
0 0.8000852514919011 0.49375 0.041773231031543054 0.13295454545454546
0 0.7365728900255755 0.5909090909090909 0.042625745950554135 0.13863636363636364
0 0.7634271099744245 0.5744318181818182 0.04688832054560955 0.14886363636363636
0 0.45865302642796246 0.6386363636363637 0.04603580562659847 0.1431818181818182
0 0.7514919011082694 0.5261363636363636 0.03836317135549872 0.125
0 0.7097186700767263 0.5829545454545455 0.03324808184143223 0.1318181818181818
0 0.7715260017050298 0.5073863636363637 0.03751065643648764 0.12386363636363637
0 0.43350383631713557 0.2409090909090909 0.029838022165387893 0.075
0 0.4143222506393862 0.22897727272727272 0.03410059676044331 0.09659090909090909
0 0.3734015345268542 0.20852272727272728 0.03751065643648764 0.10568181818181818
0 0.8687127024722933 0.020454545454545454 0.03239556692242114 0.038636363636363635
0 0.7382779198635976 0.32443181818181815 0.028985507246376812 0.0715909090909091
0 0.7872975277067349 0.5375 0.041773231031543054 0.13863636363636364
0 0.09846547314578005 0.5636363636363636 0.041773231031543054 0.1340909090909091
0 0.5396419437340153 0.7823863636363636 0.05456095481670929 0.15568181818181817
0 0.0029838022165387893 0.6732954545454546 0.004262574595055414 0.1375
0 0.4560954816709292 0.8255681818181818 0.04603580562659847 0.14431818181818182
0 0.15601023017902813 0.5590909090909091 0.042625745950554135 0.1340909090909091
0 0.47058823529411764 0.3659090909090909 0.04092071611253197 0.12272727272727273
0 0.4394714407502131 0.5352272727272728 0.04688832054560955 0.12954545454545455
0 0.4752770673486786 0.5482954545454546 0.03665814151747655 0.1215909090909091
0 0.0029838022165387893 0.2778409090909091 0.004262574595055414 0.11022727272727273
0 0.2804774083546462 0.3784090909090909 0.03751065643648764 0.10681818181818181
0 0.4641943734015345 0.4960227272727273 0.041773231031543054 0.11931818181818182
0 0.8069053708439897 0.74375 0.04688832054560955 0.15113636363636362
0 0.37084398976982097 0.27443181818181817 0.03410059676044331 0.10795454545454546
0 0.46334185848252346 0.2857954545454545 0.03836317135549872 0.10568181818181818
0 0.44714407502131287 0.875 0.05200341005967604 0.1590909090909091
0 0.5882352941176471 0.9590909090909091 0.04092071611253197 0.08181818181818182
0 0.26641091219096336 0.7255681818181818 0.05029838022165388 0.15113636363636362
0 0.3959931798806479 0.5352272727272728 0.04688832054560955 0.1159090909090909
0 0.5477408354646206 0.9551136363636363 0.05200341005967604 0.09204545454545454
0 0.010656436487638534 0.33693181818181817 0.0196078431372549 0.10113636363636364
0 0.624467178175618 0.9017045454545455 0.04688832054560955 0.1534090909090909
0 0.7698209718670077 0.9568181818181818 0.059676044330775786 0.08636363636363636
0 0.30775788576300084 0.7210227272727273 0.042625745950554135 0.15568181818181817
0 0.3959931798806479 0.665340909090909 0.043478260869565216 0.11931818181818182
0 0.00980392156862745 0.7471590909090909 0.017902813299232736 0.14659090909090908
0 0.12915601023017903 0.7159090909090909 0.05029838022165388 0.14772727272727273
0 0.293691389599318 0.5664772727272728 0.03836317135549872 0.12613636363636363
0 0.33972719522591643 0.5732954545454545 0.04688832054560955 0.1375
0 0.3751065643648764 0.7045454545454546 0.05115089514066496 0.15454545454545454
0 0.3614663256606991 0.6579545454545455 0.042625745950554135 0.13863636363636364
0 0.36615515771526 0.5272727272727272 0.04688832054560955 0.12954545454545455
0 0.3857630008525149 0.5795454545454546 0.041773231031543054 0.12045454545454545
0 0.09633418584825235 0.6875 0.042625745950554135 0.15
0 0.5059676044330775 0.5011363636363636 0.041773231031543054 0.125
0 0.8192668371696504 0.8926136363636363 0.04774083546462063 0.14886363636363636
0 0.8431372549019608 0.5943181818181819 0.03751065643648764 0.12045454545454545
0 0.9616368286445013 0.8664772727272727 0.042625745950554135 0.15795454545454546
0 0.8154305200341005 0.5835227272727272 0.041773231031543054 0.1375
0 0.9454390451832907 0.8159090909090909 0.04603580562659847 0.14545454545454545
0 0.9049445865302643 0.8744318181818181 0.060528559249786874 0.15568181818181817
0 0.6717817561807332 0.8909090909090909 0.03751065643648764 0.13863636363636364
0 0.38448422847399827 0.43068181818181817 0.03751065643648764 0.10681818181818181
