0 0.08482523444160273 0.9210227272727273 0.04859335038363171 0.15795454545454546
0 0.02216538789428815 0.8238636363636364 0.042625745950554135 0.15
0 0.3593350383631714 0.8 0.04859335038363171 0.1590909090909091
0 0.2638533674339301 0.46647727272727274 0.041773231031543054 0.12840909090909092
0 0.5826939471440751 0.4909090909090909 0.041773231031543054 0.12727272727272726
0 0.8942881500426257 0.7426136363636363 0.0494458653026428 0.16022727272727272
0 0.855924978687127 0.7607954545454545 0.04603580562659847 0.13295454545454546
0 0.5294117647058824 0.42954545454545456 0.04092071611253197 0.125
0 0.7689684569479965 0.7352272727272727 0.07161125319693094 0.15454545454545454
0 0.8167092924126172 0.7375 0.042625745950554135 0.13863636363636364
0 0.8452685421994884 0.26022727272727275 0.045183290707587385 0.11136363636363636
0 0.814151747655584 0.25227272727272726 0.03580562659846547 0.11818181818181818
0 0.32821824381926684 0.4590909090909091 0.0443307757885763 0.1318181818181818
0 0.29752770673486784 0.4715909090909091 0.057971014492753624 0.12727272727272726
0 0.014919011082693947 0.3931818181818182 0.028132992327365727 0.125
0 0.09036658141517477 0.3409090909090909 0.03751065643648764 0.11818181818181818
0 0.3188405797101449 0.41704545454545455 0.04092071611253197 0.12954545454545455
0 0.3375959079283887 0.43011363636363636 0.0392156862745098 0.11477272727272728
0 0.427536231884058 0.8857954545454545 0.05541346973572037 0.1693181818181818
0 0.38491048593350385 0.4323863636363636 0.041773231031543054 0.11931818181818182
0 0.42412617220801363 0.43522727272727274 0.041773231031543054 0.1318181818181818
0 0.40068201193520886 0.5721590909090909 0.0494458653026428 0.13522727272727272
0 0.4356351236146633 0.45 0.04603580562659847 0.125
0 0.46547314578005117 0.4102272727272727 0.04603580562659847 0.1318181818181818
0 0.34697357203751067 0.3397727272727273 0.0392156862745098 0.11136363636363636
0 0.3137254901960784 0.3375 0.04092071611253197 0.11136363636363636
0 0.11423699914748509 0.2585227272727273 0.03751065643648764 0.1125
0 0.12190963341858482 0.3306818181818182 0.03580562659846547 0.12045454545454545
0 0.13810741687979539 0.3625 0.042625745950554135 0.125
0 0.1679454390451833 0.3613636363636364 0.0392156862745098 0.11818181818181818
0 0.1568627450980392 0.33579545454545456 0.0392156862745098 0.1215909090909091
0 0.21781756180733164 0.29261363636363635 0.041773231031543054 0.10795454545454546
0 0.5115089514066496 0.3482954545454545 0.042625745950554135 0.12386363636363637
0 0.36828644501278773 0.2909090909090909 0.042625745950554135 0.11818181818181818
0 0.4100596760443308 0.2767045454545455 0.0392156862745098 0.11477272727272728
0 0.2958226768968457 0.3181818181818182 0.03580562659846547 0.11818181818181818
0 0.36615515771526 0.21022727272727273 0.03154305200341006 0.08409090909090909
0 0.4096334185848252 0.2005681818181818 0.03665814151747655 0.09431818181818181
0 0.3955669224211424 0.21818181818181817 0.02557544757033248 0.08409090909090909
0 0.26342710997442453 0.1965909090909091 0.0392156862745098 0.11136363636363636
0 0.5323955669224212 0.5244318181818182 0.045183290707587385 0.13522727272727272
0 0.5413469735720375 0.26988636363636365 0.0443307757885763 0.1215909090909091
0 0.4518329070758738 0.5420454545454545 0.04092071611253197 0.125
0 0.19096334185848252 0.3028409090909091 0.030690537084398978 0.09431818181818181
0 0.11935208866155157 0.8795454545454545 0.05456095481670929 0.1590909090909091
0 0.020034100596760442 0.35852272727272727 0.03495311167945439 0.11704545454545455
0 0.2907075873827792 0.42215909090909093 0.03239556692242114 0.1215909090909091
0 0.8895993179880648 0.95625 0.07075873827791987 0.0875
0 0.8312020460358056 0.4721590909090909 0.04603580562659847 0.13068181818181818
0 0.7855924978687127 0.47045454545454546 0.041773231031543054 0.125
0 0.8162830349531117 0.4329545454545455 0.045183290707587385 0.1318181818181818
0 0.7745098039215687 0.41875 0.045183290707587385 0.11704545454545455
0 0.8209718670076727 0.11704545454545455 0.03751065643648764 0.1
0 0.11423699914748509 0.03579545454545455 0.03580562659846547 0.06931818181818182
0 0.0784313725490196 0.12215909090909091 0.03410059676044331 0.11704545454545455
0 0.5532821824381927 0.44488636363636364 0.03751065643648764 0.1375
0 0.1104006820119352 0.12556818181818183 0.03836317135549872 0.10795454545454546
0 0.216538789428815 0.055113636363636365 0.03410059676044331 0.09431818181818181
0 0.30008525149190113 0.09829545454545455 0.028985507246376812 0.10795454545454546
0 0.33844842284739984 0.2534090909090909 0.0392156862745098 0.125
0 0.33461210571184996 0.09261363636363637 0.028132992327365727 0.09431818181818181
0 0.34271099744245526 0.1375 0.0392156862745098 0.10454545454545454
0 0.32821824381926684 0.31079545454545454 0.04092071611253197 0.1215909090909091
0 0.4859335038363171 0.16875 0.042625745950554135 0.10568181818181818
0 0.5166240409207161 0.1744318181818182 0.0392156862745098 0.11022727272727273
0 0.4011082693947144 0.09886363636363636 0.03154305200341006 0.1
0 0.42924126172208016 0.10681818181818181 0.03836317135549872 0.1
0 0.34654731457800514 0.03465909090909091 0.03495311167945439 0.06704545454545455
0 0.49531116794543906 0.019318181818181818 0.028985507246376812 0.03636363636363636
0 0.4411764705882353 0.20227272727272727 0.03836317135549872 0.11136363636363636
0 0.391304347826087 0.03295454545454545 0.028985507246376812 0.06363636363636363
0 0.463768115942029 0.017613636363636363 0.03239556692242114 0.03295454545454545
0 0.742540494458653 0.4869318181818182 0.0443307757885763 0.13295454545454546
0 0.5242966751918159 0.36022727272727273 0.03751065643648764 0.12045454545454545
0 0.29539641943734013 0.022727272727272728 0.03154305200341006 0.04318181818181818
0 0.33631713554987214 0.007954545454545454 0.028132992327365727 0.013636363636363636
0 0.927536231884058 0.008522727272727272 0.030690537084398978 0.014772727272727272
0 0.90153452685422 0.007954545454545454 0.028132992327365727 0.013636363636363636
0 0.5583972719522592 0.3653409090909091 0.0443307757885763 0.1215909090909091
0 0.5549872122762148 0.48977272727272725 0.0392156862745098 0.11363636363636363
0 0.5294117647058824 0.46988636363636366 0.0392156862745098 0.12386363636363637
0 0.38107416879795397 0.24147727272727273 0.0443307757885763 0.11477272727272728
