0 0.6251511487303507 0.8902777777777777 0.05078597339782346 0.1712962962962963
0 0.686819830713422 0.9254629629629629 0.041112454655380895 0.15092592592592594
0 0.38814993954050786 0.5476851851851852 0.037484885126964934 0.14537037037037037
0 0.2920193470374849 0.30694444444444446 0.03990326481257558 0.13796296296296295
0 0.08071342200725513 0.4685185185185185 0.04171704957678356 0.15
0 0.1837968561064087 0.6611111111111111 0.04232164449818621 0.15925925925925927
0 0.19528415961305925 0.3638888888888889 0.03506650544135429 0.14444444444444443
0 0.11366384522370013 0.44722222222222224 0.044740024183796856 0.14629629629629629
0 0.910217654171705 0.962037037037037 0.06106408706166868 0.07777777777777778
0 0.8473397823458283 0.36064814814814816 0.039298669891172915 0.13425925925925927
0 0.2796251511487304 0.6611111111111111 0.042926239419588876 0.16296296296296298
0 0.34975816203143895 0.6226851851851852 0.04171704957678356 0.1638888888888889
0 0.38724304715840385 0.6407407407407407 0.034461910519951636 0.13518518518518519
0 0.6360338573155986 0.9486111111111111 0.03990326481257558 0.10462962962962963
0 0.5695284159613059 0.9310185185185185 0.045949214026602174 0.1398148148148148
0 0.23397823458282951 0.5782407407407407 0.03385731559854897 0.14537037037037037
0 0.2400241837968561 0.5425925925925926 0.036275695284159616 0.13148148148148148
0 0.19316807738814995 0.562037037037037 0.04050785973397823 0.14814814814814814
0 0.21553808948004838 0.5212962962962963 0.042926239419588876 0.10925925925925926
0 0.16444981862152358 0.5314814814814814 0.041112454655380895 0.14629629629629629
0 0.38210399032648124 0.2273148148148148 0.032648125755743655 0.1287037037037037
0 0.4068923821039903 0.22962962962962963 0.032648125755743655 0.13148148148148148
0 0.714328899637243 0.37407407407407406 0.044135429262394194 0.12037037037037036
0 0.751813784764208 0.3861111111111111 0.039298669891172915 0.13148148148148148
0 0.27297460701330106 0.3726851851851852 0.047762998790810154 0.14351851851851852
0 0.24758162031438935 0.38425925925925924 0.03325272067714631 0.14814814814814814
0 0.9749093107617895 0.7509259259259259 0.04171704957678356 0.14074074074074075
0 0.37273276904474 0.9629629629629629 0.042926239419588876 0.07592592592592592
0 0.5314389359129383 0.4527777777777778 0.041112454655380895 0.14074074074074075
0 0.3186215235792019 0.7726851851851851 0.049576783555018135 0.1675925925925926
0 0.9667472793228536 0.7842592592592592 0.045949214026602174 0.15185185185185185
0 0.9455864570737605 0.7759259259259259 0.03506650544135429 0.12962962962962962
0 0.5139056831922612 0.42453703703703705 0.044740024183796856 0.1398148148148148
0 0.3524788391777509 0.4671296296296296 0.032648125755743655 0.1287037037037037
0 0.34492140266021765 0.6546296296296297 0.042926239419588876 0.1648148148148148
0 0.5036275695284159 0.5430555555555555 0.036275695284159616 0.14351851851851852
0 0.3648730350665054 0.6962962962962963 0.03204353083434099 0.1574074074074074
0 0.37877871825876663 0.7300925925925926 0.044135429262394194 0.1712962962962963
0 0.5900846432889963 0.625 0.0471584038694075 0.1574074074074074
0 0.6266626360338573 0.6444444444444445 0.0380894800483676 0.16111111111111112
0 0.44226118500604594 0.7310185185185185 0.04534461910519952 0.14537037037037037
0 0.6828899637243047 0.7148148148148148 0.051390568319226115 0.14074074074074075
0 0.40810157194679564 0.43148148148148147 0.036275695284159616 0.13333333333333333
0 0.4667472793228537 0.525 0.03869407496977025 0.13148148148148148
0 0.45556227327690446 0.4898148148148148 0.04897218863361548 0.10740740740740741
0 0.49788391777509067 0.4847222222222222 0.04171704957678356 0.1398148148148148
0 0.5386940749697703 0.5657407407407408 0.044740024183796856 0.1537037037037037
0 0.5187424425634825 0.5041666666666667 0.03506650544135429 0.11018518518518519
0 0.5166263603385731 0.5995370370370371 0.04171704957678356 0.12314814814814815
0 0.437726723095526 0.09351851851851851 0.02539298669891173 0.09259259259259259
0 0.4117291414752116 0.075 0.03506650544135429 0.12407407407407407
0 0.5525997581620314 0.7537037037037037 0.0471584038694075 0.1685185185185185
0 0.7493954050785974 0.5393518518518519 0.051390568319226115 0.15462962962962962
0 0.5773881499395405 0.8037037037037037 0.041112454655380895 0.13518518518518519
0 0.8681983071342201 0.45416666666666666 0.04232164449818621 0.13240740740740742
0 0.6922611850060459 0.5634259259259259 0.04353083434099154 0.1638888888888889
0 0.7203748488512697 0.5666666666666667 0.039298669891172915 0.14629629629629629
0 0.840689238210399 0.45694444444444443 0.04171704957678356 0.15648148148148147
0 0.8678960096735188 0.6060185185185185 0.044135429262394194 0.15462962962962962
0 0.749093107617896 0.6402777777777777 0.04232164449818621 0.16574074074074074
0 0.9552599758162031 0.14907407407407408 0.036275695284159616 0.12037037037037036
0 0.8249697702539298 0.6402777777777777 0.051390568319226115 0.15462962962962962
0 0.8403869407496977 0.7041666666666667 0.06529625151148731 0.14351851851851852
0 0.8056227327690447 0.874537037037037 0.06348246674727932 0.17314814814814813
0 0.7787182587666264 0.9078703703703703 0.05441354292623942 0.17314814814814813
0 0.8449214026602176 0.9324074074074075 0.05259975816203144 0.13703703703703704
0 0.660217654171705 0.6722222222222223 0.03990326481257558 0.1537037037037037
0 0.6287787182587666 0.6907407407407408 0.03990326481257558 0.13518518518518519
0 0.6175937122128174 0.47129629629629627 0.046553808948004836 0.15185185185185185
0 0.587968561064087 0.4837962962962963 0.034461910519951636 0.13796296296296295
0 0.9504232164449818 0.913425925925926 0.060459492140266025 0.175
0 0.4322853688029021 0.586574074074074 0.03506650544135429 0.15092592592592594
0 0.4649334945586457 0.5828703703703704 0.037484885126964934 0.14907407407407408
0 0.3866384522370012 0.7592592592592593 0.047762998790810154 0.17407407407407408
0 0.15568319226118502 0.45092592592592595 0.044135429262394194 0.14444444444444443
0 0.13119709794437726 0.5800925925925926 0.0471584038694075 0.16018518518518518
0 0.5259975816203144 0.6430555555555556 0.04232164449818621 0.16018518518518518
0 0.5556227327690447 0.6208333333333333 0.03990326481257558 0.16018518518518518
0 0.16142684401451027 0.42314814814814816 0.03990326481257558 0.14074074074074075
0 0.22823458282950423 0.21296296296296297 0.03688029020556227 0.12037037037037036
0 0.26481257557436516 0.20277777777777778 0.041112454655380895 0.14074074074074075
0 0.9761185006045949 0.13240740740740742 0.03325272067714631 0.12962962962962962
0 0.9298669891172914 0.13796296296296295 0.03506650544135429 0.12962962962962962
0 0.9014510278113664 0.12962962962962962 0.044740024183796856 0.1388888888888889
0 0.02750906892382104 0.7675925925925926 0.046553808948004836 0.1685185185185185
0 0.8839177750906893 0.5166666666666667 0.044740024183796856 0.16296296296296298
0 0.8935912938331319 0.549537037037037 0.049576783555018135 0.14537037037037037
0 0.003022974607013301 0.7597222222222222 0.0048367593712212815 0.17314814814814813
0 0.06711003627569528 0.7569444444444444 0.05199516324062878 0.1675925925925926
0 0.46372430471584036 0.9708333333333333 0.04232164449818621 0.06018518518518518
0 0.8539903264812576 0.8972222222222223 0.046553808948004836 0.15185185185185185
0 0.8530834340991535 0.8393518518518519 0.044740024183796856 0.1712962962962963
0 0.9138452237001209 0.38055555555555554 0.044135429262394194 0.14444444444444443
0 0.8830108827085853 0.3699074074074074 0.03688029020556227 0.13796296296296295
0 0.9857920193470375 0.36944444444444446 0.02720677146311971 0.12407407407407407
0 0.9721886336154776 0.3763888888888889 0.03869407496977025 0.1361111111111111
0 0.8125755743651754 0.5412037037037037 0.04836759371221282 0.1675925925925926
0 0.2400241837968561 0.6305555555555555 0.041112454655380895 0.14074074074074075
0 0.2669286577992745 0.5898148148148148 0.046553808948004836 0.15925925925925927
0 0.28597339782345826 0.612037037037037 0.04232164449818621 0.15925925925925927
0 0.09220072551390568 0.42962962962962964 0.042926239419588876 0.12962962962962962
0 0.015114873035066506 0.4185185185185185 0.02902055622732769 0.14629629629629629
0 0.11668681983071343 0.4009259259259259 0.044740024183796856 0.1388888888888889
0 0.1759371221281741 0.2777777777777778 0.03990326481257558 0.14074074074074075
0 0.1928657799274486 0.25925925925925924 0.041112454655380895 0.1388888888888889
0 0.14691656590084642 0.48657407407407405 0.037484885126964934 0.14351851851851852
0 0.7998790810157195 0.7106481481481481 0.044740024183796856 0.14907407407407408
0 0.004232164449818622 0.31574074074074077 0.007255139056831923 0.14074074074074075
0 0.7756952841596131 0.6486111111111111 0.04353083434099154 0.14907407407407408
0 0.8282950423216445 0.562962962962963 0.04353083434099154 0.1574074074074074
0 0.13119709794437726 0.46064814814814814 0.037484885126964934 0.15648148148148147
0 0.8047158403869408 0.575925925925926 0.04836759371221282 0.1574074074074074
0 0.8101571946795647 0.44305555555555554 0.056831922611850064 0.175
0 0.6039903264812576 0.13518518518518519 0.03990326481257558 0.13703703703703704
0 0.5553204353083434 0.15092592592592594 0.04050785973397823 0.1425925925925926
0 0.5278113663845224 0.14305555555555555 0.032648125755743655 0.13796296296296295
0 0.7968561064087062 0.3726851851851852 0.04232164449818621 0.14351851851851852
0 0.6925634824667473 0.37962962962962965 0.05380894800483676 0.13518518518518519
0 0.6239419588875453 0.2851851851851852 0.0471584038694075 0.13703703703703704
0 0.5891777509068924 0.27870370370370373 0.047762998790810154 0.14444444444444443
0 0.6042926239419589 0.3384259259259259 0.04897218863361548 0.14351851851851852
0 0.45918984280532044 0.04398148148148148 0.03204353083434099 0.08611111111111111
0 0.28597339782345826 0.22361111111111112 0.03869407496977025 0.1361111111111111
0 0.38301088270858524 0.15 0.039298669891172915 0.14074074074074075
0 0.16444981862152358 0.1962962962962963 0.041112454655380895 0.13518518518518519
0 0.12908101571946795 0.1925925925925926 0.042926239419588876 0.14629629629629629
0 0.04383313180169287 0.4134259259259259 0.046553808948004836 0.14907407407407408
0 0.037787182587666265 0.24212962962962964 0.042926239419588876 0.13796296296296295
0 0.04322853688029021 0.26296296296296295 0.04171704957678356 0.1425925925925926
0 0.07376058041112454 0.27175925925925926 0.03990326481257558 0.1361111111111111
0 0.45979443772672307 0.15833333333333333 0.0380894800483676 0.14074074074074075
0 0.4951632406287787 0.09305555555555556 0.03143893591293833 0.125
0 0.07255139056831923 0.4078703703703704 0.0471584038694075 0.1675925925925926
0 0.24758162031438935 0.16435185185185186 0.02962515114873035 0.12129629629629629
0 0.25634824667472794 0.10046296296296296 0.030229746070133012 0.11574074074074074
0 0.39691656590084645 0.18703703703703703 0.034461910519951636 0.13518518518518519
0 0.13240628778718258 0.3726851851851852 0.037484885126964934 0.13425925925925927
0 0.12394195888754535 0.3527777777777778 0.041112454655380895 0.1574074074074074
0 0.5749697702539298 0.350462962962963 0.03506650544135429 0.11203703703703703
0 0.5308343409915357 0.2861111111111111 0.03143893591293833 0.10740740740740741
0 0.5012091898428053 0.2828703703703704 0.03869407496977025 0.13240740740740742
0 0.28476420798065294 0.12083333333333333 0.030229746070133012 0.12314814814814815
0 0.4546553808948005 0.2791666666666667 0.041112454655380895 0.11574074074074074
0 0.4915356711003628 0.25324074074074077 0.03869407496977025 0.1287037037037037
0 0.24667472793228537 0.2935185185185185 0.044740024183796856 0.14814814814814814
0 0.22249093107617895 0.324537037037037 0.037484885126964934 0.13240740740740742
0 0.1807738814993954 0.31342592592592594 0.03506650544135429 0.1287037037037037
0 0.4235187424425635 0.2851851851851852 0.02962515114873035 0.10740740740740741
0 0.4147521160822249 0.18055555555555555 0.03506650544135429 0.13518518518518519
0 0.013905683192261185 0.22777777777777777 0.026602176541717048 0.13518518518518519
0 0.013603385731559855 0.26435185185185184 0.02599758162031439 0.1398148148148148
0 0.012696493349455865 0.7018518518518518 0.02418379685610641 0.1648148148148148
0 0.013905683192261185 0.9259259259259259 0.026602176541717048 0.15
0 0.15991535671100363 0.7819444444444444 0.05985489721886336 0.1787037037037037
0 0.09582829504232164 0.7842592592592592 0.04897218863361548 0.1685185185185185
0 0.2539298669891173 0.8050925925925926 0.0761789600967352 0.17314814814814813
0 0.2950423216444982 0.7842592592592592 0.05441354292623942 0.1648148148148148
0 0.93863361547763 0.08611111111111111 0.047762998790810154 0.12777777777777777
0 0.5408101571946796 0.05416666666666667 0.03325272067714631 0.10648148148148148
0 0.5619709794437727 0.049074074074074076 0.03325272067714631 0.0962962962962963
0 0.2067714631197098 0.12824074074074074 0.03506650544135429 0.12314814814814815
0 0.3908706166868198 0.024074074074074074 0.03325272067714631 0.046296296296296294
0 0.36668681983071344 0.025 0.03325272067714631 0.04814814814814815
0 0.218863361547763 0.05416666666666667 0.03990326481257558 0.10648148148148148
0 0.2599758162031439 0.04259259259259259 0.037484885126964934 0.08333333333333333
0 0.17684401451027812 0.13287037037037036 0.03204353083434099 0.13240740740740742
0 0.3473397823458283 0.09675925925925925 0.0380894800483676 0.1287037037037037
0 0.09975816203143893 0.1310185185185185 0.04232164449818621 0.13055555555555556
0 0.1314993954050786 0.15092592592592594 0.03325272067714631 0.13333333333333333
0 0.14721886336154777 0.1527777777777778 0.04171704957678356 0.12962962962962962
0 0.15507859733978235 0.1361111111111111 0.035671100362756954 0.13703703703703704
0 0.03899637243047158 0.12731481481481483 0.03688029020556227 0.13055555555555556
0 0.06257557436517533 0.04722222222222222 0.0380894800483676 0.09259259259259259
0 0.9017533252720678 0.08148148148148149 0.042926239419588876 0.12222222222222222
0 0.9803506650544136 0.03287037037037037 0.02962515114873035 0.06388888888888888
0 0.0190447400241838 0.12129629629629629 0.03688029020556227 0.13518518518518519
0 0.049576783555018135 0.08333333333333333 0.036275695284159616 0.12407407407407407
0 0.07980652962515115 0.08009259259259259 0.02902055622732769 0.11203703703703703
0 0.9362152357920194 0.03287037037037037 0.034461910519951636 0.06388888888888888
0 0.9053808948004837 0.04259259259259259 0.03688029020556227 0.08333333333333333
0 0.1989117291414752 0.04861111111111111 0.032648125755743655 0.09537037037037037
0 0.04353083434099154 0.06574074074074074 0.03143893591293833 0.11666666666666667
0 0.016626360338573155 0.3439814814814815 0.03204353083434099 0.1527777777777778
0 0.31983071342200725 0.19537037037037036 0.03990326481257558 0.1388888888888889
0 0.3219467956469166 0.12777777777777777 0.0380894800483676 0.12962962962962962
