0 0.8137254901960784 0.3386363636363636 0.041773231031543054 0.10909090909090909
0 0.21781756180733164 0.060227272727272727 0.03324808184143223 0.09318181818181819
0 0.16837169650468883 0.056818181818181816 0.03154305200341006 0.09090909090909091
0 0.4948849104859335 0.05113636363636364 0.0247229326513214 0.08409090909090909
0 0.3878942881500426 0.07784090909090909 0.023870417732310314 0.08522727272727272
0 0.5123614663256607 0.08295454545454546 0.03239556692242114 0.08409090909090909
0 0.3512361466325661 0.07670454545454546 0.028985507246376812 0.08068181818181819
0 0.3137254901960784 0.05965909090909091 0.028985507246376812 0.0875
0 0.29923273657289 0.06306818181818181 0.028985507246376812 0.09431818181818181
0 0.4906223358908781 0.08579545454545455 0.03154305200341006 0.09431818181818181
0 0.37169650468883203 0.05965909090909091 0.03239556692242114 0.09431818181818181
0 0.3009377664109122 0.029545454545454545 0.03239556692242114 0.056818181818181816
0 0.34441602728047743 0.019886363636363636 0.028985507246376812 0.0375
0 0.38107416879795397 0.019886363636363636 0.028985507246376812 0.0375
0 0.40153452685422 0.02215909090909091 0.03239556692242114 0.042045454545454546
0 0.43265132139812446 0.02784090909090909 0.03154305200341006 0.053409090909090906
0 0.4906223358908781 0.031818181818181815 0.03154305200341006 0.06136363636363636
0 0.5110826939471441 0.02784090909090909 0.03154305200341006 0.053409090909090906
0 0.9249786871270247 0.04943181818181818 0.03580562659846547 0.09659090909090909
0 0.53154305200341 0.05284090909090909 0.03154305200341006 0.09431818181818181
0 0.8567774936061381 0.04147727272727273 0.030690537084398978 0.08068181818181819
0 0.829923273657289 0.04147727272727273 0.029838022165387893 0.08068181818181819
0 0.716538789428815 0.3170454545454545 0.03665814151747655 0.09772727272727273
0 0.4083546462063086 0.08125 0.03239556692242114 0.08522727272727272
0 0.06095481670929241 0.8965909090909091 0.05200341005967604 0.16363636363636364
0 0.06180733162830349 0.8721590909090909 0.045183290707587385 0.15795454545454546
0 0.8367433930093776 0.9454545454545454 0.058823529411764705 0.11136363636363636
0 0.26044330775788577 0.4596590909090909 0.040068201193520885 0.1215909090909091
0 0.9173060528559249 0.7607954545454545 0.042625745950554135 0.14204545454545456
0 0.8384484228473998 0.7772727272727272 0.045183290707587385 0.14545454545454545
0 0.8405797101449275 0.8090909090909091 0.04603580562659847 0.14545454545454545
0 0.8900255754475703 0.7806818181818181 0.042625745950554135 0.14545454545454545
0 0.9313725490196079 0.7931818181818182 0.04859335038363171 0.16136363636363638
0 0.8951406649616368 0.8335227272727272 0.0494458653026428 0.15795454545454546
0 0.005115089514066497 0.32784090909090907 0.008525149190110827 0.11477272727272728
0 0.5200341005967605 0.30511363636363636 0.04092071611253197 0.10795454545454546
0 0.3917306052855925 0.30511363636363636 0.03665814151747655 0.09659090909090909
0 0.39514066496163686 0.2875 0.03324808184143223 0.11136363636363636
0 0.5174765558397272 0.2778409090909091 0.03580562659846547 0.10113636363636364
0 0.4288150042625746 0.31022727272727274 0.04603580562659847 0.11363636363636363
0 0.4492753623188406 0.33125 0.023870417732310314 0.0715909090909091
0 0.21057118499573743 0.3 0.03751065643648764 0.10454545454545454
0 0.3073316283034953 0.2755681818181818 0.03324808184143223 0.11477272727272728
0 0.33461210571184996 0.28125 0.03324808184143223 0.10795454545454546
0 0.03495311167945439 0.17784090909090908 0.03410059676044331 0.10113636363636364
0 0.0029838022165387893 0.09090909090909091 0.004262574595055414 0.08409090909090909
0 0.15728900255754474 0.1534090909090909 0.028132992327365727 0.09772727272727273
0 0.4880647911338448 0.26534090909090907 0.03495311167945439 0.10795454545454546
0 0.4075021312872975 0.22102272727272726 0.03751065643648764 0.10340909090909091
0 0.479539641943734 0.20681818181818182 0.03324808184143223 0.10681818181818181
0 0.13043478260869565 0.11931818181818182 0.03239556692242114 0.09772727272727273
0 0.20758738277919864 0.125 0.03324808184143223 0.09772727272727273
0 0.17902813299232737 0.12215909090909091 0.027280477408354646 0.09431818181818181
0 0.2557544757033248 0.08011363636363636 0.030690537084398978 0.08295454545454546
0 0.5430520034100597 0.08863636363636364 0.03239556692242114 0.09772727272727273
0 0.27664109121909636 0.12045454545454545 0.03665814151747655 0.09772727272727273
0 0.34995737425404944 0.11704545454545455 0.03495311167945439 0.09090909090909091
0 0.3772378516624041 0.10965909090909091 0.03154305200341006 0.10340909090909091
0 0.4296675191815857 0.11306818181818182 0.03239556692242114 0.0875
0 0.40451832907075874 0.15681818181818183 0.03324808184143223 0.08863636363636364
0 0.5051150895140665 0.19772727272727272 0.028132992327365727 0.10681818181818181
0 0.572463768115942 0.08977272727272727 0.03324808184143223 0.09318181818181819
0 0.49531116794543906 0.11477272727272728 0.03239556692242114 0.09090909090909091
0 0.4697357203751066 0.5522727272727272 0.03751065643648764 0.125
0 0.8789428815004262 0.9738636363636364 0.04092071611253197 0.04772727272727273
0 0.9194373401534527 0.959659090909091 0.05541346973572037 0.08295454545454546
0 0.05711849957374254 0.07386363636363637 0.03239556692242114 0.08409090909090909
0 0.01278772378516624 0.1375 0.023870417732310314 0.10681818181818181
0 0.021312872975277068 0.1431818181818182 0.030690537084398978 0.09318181818181819
0 0.45865302642796246 0.08522727272727272 0.03580562659846547 0.09090909090909091
0 0.3350383631713555 0.05227272727272727 0.028985507246376812 0.08409090909090909
0 0.3073316283034953 0.13636363636363635 0.028132992327365727 0.08863636363636364
0 0.4360613810741688 0.1494318181818182 0.03324808184143223 0.10568181818181818
0 0.28175618073316283 0.07215909090909091 0.03154305200341006 0.07613636363636364
0 0.40238704177323104 0.06647727272727273 0.03239556692242114 0.08295454545454546
0 0.47058823529411764 0.4914772727272727 0.0392156862745098 0.12840909090909092
0 0.7020460358056266 0.8375 0.045183290707587385 0.14772727272727273
0 0.11253196930946291 0.96875 0.03751065643648764 0.060227272727272727
0 0.15899403239556692 0.9704545454545455 0.041773231031543054 0.05909090909090909
0 0.46547314578005117 0.8073863636363636 0.030690537084398978 0.1215909090909091
0 0.7958226768968457 0.678409090909091 0.04859335038363171 0.14545454545454545
0 0.44288150042625746 0.8119318181818181 0.03836317135549872 0.12840909090909092
0 0.30647911338448425 0.6852272727272727 0.05200341005967604 0.14545454545454545
0 0.8572037510656436 0.9096590909090909 0.05200341005967604 0.1375
0 0.7583120204603581 0.8079545454545455 0.043478260869565216 0.15227272727272728
0 0.3218243819266837 0.8636363636363636 0.04859335038363171 0.13863636363636364
0 0.40238704177323104 0.8045454545454546 0.04603580562659847 0.13863636363636364
0 0.8222506393861893 0.9170454545454545 0.05029838022165388 0.14772727272727273
0 0.6922421142369991 0.9471590909090909 0.05285592497868713 0.10568181818181818
0 0.7391304347826086 0.9556818181818182 0.04774083546462063 0.09090909090909091
0 0.15089514066496162 0.6767045454545455 0.04603580562659847 0.13977272727272727
0 0.43691389599317987 0.5005681818181819 0.03495311167945439 0.12386363636363637
0 0.1402387041773231 0.41875 0.026427962489343565 0.09431818181818181
0 0.4437340153452685 0.46193181818181817 0.03836317135549872 0.11022727272727273
0 0.49658994032395565 0.46704545454545454 0.03495311167945439 0.11363636363636363
0 0.4718670076726343 0.11022727272727273 0.03495311167945439 0.09090909090909091
0 0.09931798806479114 0.3931818181818182 0.03665814151747655 0.1159090909090909
0 0.11977834612105712 0.4096590909090909 0.0247229326513214 0.07840909090909091
0 0.08312020460358056 0.7971590909090909 0.03836317135549872 0.10340909090909091
0 0.054987212276214836 0.7744318181818182 0.041773231031543054 0.13295454545454546
0 0.010656436487638534 0.7579545454545454 0.0196078431372549 0.15
0 0.8222506393861893 0.36477272727272725 0.03495311167945439 0.10454545454545454
0 0.6679454390451833 0.8625 0.03154305200341006 0.10681818181818181
0 0.0196078431372549 0.4238636363636364 0.03751065643648764 0.11136363636363636
0 0.3691389599317988 0.8653409090909091 0.0494458653026428 0.1534090909090909
0 0.48891730605285594 0.8846590909090909 0.05541346973572037 0.14659090909090908
0 0.8861892583120204 0.04943181818181818 0.03154305200341006 0.0875
0 0.5652173913043478 0.051704545454545454 0.03580562659846547 0.0875
