0 0.09088541666666666 0.3574074074074074 0.05572916666666667 0.18703703703703703
0 0.075 0.7402777777777778 0.07395833333333333 0.3527777777777778
0 0.26171875 0.8106481481481481 0.08072916666666667 0.3731481481481482
0 0.30833333333333335 0.36666666666666664 0.03854166666666667 0.2
0 0.35651041666666666 0.37407407407407406 0.0609375 0.1925925925925926
0 0.29348958333333336 0.31574074074074077 0.0359375 0.1962962962962963
0 0.40572916666666664 0.30787037037037035 0.046875 0.1935185185185185
0 0.33359375 0.25601851851851853 0.034895833333333334 0.16203703703703703
0 0.315625 0.2574074074074074 0.034375 0.1814814814814815
0 0.375 0.2523148148148148 0.034375 0.1675925925925926
0 0.48802083333333335 0.2884259259259259 0.04791666666666667 0.19907407407407407
0 0.53203125 0.28703703703703703 0.04010416666666667 0.17592592592592593
0 0.6018229166666667 0.3143518518518518 0.049479166666666664 0.1787037037037037
0 0.8619791666666666 0.37962962962962965 0.05625 0.2111111111111111
0 0.24635416666666668 0.30092592592592593 0.04375 0.18518518518518517
0 0.2171875 0.29398148148148145 0.03854166666666667 0.1935185185185185
0 0.7026041666666667 0.324537037037037 0.04791666666666667 0.175
0 0.4328125 0.21064814814814814 0.03958333333333333 0.1675925925925926
0 0.7505208333333333 0.29583333333333334 0.03854166666666667 0.1787037037037037
0 0.7747395833333334 0.28194444444444444 0.034895833333333334 0.175
0 0.7177083333333333 0.2902777777777778 0.03854166666666667 0.1787037037037037
0 0.5380208333333333 0.18518518518518517 0.03854166666666667 0.16111111111111112
0 0.5184895833333333 0.22962962962962963 0.0390625 0.16296296296296298
0 0.46979166666666666 0.16018518518518518 0.03229166666666667 0.13703703703703704
0 0.4817708333333333 0.16574074074074074 0.023958333333333335 0.10555555555555556
0 0.503125 0.1685185185185185 0.025 0.09074074074074075
0 0.49713541666666666 0.1449074074074074 0.027604166666666666 0.13240740740740742
0 0.3106770833333333 0.1486111111111111 0.03697916666666667 0.1398148148148148
0 0.5080729166666667 0.08657407407407407 0.0234375 0.11574074074074074
0 0.7838541666666666 0.07777777777777778 0.027083333333333334 0.09814814814814815
0 0.3963541666666667 0.20462962962962963 0.036458333333333336 0.1685185185185185
0 0.4127604166666667 0.07962962962962963 0.033854166666666664 0.1259259259259259
0 0.38567708333333334 0.0837962962962963 0.027604166666666666 0.10648148148148148
0 0.3614583333333333 0.07453703703703704 0.03125 0.1287037037037037
0 0.35104166666666664 0.09768518518518518 0.023958333333333335 0.08981481481481482
