0 0.3857315598548972 0.8185185185185185 0.03869407496977025 0.17037037037037037
0 0.36638452237001207 0.8662037037037037 0.03869407496977025 0.16203703703703703
0 0.6454050785973398 0.8337962962962963 0.04897218863361548 0.17685185185185184
0 0.374546553808948 0.5768518518518518 0.046553808948004836 0.1425925925925926
0 0.3304111245465538 0.587037037037037 0.04171704957678356 0.14629629629629629
0 0.062273276904474005 0.6324074074074074 0.045949214026602174 0.15185185185185185
0 0.07134220072551391 0.7939814814814815 0.05441354292623942 0.1824074074074074
0 0.11396614268440144 0.8115740740740741 0.051390568319226115 0.1935185185185185
0 0.7137243047158404 0.4837962962962963 0.0380894800483676 0.1675925925925926
0 0.68409915356711 0.5 0.04897218863361548 0.16296296296296298
0 0.6937726723095526 0.5472222222222223 0.04534461910519952 0.16296296296296298
0 0.8038089480048367 0.7810185185185186 0.044135429262394194 0.15648148148148147
0 0.7832527206771464 0.8189814814814815 0.0562273276904474 0.15462962962962962
0 0.3612454655380895 0.2814814814814815 0.03688029020556227 0.13518518518518519
0 0.3143893591293833 0.30462962962962964 0.03506650544135429 0.12962962962962962
0 0.407496977025393 0.2824074074074074 0.037484885126964934 0.13518518518518519
0 0.3996372430471584 0.30416666666666664 0.04836759371221282 0.14166666666666666
0 0.248186215235792 0.8023148148148148 0.046553808948004836 0.175
0 0.3340386940749698 0.7023148148148148 0.039298669891172915 0.1712962962962963
0 0.33766626360338575 0.7171296296296297 0.046553808948004836 0.15648148148148147
0 0.25151148730350664 0.8324074074074074 0.045949214026602174 0.18703703703703703
0 0.32043530834340994 0.32314814814814813 0.045949214026602174 0.13703703703703704
0 0.6324062877871826 0.9412037037037037 0.04836759371221282 0.1175925925925926
0 0.6892382103990327 0.925 0.045949214026602174 0.15185185185185185
0 0.6469165659008465 0.9097222222222222 0.041112454655380895 0.16203703703703703
0 0.970677146311971 0.8106481481481481 0.051390568319226115 0.16574074074074074
0 0.9223095525997581 0.7620370370370371 0.05380894800483676 0.15185185185185185
0 0.9873035066505441 0.7601851851851852 0.022974607013301087 0.17037037037037037
0 0.9020556227327691 0.9657407407407408 0.05078597339782346 0.07037037037037037
0 0.9480048367593712 0.9671296296296297 0.041112454655380895 0.06759259259259259
0 0.8083434099153567 0.9680555555555556 0.04836759371221282 0.06574074074074074
0 0.7617896009673518 0.9527777777777777 0.045949214026602174 0.09444444444444444
0 0.810459492140266 0.5513888888888889 0.03688029020556227 0.15462962962962962
0 0.8681983071342201 0.5796296296296296 0.049576783555018135 0.1648148148148148
0 0.8409915356711004 0.5069444444444444 0.030229746070133012 0.10462962962962963
0 0.8724304715840387 0.5199074074074074 0.03385731559854897 0.12314814814814815
0 0.37031438935912936 0.9745370370370371 0.039298669891172915 0.05277777777777778
0 0.1505441354292624 0.16157407407407406 0.03506650544135429 0.12685185185185185
0 0.09461910519951633 0.2828703703703704 0.04534461910519952 0.16203703703703703
0 0.1786577992744861 0.19166666666666668 0.034461910519951636 0.12962962962962962
0 0.6765417170495768 0.11712962962962963 0.03385731559854897 0.12685185185185185
0 0.7082829504232164 0.12129629629629629 0.03204353083434099 0.11851851851851852
0 0.35066505441354295 0.16064814814814815 0.03869407496977025 0.11574074074074074
0 0.310459492140266 0.23472222222222222 0.03688029020556227 0.1398148148148148
0 0.41293833131801694 0.19305555555555556 0.032648125755743655 0.13240740740740742
0 0.5272067714631197 0.16527777777777777 0.036275695284159616 0.14351851851851852
0 0.42503022974607013 0.15925925925925927 0.032648125755743655 0.12962962962962962
0 0.5075574365175333 0.1935185185185185 0.04171704957678356 0.12407407407407407
0 0.589782345828295 0.15 0.03688029020556227 0.12407407407407407
0 0.626360338573156 0.1375 0.04232164449818621 0.12685185185185185
0 0.6750302297460702 0.14074074074074075 0.044135429262394194 0.1259259259259259
0 0.7203748488512697 0.10694444444444444 0.034461910519951636 0.11203703703703703
0 0.7484885126964933 0.13796296296296295 0.03506650544135429 0.13333333333333333
0 0.7735792019347038 0.26342592592592595 0.044135429262394194 0.13240740740740742
0 0.907496977025393 0.32037037037037036 0.03506650544135429 0.11296296296296296
0 0.9359129383313181 0.31527777777777777 0.03506650544135429 0.13425925925925927
0 0.9607013301088271 0.23055555555555557 0.032648125755743655 0.12407407407407407
0 0.9198911729141476 0.2712962962962963 0.034461910519951636 0.13148148148148148
0 0.9622128174123338 0.2902777777777778 0.039298669891172915 0.1398148148148148
0 0.944074969770254 0.36157407407407405 0.044135429262394194 0.15462962962962962
0 0.9117291414752116 0.3638888888888889 0.04232164449818621 0.1574074074074074
0 0.780229746070133 0.36018518518518516 0.02962515114873035 0.09814814814814815
0 0.805925030229746 0.3365740740740741 0.037484885126964934 0.13425925925925927
0 0.8216444981862152 0.3453703703703704 0.030229746070133012 0.10740740740740741
0 0.9863966142684402 0.2708333333333333 0.02720677146311971 0.14537037037037037
0 0.8969165659008465 0.43657407407407406 0.05380894800483676 0.13796296296296295
0 0.9419588875453446 0.43287037037037035 0.04232164449818621 0.15648148148148147
0 0.9818621523579202 0.4097222222222222 0.03385731559854897 0.15462962962962962
0 0.9818621523579202 0.4449074074074074 0.03385731559854897 0.14537037037037037
0 0.9204957678355502 0.49722222222222223 0.046553808948004836 0.14814814814814814
0 0.9247279322853688 0.5685185185185185 0.046553808948004836 0.1537037037037037
0 0.6169891172914147 0.3351851851851852 0.04171704957678356 0.13703703703703704
0 0.6429866989117291 0.3490740740740741 0.039298669891172915 0.15185185185185185
0 0.777509068923821 0.31342592592592594 0.030229746070133012 0.12685185185185185
0 0.7569528415961306 0.30648148148148147 0.03385731559854897 0.1259259259259259
0 0.6638452237001209 0.4074074074074074 0.037484885126964934 0.1537037037037037
0 0.6348246674727932 0.40046296296296297 0.037484885126964934 0.14722222222222223
0 0.6992140266021766 0.3814814814814815 0.04171704957678356 0.1425925925925926
0 0.8579201934703748 0.37592592592592594 0.037484885126964934 0.13148148148148148
0 0.7781136638452237 0.6087962962962963 0.05078597339782346 0.15833333333333333
0 0.1435912938331318 0.3449074074074074 0.04050785973397823 0.13796296296296295
0 0.18349455864570738 0.3402777777777778 0.04171704957678356 0.13240740740740742
0 0.17654171704957677 0.4115740740740741 0.041112454655380895 0.1527777777777778
0 0.12787182587666263 0.41574074074074074 0.042926239419588876 0.1425925925925926
0 0.040810157194679564 0.5185185185185185 0.039298669891172915 0.1648148148148148
0 0.07255139056831923 0.5435185185185185 0.049576783555018135 0.1685185185185185
0 0.10640870616686819 0.562037037037037 0.03506650544135429 0.10185185185185185
0 0.40114873035066506 0.6671296296296296 0.044135429262394194 0.16018518518518518
0 0.08645707376058041 0.1925925925925926 0.037484885126964934 0.12407407407407407
0 0.08373639661426845 0.2101851851851852 0.039298669891172915 0.11481481481481481
0 0.11003627569528417 0.6296296296296297 0.04836759371221282 0.1574074074074074
0 0.3001813784764208 0.6648148148148149 0.04171704957678356 0.1648148148148148
0 0.3180169286577993 0.6337962962962963 0.03869407496977025 0.16574074074074074
0 0.3515719467956469 0.6550925925925926 0.03688029020556227 0.14351851851851852
0 0.6499395405078597 0.8046296296296296 0.044740024183796856 0.14814814814814814
0 0.6490326481257558 0.7699074074074074 0.06469165659008465 0.16018518518518518
0 0.5003022974607013 0.32407407407407407 0.039298669891172915 0.11851851851851852
0 0.33615477629987905 0.8421296296296297 0.04836759371221282 0.1712962962962963
0 0.7832527206771464 0.24537037037037038 0.034461910519951636 0.14074074074074075
0 0.3805925030229746 0.17407407407407408 0.034461910519951636 0.13148148148148148
0 0.2841596130592503 0.23657407407407408 0.037484885126964934 0.125
0 0.49727932285368803 0.2828703703703704 0.04534461910519952 0.16018518518518518
0 0.23639661426844014 0.5972222222222222 0.041112454655380895 0.1537037037037037
0 0.24062877871825877 0.5666666666666667 0.037484885126964934 0.14629629629629629
0 0.05804111245465538 0.8717592592592592 0.05078597339782346 0.1675925925925926
0 0.1977025392986699 0.5962962962962963 0.044740024183796856 0.14629629629629629
0 0.21432889963724305 0.5393518518518519 0.03688029020556227 0.15092592592592594
0 0.1777509068923821 0.5578703703703703 0.0471584038694075 0.15462962962962962
0 0.4848851269649335 0.5828703703703704 0.03990326481257558 0.16018518518518518
0 0.3935912938331318 0.24212962962962964 0.030229746070133012 0.1287037037037037
0 0.41414752116082226 0.24861111111111112 0.032648125755743655 0.12685185185185185
0 0.5139056831922612 0.5712962962962963 0.036275695284159616 0.14629629629629629
0 0.7155380894800484 0.9550925925925926 0.046553808948004836 0.08981481481481482
0 0.9117291414752116 0.8712962962962963 0.049576783555018135 0.1685185185185185
0 0.6717049576783555 0.9601851851851851 0.03869407496977025 0.07962962962962963
0 0.719770253929867 0.3851851851851852 0.04171704957678356 0.11851851851851852
0 0.7663240628778718 0.3875 0.04171704957678356 0.13796296296296295
0 0.2790205562273277 0.3819444444444444 0.044135429262394194 0.13796296296296295
0 0.25725513905683195 0.3976851851851852 0.034461910519951636 0.13796296296296295
0 0.5495767835550182 0.5060185185185185 0.032648125755743655 0.12685185185185185
0 0.47702539298669894 0.9782407407407407 0.03869407496977025 0.04537037037037037
0 0.528415961305925 0.8222222222222222 0.04836759371221282 0.17777777777777778
0 0.43440145102781136 0.8800925925925925 0.04534461910519952 0.16203703703703703
0 0.533857315598549 0.5907407407407408 0.044740024183796856 0.1574074074074074
0 0.5024183796856106 0.9222222222222223 0.05562273276904474 0.15555555555555556
0 0.32466747279322855 0.7768518518518519 0.044740024183796856 0.17407407407407408
0 0.5532043530834341 0.5226851851851851 0.03990326481257558 0.13240740740740742
0 0.5253929866989118 0.5287037037037037 0.02902055622732769 0.10740740740740741
0 0.5486698911729141 0.6226851851851852 0.04171704957678356 0.14907407407407408
0 0.49365175332527206 0.8740740740740741 0.047762998790810154 0.1925925925925926
0 0.3603385731559855 0.4888888888888889 0.037484885126964934 0.13518518518518519
0 0.3382708585247884 0.4027777777777778 0.035671100362756954 0.14629629629629629
0 0.3019951632406288 0.4847222222222222 0.03688029020556227 0.16203703703703703
0 0.375453446191052 0.7203703703703703 0.037484885126964934 0.1574074074074074
0 0.38784764207980654 0.7768518518518519 0.04897218863361548 0.16296296296296298
0 0.41384522370012095 0.7449074074074075 0.042926239419588876 0.16574074074074074
0 0.3615477629987908 0.7407407407407407 0.03869407496977025 0.17407407407407408
0 0.4667472793228537 0.7476851851851852 0.044740024183796856 0.15462962962962962
0 0.6777509068923822 0.7060185185185185 0.05199516324062878 0.15092592592592594
0 0.2569528415961306 0.46111111111111114 0.05804111245465538 0.13518518518518519
0 0.4737001209189843 0.5518518518518518 0.039298669891172915 0.13518518518518519
0 0.4588875453446191 0.5203703703703704 0.049576783555018135 0.13518518518518519
0 0.2759975816203144 0.5944444444444444 0.039298669891172915 0.15185185185185185
0 0.186819830713422 0.8138888888888889 0.05804111245465538 0.15555555555555556
0 0.4703748488512696 0.42268518518518516 0.032648125755743655 0.14907407407407408
0 0.4915356711003628 0.3972222222222222 0.03506650544135429 0.14074074074074075
0 0.48972188633615477 0.6375 0.04232164449818621 0.16018518518518518
0 0.4546553808948005 0.45 0.03143893591293833 0.11481481481481481
0 0.4954655380894801 0.4666666666666667 0.03204353083434099 0.11851851851851852
0 0.2672309552599758 0.6342592592592593 0.04836759371221282 0.1685185185185185
0 0.24365175332527206 0.9574074074074074 0.037484885126964934 0.08518518518518518
0 0.17623941958887546 0.9555555555555556 0.04897218863361548 0.09074074074074075
0 0.5456469165659008 0.9597222222222223 0.04897218863361548 0.0824074074074074
0 0.9897218863361548 0.07407407407407407 0.018137847642079808 0.10925925925925926
0 0.9480048367593712 0.038425925925925926 0.03506650544135429 0.075
0 0.9730955259975816 0.041666666666666664 0.02962515114873035 0.08148148148148149
0 0.9876058041112454 0.09953703703703703 0.022370012091898428 0.13055555555555556
0 0.9256348246674728 0.059722222222222225 0.036275695284159616 0.1175925925925926
0 0.9588875453446191 0.11527777777777778 0.041112454655380895 0.13240740740740742
0 0.9794437726723095 0.11944444444444445 0.036275695284159616 0.12407407407407407
0 0.9307738814993954 0.1439814814814815 0.04171704957678356 0.13240740740740742
0 0.9159613059250302 0.09444444444444444 0.036275695284159616 0.12407407407407407
0 0.8914752116082225 0.14675925925925926 0.04171704957678356 0.13055555555555556
0 0.9836759371221282 0.3486111111111111 0.03143893591293833 0.12685185185185185
0 0.8911729141475212 0.3921296296296296 0.04836759371221282 0.13425925925925927
0 0.5752720677146312 0.029166666666666667 0.02720677146311971 0.05648148148148148
0 0.5610640870616687 0.026851851851851852 0.02539298669891173 0.05185185185185185
0 0.682285368802902 0.07453703703703704 0.03688029020556227 0.11574074074074074
0 0.6695888754534461 0.09305555555555556 0.034461910519951636 0.12685185185185185
0 0.7079806529625151 0.05694444444444444 0.03506650544135429 0.11203703703703703
0 0.5565296251511487 0.16944444444444445 0.042926239419588876 0.13518518518518519
0 0.7200725513905684 0.14351851851851852 0.03506650544135429 0.12962962962962962
0 0.21553808948004838 0.01990740740740741 0.03204353083434099 0.03796296296296296
0 0.18107617896009673 0.02546296296296296 0.034461910519951636 0.049074074074074076
0 0.06287787182587666 0.024074074074074074 0.030229746070133012 0.046296296296296294
0 0.08766626360338574 0.02175925925925926 0.02781136638452237 0.041666666666666664
0 0.11970979443772672 0.02638888888888889 0.02781136638452237 0.05092592592592592
0 0.44347037484885127 0.044444444444444446 0.028415961305925032 0.08703703703703704
0 0.46039903264812576 0.04675925925925926 0.03325272067714631 0.09166666666666666
0 0.42593712212817414 0.027777777777777776 0.028415961305925032 0.053703703703703705
0 0.2058645707376058 0.06805555555555555 0.0380894800483676 0.12129629629629629
0 0.1677750906892382 0.06898148148148148 0.03688029020556227 0.1175925925925926
0 0.6314993954050786 0.05416666666666667 0.03204353083434099 0.10648148148148148
0 0.6735187424425635 0.06111111111111111 0.032648125755743655 0.11296296296296296
0 0.6378476420798065 0.0875 0.037484885126964934 0.13796296296296295
0 0.6018742442563483 0.08796296296296297 0.034461910519951636 0.12407407407407407
0 0.439540507859734 0.11712962962962963 0.032648125755743655 0.11203703703703703
0 0.42200725513905685 0.08888888888888889 0.03506650544135429 0.12962962962962962
0 0.29020556227327693 0.0712962962962963 0.037484885126964934 0.12037037037037036
0 0.23881499395405079 0.049074074074074076 0.03385731559854897 0.0962962962962963
0 0.28960096735187424 0.04212962962962963 0.030229746070133012 0.0824074074074074
0 0.585247883917775 0.025925925925925925 0.02902055622732769 0.05
