0 0.1474850809889173 0.3659090909090909 0.0392156862745098 0.125
0 0.7924126172208014 0.24545454545454545 0.041773231031543054 0.09772727272727273
0 0.10144927536231885 0.35568181818181815 0.04092071611253197 0.12045454545454545
0 0.5545609548167093 0.4022727272727273 0.04859335038363171 0.125
0 0.46035805626598464 0.1409090909090909 0.03239556692242114 0.09772727272727273
0 0.8213981244671782 0.34545454545454546 0.03836317135549872 0.1159090909090909
0 0.7480818414322251 0.32272727272727275 0.03324808184143223 0.10681818181818181
0 0.7472293265132139 0.34204545454545454 0.03836317135549872 0.11136363636363636
0 0.7868712702472294 0.33295454545454545 0.03410059676044331 0.1159090909090909
0 0.7745098039215687 0.3403409090909091 0.03665814151747655 0.11704545454545455
0 0.7664109121909634 0.3698863636363636 0.03751065643648764 0.11931818181818182
0 0.742540494458653 0.5227272727272727 0.042625745950554135 0.12045454545454545
0 0.8802216538789429 0.5511363636363636 0.05200341005967604 0.125
0 0.5869565217391305 0.678409090909091 0.03665814151747655 0.12954545454545455
0 0.8056265984654731 0.12954545454545455 0.03239556692242114 0.10454545454545454
0 0.8508098891730606 0.02556818181818182 0.027280477408354646 0.048863636363636366
0 0.15004262574595056 0.03409090909090909 0.02557544757033248 0.0659090909090909
0 0.17092924126172207 0.03295454545454545 0.028132992327365727 0.06363636363636363
0 0.23358908780903667 0.03579545454545455 0.02557544757033248 0.06931818181818182
0 0.49701619778346123 0.06363636363636363 0.03580562659846547 0.08636363636363636
0 0.40451832907075874 0.05738636363636364 0.03154305200341006 0.08068181818181819
0 0.38022165387894286 0.04147727272727273 0.027280477408354646 0.08068181818181819
0 0.4722932651321398 0.024431818181818183 0.027280477408354646 0.04659090909090909
0 0.3137254901960784 0.009659090909090909 0.02557544757033248 0.017045454545454544
0 0.443307757885763 0.055113636363636365 0.03410059676044331 0.09204545454545454
0 0.46121057118499575 0.06761363636363636 0.023870417732310314 0.05795454545454545
0 0.33034953111679455 0.011931818181818182 0.028132992327365727 0.02159090909090909
0 0.35038363171355497 0.017045454545454544 0.027280477408354646 0.031818181818181815
0 0.35848252344416026 0.029545454545454545 0.028132992327365727 0.056818181818181816
0 0.4458653026427962 0.01818181818181818 0.030690537084398978 0.03409090909090909
0 0.4198635976129582 0.007954545454545454 0.028132992327365727 0.013636363636363636
0 0.5664961636828645 0.4732954545454545 0.041773231031543054 0.1215909090909091
0 0.6214833759590793 0.7960227272727273 0.04603580562659847 0.13522727272727272
0 0.20161977834612105 0.2625 0.03495311167945439 0.10454545454545454
0 0.42028985507246375 0.17556818181818182 0.03239556692242114 0.10340909090909091
0 0.26044330775788577 0.5068181818181818 0.041773231031543054 0.13863636363636364
0 0.7702472293265132 0.4244318181818182 0.03665814151747655 0.11022727272727273
0 0.22421142369991476 0.975 0.04774083546462063 0.05
0 0.12617220801364024 0.9460227272727273 0.04774083546462063 0.10795454545454546
0 0.16709292412617222 0.9454545454545454 0.0443307757885763 0.10909090909090909
0 0.4279624893435635 0.36420454545454545 0.028985507246376812 0.09659090909090909
0 0.4096334185848252 0.36477272727272725 0.03324808184143223 0.10681818181818181
0 0.3150042625745951 0.28806818181818183 0.040068201193520885 0.10568181818181818
0 0.02557544757033248 0.43977272727272726 0.0443307757885763 0.1340909090909091
0 0.80306905370844 0.5397727272727273 0.042625745950554135 0.12954545454545455
0 0.9092071611253197 0.7079545454545455 0.05370843989769821 0.12954545454545455
0 0.8721227621483376 0.7375 0.04774083546462063 0.14772727272727273
0 0.8107416879795396 0.42329545454545453 0.03751065643648764 0.11477272727272728
0 0.9467178175618073 0.9857954545454546 0.041773231031543054 0.028409090909090908
0 0.7148337595907929 0.9710227272727273 0.043478260869565216 0.060227272727272727
0 0.7753623188405797 0.9545454545454546 0.058823529411764705 0.09090909090909091
0 0.5571184995737425 0.5710227272727273 0.03495311167945439 0.12386363636363637
0 0.3375959079283887 0.3971590909090909 0.04092071611253197 0.11022727272727273
0 0.3874680306905371 0.3573863636363636 0.03324808184143223 0.10568181818181818
0 0.8746803069053708 0.9232954545454546 0.05115089514066496 0.13295454545454546
0 0.8495311167945439 0.9556818181818182 0.05200341005967604 0.09090909090909091
0 0.9680306905370843 0.9409090909090909 0.05029838022165388 0.11818181818181818
0 0.05370843989769821 0.08352272727272728 0.03580562659846547 0.08295454545454546
0 0.1547314578005115 0.14886363636363636 0.029838022165387893 0.09318181818181819
0 0.7681159420289855 0.5522727272727272 0.04092071611253197 0.12954545454545455
0 0.10017050298380221 0.44772727272727275 0.03495311167945439 0.11363636363636363
0 0.13256606990622335 0.44886363636363635 0.03495311167945439 0.1159090909090909
0 0.5012787723785166 0.48806818181818185 0.0392156862745098 0.12840909090909092
0 0.5358056265984654 0.4954545454545455 0.041773231031543054 0.1159090909090909
0 0.03154305200341006 0.2840909090909091 0.030690537084398978 0.10454545454545454
0 0.12233589087809037 0.24488636363636362 0.03154305200341006 0.08977272727272727
0 0.15899403239556692 0.24147727272727273 0.03154305200341006 0.10568181818181818
0 0.0076726342710997444 0.6397727272727273 0.013640238704177323 0.1431818181818182
0 0.34441602728047743 0.23806818181818182 0.0443307757885763 0.11022727272727273
0 0.3934356351236147 0.1784090909090909 0.023017902813299233 0.09318181818181819
0 0.2958226768968457 0.1534090909090909 0.023870417732310314 0.075
0 0.1794543904518329 0.14545454545454545 0.028132992327365727 0.10227272727272728
0 0.20545609548167093 0.14772727272727273 0.028985507246376812 0.09318181818181819
0 0.46334185848252346 0.16704545454545455 0.03154305200341006 0.09318181818181819
0 0.5025575447570333 0.17272727272727273 0.03154305200341006 0.09090909090909091
0 0.9232736572890026 0.21079545454545454 0.030690537084398978 0.09204545454545454
0 0.1474850809889173 0.05568181818181818 0.03410059676044331 0.08863636363636364
0 0.19863597612958228 0.0375 0.030690537084398978 0.0659090909090909
0 0.2693947144075021 0.13636363636363635 0.028985507246376812 0.09318181818181819
0 0.7242114236999148 0.6346590909090909 0.043478260869565216 0.1375
0 0.8171355498721228 0.6511363636363636 0.04688832054560955 0.1431818181818182
0 0.7152600170502984 0.7488636363636364 0.042625745950554135 0.14772727272727273
0 0.7459505541346974 0.7375 0.04603580562659847 0.15227272727272728
0 0.4462915601023018 0.8011363636363636 0.045183290707587385 0.15227272727272728
0 0.69693094629156 0.6738636363636363 0.041773231031543054 0.125
0 0.6794543904518329 0.7448863636363636 0.04603580562659847 0.13295454545454546
0 0.7843137254901961 0.6625 0.042625745950554135 0.1318181818181818
0 0.36871270247229326 0.36420454545454545 0.029838022165387893 0.0875
0 0.345694799658994 0.3477272727272727 0.03324808184143223 0.10909090909090909
0 0.3213981244671782 0.3340909090909091 0.03580562659846547 0.12045454545454545
0 0.8465473145780051 0.08409090909090909 0.03239556692242114 0.09318181818181819
0 0.7497868712702472 0.4375 0.03324808184143223 0.07954545454545454
0 0.7357203751065644 0.6954545454545454 0.042625745950554135 0.15
0 0.19352088661551578 0.10738636363636364 0.030690537084398978 0.08977272727272727
0 0.021312872975277068 0.7795454545454545 0.04092071611253197 0.15
0 0.6176470588235294 0.9579545454545455 0.060528559249786874 0.08181818181818182
0 0.0029838022165387893 0.8852272727272728 0.004262574595055414 0.1590909090909091
0 0.443307757885763 0.5602272727272727 0.03751065643648764 0.13863636363636364
0 0.489769820971867 0.740909090909091 0.04859335038363171 0.14772727272727273
0 0.5443307757885762 0.7511363636363636 0.041773231031543054 0.13636363636363635
0 0.2877237851662404 0.5198863636363636 0.041773231031543054 0.11704545454545455
0 0.4863597612958227 0.6840909090909091 0.04688832054560955 0.13863636363636364
0 0.8985507246376812 0.9460227272727273 0.0443307757885763 0.10113636363636364
0 0.36615515771526 0.39943181818181817 0.03324808184143223 0.11477272727272728
0 0.44458653026427963 0.4056818181818182 0.041773231031543054 0.11136363636363636
0 0.30221653878942883 0.9204545454545454 0.05200341005967604 0.16136363636363638
0 0.42071611253196933 0.725 0.05200341005967604 0.1431818181818182
0 0.3431372549019608 0.9306818181818182 0.04688832054560955 0.1409090909090909
0 0.46547314578005117 0.8460227272727273 0.04603580562659847 0.13522727272727272
0 0.08013640238704177 0.9454545454545454 0.05285592497868713 0.10909090909090909
0 0.35294117647058826 0.7534090909090909 0.04092071611253197 0.13863636363636364
0 0.3793691389599318 0.7573863636363637 0.056265984654731455 0.15795454545454546
0 0.4057971014492754 0.9210227272727273 0.05115089514066496 0.15795454545454546
0 0.41901108269394716 0.8477272727272728 0.04688832054560955 0.15227272727272728
0 0.3853367433930094 0.7068181818181818 0.0494458653026428 0.14545454545454545
0 0.42838874680306904 0.7715909090909091 0.05029838022165388 0.14772727272727273
0 0.556692242114237 0.6914772727272728 0.0494458653026428 0.14204545454545456
0 0.8601875532821824 0.7971590909090909 0.04092071611253197 0.14431818181818182
0 0.8248081841432225 0.7948863636363637 0.05029838022165388 0.1534090909090909
0 0.4036658141517477 0.5636363636363636 0.041773231031543054 0.12045454545454545
