0 0.7681378476420798 0.9087962962962963 0.04534461910519952 0.16203703703703703
0 0.8092503022974608 0.9629629629629629 0.044135429262394194 0.07592592592592592
0 0.3875453446191052 0.5532407407407407 0.037484885126964934 0.14907407407407408
0 0.24727932285368803 0.337037037037037 0.04232164449818621 0.14629629629629629
0 0.0782950423216445 0.48703703703703705 0.04171704957678356 0.15
0 0.03143893591293833 0.775 0.0592503022974607 0.17037037037037037
0 0.10399032648125756 0.4083333333333333 0.03990326481257558 0.14444444444444443
0 0.10217654171704958 0.4638888888888889 0.041112454655380895 0.14629629629629629
0 0.8567110036275696 0.37175925925925923 0.04353083434099154 0.13240740740740742
0 0.8585247883917775 0.35324074074074074 0.04232164449818621 0.1287037037037037
0 0.281136638452237 0.6685185185185185 0.044740024183796856 0.16296296296296298
0 0.30169286577992743 0.6365740740740741 0.03990326481257558 0.15092592592592594
0 0.3814993954050786 0.6398148148148148 0.03506650544135429 0.13703703703703704
0 0.7678355501813785 0.961574074074074 0.03990326481257558 0.0787037037037037
0 0.6027811366384522 0.9532407407407407 0.05078597339782346 0.09351851851851851
0 0.2327690447400242 0.5810185185185185 0.03385731559854897 0.14537037037037037
0 0.2439540507859734 0.5532407407407407 0.035671100362756954 0.13240740740740742
0 0.19951632406287786 0.5578703703703703 0.036275695284159616 0.13796296296296295
0 0.20707376058041113 0.5199074074074074 0.044135429262394194 0.14907407407407408
0 0.16928657799274485 0.5393518518518519 0.04353083434099154 0.15648148148148147
0 0.38331318016928656 0.22685185185185186 0.032648125755743655 0.12962962962962962
0 0.405683192261185 0.23148148148148148 0.03143893591293833 0.13148148148148148
0 0.7155380894800484 0.3787037037037037 0.046553808948004836 0.12037037037037036
0 0.750906892382104 0.38796296296296295 0.041112454655380895 0.13518518518518519
0 0.27055622732769047 0.375 0.047762998790810154 0.14074074074074075
0 0.2457678355501814 0.38796296296296295 0.03325272067714631 0.1537037037037037
0 0.9882103990326482 0.7759259259259259 0.022370012091898428 0.13148148148148148
0 0.3675937122128174 0.9680555555555556 0.04353083434099154 0.06574074074074074
0 0.48155985489721886 0.45740740740740743 0.0380894800483676 0.14074074074074075
0 0.3186215235792019 0.7726851851851851 0.049576783555018135 0.1675925925925926
0 0.9640266021765417 0.7907407407407407 0.044135429262394194 0.15185185185185185
0 0.4525392986698912 0.38657407407407407 0.04050785973397823 0.1398148148148148
0 0.3542926239419589 0.4740740740740741 0.037484885126964934 0.12962962962962962
0 0.3591293833131802 0.6712962962962963 0.053204353083434096 0.16296296296296298
0 0.4987908101571947 0.5837962962962963 0.03143893591293833 0.14351851851851852
0 0.3633615477629988 0.6990740740740741 0.032648125755743655 0.1574074074074074
0 0.3808948004836759 0.7273148148148149 0.04353083434099154 0.1712962962962963
0 0.5888754534461911 0.611574074074074 0.04232164449818621 0.15648148148148147
0 0.6284764207980653 0.6342592592592593 0.044135429262394194 0.1648148148148148
0 0.4398428053204353 0.7310185185185185 0.044135429262394194 0.14537037037037037
0 0.6801692865779927 0.7175925925925926 0.05199516324062878 0.13703703703703704
0 0.4948609431680774 0.42962962962962964 0.03688029020556227 0.1388888888888889
0 0.4655380894800484 0.5287037037037037 0.03869407496977025 0.13703703703703704
0 0.4573760580411125 0.49444444444444446 0.04897218863361548 0.10740740740740741
0 0.5084643288996372 0.5578703703703703 0.044740024183796856 0.15648148148148147
0 0.5350665054413543 0.586574074074074 0.04232164449818621 0.16203703703703703
0 0.5335550181378477 0.6370370370370371 0.04050785973397823 0.10925925925925926
0 0.43409915356711004 0.034722222222222224 0.026602176541717048 0.06759259259259259
0 0.40477629987908104 0.04398148148148148 0.035671100362756954 0.08611111111111111
0 0.37394195888754533 0.9097222222222222 0.0501813784764208 0.1787037037037037
0 0.7648125755743652 0.7162037037037037 0.05199516324062878 0.16574074074074074
0 0.3775695284159613 0.9467592592592593 0.042926239419588876 0.10833333333333334
0 0.9467956469165659 0.5740740740740741 0.04353083434099154 0.14074074074074075
0 0.7097944377267231 0.7379629629629629 0.04353083434099154 0.16111111111111112
0 0.7451632406287787 0.7569444444444444 0.044135429262394194 0.1527777777777778
0 0.9159613059250302 0.5796296296296296 0.05562273276904474 0.1574074074074074
0 0.9198911729141476 0.7842592592592592 0.04534461910519952 0.17037037037037037
0 0.7599758162031439 0.8060185185185185 0.044740024183796856 0.1787037037037037
0 0.967956469165659 0.15555555555555556 0.03143893591293833 0.1037037037037037
0 0.879081015719468 0.8111111111111111 0.05562273276904474 0.17222222222222222
0 0.9546553808948005 0.8314814814814815 0.0471584038694075 0.16296296296296298
0 0.8972188633615478 0.9856481481481482 0.036275695284159616 0.030555555555555555
0 0.5864570737605804 0.8171296296296297 0.045949214026602174 0.16203703703703703
0 0.5386940749697703 0.8375 0.044740024183796856 0.14537037037037037
0 0.6753325272067715 0.575925925925926 0.0471584038694075 0.1537037037037037
0 0.6641475211608222 0.6041666666666666 0.034461910519951636 0.14351851851851852
0 0.4322853688029021 0.5884259259259259 0.03506650544135429 0.15092592592592594
0 0.4667472793228537 0.5837962962962963 0.036275695284159616 0.14907407407407408
0 0.21039903264812576 0.6555555555555556 0.044740024183796856 0.1648148148148148
0 0.13119709794437726 0.5027777777777778 0.0471584038694075 0.14444444444444443
0 0.13996372430471585 0.7472222222222222 0.046553808948004836 0.1685185185185185
0 0.5386940749697703 0.6847222222222222 0.04232164449818621 0.16574074074074074
0 0.5713422007255139 0.6912037037037037 0.04836759371221282 0.16018518518518518
0 0.13422007255139057 0.4861111111111111 0.03990326481257558 0.14074074074074075
0 0.22611850060459493 0.21481481481481482 0.032648125755743655 0.12037037037037036
0 0.2587666263603386 0.2050925925925926 0.04353083434099154 0.1361111111111111
0 0.9785368802902056 0.14212962962962963 0.03325272067714631 0.12129629629629629
0 0.9437726723095526 0.15601851851851853 0.03869407496977025 0.13425925925925927
0 0.9534461910519951 0.13055555555555556 0.03506650544135429 0.11666666666666667
0 0.9812575574365175 0.5569444444444445 0.036275695284159616 0.15648148148148147
0 0.9833736396614269 0.575 0.028415961305925032 0.15
0 0.005441354292623942 0.8916666666666667 0.009673518742442563 0.16666666666666666
0 0.660217654171705 0.9699074074074074 0.045949214026602174 0.06018518518518518
0 0.8116686819830713 0.42407407407407405 0.042926239419588876 0.14814814814814814
0 0.782950423216445 0.4212962962962963 0.037484885126964934 0.13703703703703704
0 0.7998790810157195 0.6967592592592593 0.049576783555018135 0.17314814814814813
0 0.24909310761789602 0.6277777777777778 0.04353083434099154 0.13148148148148148
0 0.2717654171704958 0.5912037037037037 0.04897218863361548 0.15833333333333333
0 0.2959492140266022 0.6189814814814815 0.046553808948004836 0.16018518518518518
0 0.03476420798065296 0.4 0.04171704957678356 0.14629629629629629
0 0.05411124546553809 0.3851851851851852 0.0380894800483676 0.12962962962962962
0 0.19860943168077388 0.3990740740740741 0.044135429262394194 0.1388888888888889
0 0.3464328899637243 0.2800925925925926 0.03869407496977025 0.13240740740740742
0 0.3476420798065296 0.2625 0.0471584038694075 0.13796296296296295
0 0.12273276904474002 0.5435185185185185 0.036275695284159616 0.14444444444444443
0 0.9156590084643289 0.8472222222222222 0.046553808948004836 0.14814814814814814
0 0.7956469165659008 0.812962962962963 0.05078597339782346 0.15185185185185185
0 0.8887545344619106 0.7231481481481481 0.05199516324062878 0.1685185185185185
0 0.1003627569528416 0.5148148148148148 0.04232164449818621 0.16111111111111112
0 0.837968561064087 0.7125 0.049576783555018135 0.1675925925925926
0 0.8697097944377267 0.5578703703703703 0.06469165659008465 0.1787037037037037
0 0.5683192261185006 0.2064814814814815 0.03990326481257558 0.13703703703703704
0 0.5368802902055623 0.21435185185185185 0.03506650544135429 0.14537037037037037
0 0.5193470374848851 0.2162037037037037 0.03506650544135429 0.13796296296296295
0 0.8095525997581621 0.4824074074074074 0.041112454655380895 0.15555555555555556
0 0.7675332527206772 0.4837962962962963 0.05380894800483676 0.14351851851851852
0 0.6952841596130592 0.3976851851851852 0.0471584038694075 0.13240740740740742
0 0.659310761789601 0.3888888888888889 0.04897218863361548 0.15555555555555556
0 0.653869407496977 0.4546296296296296 0.04897218863361548 0.14814814814814814
0 0.4827690447400242 0.08981481481481482 0.03325272067714631 0.12222222222222222
0 0.18228536880290205 0.29444444444444445 0.05259975816203144 0.16296296296296298
0 0.3295042321644498 0.21574074074074073 0.05441354292623942 0.14444444444444443
0 0.062273276904474005 0.28194444444444444 0.041112454655380895 0.13796296296296295
0 0.030229746070133012 0.26851851851851855 0.041112454655380895 0.14814814814814814
0 0.011789600967351875 0.5189814814814815 0.022370012091898428 0.15648148148148147
0 0.004534461910519952 0.3472222222222222 0.007859733978234583 0.15
0 0.02267230955259976 0.36574074074074076 0.044135429262394194 0.15185185185185185
0 0.5737605804111245 0.2361111111111111 0.03990326481257558 0.14444444444444443
0 0.6058041112454655 0.1726851851851852 0.037484885126964934 0.13425925925925927
0 0.03083434099153567 0.5046296296296297 0.0471584038694075 0.1685185185185185
0 0.24244256348246676 0.16296296296296298 0.02781136638452237 0.11481481481481481
0 0.2548367593712213 0.10416666666666667 0.02962515114873035 0.11574074074074074
0 0.49365175332527206 0.2763888888888889 0.04171704957678356 0.13425925925925927
0 0.05078597339782346 0.46574074074074073 0.036275695284159616 0.14629629629629629
0 0.0501813784764208 0.4388888888888889 0.045949214026602174 0.1574074074074074
0 0.620918984280532 0.46435185185185185 0.03506650544135429 0.11574074074074074
0 0.5698307134220073 0.3888888888888889 0.03204353083434099 0.11851851851851852
0 0.536577992744861 0.37916666666666665 0.039298669891172915 0.14351851851851852
0 0.28597339782345826 0.12222222222222222 0.02902055622732769 0.12777777777777777
0 0.4930471584038694 0.3685185185185185 0.04171704957678356 0.13148148148148148
0 0.5417170495767836 0.35 0.04232164449818621 0.14074074074074075
0 0.18863361547763 0.3763888888888889 0.044740024183796856 0.15833333333333333
0 0.16807738814993953 0.4 0.03506650544135429 0.13518518518518519
0 0.13603385731559856 0.41574074074074074 0.03385731559854897 0.13148148148148148
0 0.46856106408706166 0.3814814814814815 0.030229746070133012 0.10740740740740741
0 0.5145102781136639 0.2675925925925926 0.032648125755743655 0.13518518518518519
0 0.19226118500604594 0.8009259259259259 0.06650544135429262 0.17592592592592593
0 0.05169286577992745 0.7212962962962963 0.044135429262394194 0.15555555555555556
0 0.1946795646916566 0.961574074074074 0.049576783555018135 0.0787037037037037
0 0.3721281741233374 0.8064814814814815 0.051390568319226115 0.18333333333333332
0 0.2892986698911729 0.8212962962962963 0.04534461910519952 0.1685185185185185
0 0.5136033857315598 0.7824074074074074 0.05380894800483676 0.17592592592592593
0 0.012091898428053204 0.7199074074074074 0.022974607013301087 0.15462962962962962
0 0.5441354292623942 0.7587962962962963 0.056831922611850064 0.15648148148148147
0 0.018440145102781136 0.6541666666666667 0.035671100362756954 0.15648148148148147
0 0.9150544135429263 0.462037037037037 0.047762998790810154 0.1574074074074074
0 0.9126360338573156 0.16712962962962963 0.047762998790810154 0.13425925925925927
0 0.5468561064087062 0.11481481481481481 0.03325272067714631 0.1388888888888889
0 0.5674123337363967 0.11481481481481481 0.0380894800483676 0.13148148148148148
0 0.5788996372430472 0.043055555555555555 0.046553808948004836 0.08425925925925926
0 0.5262998790810157 0.030555555555555555 0.03325272067714631 0.05925925925925926
0 0.15296251511487305 0.2125 0.03506650544135429 0.12685185185185185
0 0.3591293833131802 0.06805555555555555 0.045949214026602174 0.1175925925925926
0 0.3307134220072551 0.075 0.036275695284159616 0.1111111111111111
0 0.1674727932285369 0.11018518518518519 0.03990326481257558 0.1388888888888889
0 0.1998186215235792 0.1037037037037037 0.042926239419588876 0.14629629629629629
0 0.24667472793228537 0.08425925925925926 0.036275695284159616 0.14074074074074075
0 0.28567110036275695 0.03425925925925926 0.0380894800483676 0.06666666666666667
0 0.12031438935912939 0.21712962962962962 0.03143893591293833 0.12129629629629629
0 0.9818621523579202 0.262037037037037 0.03506650544135429 0.15
0 0.29776299879081014 0.21203703703703702 0.034461910519951636 0.14444444444444443
0 0.03657799274486094 0.21574074074074073 0.0380894800483676 0.1388888888888889
0 0.05652962515114873 0.22314814814814815 0.03325272067714631 0.13333333333333333
0 0.07587666263603386 0.2388888888888889 0.04171704957678356 0.14074074074074075
0 0.09854897218863362 0.21666666666666667 0.03506650544135429 0.1388888888888889
0 0.03143893591293833 0.17962962962962964 0.036275695284159616 0.11851851851851852
0 0.1457073760580411 0.04490740740740741 0.044740024183796856 0.08796296296296297
0 0.23972188633615477 0.0412037037037037 0.0380894800483676 0.08055555555555556
0 0.02629987908101572 0.11296296296296296 0.039298669891172915 0.14444444444444443
0 0.0843409915356711 0.05555555555555555 0.0380894800483676 0.10925925925925926
0 0.058645707376058044 0.05185185185185185 0.03990326481257558 0.10185185185185185
0 0.20253929866989118 0.028703703703703703 0.03990326481257558 0.05555555555555555
0 0.8784764207980653 0.16296296296296298 0.045949214026602174 0.1259259259259259
0 0.9501209189842805 0.10833333333333334 0.03688029020556227 0.1259259259259259
0 0.9071946795646917 0.05694444444444444 0.039298669891172915 0.10462962962962963
0 0.012998790810157194 0.47129629629629627 0.024788391777509067 0.14444444444444443
0 0.9700725513905684 0.19814814814814816 0.04050785973397823 0.12037037037037036
0 0.011185006045949214 0.18703703703703703 0.021160822249093107 0.13518518518518519
0 0.9576783555018138 0.04722222222222222 0.03506650544135429 0.09074074074074075
0 0.006952841596130592 0.16157407407407406 0.012696493349455865 0.1361111111111111
0 0.022974607013301087 0.16111111111111112 0.030229746070133012 0.11481481481481481
0 0.18712212817412333 0.052314814814814814 0.039298669891172915 0.10277777777777777
0 0.13059250302297462 0.03425925925925926 0.030229746070133012 0.06666666666666667
0 0.9455864570737605 0.06527777777777778 0.03506650544135429 0.10462962962962963
0 0.9815598548972189 0.0824074074074074 0.02599758162031439 0.1037037037037037
0 0.906590084643289 0.13055555555555556 0.039298669891172915 0.12777777777777777
0 0.19105199516324062 0.27361111111111114 0.041112454655380895 0.14537037037037037
0 0.2642079806529625 0.22777777777777777 0.03869407496977025 0.13518518518518519
