0 0.48881499395405076 0.33055555555555555 0.039298669891172915 0.14074074074074075
0 0.5015114873035067 0.30787037037037035 0.034461910519951636 0.12685185185185185
0 0.6330108827085853 0.8634259259259259 0.049576783555018135 0.15092592592592594
0 0.5749697702539298 0.8680555555555556 0.05562273276904474 0.1712962962962963
0 0.5507859733978234 0.4361111111111111 0.05199516324062878 0.1537037037037037
0 0.5834340991535671 0.4976851851851852 0.04353083434099154 0.14907407407407408
0 0.9712817412333736 0.9546296296296296 0.039298669891172915 0.09074074074074075
0 0.93409915356711 0.9537037037037037 0.04836759371221282 0.09259259259259259
0 0.8833131801692866 0.9592592592592593 0.04232164449818621 0.08148148148148149
0 0.9059854897218863 0.5074074074074074 0.0501813784764208 0.1648148148148148
0 0.6287787182587666 0.46435185185185185 0.03506650544135429 0.1287037037037037
0 0.9712817412333736 0.5648148148148148 0.046553808948004836 0.1574074074074074
0 0.5553204353083434 0.30694444444444446 0.04050785973397823 0.15648148148148147
0 0.4576783555018138 0.2152777777777778 0.04232164449818621 0.15462962962962962
0 0.6275695284159613 0.5162037037037037 0.03869407496977025 0.1712962962962963
0 0.654776299879081 0.4837962962962963 0.03506650544135429 0.1398148148148148
0 0.6284764207980653 0.5324074074074074 0.04171704957678356 0.15185185185185185
0 0.6765417170495768 0.40555555555555556 0.04232164449818621 0.1425925925925926
0 0.8367593712212817 0.9143518518518519 0.05562273276904474 0.16574074074074074
0 0.7031438935912938 0.5828703703703704 0.049576783555018135 0.16574074074074074
0 0.6438935912938332 0.5921296296296297 0.04836759371221282 0.18055555555555555
0 0.6801692865779927 0.48333333333333334 0.037484885126964934 0.15185185185185185
0 0.8016928657799275 0.9384259259259259 0.04232164449818621 0.125
0 0.5429262394195888 0.5263888888888889 0.044740024183796856 0.15462962962962962
0 0.7267230955259976 0.5430555555555555 0.044740024183796856 0.15648148148148147
0 0.49032648125755746 0.23194444444444445 0.04353083434099154 0.15462962962962962
0 0.6961910519951633 0.37916666666666665 0.051390568319226115 0.16203703703703703
0 0.7684401451027811 0.5587962962962963 0.05078597339782346 0.16203703703703703
0 0.8095525997581621 0.6296296296296297 0.045949214026602174 0.16296296296296298
0 0.7962515114873036 0.5768518518518518 0.04232164449818621 0.14629629629629629
0 0.6934703748488513 0.5439814814814815 0.03990326481257558 0.15462962962962962
0 0.9794437726723095 0.5277777777777778 0.03990326481257558 0.1537037037037037
0 0.9625151148730351 0.6263888888888889 0.044740024183796856 0.14351851851851852
0 0.9449818621523579 0.5305555555555556 0.04232164449818621 0.14629629629629629
0 0.6717049576783555 0.5675925925925925 0.044740024183796856 0.15185185185185185
0 0.8545949214026602 0.5319444444444444 0.046553808948004836 0.14907407407407408
0 0.8518742442563483 0.6277777777777778 0.04836759371221282 0.1648148148148148
0 0.7097944377267231 0.4722222222222222 0.041112454655380895 0.15555555555555556
0 0.5211608222490931 0.45185185185185184 0.030229746070133012 0.11481481481481481
0 0.6003627569528416 0.37777777777777777 0.03990326481257558 0.14074074074074075
0 0.1094316807738815 0.31203703703703706 0.037484885126964934 0.10925925925925926
0 0.5737605804111245 0.5273148148148148 0.04232164449818621 0.1712962962962963
0 0.555925030229746 0.48055555555555557 0.03204353083434099 0.12407407407407407
0 0.6475211608222491 0.36435185185185187 0.03506650544135429 0.13425925925925927
0 0.8307134220072552 0.5314814814814814 0.037484885126964934 0.11296296296296296
0 0.30290205562273276 0.7851851851851852 0.06650544135429262 0.1814814814814815
0 0.2714631197097944 0.7662037037037037 0.056831922611850064 0.1712962962962963
0 0.022370012091898428 0.45694444444444443 0.041112454655380895 0.14537037037037037
0 0.05048367593712213 0.45185185185185184 0.04171704957678356 0.15925925925925927
0 0.017533252720677146 0.18703703703703703 0.03385731559854897 0.12962962962962962
0 0.25967351874244254 0.22685185185185186 0.02962515114873035 0.12407407407407407
0 0.3225513905683192 0.17731481481481481 0.039298669891172915 0.12314814814814815
0 0.01995163240628779 0.25277777777777777 0.03869407496977025 0.12777777777777777
0 0.04897218863361548 0.2037037037037037 0.03990326481257558 0.12962962962962962
0 0.14631197097944376 0.13657407407407407 0.04836759371221282 0.13425925925925927
0 0.05652962515114873 0.2449074074074074 0.044135429262394194 0.13240740740740742
0 0.12636033857315598 0.11851851851851852 0.03506650544135429 0.12962962962962962
0 0.005441354292623942 0.5842592592592593 0.009673518742442563 0.1574074074074074
0 0.23579201934703747 0.14027777777777778 0.04232164449818621 0.14537037037037037
0 0.22007255139056833 0.2023148148148148 0.04232164449818621 0.14351851851851852
0 0.28657799274486095 0.16018518518518518 0.037484885126964934 0.13518518518518519
0 0.4703748488512696 0.262037037037037 0.03990326481257558 0.14074074074074075
0 0.4325876662636034 0.08796296296296297 0.039298669891172915 0.12407407407407407
0 0.41414752116082226 0.175 0.037484885126964934 0.12962962962962962
0 0.5692261185006046 0.21157407407407408 0.034461910519951636 0.13796296296296295
0 0.5773881499395405 0.18981481481481483 0.044740024183796856 0.14629629629629629
0 0.5610640870616687 0.15324074074074073 0.037484885126964934 0.13425925925925927
0 0.5876662636033857 0.13287037037037036 0.03506650544135429 0.12685185185185185
0 0.46825876662636035 0.1787037037037037 0.03204353083434099 0.12407407407407407
0 0.6342200725513906 0.12453703703703704 0.041112454655380895 0.14722222222222223
0 0.6571946795646917 0.13148148148148148 0.036275695284159616 0.14074074074074075
0 0.648428053204353 0.05694444444444444 0.03204353083434099 0.11203703703703703
0 0.4969770253929867 0.18981481481481483 0.03990326481257558 0.13518518518518519
0 0.5114873035066505 0.22037037037037038 0.03990326481257558 0.16296296296296298
0 0.5462515114873036 0.21296296296296297 0.03688029020556227 0.12962962962962962
0 0.5535066505441354 0.23842592592592593 0.04050785973397823 0.1398148148148148
0 0.5779927448609432 0.2564814814814815 0.03869407496977025 0.14074074074074075
0 0.6571946795646917 0.23472222222222222 0.04353083434099154 0.1398148148148148
0 0.6837968561064087 0.2518518518518518 0.036275695284159616 0.12037037037037036
0 0.7182587666263603 0.2611111111111111 0.03869407496977025 0.13703703703703704
0 0.8697097944377267 0.2564814814814815 0.039298669891172915 0.15
0 0.7091898428053204 0.30694444444444446 0.04232164449818621 0.14351851851851852
0 0.7636033857315598 0.46944444444444444 0.041112454655380895 0.14074074074074075
0 0.7826481257557436 0.45925925925925926 0.042926239419588876 0.16296296296296298
0 0.7575574365175333 0.33240740740740743 0.037484885126964934 0.1425925925925926
0 0.8270858524788391 0.41805555555555557 0.03990326481257558 0.15092592592592594
0 0.7832527206771464 0.3800925925925926 0.044135429262394194 0.16574074074074074
0 0.9758162031438936 0.18101851851851852 0.03869407496977025 0.14351851851851852
0 0.9452841596130592 0.13703703703703704 0.044135429262394194 0.13148148148148148
0 0.9416565900846433 0.1814814814814815 0.03204353083434099 0.11481481481481481
0 0.9839782345828295 0.2050925925925926 0.03083434099153567 0.13055555555555556
0 0.8893591293833132 0.5263888888888889 0.03506650544135429 0.14351851851851852
0 0.9800483675937122 0.42314814814814816 0.03869407496977025 0.1537037037037037
0 0.8751511487303507 0.22453703703703703 0.035671100362756954 0.1287037037037037
0 0.9068923821039904 0.23472222222222222 0.037484885126964934 0.11574074074074074
0 0.9782345828295043 0.3699074074074074 0.04232164449818621 0.14351851851851852
0 0.9268440145102781 0.3648148148148148 0.04836759371221282 0.16296296296296298
0 0.8821039903264812 0.20462962962962963 0.03990326481257558 0.14629629629629629
0 0.937726723095526 0.6 0.032648125755743655 0.0962962962962963
0 0.8978234582829504 0.08009259259259259 0.036275695284159616 0.1175925925925926
0 0.4108222490931076 0.06666666666666667 0.04171704957678356 0.12962962962962962
0 0.39721886336154777 0.07824074074074074 0.032648125755743655 0.11018518518518519
0 0.8545949214026602 0.19675925925925927 0.02962515114873035 0.11574074074074074
0 0.9183796856106409 0.2199074074074074 0.03143893591293833 0.12129629629629629
0 0.9062877871825876 0.19768518518518519 0.03143893591293833 0.12129629629629629
0 0.7853688029020556 0.4134259259259259 0.036275695284159616 0.15092592592592594
0 0.9201934703748489 0.4162037037037037 0.08101571946795647 0.20092592592592592
0 0.3186215235792019 0.07777777777777778 0.041112454655380895 0.13518518518518519
0 0.5522974607013301 0.08518518518518518 0.046553808948004836 0.1425925925925926
0 0.6287787182587666 0.09074074074074075 0.03506650544135429 0.11296296296296296
0 0.875453446191052 0.07037037037037037 0.03506650544135429 0.11851851851851852
0 0.9280532043530835 0.05648148148148148 0.03506650544135429 0.1111111111111111
0 0.9588875453446191 0.06944444444444445 0.04232164449818621 0.13518518518518519
0 0.9803506650544136 0.04490740740740741 0.0380894800483676 0.08796296296296297
0 0.15628778718258768 0.04722222222222222 0.03688029020556227 0.09259259259259259
0 0.2651148730350665 0.05277777777777778 0.04171704957678356 0.1037037037037037
0 0.23639661426844014 0.043055555555555555 0.03506650544135429 0.08425925925925926
0 0.1907496977025393 0.05092592592592592 0.034461910519951636 0.1
0 0.5819226118500604 0.07824074074074074 0.03688029020556227 0.13425925925925927
0 0.6033857315598549 0.07962962962962963 0.03385731559854897 0.1388888888888889
0 0.45102781136638453 0.04490740740740741 0.03990326481257558 0.08796296296296297
0 0.6299879081015719 0.04537037037037037 0.03506650544135429 0.08888888888888889
0 0.09673518742442563 0.062037037037037036 0.03990326481257558 0.12037037037037036
0 0.05985489721886336 0.0587962962962963 0.03506650544135429 0.11574074074074074
0 0.03688029020556227 0.05740740740740741 0.03506650544135429 0.11296296296296296
0 0.02720677146311971 0.03981481481481482 0.03506650544135429 0.07777777777777778
0 0.3681983071342201 0.5217592592592593 0.03990326481257558 0.14907407407407408
0 0.12333736396614269 0.40185185185185185 0.04232164449818621 0.14444444444444443
0 0.07587666263603386 0.7018518518518518 0.046553808948004836 0.15925925925925927
0 0.0501813784764208 0.6421296296296296 0.045949214026602174 0.17685185185185184
0 0.1175937122128174 0.6902777777777778 0.051390568319226115 0.1675925925925926
0 0.813180169286578 0.32546296296296295 0.04232164449818621 0.13425925925925927
0 0.8367593712212817 0.32222222222222224 0.03385731559854897 0.12407407407407407
0 0.25634824667472794 0.6324074074074074 0.0471584038694075 0.1685185185185185
0 0.23065296251511488 0.6092592592592593 0.039298669891172915 0.1685185185185185
0 0.3542926239419589 0.6175925925925926 0.03506650544135429 0.14814814814814814
0 0.22853688029020555 0.5467592592592593 0.04232164449818621 0.14907407407407408
0 0.22732769044740025 0.5185185185185185 0.037484885126964934 0.13518518518518519
0 0.18833131801692865 0.5208333333333334 0.04171704957678356 0.1398148148148148
0 0.19407496977025393 0.48703703703703705 0.045949214026602174 0.1425925925925926
0 0.15417170495767835 0.513425925925926 0.03990326481257558 0.14351851851851852
0 0.36638452237001207 0.1986111111111111 0.032648125755743655 0.13055555555555556
0 0.3866384522370012 0.1925925925925926 0.02720677146311971 0.12407407407407407
0 0.2790205562273277 0.4217592592592593 0.044135429262394194 0.14351851851851852
0 0.27055622732769047 0.43657407407407406 0.03688029020556227 0.1398148148148148
0 0.19226118500604594 0.9351851851851852 0.05441354292623942 0.13148148148148148
0 0.31076178960096734 0.7467592592592592 0.04232164449818621 0.15462962962962962
0 0.32859733978234584 0.5564814814814815 0.039298669891172915 0.14629629629629629
0 0.34008464328899635 0.6726851851851852 0.0501813784764208 0.15648148148148147
0 0.3512696493349456 0.7046296296296296 0.04232164449818621 0.17407407407407408
0 0.6977025392986699 0.9402777777777778 0.05441354292623942 0.11944444444444445
0 0.7587666263603385 0.9453703703703704 0.03869407496977025 0.10925925925925926
0 0.42140266021765416 0.7060185185185185 0.049576783555018135 0.14907407407407408
0 0.6360338573155986 0.7439814814814815 0.041112454655380895 0.15092592592592594
0 0.44286577992744863 0.5083333333333333 0.034461910519951636 0.14074074074074075
0 0.43319226118500603 0.47638888888888886 0.034461910519951636 0.13240740740740742
0 0.14238210399032647 0.29953703703703705 0.04171704957678356 0.14537037037037037
0 0.4189842805320435 0.5555555555555556 0.037484885126964934 0.14814814814814814
0 0.43440145102781136 0.5291666666666667 0.03325272067714631 0.14537037037037037
0 0.2874848851269649 0.5675925925925925 0.044135429262394194 0.16296296296296298
0 0.28960096735187424 0.6175925925925926 0.03990326481257558 0.1685185185185185
0 0.3573155985489722 0.33287037037037037 0.03990326481257558 0.13240740740740742
0 0.31559854897218864 0.375 0.049576783555018135 0.1425925925925926
0 0.34099153567110035 0.3685185185185185 0.03990326481257558 0.13148148148148148
0 0.3083434099153567 0.34814814814814815 0.04232164449818621 0.15185185185185185
0 0.40719467956469163 0.42916666666666664 0.039298669891172915 0.14351851851851852
0 0.686819830713422 0.09953703703703703 0.03506650544135429 0.12685185185185185
0 0.6559854897218863 0.07407407407407407 0.032648125755743655 0.11481481481481481
0 0.48246674727932287 0.5398148148148149 0.037484885126964934 0.15185185185185185
0 0.6417775090689238 0.9671296296296297 0.04171704957678356 0.06574074074074074
0 0.9483071342200725 0.8708333333333333 0.046553808948004836 0.16574074074074074
0 0.2599758162031439 0.3375 0.037484885126964934 0.14351851851851852
0 0.5432285368802902 0.624537037037037 0.0501813784764208 0.16018518518518518
0 0.5211608222490931 0.611574074074074 0.04232164449818621 0.16574074074074074
0 0.2660217654171705 0.3763888888888889 0.032648125755743655 0.12685185185185185
0 0.6535671100362757 0.9486111111111111 0.05078597339782346 0.09907407407407408
