0 0.5510416666666667 0.22962962962962963 0.030208333333333334 0.1259259259259259
0 0.37864583333333335 0.2300925925925926 0.027083333333333334 0.1287037037037037
0 0.115625 0.48935185185185187 0.034375 0.18981481481481483
0 0.61484375 0.2986111111111111 0.03177083333333333 0.14907407407407408
0 0.35572916666666665 0.23194444444444445 0.028125 0.14351851851851852
0 0.25234375 0.9060185185185186 0.09322916666666667 0.18796296296296297
0 0.3489583333333333 0.762962962962963 0.065625 0.3037037037037037
0 0.8802083333333334 0.49537037037037035 0.084375 0.21296296296296297
0 0.1515625 0.8981481481481481 0.09583333333333334 0.2037037037037037
0 0.3802083333333333 0.49166666666666664 0.057291666666666664 0.2962962962962963
0 0.5815104166666667 0.425462962962963 0.04739583333333333 0.20092592592592592
0 0.4822916666666667 0.43472222222222223 0.03854166666666667 0.16574074074074074
0 0.42239583333333336 0.4300925925925926 0.04583333333333333 0.18981481481481483
0 0.31302083333333336 0.41435185185185186 0.03854166666666667 0.17314814814814813
0 0.3020833333333333 0.34120370370370373 0.03229166666666667 0.15648148148148147
0 0.4236979166666667 0.30833333333333335 0.030729166666666665 0.13703703703703704
0 0.434375 0.30462962962962964 0.030208333333333334 0.13518518518518519
0 0.37604166666666666 0.3189814814814815 0.03125 0.11388888888888889
0 0.45364583333333336 0.2722222222222222 0.03333333333333333 0.15185185185185185
0 0.4765625 0.2967592592592593 0.03333333333333333 0.10092592592592593
0 0.42864583333333334 0.24722222222222223 0.03333333333333333 0.13518518518518519
0 0.42994791666666665 0.2199074074074074 0.0296875 0.12129629629629629
0 0.53828125 0.3199074074074074 0.0296875 0.09907407407407408
0 0.5716145833333334 0.29814814814814816 0.04010416666666667 0.1648148148148148
0 0.4986979166666667 0.22824074074074074 0.03177083333333333 0.13796296296296295
0 0.44973958333333336 0.21342592592592594 0.0296875 0.1287037037037037
0 0.3653645833333333 0.20092592592592592 0.027604166666666666 0.12962962962962962
0 0.45390625 0.2263888888888889 0.025520833333333333 0.12129629629629629
