0 0.04232164449818621 0.12268518518518519 0.044740024183796856 0.13796296296296295
0 0.13119709794437726 0.1037037037037037 0.036275695284159616 0.11481481481481481
0 0.15417170495767835 0.10277777777777777 0.03990326481257558 0.13518518518518519
0 0.18712212817412333 0.08055555555555556 0.035671100362756954 0.12962962962962962
0 0.22551390568319227 0.08287037037037037 0.03869407496977025 0.12314814814814815
0 0.26571946795646917 0.0625 0.04171704957678356 0.12129629629629629
0 0.4628174123337364 0.1476851851851852 0.03204353083434099 0.11203703703703703
0 0.44649334945586455 0.03657407407407407 0.034461910519951636 0.0712962962962963
0 0.20556227327690446 0.1388888888888889 0.03506650544135429 0.13518518518518519
0 0.4419588875453446 0.12546296296296297 0.037484885126964934 0.12129629629629629
0 0.38331318016928656 0.046296296296296294 0.03990326481257558 0.09074074074074075
0 0.347037484885127 0.052314814814814814 0.03385731559854897 0.10277777777777777
0 0.3551995163240629 0.12824074074074074 0.03204353083434099 0.12685185185185185
0 0.3818016928657799 0.10787037037037037 0.03204353083434099 0.12129629629629629
0 0.5837363966142685 0.03287037037037037 0.024788391777509067 0.06388888888888888
0 0.5580411124546554 0.032407407407407406 0.03506650544135429 0.06296296296296296
0 0.5305320435308344 0.03425925925925926 0.02720677146311971 0.06666666666666667
0 0.9564691656590084 0.10555555555555556 0.03506650544135429 0.13333333333333333
0 0.9842805320435308 0.10046296296296296 0.02902055622732769 0.11018518518518519
0 0.9286577992744861 0.09074074074074075 0.036275695284159616 0.11296296296296296
0 0.8972188633615478 0.06944444444444445 0.03385731559854897 0.11296296296296296
0 0.6242442563482467 0.09814814814814815 0.02599758162031439 0.12407407407407407
0 0.6466142684401451 0.11527777777777778 0.035671100362756954 0.1361111111111111
0 0.6692865779927448 0.12731481481481483 0.02902055622732769 0.11944444444444445
0 0.9008464328899637 0.13148148148148148 0.03143893591293833 0.12962962962962962
0 0.8787787182587666 0.11898148148148148 0.02962515114873035 0.13425925925925927
0 0.8618500604594922 0.12731481481481483 0.03204353083434099 0.13055555555555556
0 0.6493349455864571 0.08935185185185185 0.03385731559854897 0.12314814814814815
0 0.9637243047158404 0.1439814814814815 0.037484885126964934 0.14351851851851852
0 0.9857920193470375 0.16527777777777777 0.02720677146311971 0.12129629629629629
0 0.22974607013301088 0.04675925925925926 0.037484885126964934 0.09166666666666666
0 0.4244256348246675 0.02546296296296296 0.02176541717049577 0.049074074074074076
0 0.9446795646916566 0.05185185185185185 0.03204353083434099 0.10185185185185185
0 0.7131197097944377 0.027314814814814816 0.02720677146311971 0.05277777777777778
0 0.3827085852478839 0.5703703703703704 0.037484885126964934 0.15555555555555556
0 0.07194679564691657 0.4583333333333333 0.03506650544135429 0.1425925925925926
0 0.06348246674727932 0.5143518518518518 0.036275695284159616 0.14537037037037037
0 0.037787182587666265 0.48842592592592593 0.03325272067714631 0.15648148148148147
0 0.10489721886336155 0.48842592592592593 0.0380894800483676 0.15648148148148147
0 0.8282950423216445 0.37777777777777777 0.03869407496977025 0.12962962962962962
0 0.845223700120919 0.35555555555555557 0.03506650544135429 0.12407407407407407
0 0.2681378476420798 0.6828703703703703 0.044135429262394194 0.1712962962962963
0 0.24455864570737607 0.6643518518518519 0.04534461910519952 0.17314814814814813
0 0.37817412333736394 0.6615740740740741 0.034461910519951636 0.14537037037037037
0 0.2288391777509069 0.5921296296296297 0.034461910519951636 0.14907407407407408
0 0.23851269649334947 0.5657407407407408 0.02962515114873035 0.14074074074074075
0 0.1928657799274486 0.5671296296296297 0.04232164449818621 0.13425925925925927
0 0.20012091898428053 0.5337962962962963 0.04232164449818621 0.15648148148148147
0 0.1596130592503023 0.5467592592592593 0.04353083434099154 0.14907407407407408
0 0.37998790810157196 0.2388888888888889 0.034461910519951636 0.12962962962962962
0 0.40205562273276907 0.24444444444444444 0.032648125755743655 0.12962962962962962
0 0.652962515114873 0.39861111111111114 0.044740024183796856 0.12129629629629629
0 0.7360943168077388 0.425462962962963 0.042926239419588876 0.13796296296296295
0 0.24455864570737607 0.3814814814814815 0.035671100362756954 0.1425925925925926
0 0.2430471584038694 0.4217592592592593 0.032648125755743655 0.14537037037037037
0 0.9591898428053204 0.9416666666666667 0.04534461910519952 0.11481481481481481
0 0.25755743651753327 0.9550925925925926 0.049576783555018135 0.09166666666666666
0 0.30773881499395406 0.45555555555555555 0.03869407496977025 0.1574074074074074
0 0.31197097944377267 0.7814814814814814 0.05199516324062878 0.1648148148148148
0 0.9824667472793228 0.9578703703703704 0.032648125755743655 0.08425925925925926
0 0.9585852478839177 0.9685185185185186 0.03325272067714631 0.06296296296296296
0 0.20858524788391777 0.4101851851851852 0.032648125755743655 0.1574074074074074
0 0.34099153567110035 0.4828703703703704 0.037484885126964934 0.13240740740740742
0 0.2892986698911729 0.7171296296296297 0.039298669891172915 0.1675925925925926
0 0.5211608222490931 0.6435185185185185 0.037484885126964934 0.13518518518518519
0 0.3597339782345828 0.712037037037037 0.03990326481257558 0.1574074074074074
0 0.36305925030229746 0.7472222222222222 0.039298669891172915 0.1685185185185185
0 0.585247883917775 0.624537037037037 0.044740024183796856 0.1638888888888889
0 0.620918984280532 0.6444444444444445 0.044740024183796856 0.16296296296296298
0 0.43742442563482464 0.7476851851851852 0.046553808948004836 0.14907407407407408
0 0.6889359129383313 0.6967592592592593 0.051390568319226115 0.14351851851851852
0 0.4921402660217654 0.6226851851851852 0.03869407496977025 0.15462962962962962
0 0.4588875453446191 0.5444444444444444 0.041112454655380895 0.1425925925925926
0 0.4486094316807739 0.5083333333333333 0.044740024183796856 0.10740740740740741
0 0.5054413542926239 0.600925925925926 0.04232164449818621 0.1537037037037037
0 0.5471584038694075 0.6268518518518519 0.04232164449818621 0.15185185185185185
0 0.40991535671100365 0.026851851851851852 0.03143893591293833 0.05185185185185185
0 0.7094921402660218 0.9773148148148149 0.03688029020556227 0.04722222222222222
0 0.9709794437726723 0.25787037037037036 0.032648125755743655 0.10462962962962963
0 0.7484885126964933 0.7953703703703704 0.044740024183796856 0.1648148148148148
0 0.7850665054413543 0.812962962962963 0.04171704957678356 0.15185185185185185
0 0.4283555018137848 0.5981481481481481 0.044135429262394194 0.15
0 0.4628174123337364 0.5893518518518519 0.03688029020556227 0.13796296296296295
0 0.08827085852478839 0.6736111111111112 0.044740024183796856 0.15462962962962962
0 0.536577992744861 0.6995370370370371 0.044135429262394194 0.16574074074074074
0 0.5652962515114873 0.7083333333333334 0.0471584038694075 0.1648148148148148
0 0.04836759371221282 0.6583333333333333 0.03990326481257558 0.14074074074074075
0 0.1185006045949214 0.2726851851851852 0.03385731559854897 0.125
0 0.1605199516324063 0.2814814814814815 0.039298669891172915 0.14074074074074075
0 0.9570737605804112 0.21851851851851853 0.030229746070133012 0.1259259259259259
0 0.9316807738814994 0.2574074074074074 0.03990326481257558 0.12962962962962962
0 0.9389359129383313 0.22870370370370371 0.036275695284159616 0.12407407407407407
0 0.6614268440145102 0.6731481481481482 0.04232164449818621 0.17592592592592593
0 0.6251511487303507 0.6898148148148148 0.041112454655380895 0.15185185185185185
0 0.24365175332527206 0.6444444444444445 0.04232164449818621 0.1685185185185185
0 0.2974607013301088 0.6111111111111112 0.044740024183796856 0.1648148148148148
0 0.3004836759371221 0.6611111111111111 0.037484885126964934 0.17592592592592593
0 0.3313180169286578 0.38425925925925924 0.03506650544135429 0.12962962962962962
0 0.31257557436517536 0.43287037037037035 0.04232164449818621 0.1527777777777778
0 0.3464328899637243 0.41898148148148145 0.03869407496977025 0.12685185185185185
0 0.2923216444981862 0.38842592592592595 0.0380894800483676 0.14351851851851852
0 0.7448609431680774 0.25 0.036275695284159616 0.13148148148148148
0 0.7554413542926239 0.24351851851851852 0.034461910519951636 0.14814814814814814
0 0.1154776299879081 0.7319444444444444 0.037484885126964934 0.16203703703703703
0 0.7451632406287787 0.9782407407407407 0.0380894800483676 0.04351851851851852
0 0.08948004836759371 0.7125 0.04353083434099154 0.1787037037037037
0 0.9806529625151149 0.8740740740740741 0.037484885126964934 0.19074074074074074
0 0.5012091898428053 0.41712962962962963 0.03990326481257558 0.15462962962962962
0 0.47249093107617895 0.40555555555555556 0.03325272067714631 0.14629629629629629
0 0.46402660217654174 0.38333333333333336 0.039298669891172915 0.1425925925925926
0 0.9223095525997581 0.7490740740740741 0.044135429262394194 0.17407407407407408
0 0.8932889963724304 0.7782407407407408 0.0501813784764208 0.15648148148148147
0 0.9214026602176542 0.6361111111111111 0.05078597339782346 0.1574074074074074
0 0.878174123337364 0.6263888888888889 0.05259975816203144 0.1675925925925926
0 0.6469165659008465 0.7662037037037037 0.05441354292623942 0.1712962962962963
0 0.48065296251511486 0.28703703703703703 0.03506650544135429 0.12962962962962962
0 0.0024183796856106408 0.5416666666666666 0.0036275695284159614 0.17037037037037037
0 0.13724304715840388 0.4810185185185185 0.03990326481257558 0.16574074074074074
0 0.012998790810157194 0.600462962962963 0.024788391777509067 0.14351851851851852
0 0.805925030229746 0.4689814814814815 0.04232164449818621 0.16574074074074074
0 0.8307134220072552 0.45 0.04353083434099154 0.14814814814814814
0 0.26904474002418377 0.2023148148148148 0.032648125755743655 0.11574074074074074
0 0.2542321644498186 0.1865740740740741 0.024788391777509067 0.13796296296296295
0 0.1759371221281741 0.1486111111111111 0.032648125755743655 0.13425925925925927
0 0.6451027811366384 0.43148148148148147 0.04353083434099154 0.14074074074074075
0 0.025695284159613058 0.6828703703703703 0.04897218863361548 0.14907407407407408
0 0.007859733978234583 0.6601851851851852 0.014510278113663845 0.18518518518518517
0 0.6082224909310762 0.7615740740740741 0.03869407496977025 0.1287037037037037
0 0.7636033857315598 0.6129629629629629 0.041112454655380895 0.12962962962962962
0 0.7273276904474002 0.6041666666666666 0.04232164449818621 0.16018518518518518
0 0.21160822249093109 0.1726851851851852 0.03506650544135429 0.12129629629629629
0 0.6689842805320435 0.5847222222222223 0.04171704957678356 0.14351851851851852
0 0.7055622732769045 0.5726851851851852 0.03869407496977025 0.1675925925925926
0 0.11124546553808948 0.6023148148148149 0.04836759371221282 0.15092592592592594
0 0.13603385731559856 0.6092592592592593 0.03990326481257558 0.15925925925925927
0 0.06620314389359129 0.6111111111111112 0.04050785973397823 0.14814814814814814
0 0.6919588875453446 0.6611111111111111 0.03204353083434099 0.11481481481481481
0 0.6717049576783555 0.4305555555555556 0.036275695284159616 0.13518518518518519
0 0.6910519951632407 0.7736111111111111 0.06529625151148731 0.16018518518518518
0 0.45918984280532044 0.9351851851851852 0.05501813784764208 0.12777777777777777
0 0.3567110036275695 0.9699074074074074 0.041112454655380895 0.062037037037037036
0 0.7853688029020556 0.7435185185185185 0.04353083434099154 0.17592592592592593
0 0.7605804111245466 0.7162037037037037 0.04353083434099154 0.15092592592592594
0 0.8325272067714631 0.7402777777777778 0.045949214026602174 0.1824074074074074
0 0.839782345828295 0.562962962962963 0.03990326481257558 0.1537037037037037
0 0.2309552599758162 0.8333333333333334 0.05441354292623942 0.17592592592592593
0 0.3219467956469166 0.9402777777777778 0.04897218863361548 0.12129629629629629
0 0.7998790810157195 0.2199074074074074 0.037484885126964934 0.14166666666666666
0 0.8168077388149939 0.2050925925925926 0.036275695284159616 0.12314814814814815
0 0.9156590084643289 0.3337962962962963 0.047762998790810154 0.14537037037037037
0 0.6393591293833132 0.30787037037037035 0.039298669891172915 0.14351851851851852
0 0.6562877871825876 0.2949074074074074 0.034461910519951636 0.13425925925925927
0 0.7983675937122128 0.3912037037037037 0.046553808948004836 0.1398148148148148
0 0.44619105199516323 0.2013888888888889 0.03385731559854897 0.125
0 0.46916565900846435 0.20879629629629629 0.03506650544135429 0.13055555555555556
0 0.6121523579201935 0.2111111111111111 0.03688029020556227 0.1425925925925926
0 0.6073155985489722 0.14444444444444443 0.034461910519951636 0.13703703703703704
0 0.5752720677146312 0.1162037037037037 0.044135429262394194 0.12685185185185185
0 0.010278113663845224 0.45231481481481484 0.019347037484885126 0.1398148148148148
0 0.25755743651753327 0.2513888888888889 0.041112454655380895 0.13240740740740742
0 0.22430471584038694 0.25972222222222224 0.041112454655380895 0.11574074074074074
0 0.022370012091898428 0.275 0.03385731559854897 0.14074074074074075
0 0.05411124546553809 0.29212962962962963 0.042926239419588876 0.15092592592592594
0 0.09099153567110037 0.2902777777777778 0.0380894800483676 0.1398148148148148
0 0.2240024183796856 0.21064814814814814 0.03688029020556227 0.12314814814814815
0 0.019649334945586457 0.39861111111111114 0.034461910519951636 0.14907407407407408
0 0.006650544135429262 0.21388888888888888 0.012091898428053204 0.1425925925925926
0 0.15628778718258768 0.1962962962962963 0.03688029020556227 0.14074074074074075
0 0.07557436517533253 0.1935185185185185 0.04353083434099154 0.14629629629629629
0 0.12877871825876663 0.17916666666666667 0.03990326481257558 0.13425925925925927
0 0.9863966142684402 0.3333333333333333 0.02599758162031439 0.14629629629629629
0 0.8839177750906893 0.35462962962962963 0.04232164449818621 0.13518518518518519
0 0.9549576783555018 0.2986111111111111 0.034461910519951636 0.13796296296296295
0 0.8639661426844014 0.25462962962962965 0.037484885126964934 0.14074074074074075
0 0.8316203143893591 0.14814814814814814 0.02962515114873035 0.12962962962962962
0 0.909310761789601 0.24259259259259258 0.032648125755743655 0.13333333333333333
0 0.047762998790810154 0.41805555555555557 0.036275695284159616 0.1398148148148148
0 0.07708585247883917 0.39814814814814814 0.034461910519951636 0.14629629629629629
0 0.0761789600967352 0.375 0.032648125755743655 0.14074074074074075
0 0.9712817412333736 0.3347222222222222 0.03688029020556227 0.12314814814814815
0 0.8999395405078597 0.18101851851851852 0.03204353083434099 0.1287037037037037
0 0.06711003627569528 0.43194444444444446 0.03385731559854897 0.12129629629629629
0 0.05471584038694075 0.2351851851851852 0.044135429262394194 0.14814814814814814
0 0.006952841596130592 0.17037037037037037 0.012696493349455865 0.13518518518518519
0 0.24062877871825877 0.11296296296296296 0.037484885126964934 0.13333333333333333
0 0.8893591293833132 0.23425925925925925 0.03506650544135429 0.13518518518518519
0 0.9129383313180169 0.19027777777777777 0.037484885126964934 0.12314814814814815
0 0.932285368802902 0.2884259259259259 0.030229746070133012 0.12685185185185185
0 0.912031438935913 0.30972222222222223 0.039298669891172915 0.13796296296296295
0 0.7010278113663845 0.6268518518518519 0.03688029020556227 0.15185185185185185
0 0.014812575574365175 0.9310185185185185 0.028415961305925032 0.1398148148148148
0 0.5577388149939541 0.21157407407407408 0.03325272067714631 0.1287037037037037
0 0.02599758162031439 0.3726851851851852 0.032648125755743655 0.15462962962962962
