0 0.0890625 0.34074074074074073 0.06145833333333333 0.18703703703703703
0 0.0546875 0.8055555555555556 0.084375 0.37592592592592594
0 0.10364583333333334 0.6680555555555555 0.078125 0.33796296296296297
0 0.3190104166666667 0.725925925925926 0.0796875 0.35
0 0.3299479166666667 0.3300925925925926 0.03802083333333333 0.1935185185185185
0 0.36796875 0.33240740740740743 0.05677083333333333 0.18518518518518517
0 0.3046875 0.2814814814814815 0.035416666666666666 0.19444444444444445
0 0.4080729166666667 0.2671296296296296 0.05364583333333333 0.19537037037037036
0 0.3294270833333333 0.2337962962962963 0.03802083333333333 0.16203703703703703
0 0.309375 0.23657407407407408 0.035416666666666666 0.1824074074074074
0 0.37890625 0.21435185185185185 0.03802083333333333 0.15648148148148147
0 0.49609375 0.2550925925925926 0.04635416666666667 0.18981481481481483
0 0.5265625 0.25324074074074077 0.036458333333333336 0.16944444444444445
0 0.5598958333333334 0.2796296296296296 0.057291666666666664 0.17592592592592593
0 0.78828125 0.3486111111111111 0.0671875 0.19907407407407407
0 0.24713541666666666 0.28379629629629627 0.0453125 0.1824074074074074
0 0.221875 0.2726851851851852 0.03854166666666667 0.1935185185185185
0 0.8911458333333333 0.32731481481481484 0.052083333333333336 0.1824074074074074
0 0.6651041666666667 0.29259259259259257 0.052083333333333336 0.17037037037037037
0 0.43854166666666666 0.17962962962962964 0.040625 0.16296296296296298
0 0.7473958333333334 0.2652777777777778 0.0375 0.1712962962962963
0 0.7119791666666667 0.25462962962962965 0.036458333333333336 0.17592592592592593
0 0.5111979166666667 0.16342592592592592 0.03802083333333333 0.16203703703703703
0 0.5145833333333333 0.1986111111111111 0.036458333333333336 0.16203703703703703
0 0.4796875 0.13842592592592592 0.030208333333333334 0.13425925925925927
0 0.5005208333333333 0.12407407407407407 0.028125 0.12962962962962962
0 0.48723958333333334 0.07083333333333333 0.0234375 0.11574074074074074
0 0.40130208333333334 0.1787037037037037 0.03697916666666667 0.16666666666666666
0 0.39010416666666664 0.058333333333333334 0.035416666666666666 0.11481481481481481
0 0.36744791666666665 0.059722222222222225 0.025520833333333333 0.10462962962962963
0 0.34791666666666665 0.0587962962962963 0.027083333333333334 0.11574074074074074
0 0.33932291666666664 0.07592592592592592 0.025520833333333333 0.09074074074074075
