0 0.07920193470374849 0.07916666666666666 0.03990326481257558 0.13796296296296295
0 0.16596130592503022 0.059722222222222225 0.03204353083434099 0.11018518518518519
0 0.18923821039903266 0.06388888888888888 0.037484885126964934 0.1259259259259259
0 0.21946795646916567 0.052314814814814814 0.032648125755743655 0.10277777777777777
0 0.2539298669891173 0.05462962962962963 0.037484885126964934 0.10740740740740741
0 0.3059250302297461 0.049074074074074076 0.03990326481257558 0.0962962962962963
0 0.46432889963724305 0.09675925925925925 0.03143893591293833 0.10833333333333334
0 0.469770253929867 0.02638888888888889 0.032648125755743655 0.05092592592592592
0 0.18198307134220074 0.08842592592592592 0.03506650544135429 0.13425925925925927
0 0.44014510278113667 0.07268518518518519 0.036275695284159616 0.12129629629629629
0 0.28990326481257556 0.03888888888888889 0.039298669891172915 0.07592592592592592
0 0.29836759371221283 0.09166666666666666 0.03204353083434099 0.11851851851851852
0 0.3210399032648126 0.07268518518518519 0.03385731559854897 0.11944444444444445
0 0.9588875453446191 0.06851851851851852 0.03506650544135429 0.1259259259259259
0 0.8960096735187424 0.050462962962962966 0.032648125755743655 0.09537037037037037
0 0.6154776299879081 0.05092592592592592 0.02902055622732769 0.1
0 0.6405683192261185 0.07453703703703704 0.039298669891172915 0.1287037037037037
0 0.6698911729141476 0.07824074074074074 0.030229746070133012 0.1175925925925926
0 0.9247279322853688 0.09953703703703703 0.03204353083434099 0.1287037037037037
0 0.9081015719467956 0.08842592592592592 0.030229746070133012 0.13425925925925927
0 0.8863361547762999 0.10324074074074074 0.03143893591293833 0.12685185185185185
0 0.9767230955259976 0.10324074074074074 0.03688029020556227 0.1398148148148148
0 0.9800483675937122 0.17731481481481481 0.032648125755743655 0.12129629629629629
0 0.1626360338573156 0.03009259259259259 0.03506650544135429 0.058333333333333334
0 0.9401451027811366 0.037037037037037035 0.032648125755743655 0.07222222222222222
0 0.3827085852478839 0.5652777777777778 0.037484885126964934 0.16574074074074074
0 0.10278113663845223 0.43472222222222223 0.03506650544135429 0.14351851851851852
0 0.06590084643288996 0.5078703703703704 0.036275695284159616 0.14537037037037037
0 0.040810157194679564 0.4810185185185185 0.03204353083434099 0.15648148148148147
0 0.10519951632406288 0.48564814814814816 0.03869407496977025 0.15648148148148147
0 0.840689238210399 0.3861111111111111 0.034461910519951636 0.12962962962962962
0 0.8548972188633616 0.3537037037037037 0.03506650544135429 0.12407407407407407
0 0.26844014510278114 0.6791666666666667 0.04353083434099154 0.1712962962962963
0 0.24909310761789602 0.6601851851851852 0.03869407496977025 0.1814814814814815
0 0.3775695284159613 0.6518518518518519 0.034461910519951636 0.14629629629629629
0 0.22823458282950423 0.5884259259259259 0.034461910519951636 0.14907407407407408
0 0.2409310761789601 0.562962962962963 0.02962515114873035 0.14074074074074075
0 0.19347037484885127 0.5652777777777778 0.04232164449818621 0.13425925925925927
0 0.20163240628778717 0.5282407407407408 0.04171704957678356 0.15648148148148147
0 0.16142684401451027 0.5481481481481482 0.04353083434099154 0.15925925925925927
0 0.38210399032648124 0.23425925925925925 0.03506650544135429 0.12962962962962962
0 0.40326481257557434 0.24166666666666667 0.032648125755743655 0.12962962962962962
0 0.6831922611850061 0.38101851851851853 0.044740024183796856 0.12129629629629629
0 0.7430471584038694 0.40555555555555556 0.041112454655380895 0.13703703703703704
0 0.24516324062877873 0.3773148148148148 0.034461910519951636 0.14351851851851852
0 0.24062877871825877 0.4115740740740741 0.03506650544135429 0.14537037037037037
0 0.9640266021765417 0.9046296296296297 0.04171704957678356 0.1388888888888889
0 0.26874244256348245 0.9625 0.04897218863361548 0.07685185185185185
0 0.34189842805320436 0.4412037037037037 0.035671100362756954 0.15648148148148147
0 0.31469165659008463 0.7773148148148148 0.0501813784764208 0.16574074074074074
0 0.9800483675937122 0.9310185185185185 0.03869407496977025 0.1361111111111111
0 0.9513301088270859 0.9361111111111111 0.042926239419588876 0.11666666666666667
0 0.21946795646916567 0.3675925925925926 0.03506650544135429 0.1574074074074074
0 0.34068923821039904 0.48009259259259257 0.03688029020556227 0.13240740740740742
0 0.3258766626360339 0.6962962962962963 0.03869407496977025 0.1685185185185185
0 0.5172309552599759 0.6444444444444445 0.03688029020556227 0.13518518518518519
0 0.3639661426844015 0.7101851851851851 0.03990326481257558 0.1574074074074074
0 0.3654776299879081 0.7412037037037037 0.04050785973397823 0.1675925925925926
0 0.5849455864570737 0.6157407407407407 0.044135429262394194 0.16296296296296298
0 0.6239419588875453 0.6351851851851852 0.044740024183796856 0.16296296296296298
0 0.43742442563482464 0.7439814814814815 0.046553808948004836 0.14907407407407408
0 0.6970979443772672 0.7 0.0471584038694075 0.1537037037037037
0 0.5006045949214026 0.6074074074074074 0.03869407496977025 0.15555555555555556
0 0.45949214026602175 0.5412037037037037 0.041112454655380895 0.14537037037037037
0 0.4492140266021765 0.5055555555555555 0.044740024183796856 0.10740740740740741
0 0.5066505441354293 0.5888888888888889 0.04232164449818621 0.1537037037037037
0 0.5480652962515115 0.6268518518518519 0.04171704957678356 0.15185185185185185
0 0.5420193470374849 0.5958333333333333 0.02962515114873035 0.12685185185185185
0 0.4117291414752116 0.025925925925925925 0.03143893591293833 0.05
0 0.7076783555018138 0.9768518518518519 0.04534461910519952 0.04814814814814815
0 0.9622128174123338 0.22962962962962963 0.03688029020556227 0.1037037037037037
0 0.7370012091898428 0.7550925925925925 0.044740024183796856 0.15648148148148147
0 0.782950423216445 0.7935185185185185 0.04232164449818621 0.15185185185185185
0 0.42926239419588874 0.5939814814814814 0.04353083434099154 0.15092592592592594
0 0.4625151148730351 0.5921296296296297 0.03143893591293833 0.14537037037037037
0 0.10096735187424426 0.6310185185185185 0.044740024183796856 0.15462962962962962
0 0.1414752116082225 0.9768518518518519 0.037484885126964934 0.046296296296296294
0 0.5374848851269649 0.6967592592592593 0.044740024183796856 0.16574074074074074
0 0.5655985489721886 0.6986111111111111 0.046553808948004836 0.16574074074074074
0 0.06166868198307134 0.6143518518518518 0.037484885126964934 0.14722222222222223
0 0.17019347037484886 0.24351851851851852 0.034461910519951636 0.1259259259259259
0 0.20163240628778717 0.24861111111111112 0.04171704957678356 0.13240740740740742
0 0.9570737605804112 0.18333333333333332 0.030229746070133012 0.1259259259259259
0 0.932285368802902 0.23148148148148148 0.03990326481257558 0.12962962962962962
0 0.937726723095526 0.1962962962962963 0.036275695284159616 0.12407407407407407
0 0.7061668681983071 0.625462962962963 0.049576783555018135 0.17685185185185184
0 0.6638452237001209 0.6402777777777777 0.03869407496977025 0.14351851851851852
0 0.6608222490931076 0.9662037037037037 0.053204353083434096 0.06944444444444445
0 0.24274486094316808 0.6393518518518518 0.04171704957678356 0.16574074074074074
0 0.283857315598549 0.6064814814814815 0.04050785973397823 0.1648148148148148
0 0.3004836759371221 0.6532407407407408 0.037484885126964934 0.17685185185185184
0 0.3192261185006046 0.3824074074074074 0.03506650544135429 0.12407407407407407
0 0.283857315598549 0.43472222222222223 0.0380894800483676 0.14351851851851852
0 0.32406287787182586 0.4101851851851852 0.041112454655380895 0.12407407407407407
0 0.28476420798065294 0.3875 0.04232164449818621 0.14351851851851852
0 0.6795646916565901 0.25 0.04232164449818621 0.13148148148148148
0 0.6865175332527207 0.2375 0.034461910519951636 0.14722222222222223
0 0.12787182587666263 0.6875 0.03688029020556227 0.16203703703703703
0 0.7460701330108828 0.9712962962962963 0.03869407496977025 0.05925925925925926
0 0.1033857315598549 0.6597222222222222 0.044740024183796856 0.17314814814814813
0 0.9685610640870617 0.7875 0.06166868198307134 0.18796296296296297
0 0.5202539298669892 0.3625 0.039298669891172915 0.14907407407407408
0 0.4906287787182588 0.3685185185185185 0.03325272067714631 0.1425925925925926
0 0.47611850060459493 0.350462962962963 0.035671100362756954 0.14351851851851852
0 0.9211003627569528 0.6898148148148148 0.044135429262394194 0.16666666666666666
0 0.8827085852478839 0.7157407407407408 0.049576783555018135 0.1574074074074074
0 0.8975211608222491 0.5800925925925926 0.051390568319226115 0.15092592592592594
0 0.8548972188633616 0.5717592592592593 0.05078597339782346 0.1675925925925926
0 0.6605199516324063 0.7069444444444445 0.05380894800483676 0.16944444444444445
0 0.4619105199516324 0.24444444444444444 0.03506650544135429 0.12962962962962962
0 0.0036275695284159614 0.4703703703703704 0.006045949214026602 0.17037037037037037
0 0.15205562273276904 0.41064814814814815 0.039298669891172915 0.16203703703703703
0 0.014207980652962516 0.5430555555555555 0.02720677146311971 0.14351851851851852
0 0.7853688029020556 0.399537037037037 0.044740024183796856 0.15462962962962962
0 0.8101571946795647 0.3851851851851852 0.03869407496977025 0.1425925925925926
0 0.24455864570737607 0.20046296296296295 0.028415961305925032 0.11574074074074074
0 0.2633010882708585 0.17222222222222222 0.028415961305925032 0.13703703703703704
0 0.20949214026602175 0.1259259259259259 0.03204353083434099 0.13518518518518519
0 0.6438935912938332 0.4222222222222222 0.04353083434099154 0.14074074074074075
0 0.02871825876662636 0.6263888888888889 0.047762998790810154 0.14907407407407408
0 0.013301088270858524 0.6083333333333333 0.02539298669891173 0.17407407407407408
0 0.6327085852478839 0.7032407407407407 0.03204353083434099 0.1287037037037037
0 0.7388149939540508 0.5462962962962963 0.037484885126964934 0.11851851851851852
0 0.7052599758162031 0.5467592592592593 0.04171704957678356 0.16018518518518518
0 0.24032648125755743 0.14814814814814814 0.03325272067714631 0.12037037037037036
0 0.6405683192261185 0.5412037037037037 0.04171704957678356 0.14351851851851852
0 0.6692865779927448 0.5291666666666667 0.03990326481257558 0.1675925925925926
0 0.11880290205562273 0.5425925925925926 0.046553808948004836 0.15185185185185185
0 0.13603385731559856 0.5675925925925925 0.03990326481257558 0.15925925925925927
0 0.07799274486094317 0.5773148148148148 0.037484885126964934 0.14907407407407408
0 0.6499395405078597 0.5967592592592592 0.03143893591293833 0.11574074074074074
0 0.6704957678355502 0.4212962962962963 0.036275695284159616 0.13518518518518519
0 0.6045949214026602 0.7888888888888889 0.06892382103990327 0.16666666666666666
0 0.3715235792019347 0.9662037037037037 0.05380894800483676 0.06574074074074074
0 0.3307134220072551 0.9287037037037037 0.04353083434099154 0.14444444444444443
0 0.7681378476420798 0.75 0.044135429262394194 0.17592592592592593
0 0.723397823458283 0.7222222222222222 0.04171704957678356 0.1537037037037037
0 0.7938331318016929 0.7027777777777777 0.045949214026602174 0.17222222222222222
0 0.18440145102781136 0.9421296296296297 0.04836759371221282 0.1175925925925926
0 0.8041112454655381 0.5925925925925926 0.04836759371221282 0.1425925925925926
0 0.1435912938331318 0.7722222222222223 0.058645707376058044 0.17592592592592593
0 0.28476420798065294 0.9074074074074074 0.041112454655380895 0.17592592592592593
0 0.7944377267230955 0.2569444444444444 0.037484885126964934 0.14351851851851852
0 0.8155985489721886 0.21944444444444444 0.04232164449818621 0.12407407407407407
0 0.9189842805320435 0.30972222222222223 0.0471584038694075 0.14351851851851852
0 0.6021765417170496 0.25462962962962965 0.03990326481257558 0.1388888888888889
0 0.6200120918984281 0.2513888888888889 0.034461910519951636 0.13425925925925927
0 0.7258162031438936 0.3106481481481482 0.04534461910519952 0.14351851851851852
0 0.45042321644498184 0.15555555555555556 0.03385731559854897 0.11851851851851852
0 0.4758162031438936 0.16064814814814815 0.03385731559854897 0.1287037037037037
0 0.5804111245465539 0.1587962962962963 0.037484885126964934 0.13796296296296295
0 0.6036880290205562 0.09768518518518518 0.034461910519951636 0.13055555555555556
0 0.5707376058041113 0.07268518518518519 0.044740024183796856 0.12685185185185185
0 0.009371221281741234 0.4083333333333333 0.017533252720677146 0.14074074074074075
0 0.2781136638452237 0.21574074074074073 0.041112454655380895 0.12222222222222222
0 0.24486094316807738 0.22453703703703703 0.041112454655380895 0.12129629629629629
0 0.051390568319226115 0.22870370370370371 0.03506650544135429 0.14074074074074075
0 0.10278113663845223 0.2439814814814815 0.03990326481257558 0.14351851851851852
0 0.12817412333736397 0.25 0.03506650544135429 0.14074074074074075
0 0.22581620314389358 0.17175925925925925 0.039298669891172915 0.12314814814814815
0 0.011789600967351875 0.24074074074074073 0.022370012091898428 0.1537037037037037
0 0.06257557436517533 0.34629629629629627 0.04171704957678356 0.1388888888888889
0 0.017835550181378477 0.16157407407407406 0.034461910519951636 0.14351851851851852
0 0.16505441354292624 0.1574074074074074 0.03506650544135429 0.14074074074074075
0 0.09915356711003627 0.15185185185185185 0.03990326481257558 0.14629629629629629
0 0.15175332527206772 0.14027777777777778 0.036275695284159616 0.13425925925925927
0 0.9848851269649335 0.2953703703703704 0.02781136638452237 0.14629629629629629
0 0.8917775090689238 0.32546296296296295 0.04353083434099154 0.13425925925925927
0 0.8908706166868199 0.25416666666666665 0.034461910519951636 0.11574074074074074
0 0.9316807738814994 0.2587962962962963 0.03506650544135429 0.13796296296296295
0 0.8558041112454655 0.20925925925925926 0.03688029020556227 0.14074074074074075
0 0.8621523579201935 0.13055555555555556 0.030229746070133012 0.12962962962962962
0 0.9087061668681983 0.19814814814814816 0.03143893591293833 0.12407407407407407
0 0.02418379685610641 0.4310185185185185 0.037484885126964934 0.1398148148148148
0 0.05350665054413543 0.4083333333333333 0.034461910519951636 0.14629629629629629
0 0.046251511487303505 0.38796296296296295 0.03204353083434099 0.14074074074074075
0 0.967049576783555 0.2935185185185185 0.03688029020556227 0.12407407407407407
0 0.04685610640870617 0.4476851851851852 0.034461910519951636 0.12129629629629629
0 0.002116082224909311 0.1763888888888889 0.003022974607013301 0.12129629629629629
0 0.09401451027811367 0.19074074074074074 0.03688029020556227 0.14814814814814814
0 0.0250906892382104 0.11944444444444445 0.034461910519951636 0.13518518518518519
0 0.21039903264812576 0.07962962962962963 0.02902055622732769 0.13148148148148148
0 0.8845223700120919 0.19166666666666668 0.03385731559854897 0.12962962962962962
0 0.9114268440145102 0.1638888888888889 0.03688029020556227 0.12407407407407407
0 0.9081015719467956 0.23935185185185184 0.030229746070133012 0.12685185185185185
0 0.9117291414752116 0.28194444444444444 0.03990326481257558 0.13796296296296295
0 0.08222490931076179 0.2375 0.03143893591293833 0.1398148148148148
0 0.6617291414752116 0.5666666666666667 0.03688029020556227 0.15185185185185185
0 0.5305320435308344 0.14814814814814814 0.03204353083434099 0.12777777777777777
0 0.05985489721886336 0.324537037037037 0.03143893591293833 0.14351851851851852
