0 0.09348958333333333 0.8648148148148148 0.09322916666666667 0.26851851851851855
0 0.26328125 0.8916666666666667 0.058854166666666666 0.21481481481481482
0 0.20338541666666668 0.8546296296296296 0.07552083333333333 0.28888888888888886
0 0.14869791666666668 0.8277777777777777 0.06510416666666667 0.3074074074074074
0 0.7388020833333333 0.8453703703703703 0.0765625 0.2962962962962963
0 0.6643229166666667 0.8449074074074074 0.0671875 0.30648148148148147
0 0.32421875 0.7046296296296296 0.05677083333333333 0.25555555555555554
0 0.14869791666666668 0.7032407407407407 0.0609375 0.22685185185185186
0 0.23697916666666666 0.6814814814814815 0.059375 0.24259259259259258
0 0.6713541666666667 0.475 0.05416666666666667 0.2
0 0.18697916666666667 0.7824074074074074 0.06770833333333333 0.29259259259259257
0 0.8161458333333333 0.5226851851851851 0.05416666666666667 0.19722222222222222
0 0.6421875 0.4976851851851852 0.04375 0.16018518518518518
0 0.53125 0.40879629629629627 0.03854166666666667 0.175
0 0.5057291666666667 0.41759259259259257 0.030208333333333334 0.14629629629629629
0 0.39296875 0.4310185185185185 0.04635416666666667 0.19166666666666668
0 0.7127604166666667 0.48194444444444445 0.0421875 0.1527777777777778
0 0.48333333333333334 0.35462962962962963 0.029166666666666667 0.13518518518518519
0 0.7575520833333333 0.2791666666666667 0.0296875 0.10462962962962963
0 0.5505208333333333 0.5967592592592592 0.053125 0.25462962962962965
0 0.4953125 0.600925925925926 0.05 0.24814814814814815
0 0.4552083333333333 0.6481481481481481 0.053125 0.22407407407407406
0 0.34479166666666666 0.6458333333333334 0.05520833333333333 0.2490740740740741
0 0.2760416666666667 0.6282407407407408 0.051041666666666666 0.22685185185185186
0 0.25494791666666666 0.6106481481481482 0.0515625 0.23981481481481481
0 0.30755208333333334 0.5587962962962963 0.033854166666666664 0.19907407407407407
0 0.35703125 0.5449074074074074 0.04635416666666667 0.20092592592592592
0 0.5 0.5421296296296296 0.03854166666666667 0.18981481481481483
0 0.28671875 0.5138888888888888 0.043229166666666666 0.1814814814814815
0 0.19869791666666667 0.4638888888888889 0.044270833333333336 0.17407407407407408
0 0.40546875 0.49444444444444446 0.03802083333333333 0.18888888888888888
0 0.5375 0.5356481481481481 0.041666666666666664 0.2101851851851852
0 0.48463541666666665 0.4787037037037037 0.0421875 0.16296296296296298
0 0.4122395833333333 0.4212962962962963 0.03802083333333333 0.1685185185185185
0 0.44765625 0.42685185185185187 0.0390625 0.16666666666666666
0 0.46510416666666665 0.39537037037037037 0.036458333333333336 0.17037037037037037
0 0.5520833333333334 0.36712962962962964 0.03125 0.15462962962962962
0 0.42604166666666665 0.36527777777777776 0.028125 0.13796296296296295
0 0.36276041666666664 0.3907407407407407 0.034895833333333334 0.16296296296296298
0 0.15286458333333333 0.5425925925925926 0.04010416666666667 0.19074074074074074
0 0.3419270833333333 0.35462962962962963 0.04010416666666667 0.1537037037037037
0 0.5151041666666667 0.38101851851851853 0.03125 0.14907407407407408
0 0.8861979166666667 0.5597222222222222 0.058854166666666666 0.20833333333333334
0 0.33697916666666666 0.38796296296296295 0.03333333333333333 0.1574074074074074
0 0.30494791666666665 0.4111111111111111 0.027604166666666666 0.15185185185185185
0 0.4140625 0.3560185185185185 0.034375 0.1398148148148148
0 0.22057291666666667 0.5273148148148148 0.06302083333333333 0.22685185185185186
0 0.6958333333333333 0.45231481481481484 0.051041666666666666 0.18425925925925926
0 0.4041666666666667 0.29259259259259257 0.03229166666666667 0.13148148148148148
0 0.2716145833333333 0.39490740740740743 0.03802083333333333 0.16203703703703703
0 0.5565104166666667 0.38796296296296295 0.0296875 0.1648148148148148
0 0.34921875 0.26064814814814813 0.0234375 0.11018518518518519
0 0.3619791666666667 0.287962962962963 0.023958333333333335 0.11851851851851852
0 0.5114583333333333 0.362962962962963 0.03229166666666667 0.14629629629629629
0 0.478125 0.29444444444444445 0.03125 0.1259259259259259
0 0.4986979166666667 0.2865740740740741 0.03177083333333333 0.1287037037037037
0 0.5791666666666667 0.3458333333333333 0.03854166666666667 0.1675925925925926
0 0.4171875 0.25787037037037036 0.03125 0.11018518518518519
0 0.3765625 0.2587962962962963 0.029166666666666667 0.11018518518518519
0 0.46588541666666666 0.2490740740740741 0.0234375 0.1037037037037037
0 0.5153645833333333 0.31805555555555554 0.021354166666666667 0.08796296296296297
0 0.6125 0.362962962962963 0.03229166666666667 0.13518518518518519
0 0.7833333333333333 0.3611111111111111 0.030208333333333334 0.1685185185185185
0 0.5489583333333333 0.28888888888888886 0.028125 0.11851851851851852
