0 0.08984375 0.34814814814814815 0.058854166666666666 0.18703703703703703
0 0.08723958333333333 0.7097222222222223 0.0765625 0.3472222222222222
0 0.28671875 0.7782407407407408 0.0796875 0.36574074074074076
0 0.3177083333333333 0.35138888888888886 0.03854166666666667 0.19907407407407407
0 0.3578125 0.3537037037037037 0.05625 0.18703703703703703
0 0.29791666666666666 0.30092592592592593 0.035416666666666666 0.1962962962962963
0 0.40546875 0.2884259259259259 0.049479166666666664 0.19537037037037036
0 0.3307291666666667 0.2412037037037037 0.0375 0.16203703703703703
0 0.31171875 0.2439814814814815 0.0359375 0.1824074074074074
0 0.3768229166666667 0.23472222222222222 0.0296875 0.16203703703703703
0 0.49192708333333335 0.274537037037037 0.044270833333333336 0.1935185185185185
0 0.5283854166666667 0.26666666666666666 0.03802083333333333 0.17037037037037037
0 0.5859375 0.2986111111111111 0.04895833333333333 0.1787037037037037
0 0.8307291666666666 0.36898148148148147 0.06666666666666667 0.20277777777777778
0 0.24661458333333333 0.29398148148148145 0.044270833333333336 0.18425925925925926
0 0.2171875 0.2847222222222222 0.03854166666666667 0.1935185185185185
0 0.6864583333333333 0.3106481481481482 0.04895833333333333 0.175
0 0.4356770833333333 0.19768518518518519 0.04010416666666667 0.1638888888888889
0 0.7505208333333333 0.28194444444444444 0.03854166666666667 0.1712962962962963
0 0.7684895833333333 0.2675925925925926 0.03802083333333333 0.17407407407407408
0 0.7143229166666667 0.2763888888888889 0.03802083333333333 0.1787037037037037
0 0.5255208333333333 0.175 0.03854166666666667 0.16111111111111112
0 0.51640625 0.21712962962962962 0.03802083333333333 0.16203703703703703
0 0.47369791666666666 0.15 0.03177083333333333 0.13703703703703704
0 0.4859375 0.1537037037037037 0.022916666666666665 0.1
0 0.5088541666666667 0.16203703703703703 0.025 0.09259259259259259
0 0.49583333333333335 0.1337962962962963 0.028125 0.13055555555555556
0 0.49973958333333335 0.07546296296296297 0.0234375 0.11574074074074074
0 0.4 0.19166666666666668 0.036458333333333336 0.1685185185185185
0 0.4041666666666667 0.0699074074074074 0.035416666666666666 0.12129629629629629
0 0.38046875 0.0712962962962963 0.027604166666666666 0.1037037037037037
0 0.3567708333333333 0.06435185185185185 0.030208333333333334 0.12129629629629629
0 0.34713541666666664 0.0875 0.0234375 0.08981481481481482
