0 0.13938618925831203 0.32443181818181815 0.03495311167945439 0.11704545454545455
0 0.7237851662404092 0.25113636363636366 0.04092071611253197 0.09318181818181819
0 0.10187553282182438 0.31988636363636364 0.03495311167945439 0.1215909090909091
0 0.004688832054560955 0.9488636363636364 0.0076726342710997444 0.10227272727272728
0 0.5664961636828645 0.3659090909090909 0.04688832054560955 0.125
0 0.48678601875532823 0.1159090909090909 0.028985507246376812 0.09318181818181819
0 0.8162830349531117 0.31022727272727274 0.03836317135549872 0.1159090909090909
0 0.7344416027280477 0.2897727272727273 0.03324808184143223 0.10681818181818181
0 0.7331628303495311 0.3096590909090909 0.03580562659846547 0.11022727272727273
0 0.7681159420289855 0.29659090909090907 0.03410059676044331 0.1159090909090909
0 0.7608695652173914 0.33238636363636365 0.03836317135549872 0.11704545454545455
0 0.7327365728900256 0.48295454545454547 0.043478260869565216 0.12045454545454545
0 0.876385336743393 0.5005681818181819 0.04603580562659847 0.12386363636363637
0 0.5626598465473146 0.6238636363636364 0.03751065643648764 0.1340909090909091
0 0.20076726342711 0.017613636363636363 0.0247229326513214 0.03295454545454545
0 0.257459505541347 0.02215909090909091 0.02557544757033248 0.042045454545454546
0 0.4936061381074169 0.040340909090909094 0.0392156862745098 0.07840909090909091
0 0.4019607843137255 0.033522727272727273 0.029838022165387893 0.06477272727272727
0 0.37681159420289856 0.03068181818181818 0.02557544757033248 0.05909090909090909
0 0.47655583972719523 0.010795454545454546 0.028985507246376812 0.019318181818181818
0 0.4381926683716965 0.03920454545454546 0.03410059676044331 0.07613636363636364
0 0.45652173913043476 0.04375 0.0247229326513214 0.053409090909090906
0 0.37084398976982097 0.017613636363636363 0.028985507246376812 0.03295454545454545
0 0.4458653026427962 0.008522727272727272 0.030690537084398978 0.014772727272727272
0 0.5750213128729753 0.43125 0.041773231031543054 0.1215909090909091
0 0.5959079283887468 0.7255681818181818 0.042625745950554135 0.1375
0 0.22549019607843138 0.22443181818181818 0.03495311167945439 0.10340909090909091
0 0.42028985507246375 0.14829545454545454 0.03239556692242114 0.10340909090909091
0 0.25618073316283035 0.4653409090909091 0.03836317135549872 0.1375
0 0.7710997442455243 0.3875 0.03324808184143223 0.10909090909090909
0 0.22208013640238705 0.9715909090909091 0.05200341005967604 0.056818181818181816
0 0.13043478260869565 0.9409090909090909 0.04774083546462063 0.12045454545454545
0 0.16709292412617222 0.9426136363636364 0.0443307757885763 0.11477272727272728
0 0.43648763853367434 0.33125 0.03239556692242114 0.09659090909090909
0 0.4100596760443308 0.33125 0.03410059676044331 0.10113636363636364
0 0.31287297527706737 0.2596590909090909 0.0392156862745098 0.10795454545454546
0 0.050724637681159424 0.39545454545454545 0.041773231031543054 0.12727272727272726
0 0.8090366581415175 0.5238636363636363 0.042625745950554135 0.12954545454545455
0 0.9087809036658141 0.6602272727272728 0.056265984654731455 0.12954545454545455
0 0.8563512361466326 0.6897727272727273 0.04688832054560955 0.14772727272727273
0 0.8073316283034954 0.3926136363636364 0.03751065643648764 0.11477272727272728
0 0.9049445865302643 0.9539772727272727 0.04688832054560955 0.08977272727272727
0 0.6777493606138107 0.9267045454545455 0.05115089514066496 0.12613636363636363
0 0.7263427109974424 0.9204545454545454 0.057971014492753624 0.1590909090909091
0 0.9744245524296675 0.9045454545454545 0.03751065643648764 0.17954545454545454
0 0.9437340153452686 0.9551136363636363 0.0392156862745098 0.08977272727272727
0 0.5323955669224212 0.5272727272727272 0.03324808184143223 0.1159090909090909
0 0.3431372549019608 0.36079545454545453 0.041773231031543054 0.11022727272727273
0 0.3934356351236147 0.3306818181818182 0.03324808184143223 0.10681818181818181
0 0.8572037510656436 0.8681818181818182 0.05200341005967604 0.1431818181818182
0 0.8179880647911338 0.9215909090909091 0.060528559249786874 0.15681818181818183
0 0.9377664109121909 0.8965909090909091 0.05456095481670929 0.1431818181818182
0 0.5537084398976982 0.5556818181818182 0.04688832054560955 0.1340909090909091
0 0.0038363171355498722 0.07386363636363637 0.005967604433077579 0.09318181818181819
0 0.0937766410912191 0.06079545454545455 0.03239556692242114 0.08295454545454546
0 0.17817561807331628 0.11420454545454546 0.028985507246376812 0.0875
0 0.05029838022165388 0.9653409090909091 0.05285592497868713 0.0715909090909091
0 0.7723785166240409 0.5261363636363636 0.04092071611253197 0.1340909090909091
0 0.13256606990622335 0.4096590909090909 0.03495311167945439 0.11022727272727273
0 0.16666666666666666 0.40511363636363634 0.03665814151747655 0.11477272727272728
0 0.5089514066496164 0.4431818181818182 0.0392156862745098 0.12045454545454545
0 0.5430520034100597 0.45795454545454545 0.042625745950554135 0.1159090909090909
0 0.060528559249786874 0.25170454545454546 0.028985507246376812 0.10113636363636364
0 0.1555839727195226 0.2125 0.029838022165387893 0.08863636363636364
0 0.18499573742540495 0.2096590909090909 0.030690537084398978 0.10340909090909091
0 0.35208866155157714 0.2096590909090909 0.04092071611253197 0.11022727272727273
0 0.39855072463768115 0.15 0.023017902813299233 0.09318181818181819
0 0.30988917306052854 0.12954545454545455 0.0247229326513214 0.075
0 0.20034100596760443 0.11306818181818182 0.028985507246376812 0.10113636363636364
0 0.23017902813299232 0.11818181818181818 0.027280477408354646 0.09090909090909091
0 0.46930946291560105 0.1431818181818182 0.03324808184143223 0.09318181818181819
0 0.5038363171355499 0.15 0.028985507246376812 0.08863636363636364
0 0.9002557544757033 0.1721590909090909 0.03410059676044331 0.10340909090909091
0 0.18712702472293266 0.03579545454545455 0.03324808184143223 0.06931818181818182
0 0.22421142369991476 0.02215909090909091 0.030690537084398978 0.042045454545454546
0 0.2877237851662404 0.11477272727272728 0.028132992327365727 0.09318181818181819
0 0.7442455242966752 0.5857954545454546 0.04774083546462063 0.1375
0 0.8175618073316283 0.6034090909090909 0.042625745950554135 0.13863636363636364
0 0.7071611253196931 0.6977272727272728 0.041773231031543054 0.1431818181818182
0 0.7387041773231031 0.6886363636363636 0.04688832054560955 0.15227272727272728
0 0.45098039215686275 0.7568181818181818 0.04603580562659847 0.15227272727272728
0 0.7097186700767263 0.6284090909090909 0.041773231031543054 0.125
0 0.6726342710997443 0.6977272727272728 0.04774083546462063 0.12954545454545455
0 0.7898550724637681 0.6238636363636364 0.03665814151747655 0.1340909090909091
0 0.3657289002557545 0.3125 0.03410059676044331 0.10454545454545454
0 0.34185848252344414 0.3 0.03580562659846547 0.12045454545454545
0 0.8371696504688833 0.05568181818181818 0.03239556692242114 0.09318181818181819
0 0.7395566922421143 0.4056818181818182 0.03324808184143223 0.07954545454545454
0 0.7468030690537084 0.6443181818181818 0.04092071611253197 0.13863636363636364
0 0.21057118499573743 0.07670454545454546 0.028985507246376812 0.08295454545454546
0 0.035379369138959935 0.7181818181818181 0.041773231031543054 0.14772727272727273
0 0.6035805626598465 0.925 0.059676044330775786 0.1431818181818182
0 0.46675191815856776 0.9642045454545455 0.045183290707587385 0.0715909090909091
0 0.05115089514066496 0.8028409090909091 0.05115089514066496 0.16022727272727272
0 0.4539641943734015 0.50625 0.03836317135549872 0.1375
0 0.46675191815856776 0.6823863636363636 0.05029838022165388 0.1375
0 0.5089514066496164 0.6869318181818181 0.0392156862745098 0.12840909090909092
0 0.2855924978687127 0.47613636363636364 0.042625745950554135 0.1159090909090909
0 0.4658994032395567 0.6329545454545454 0.04688832054560955 0.13863636363636364
0 0.8734015345268542 0.9011363636363636 0.045183290707587385 0.1431818181818182
0 0.37595907928388744 0.35965909090909093 0.03410059676044331 0.1125
0 0.4458653026427962 0.37272727272727274 0.0392156862745098 0.10681818181818181
0 0.2872975277067349 0.8715909090909091 0.05115089514066496 0.17272727272727273
0 0.4053708439897698 0.6698863636363637 0.04688832054560955 0.14204545454545456
0 0.33972719522591643 0.8801136363636364 0.04688832054560955 0.1784090909090909
0 0.4437340153452685 0.7948863636363637 0.045183290707587385 0.13295454545454546
0 0.08397271952259165 0.8960227272727272 0.05541346973572037 0.15568181818181817
0 0.3294970161977835 0.6960227272727273 0.041773231031543054 0.13295454545454546
0 0.3653026427962489 0.7039772727272727 0.05029838022165388 0.14431818181818182
0 0.40068201193520886 0.8579545454545454 0.05115089514066496 0.16363636363636364
0 0.40153452685422 0.790340909090909 0.04603580562659847 0.13977272727272727
0 0.3721227621483376 0.6573863636363636 0.05029838022165388 0.14431818181818182
0 0.40281329923273657 0.7193181818181819 0.04688832054560955 0.14772727272727273
0 0.5358056265984654 0.6352272727272728 0.03836317135549872 0.1318181818181818
0 0.841005967604433 0.7392045454545455 0.040068201193520885 0.1375
0 0.8158567774936062 0.7295454545454545 0.05115089514066496 0.15227272727272728
0 0.4019607843137255 0.5255681818181818 0.041773231031543054 0.11931818181818182
