0 0.38694074969770254 0.8171296296296297 0.03869407496977025 0.1712962962962963
0 0.3688029020556227 0.8648148148148148 0.03869407496977025 0.1648148148148148
0 0.648428053204353 0.8347222222222223 0.047762998790810154 0.17685185185185184
0 0.376360338573156 0.5773148148148148 0.046553808948004836 0.14351851851851852
0 0.33252720677146314 0.587037037037037 0.04232164449818621 0.14629629629629629
0 0.060459492140266025 0.6416666666666667 0.045949214026602174 0.1537037037037037
0 0.07073760580411124 0.8032407407407407 0.05441354292623942 0.1824074074074074
0 0.11457073760580411 0.825925925925926 0.051390568319226115 0.1962962962962963
0 0.7140266021765417 0.48657407407407405 0.03990326481257558 0.1675925925925926
0 0.6853083434099153 0.5046296296296297 0.04897218863361548 0.16296296296296298
0 0.6958887545344619 0.5523148148148148 0.045949214026602174 0.1638888888888889
0 0.808645707376058 0.7837962962962963 0.044135429262394194 0.15648148148148147
0 0.7868802902055623 0.8236111111111111 0.062273276904474005 0.15462962962962962
0 0.3606408706166868 0.28055555555555556 0.03688029020556227 0.13518518518518519
0 0.314087061668682 0.30462962962962964 0.034461910519951636 0.12962962962962962
0 0.40840386940749696 0.2814814814814815 0.0380894800483676 0.13518518518518519
0 0.40447400241837966 0.30324074074074076 0.05804111245465538 0.14351851851851852
0 0.24425634824667472 0.812037037037037 0.0471584038694075 0.17592592592592593
0 0.3216444981862152 0.7125 0.03990326481257558 0.17314814814814813
0 0.32496977025392987 0.725462962962963 0.046553808948004836 0.15648148148148147
0 0.25151148730350664 0.8421296296296297 0.045949214026602174 0.18981481481481483
0 0.32043530834340994 0.32314814814814813 0.045949214026602174 0.13703703703703704
0 0.6330108827085853 0.9425925925925925 0.049576783555018135 0.11481481481481481
0 0.6892382103990327 0.9273148148148148 0.045949214026602174 0.14722222222222223
0 0.6457073760580411 0.9143518518518519 0.041112454655380895 0.16203703703703703
0 0.972490931076179 0.8175925925925925 0.0501813784764208 0.16666666666666666
0 0.9262394195888755 0.7671296296296296 0.053204353083434096 0.1527777777777778
0 0.9876058041112454 0.7680555555555556 0.022370012091898428 0.1675925925925926
0 0.905683192261185 0.9712962962962963 0.04836759371221282 0.05925925925925926
0 0.9504232164449818 0.9740740740740741 0.041112454655380895 0.053703703703703705
0 0.8065296251511487 0.9736111111111111 0.04836759371221282 0.05462962962962963
0 0.7566505441354293 0.9587962962962963 0.04534461910519952 0.0824074074074074
0 0.8128778718258767 0.5578703703703703 0.03688029020556227 0.15462962962962962
0 0.869105199516324 0.5851851851851851 0.04897218863361548 0.1648148148148148
0 0.8409915356711004 0.5115740740740741 0.030229746070133012 0.10462962962962963
0 0.8712212817412334 0.524537037037037 0.03385731559854897 0.12314814814814815
0 0.3642684401451028 0.9810185185185185 0.0380894800483676 0.03981481481481482
0 0.14933494558645707 0.16527777777777777 0.03506650544135429 0.12685185185185185
0 0.08796856106408706 0.2865740740740741 0.042926239419588876 0.16203703703703703
0 0.1777509068923821 0.1962962962962963 0.03385731559854897 0.12962962962962962
0 0.6831922611850061 0.11990740740740741 0.03385731559854897 0.12685185185185185
0 0.7158403869407497 0.12546296296296297 0.03143893591293833 0.11944444444444445
0 0.34522370012091896 0.16574074074074074 0.03506650544135429 0.11851851851851852
0 0.3062273276904474 0.2375 0.03688029020556227 0.1398148148148148
0 0.4068923821039903 0.19583333333333333 0.032648125755743655 0.13240740740740742
0 0.5278113663845224 0.17083333333333334 0.037484885126964934 0.14351851851851852
0 0.4207980652962515 0.16111111111111112 0.032648125755743655 0.12962962962962962
0 0.5033252720677146 0.19537037037037036 0.04171704957678356 0.12407407407407407
0 0.5891777509068924 0.1527777777777778 0.03688029020556227 0.12407407407407407
0 0.624546553808948 0.1412037037037037 0.04232164449818621 0.12685185185185185
0 0.6756348246674728 0.1449074074074074 0.044135429262394194 0.12685185185185185
0 0.720677146311971 0.10972222222222222 0.03385731559854897 0.11203703703703703
0 0.7503022974607013 0.1412037037037037 0.03506650544135429 0.13240740740740742
0 0.7741837968561064 0.2662037037037037 0.044135429262394194 0.13240740740740742
0 0.9108222490931076 0.32592592592592595 0.034461910519951636 0.11296296296296296
0 0.9389359129383313 0.32083333333333336 0.03506650544135429 0.13425925925925927
0 0.9585852478839177 0.2351851851851852 0.03204353083434099 0.12407407407407407
0 0.9226118500604595 0.2777777777777778 0.03385731559854897 0.13148148148148148
0 0.961608222490931 0.29583333333333334 0.039298669891172915 0.1398148148148148
0 0.944074969770254 0.36712962962962964 0.044135429262394194 0.15462962962962962
0 0.9111245465538089 0.37037037037037035 0.04232164449818621 0.1574074074074074
0 0.7808343409915357 0.36666666666666664 0.02962515114873035 0.09814814814814815
0 0.8062273276904474 0.3421296296296296 0.03688029020556227 0.13425925925925927
0 0.8222490931076178 0.3527777777777778 0.030229746070133012 0.10740740740740741
0 0.9863966142684402 0.27546296296296297 0.02720677146311971 0.14537037037037037
0 0.8969165659008465 0.4412037037037037 0.05380894800483676 0.13796296296296295
0 0.9419588875453446 0.4375 0.04232164449818621 0.15648148148148147
0 0.9558645707376058 0.4287037037037037 0.041112454655380895 0.14629629629629629
0 0.9821644498186215 0.4134259259259259 0.03325272067714631 0.15462962962962962
0 0.9827690447400241 0.4513888888888889 0.03204353083434099 0.14537037037037037
0 0.9204957678355502 0.5023148148148148 0.046553808948004836 0.14722222222222223
0 0.9247279322853688 0.5722222222222222 0.046553808948004836 0.15185185185185185
0 0.6169891172914147 0.3425925925925926 0.04171704957678356 0.13703703703703704
0 0.6441958887545345 0.35555555555555557 0.039298669891172915 0.15185185185185185
0 0.7817412333736397 0.31805555555555554 0.030229746070133012 0.12685185185185185
0 0.7605804111245466 0.3106481481481482 0.03385731559854897 0.12685185185185185
0 0.6650544135429263 0.412962962962963 0.037484885126964934 0.1537037037037037
0 0.6366384522370012 0.4046296296296296 0.037484885126964934 0.14629629629629629
0 0.7016324062877872 0.3851851851851852 0.04171704957678356 0.1425925925925926
0 0.8579201934703748 0.37592592592592594 0.037484885126964934 0.13148148148148148
0 0.779322853688029 0.6138888888888889 0.05078597339782346 0.1574074074074074
0 0.13996372430471585 0.3486111111111111 0.039298669891172915 0.13796296296296295
0 0.1807738814993954 0.3439814814814815 0.04232164449818621 0.13240740740740742
0 0.16928657799274485 0.41805555555555557 0.041112454655380895 0.1527777777777778
0 0.12484885126964934 0.42268518518518516 0.044135429262394194 0.14351851851851852
0 0.03506650544135429 0.5231481481481481 0.041112454655380895 0.16296296296296298
0 0.06952841596130592 0.5546296296296296 0.049576783555018135 0.1685185185185185
0 0.10278113663845223 0.5699074074074074 0.03506650544135429 0.10277777777777777
0 0.3914752116082225 0.6754629629629629 0.04534461910519952 0.16203703703703703
0 0.08524788391777509 0.19074074074074074 0.037484885126964934 0.12407407407407407
0 0.08252720677146312 0.2101851851851852 0.039298669891172915 0.11481481481481481
0 0.10852478839177751 0.6412037037037037 0.04897218863361548 0.16203703703703703
0 0.3004836759371221 0.663425925925926 0.04232164449818621 0.16574074074074074
0 0.3222490931076179 0.6328703703703704 0.03869407496977025 0.16574074074074074
0 0.3533857315598549 0.6569444444444444 0.03688029020556227 0.14351851851851852
0 0.6617291414752116 0.8037037037037037 0.04897218863361548 0.14814814814814814
0 0.6671704957678356 0.7717592592592593 0.0562273276904474 0.16018518518518518
0 0.4900241837968561 0.3296296296296296 0.04050785973397823 0.11851851851851852
0 0.3373639661426844 0.8416666666666667 0.04836759371221282 0.17222222222222222
0 0.785671100362757 0.25 0.034461910519951636 0.14074074074074075
0 0.3769649334945586 0.17777777777777778 0.034461910519951636 0.13148148148148148
0 0.27871825876662637 0.24074074074074073 0.03869407496977025 0.12407407407407407
0 0.48972188633615477 0.2875 0.045949214026602174 0.16018518518518518
0 0.23609431680773882 0.5972222222222222 0.04171704957678356 0.1537037037037037
0 0.24123337363966144 0.5666666666666667 0.037484885126964934 0.14629629629629629
0 0.05441354292623942 0.8824074074074074 0.05199516324062878 0.17037037037037037
0 0.19740024183796856 0.5953703703703703 0.044135429262394194 0.14629629629629629
0 0.21432889963724305 0.5393518518518519 0.0380894800483676 0.15092592592592594
0 0.1777509068923821 0.5578703703703703 0.0471584038694075 0.15462962962962962
0 0.4818621523579202 0.5828703703703704 0.03990326481257558 0.16018518518518518
0 0.3935912938331318 0.24212962962962964 0.030229746070133012 0.1287037037037037
0 0.41414752116082226 0.24768518518518517 0.032648125755743655 0.12685185185185185
0 0.5120918984280532 0.5731481481481482 0.036275695284159616 0.14629629629629629
0 0.7191656590084643 0.9555555555555556 0.047762998790810154 0.08888888888888889
0 0.9129383313180169 0.8787037037037037 0.049576783555018135 0.1685185185185185
0 0.6729141475211609 0.9625 0.03869407496977025 0.07314814814814814
0 0.719770253929867 0.3851851851851852 0.04171704957678356 0.11851851851851852
0 0.7657194679564692 0.3875 0.04171704957678356 0.13796296296296295
0 0.2790205562273277 0.38101851851851853 0.044135429262394194 0.13796296296296295
0 0.2560459492140266 0.3976851851851852 0.034461910519951636 0.13796296296296295
0 0.5495767835550182 0.5060185185185185 0.032648125755743655 0.12685185185185185
0 0.47702539298669894 0.9777777777777777 0.03869407496977025 0.046296296296296294
0 0.5269044740024184 0.8199074074074074 0.0501813784764208 0.17685185185185184
0 0.4337968561064087 0.8819444444444444 0.046553808948004836 0.16018518518518518
0 0.533857315598549 0.5907407407407408 0.044740024183796856 0.1574074074074074
0 0.5006045949214026 0.9226851851851852 0.05441354292623942 0.15462962962962962
0 0.3234582829504232 0.7777777777777778 0.045949214026602174 0.17407407407407408
0 0.5532043530834341 0.5226851851851851 0.03990326481257558 0.13240740740740742
0 0.524788391777509 0.5296296296296297 0.02902055622732769 0.10740740740740741
0 0.5486698911729141 0.6217592592592592 0.04171704957678356 0.14907407407407408
0 0.49425634824667475 0.875 0.04897218863361548 0.1925925925925926
0 0.3597339782345828 0.4888888888888889 0.037484885126964934 0.13518518518518519
0 0.33796856106408707 0.4023148148148148 0.036275695284159616 0.14722222222222223
0 0.2992744860943168 0.48657407407407405 0.036275695284159616 0.16203703703703703
0 0.37424425634824665 0.7203703703703703 0.037484885126964934 0.1574074074074074
0 0.38724304715840385 0.774074074074074 0.047762998790810154 0.16296296296296298
0 0.41414752116082226 0.7449074074074075 0.04232164449818621 0.16574074074074074
0 0.3606408706166868 0.7407407407407407 0.039298669891172915 0.17407407407407408
0 0.4667472793228537 0.7476851851851852 0.044740024183796856 0.15462962962962962
0 0.6771463119709794 0.7078703703703704 0.05199516324062878 0.1527777777777778
0 0.2569528415961306 0.46111111111111114 0.05804111245465538 0.13518518518518519
0 0.47309552599758165 0.5504629629629629 0.039298669891172915 0.1361111111111111
0 0.4588875453446191 0.5194444444444445 0.049576783555018135 0.13518518518518519
0 0.27357920193470375 0.6018518518518519 0.039298669891172915 0.15185185185185185
0 0.18198307134220074 0.8166666666666667 0.05562273276904474 0.15555555555555556
0 0.470677146311971 0.4217592592592593 0.03204353083434099 0.14907407407407408
0 0.4918379685610641 0.3972222222222222 0.03688029020556227 0.14074074074074075
0 0.4873035066505441 0.6375 0.04232164449818621 0.16018518518518518
0 0.4531438935912938 0.449537037037037 0.03204353083434099 0.11574074074074074
0 0.4948609431680774 0.4666666666666667 0.03204353083434099 0.11851851851851852
0 0.26481257557436516 0.6425925925925926 0.04836759371221282 0.1685185185185185
0 0.1925634824667473 0.9532407407407407 0.04897218863361548 0.09537037037037037
0 0.5804111245465539 0.9745370370370371 0.03990326481257558 0.05277777777777778
0 0.5474607013301088 0.9523148148148148 0.04897218863361548 0.09537037037037037
0 0.9897218863361548 0.07824074074074074 0.018137847642079808 0.11018518518518519
0 0.9470979443772672 0.04027777777777778 0.03688029020556227 0.0787037037037037
0 0.9727932285368803 0.044444444444444446 0.02902055622732769 0.08703703703703704
0 0.9876058041112454 0.1037037037037037 0.02357920193470375 0.13148148148148148
0 0.9244256348246674 0.0625 0.036275695284159616 0.12129629629629629
0 0.9588875453446191 0.12037037037037036 0.041112454655380895 0.13333333333333333
0 0.9788391777509069 0.125 0.036275695284159616 0.12407407407407407
0 0.9265417170495768 0.15 0.04171704957678356 0.13333333333333333
0 0.9150544135429263 0.10046296296296296 0.03688029020556227 0.125
0 0.8902660217654171 0.1527777777777778 0.04171704957678356 0.12962962962962962
0 0.9836759371221282 0.3523148148148148 0.03143893591293833 0.12685185185185185
0 0.8875453446191052 0.3962962962962963 0.049576783555018135 0.13518518518518519
0 0.5801088270858524 0.03009259259259259 0.02720677146311971 0.058333333333333334
0 0.5668077388149939 0.02824074074074074 0.024788391777509067 0.05462962962962963
0 0.6816807738814994 0.07824074074074074 0.03688029020556227 0.11574074074074074
0 0.6707980652962515 0.09768518518518518 0.034461910519951636 0.12685185185185185
0 0.7067714631197098 0.0587962962962963 0.03506650544135429 0.11574074074074074
0 0.5568319226118501 0.175 0.04353083434099154 0.13518518518518519
0 0.7212817412333736 0.14629629629629629 0.03506650544135429 0.12962962962962962
0 0.1847037484885127 0.026851851851851852 0.034461910519951636 0.05185185185185185
0 0.06529625151148731 0.026851851851851852 0.030229746070133012 0.05185185185185185
0 0.09220072551390568 0.02361111111111111 0.02720677146311971 0.04537037037037037
0 0.12515114873035066 0.028703703703703703 0.02781136638452237 0.05555555555555555
0 0.435912938331318 0.04583333333333333 0.02781136638452237 0.08981481481481482
0 0.4540507859733978 0.04722222222222222 0.03143893591293833 0.09259259259259259
0 0.4229141475211608 0.03009259259259259 0.02962515114873035 0.058333333333333334
0 0.21009673518742442 0.0699074074074074 0.03688029020556227 0.12129629629629629
0 0.17261185006045948 0.07175925925925926 0.03688029020556227 0.1175925925925926
0 0.6278718258766627 0.05555555555555555 0.03204353083434099 0.10925925925925926
0 0.6692865779927448 0.06296296296296296 0.032648125755743655 0.11481481481481481
0 0.6351269649334945 0.0912037037037037 0.03688029020556227 0.13796296296296295
0 0.5982466747279322 0.09166666666666666 0.034461910519951636 0.12407407407407407
0 0.43409915356711004 0.12453703703703704 0.032648125755743655 0.11388888888888889
0 0.4165659008464329 0.09259259259259259 0.03385731559854897 0.12962962962962962
0 0.28657799274486095 0.07546296296296297 0.037484885126964934 0.12129629629629629
0 0.23397823458282951 0.050462962962962966 0.03385731559854897 0.09907407407407408
0 0.28476420798065294 0.04259259259259259 0.030229746070133012 0.08333333333333333
0 0.5888754534461911 0.02638888888888889 0.030229746070133012 0.05092592592592592
