0 0.021160822249093107 0.2814814814814815 0.03990326481257558 0.14814814814814814
0 0.018440145102781136 0.24537037037037038 0.034461910519951636 0.13703703703703704
0 0.06438935912938332 0.23287037037037037 0.04171704957678356 0.13240740740740742
0 0.1124546553808948 0.225 0.041112454655380895 0.14814814814814814
0 0.06801692865779928 0.0699074074074074 0.035671100362756954 0.125
0 0.1686819830713422 0.17546296296296296 0.03506650544135429 0.1398148148148148
0 0.14691656590084642 0.07407407407407407 0.037484885126964934 0.12037037037037036
0 0.1837968561064087 0.08657407407407407 0.03385731559854897 0.13055555555555556
0 0.21281741233373638 0.08055555555555556 0.037484885126964934 0.13148148148148148
0 0.1275695284159613 0.05694444444444444 0.037484885126964934 0.11203703703703703
0 0.17472793228536881 0.053703703703703705 0.03506650544135429 0.10555555555555556
0 0.528415961305925 0.3375 0.030229746070133012 0.12129629629629629
0 0.3394800483675937 0.10462962962962963 0.03204353083434099 0.11851851851851852
0 0.502720677146312 0.029166666666666667 0.02599758162031439 0.05648148148148148
0 0.3766626360338573 0.30694444444444446 0.032648125755743655 0.13425925925925927
0 0.4833736396614268 0.31342592592592594 0.04171704957678356 0.1361111111111111
0 0.49244256348246673 0.19583333333333333 0.03325272067714631 0.12314814814814815
0 0.45163240628778717 0.18981481481481483 0.03990326481257558 0.13148148148148148
0 0.5568319226118501 0.262037037037037 0.036275695284159616 0.1259259259259259
0 0.6109431680773881 0.2722222222222222 0.0380894800483676 0.14814814814814814
0 0.5471584038694075 0.04861111111111111 0.032648125755743655 0.09537037037037037
0 0.5782950423216445 0.08055555555555556 0.02962515114873035 0.12962962962962962
0 0.6330108827085853 0.1699074074074074 0.02781136638452237 0.11574074074074074
0 0.5903869407496977 0.16203703703703703 0.034461910519951636 0.13148148148148148
0 0.5634824667472793 0.15833333333333333 0.03143893591293833 0.1037037037037037
0 0.560459492140266 0.05185185185185185 0.030229746070133012 0.10185185185185185
0 0.9549576783555018 0.2412037037037037 0.03325272067714631 0.12314814814814815
0 0.9746070133010882 0.2337962962962963 0.030229746070133012 0.12685185185185185
0 0.9755139056831923 0.1476851851851852 0.047762998790810154 0.13796296296296295
0 0.9371221281741233 0.21574074074074073 0.032648125755743655 0.11296296296296296
0 0.9425634824667473 0.1162037037037037 0.032648125755743655 0.12685185185185185
0 0.9114268440145102 0.20694444444444443 0.034461910519951636 0.13425925925925927
0 0.9153567110036276 0.12546296296296297 0.037484885126964934 0.13240740740740742
0 0.7146311970979444 0.29212962962962963 0.032648125755743655 0.12314814814814815
0 0.7315598548972189 0.3236111111111111 0.041112454655380895 0.14722222222222223
0 0.7590689238210399 0.3287037037037037 0.02962515114873035 0.12962962962962962
0 0.6073155985489722 0.08148148148148149 0.03083434099153567 0.10555555555555556
0 0.6221281741233373 0.10046296296296296 0.032648125755743655 0.12685185185185185
0 0.9256348246674728 0.08287037037037037 0.03143893591293833 0.11944444444444445
0 0.8975211608222491 0.18518518518518517 0.042926239419588876 0.14629629629629629
0 0.9008464328899637 0.15648148148148147 0.037484885126964934 0.1259259259259259
0 0.8869407496977025 0.09907407407407408 0.037484885126964934 0.13518518518518519
0 0.8688029020556227 0.1814814814814815 0.03506650544135429 0.12037037037037036
0 0.8485489721886336 0.15462962962962962 0.034461910519951636 0.13333333333333333
0 0.6686819830713422 0.08194444444444444 0.037484885126964934 0.12314814814814815
0 0.8195284159613059 0.21296296296296297 0.034461910519951636 0.1259259259259259
0 0.8013905683192262 0.2101851851851852 0.03083434099153567 0.13333333333333333
0 0.7753929866989118 0.2023148148148148 0.03325272067714631 0.14166666666666666
0 0.6980048367593712 0.08472222222222223 0.02962515114873035 0.13240740740740742
0 0.7221886336154776 0.027314814814814816 0.03204353083434099 0.05277777777777778
0 0.7406287787182587 0.2828703703703704 0.037484885126964934 0.1398148148148148
0 0.6469165659008465 0.09351851851851851 0.032648125755743655 0.11851851851851852
0 0.9334945586457074 0.15648148148148147 0.037484885126964934 0.13518518518518519
0 0.9582829504232164 0.18564814814814815 0.036275695284159616 0.1175925925925926
0 0.9183796856106409 0.049074074074074076 0.02781136638452237 0.09444444444444444
0 0.6946795646916566 0.1050925925925926 0.036275695284159616 0.11018518518518519
0 0.6862152357920194 0.05324074074074074 0.03385731559854897 0.10277777777777777
0 0.6626360338573156 0.05740740740740741 0.03506650544135429 0.11296296296296296
0 0.8216444981862152 0.18888888888888888 0.032648125755743655 0.11851851851851852
0 0.5810157194679565 0.05 0.032648125755743655 0.09814814814814815
0 0.41686819830713423 0.22777777777777777 0.04171704957678356 0.14074074074074075
0 0.4558645707376058 0.22453703703703703 0.03506650544135429 0.12314814814814815
0 0.871825876662636 0.14629629629629629 0.032648125755743655 0.11296296296296296
0 0.6759371221281741 0.11018518518518519 0.026602176541717048 0.09074074074074075
0 0.3769649334945586 0.5810185185185185 0.03688029020556227 0.15092592592592594
0 0.06529625151148731 0.4888888888888889 0.03869407496977025 0.1425925925925926
0 0.06166868198307134 0.5259259259259259 0.041112454655380895 0.14444444444444443
0 0.031136638452237003 0.500462962962963 0.03688029020556227 0.15648148148148147
0 0.09371221281741234 0.4925925925925926 0.037484885126964934 0.14629629629629629
0 0.844316807738815 0.38472222222222224 0.03688029020556227 0.12685185185185185
0 0.8464328899637243 0.362962962962963 0.037484885126964934 0.12037037037037036
0 0.26088270858524787 0.6898148148148148 0.044135429262394194 0.1685185185185185
0 0.23821039903264812 0.674537037037037 0.04232164449818621 0.16944444444444445
0 0.37182587666263606 0.6726851851851852 0.032648125755743655 0.14537037037037037
0 0.23155985489721886 0.6013888888888889 0.03506650544135429 0.14722222222222223
0 0.23609431680773882 0.5773148148148148 0.02962515114873035 0.1398148148148148
0 0.19165659008464328 0.5773148148148148 0.04232164449818621 0.13425925925925927
0 0.19830713422007254 0.537962962962963 0.045949214026602174 0.15555555555555556
0 0.15719467956469166 0.5643518518518519 0.04353083434099154 0.14907407407407408
0 0.373639661426844 0.24675925925925926 0.03506650544135429 0.12685185185185185
0 0.3948004836759371 0.25925925925925924 0.032648125755743655 0.12962962962962962
0 0.597037484885127 0.5143518518518518 0.044135429262394194 0.13240740740740742
0 0.6457073760580411 0.5310185185185186 0.044740024183796856 0.14907407407407408
0 0.2457678355501814 0.39166666666666666 0.04171704957678356 0.1425925925925926
0 0.24909310761789602 0.4185185185185185 0.03385731559854897 0.14629629629629629
0 0.27357920193470375 0.9513888888888888 0.04171704957678356 0.09907407407407408
0 0.1596130592503023 0.5157407407407407 0.03990326481257558 0.13703703703703704
0 0.3089480048367594 0.7944444444444444 0.05199516324062878 0.1648148148148148
0 0.11124546553808948 0.5541666666666667 0.04353083434099154 0.1675925925925926
0 0.3382708585247884 0.4962962962962963 0.03688029020556227 0.14074074074074075
0 0.1505441354292624 0.6546296296296297 0.04232164449818621 0.1537037037037037
0 0.5719467956469165 0.7453703703703703 0.036275695284159616 0.13518518518518519
0 0.35701330108827084 0.7236111111111111 0.04050785973397823 0.15648148148148147
0 0.35882708585247886 0.7550925925925925 0.04050785973397823 0.16944444444444445
0 0.5843409915356711 0.6365740740740741 0.046553808948004836 0.1638888888888889
0 0.620918984280532 0.6662037037037037 0.044740024183796856 0.16203703703703703
0 0.6402660217654171 0.6504629629629629 0.02902055622732769 0.13425925925925927
0 0.43107617896009676 0.7597222222222222 0.0471584038694075 0.14907407407407408
0 0.6856106408706167 0.6972222222222222 0.05199516324062878 0.15
0 0.28597339782345826 0.7486111111111111 0.0471584038694075 0.16203703703703703
0 0.4531438935912938 0.5578703703703703 0.03325272067714631 0.1361111111111111
0 0.4407496977025393 0.5199074074074074 0.041112454655380895 0.11574074074074074
0 0.5232769044740024 0.7180555555555556 0.051390568319226115 0.16203703703703703
0 0.6118500604594922 0.736574074074074 0.049576783555018135 0.1675925925925926
0 0.5628778718258767 0.7384259259259259 0.03385731559854897 0.1398148148148148
0 0.6233373639661427 0.7763888888888889 0.037484885126964934 0.12685185185185185
0 0.41414752116082226 0.03518518518518519 0.03143893591293833 0.06851851851851852
0 0.7796251511487303 0.899074074074074 0.04897218863361548 0.16296296296296298
0 0.8168077388149939 0.899537037037037 0.04232164449818621 0.16018518518518518
0 0.42533252720677145 0.6129629629629629 0.046553808948004836 0.14814814814814814
0 0.4528415961305925 0.5898148148148148 0.036275695284159616 0.1425925925925926
0 0.1133615477629988 0.8277777777777777 0.04897218863361548 0.16296296296296298
0 0.5695284159613059 0.8111111111111111 0.044740024183796856 0.1685185185185185
0 0.6106408706166868 0.8060185185185185 0.0471584038694075 0.16574074074074074
0 0.06378476420798065 0.825925925925926 0.04050785973397823 0.1425925925925926
0 0.007557436517533253 0.4351851851851852 0.013905683192261185 0.12962962962962962
0 0.03325272067714631 0.4337962962962963 0.04232164449818621 0.14351851851851852
0 0.9785368802902056 0.32222222222222224 0.03204353083434099 0.1259259259259259
0 0.9552599758162031 0.362962962962963 0.03990326481257558 0.1425925925925926
0 0.9546553808948005 0.3282407407407407 0.041112454655380895 0.12314814814814815
0 0.596130592503023 0.8537037037037037 0.04836759371221282 0.17407407407407408
0 0.5601571946795647 0.8439814814814814 0.04171704957678356 0.16018518518518518
0 0.2953446191051995 0.6175925925925926 0.0501813784764208 0.16296296296296298
0 0.2941354292623942 0.6675925925925926 0.03688029020556227 0.1574074074074074
0 0.3343409915356711 0.39537037037037037 0.037484885126964934 0.12962962962962962
0 0.32285368802902054 0.4375 0.04232164449818621 0.15462962962962962
0 0.34522370012091896 0.4222222222222222 0.03990326481257558 0.13518518518518519
0 0.3022974607013301 0.40185185185185185 0.03385731559854897 0.14629629629629629
0 0.9005441354292624 0.35 0.039298669891172915 0.13148148148148148
0 0.9262394195888755 0.36064814814814816 0.03990326481257558 0.14907407407407408
0 0.14631197097944376 0.9287037037037037 0.04353083434099154 0.14444444444444443
0 0.10701330108827085 0.9143518518518519 0.04836759371221282 0.17314814814814813
0 0.4833736396614268 0.48148148148148145 0.05380894800483676 0.1537037037037037
0 0.41717049576783555 0.4791666666666667 0.03990326481257558 0.14537037037037037
0 0.4274486094316808 0.46296296296296297 0.036275695284159616 0.14814814814814814
0 0.9546553808948005 0.9365740740740741 0.04353083434099154 0.12685185185185185
0 0.9232164449818622 0.9574074074074074 0.05078597339782346 0.08703703703703704
0 0.9743047158403869 0.8731481481481481 0.04897218863361548 0.17407407407407408
0 0.5807134220072552 0.9175925925925926 0.05985489721886336 0.16666666666666666
0 0.56136638452237 0.4546296296296296 0.04050785973397823 0.14629629629629629
0 0.12877871825876663 0.7263888888888889 0.0471584038694075 0.1675925925925926
0 0.9576783555018138 0.7305555555555555 0.05199516324062878 0.17777777777777778
0 0.11033857315598548 0.2949074074074074 0.03204353083434099 0.1398148148148148
0 0.05441354292623942 0.2657407407407407 0.037484885126964934 0.14074074074074075
0 0.658403869407497 0.48842592592592593 0.0471584038694075 0.14351851851851852
0 0.5362756952841596 0.924537037037037 0.041112454655380895 0.1287037037037037
0 0.7267230955259976 0.8902777777777777 0.04232164449818621 0.14722222222222223
0 0.6958887545344619 0.8796296296296297 0.05199516324062878 0.17962962962962964
0 0.08282950423216445 0.29444444444444445 0.03385731559854897 0.13148148148148148
0 0.7022370012091899 0.8087962962962963 0.044135429262394194 0.16018518518518518
0 0.7421402660217654 0.7921296296296296 0.044135429262394194 0.1675925925925926
0 0.08403869407496976 0.7467592592592592 0.044740024183796856 0.14907407407407408
0 0.10459492140266022 0.7736111111111111 0.04353083434099154 0.16574074074074074
0 0.04322853688029021 0.7708333333333334 0.04171704957678356 0.15648148148148147
0 0.623639661426844 0.9027777777777778 0.03688029020556227 0.13333333333333333
0 0.68409915356711 0.49166666666666664 0.035671100362756954 0.15185185185185185
0 0.7998790810157195 0.8361111111111111 0.05078597339782346 0.18518518518518517
0 0.880894800483676 0.7875 0.0471584038694075 0.19166666666666668
0 0.8270858524788391 0.8208333333333333 0.044740024183796856 0.1675925925925926
0 0.8564087061668681 0.8032407407407407 0.039298669891172915 0.1824074074074074
0 0.8872430471584039 0.7324074074074074 0.039298669891172915 0.17407407407407408
0 0.9407496977025392 0.27361111111111114 0.02781136638452237 0.13240740740740742
0 0.8633615477629988 0.21064814814814814 0.03143893591293833 0.12314814814814815
0 0.849758162031439 0.4398148148148148 0.047762998790810154 0.14444444444444443
0 0.7128174123337364 0.5208333333333334 0.04232164449818621 0.14907407407407408
0 0.7424425634824667 0.5037037037037037 0.045949214026602174 0.14814814814814814
0 0.4443772672309553 0.3527777777777778 0.03143893591293833 0.14074074074074075
0 0.774788391777509 0.449537037037037 0.04050785973397823 0.15462962962962962
0 0.6408706166868199 0.30277777777777776 0.037484885126964934 0.14074074074074075
0 0.6070133010882709 0.28935185185185186 0.04836759371221282 0.14351851851851852
0 0.1686819830713422 0.39675925925925926 0.045949214026602174 0.1287037037037037
0 0.1605199516324063 0.4444444444444444 0.044135429262394194 0.14629629629629629
0 0.0024183796856106408 0.4824074074074074 0.0036275695284159614 0.1537037037037037
0 0.062273276904474005 0.37546296296296294 0.04353083434099154 0.14907407407407408
0 0.005139056831922612 0.5523148148148148 0.009068923821039904 0.15462962962962962
0 0.0281136638452237 0.5930555555555556 0.039298669891172915 0.16203703703703703
0 0.06136638452237001 0.33425925925925926 0.03688029020556227 0.14074074074074075
0 0.02176541717049577 0.3365740740740741 0.03990326481257558 0.14351851851851852
0 0.8010882708585247 0.425 0.041112454655380895 0.14074074074074075
0 0.9195888754534461 0.4532407407407407 0.03385731559854897 0.11574074074074074
0 0.9425634824667473 0.44907407407407407 0.041112454655380895 0.14629629629629629
0 0.874546553808948 0.39444444444444443 0.03688029020556227 0.14074074074074075
0 0.747279322853688 0.18888888888888888 0.03506650544135429 0.12962962962962962
0 0.9416565900846433 0.4115740740740741 0.03688029020556227 0.15092592592592594
0 0.1133615477629988 0.3662037037037037 0.034461910519951636 0.13240740740740742
0 0.16203143893591293 0.34120370370370373 0.03506650544135429 0.1398148148148148
0 0.13996372430471585 0.33240740740740743 0.03204353083434099 0.14074074074074075
0 0.9238210399032648 0.2773148148148148 0.03506650544135429 0.1287037037037037
0 0.13603385731559856 0.38842592592592595 0.03385731559854897 0.12685185185185185
0 0.39631197097944376 0.287962962962963 0.0380894800483676 0.12222222222222222
0 0.900241837968561 0.38333333333333336 0.03506650544135429 0.13518518518518519
0 0.93409915356711 0.30092592592592593 0.03869407496977025 0.12407407407407407
0 0.9685610640870617 0.41805555555555557 0.03385731559854897 0.13240740740740742
0 0.8860338573155986 0.4300925925925926 0.042926239419588876 0.13796296296296295
0 0.9232164449818622 0.41944444444444445 0.030229746070133012 0.10740740740740741
0 0.6550785973397824 0.8819444444444444 0.044135429262394194 0.15092592592592594
0 0.15598548972188633 0.950462962962963 0.04836759371221282 0.10092592592592593
0 0.9848851269649335 0.46805555555555556 0.02781136638452237 0.15462962962962962
0 0.7400241837968561 0.46620370370370373 0.037484885126964934 0.14351851851851852
0 0.02418379685610641 0.9083333333333333 0.0471584038694075 0.18518518518518517
0 0.09613059250302297 0.8652777777777778 0.053204353083434096 0.1787037037037037
0 0.13784764207980654 0.8560185185185185 0.04836759371221282 0.16018518518518518
