0 0.9049479166666666 0.9712962962962963 0.04635416666666667 0.05555555555555555
0 0.146875 0.7856481481481481 0.075 0.2953703703703704
0 0.3216145833333333 0.8069444444444445 0.050520833333333334 0.25092592592592594
0 0.26223958333333336 0.7694444444444445 0.07447916666666667 0.29259259259259257
0 0.19713541666666667 0.737037037037037 0.06197916666666667 0.2777777777777778
0 0.6708333333333333 0.7453703703703703 0.07083333333333333 0.26296296296296295
0 0.6059895833333333 0.7481481481481481 0.05677083333333333 0.2796296296296296
0 0.34375 0.6194444444444445 0.04791666666666667 0.22962962962962963
0 0.21041666666666667 0.6138888888888889 0.04791666666666667 0.1962962962962963
0 0.7575520833333333 0.4847222222222222 0.0453125 0.19166666666666668
0 0.26458333333333334 0.5930555555555556 0.05416666666666667 0.20833333333333334
0 0.52265625 0.4625 0.04010416666666667 0.1935185185185185
0 0.1171875 0.7347222222222223 0.06458333333333334 0.2953703703703704
0 0.4875 0.4888888888888889 0.035416666666666666 0.1648148148148148
0 0.7158854166666667 0.5055555555555555 0.05364583333333333 0.21296296296296297
0 0.85078125 0.5388888888888889 0.0734375 0.2037037037037037
0 0.6736979166666667 0.5171296296296296 0.0546875 0.18981481481481483
0 0.49270833333333336 0.37777777777777777 0.036458333333333336 0.16296296296296298
0 0.46380208333333334 0.39166666666666666 0.0296875 0.14629629629629629
0 0.33177083333333335 0.3875 0.03333333333333333 0.17314814814814813
0 0.4375 0.3439814814814815 0.029166666666666667 0.13425925925925927
0 0.58828125 0.524074074074074 0.04635416666666667 0.2222222222222222
0 0.5114583333333333 0.5259259259259259 0.04479166666666667 0.21296296296296297
0 0.5005208333333333 0.5791666666666667 0.04895833333333333 0.20092592592592592
0 0.3859375 0.5787037037037037 0.05416666666666667 0.22407407407407406
0 0.31197916666666664 0.5689814814814815 0.05625 0.2175925925925926
0 0.28671875 0.5449074074074074 0.04635416666666667 0.2212962962962963
0 0.3346354166666667 0.49444444444444446 0.03177083333333333 0.17962962962962964
0 0.378125 0.4935185185185185 0.042708333333333334 0.19074074074074074
0 0.5348958333333333 0.4837962962962963 0.036458333333333336 0.17685185185185184
0 0.3203125 0.46574074074074073 0.03958333333333333 0.1648148148148148
0 0.16979166666666667 0.42407407407407405 0.042708333333333334 0.17037037037037037
0 0.43072916666666666 0.44212962962962965 0.035416666666666666 0.16574074074074074
0 0.5598958333333334 0.48703703703703705 0.03854166666666667 0.1925925925925926
0 0.4783854166666667 0.4393518518518518 0.0421875 0.15462962962962962
0 0.41901041666666666 0.39490740740740743 0.03802083333333333 0.1675925925925926
0 0.44765625 0.3962962962962963 0.033854166666666664 0.15555555555555556
0 0.40520833333333334 0.3680555555555556 0.034375 0.16574074074074074
0 0.5197916666666667 0.3347222222222222 0.028125 0.13425925925925927
0 0.45234375 0.36435185185185187 0.027604166666666666 0.13240740740740742
0 0.3927083333333333 0.3990740740740741 0.027083333333333334 0.15185185185185185
0 0.3671875 0.3902777777777778 0.036458333333333336 0.15462962962962962
0 0.1234375 0.5523148148148148 0.035416666666666666 0.1935185185185185
0 0.47682291666666665 0.3611111111111111 0.03177083333333333 0.15925925925925927
0 0.50859375 0.3574074074074074 0.03177083333333333 0.13703703703703704
0 0.30416666666666664 0.38101851851851853 0.028125 0.14351851851851852
0 0.37005208333333334 0.3439814814814815 0.034895833333333334 0.13796296296296295
0 0.1765625 0.5828703703703704 0.0625 0.23796296296296296
0 0.8283854166666667 0.4722222222222222 0.0515625 0.1962962962962963
0 0.3770833333333333 0.2773148148148148 0.034375 0.13240740740740742
0 0.28072916666666664 0.4060185185185185 0.03333333333333333 0.16574074074074074
0 0.26614583333333336 0.4162037037037037 0.040625 0.16574074074074074
0 0.5513020833333333 0.35694444444444445 0.0296875 0.13796296296296295
0 0.49973958333333335 0.34444444444444444 0.0296875 0.14629629629629629
0 0.4622395833333333 0.27546296296296297 0.03177083333333333 0.12314814814814815
0 0.4825520833333333 0.2759259259259259 0.0296875 0.11481481481481481
0 0.5825520833333333 0.3537037037037037 0.033854166666666664 0.1574074074074074
0 0.5986979166666667 0.3560185185185185 0.04010416666666667 0.1675925925925926
0 0.36770833333333336 0.25833333333333336 0.023958333333333335 0.10925925925925926
0 0.43020833333333336 0.24212962962962964 0.023958333333333335 0.10462962962962963
0 0.49296875 0.3023148148148148 0.022395833333333334 0.08796296296296297
0 0.7830729166666667 0.3648148148148148 0.0296875 0.1685185185185185
0 0.5169270833333334 0.2625 0.0265625 0.10277777777777777
0 0.5380208333333333 0.35509259259259257 0.034375 0.12129629629629629
