0 0.007246376811594203 0.8778409090909091 0.01278772378516624 0.15795454545454546
0 0.10017050298380221 0.7448863636363636 0.04859335038363171 0.15113636363636362
0 0.05200341005967604 0.678409090909091 0.05115089514066496 0.15227272727272728
0 0.11466325660699062 0.6795454545454546 0.05200341005967604 0.1409090909090909
0 0.736999147485081 0.8738636363636364 0.058823529411764705 0.16136363636363638
0 0.3640238704177323 0.6357954545454545 0.042625745950554135 0.14431818181818182
0 0.5451832907075874 0.8892045454545454 0.05541346973572037 0.17386363636363636
0 0.46035805626598464 0.8875 0.04092071611253197 0.175
0 0.28601875532821824 0.3721590909090909 0.041773231031543054 0.11704545454545455
0 0.8772378516624041 0.6301136363636364 0.04774083546462063 0.14431818181818182
0 0.8269394714407502 0.6477272727272727 0.04092071611253197 0.12727272727272726
0 0.5366581415174766 0.34545454545454546 0.03495311167945439 0.12272727272727273
0 0.9134697357203752 0.8079545454545455 0.04859335038363171 0.1590909090909091
0 0.023870417732310314 0.9460227272727273 0.04603580562659847 0.10568181818181818
0 0.9224211423699915 0.9659090909090909 0.04774083546462063 0.07045454545454545
0 0.881074168797954 0.81875 0.04859335038363171 0.15568181818181817
0 0.7544757033248082 0.61875 0.04603580562659847 0.14431818181818182
0 0.7983802216538789 0.6227272727272727 0.041773231031543054 0.12954545454545455
0 0.8589087809036658 0.2 0.041773231031543054 0.11136363636363636
0 0.8329070758738278 0.19261363636363638 0.03751065643648764 0.11022727272727273
0 0.3422847399829497 0.37329545454545454 0.045183290707587385 0.1215909090909091
0 0.31798806479113384 0.3784090909090909 0.04774083546462063 0.11818181818181818
0 0.09633418584825235 0.3096590909090909 0.04092071611253197 0.1125
0 0.149616368286445 0.26647727272727273 0.03495311167945439 0.11704545454545455
0 0.34995737425404944 0.33125 0.03495311167945439 0.12386363636363637
0 0.3670076726342711 0.3409090909090909 0.03495311167945439 0.10909090909090909
0 0.46675191815856776 0.6448863636363636 0.045183290707587385 0.15113636363636362
0 0.42114236999147486 0.3443181818181818 0.042625745950554135 0.11136363636363636
0 0.45268542199488493 0.3477272727272727 0.042625745950554135 0.11136363636363636
0 0.44458653026427963 0.45340909090909093 0.041773231031543054 0.125
0 0.4880647911338448 0.3409090909090909 0.040068201193520885 0.10227272727272728
0 0.46504688832054564 0.2988636363636364 0.041773231031543054 0.11818181818181818
0 0.39641943734015345 0.2528409090909091 0.0392156862745098 0.10795454545454546
0 0.15942028985507245 0.20511363636363636 0.03580562659846547 0.10795454545454546
0 0.18499573742540495 0.25227272727272726 0.0392156862745098 0.11363636363636363
0 0.19224211423699913 0.28295454545454546 0.03495311167945439 0.11818181818181818
0 0.23145780051150894 0.28295454545454546 0.03836317135549872 0.11136363636363636
0 0.2186700767263427 0.2630681818181818 0.03495311167945439 0.11477272727272728
0 0.2638533674339301 0.23125 0.041773231031543054 0.10113636363636364
0 0.4838022165387894 0.26193181818181815 0.041773231031543054 0.11704545454545455
0 0.4113384484228474 0.21818181818181817 0.041773231031543054 0.11363636363636363
0 0.453537936913896 0.20454545454545456 0.03751065643648764 0.09772727272727273
0 0.3537936913895993 0.25113636363636366 0.03580562659846547 0.11818181818181818
0 0.44075021312872975 0.15 0.0392156862745098 0.09318181818181819
0 0.2847399829497016 0.13977272727272727 0.0392156862745098 0.10681818181818181
0 0.5098039215686274 0.38181818181818183 0.04092071611253197 0.12727272727272726
0 0.023444160272804774 0.9295454545454546 0.045183290707587385 0.13636363636363635
0 0.2911338448422847 0.31875 0.045183290707587385 0.1215909090909091
0 0.46547314578005117 0.42727272727272725 0.04603580562659847 0.11363636363636363
0 0.2399829497016198 0.2409090909090909 0.03154305200341006 0.09090909090909091
0 0.008525149190110827 0.9471590909090909 0.015345268542199489 0.10568181818181818
0 0.8827791986359761 0.9727272727272728 0.04859335038363171 0.05454545454545454
0 0.2510656436487639 0.96875 0.05200341005967604 0.06477272727272727
0 0.3115942028985507 0.9659090909090909 0.05029838022165388 0.07045454545454545
0 0.3793691389599318 0.9721590909090909 0.0494458653026428 0.05568181818181818
0 0.018329070758738276 0.3130681818181818 0.03495311167945439 0.11477272727272728
0 0.2237851662404092 0.7511363636363636 0.05200341005967604 0.15227272727272728
0 0.052429667519181586 0.3170454545454545 0.03495311167945439 0.11136363636363636
0 0.03751065643648764 0.88125 0.05115089514066496 0.13522727272727272
0 0.32225063938618925 0.3403409090909091 0.03239556692242114 0.1215909090909091
0 0.8158567774936062 0.7494318181818181 0.056265984654731455 0.15113636363636362
0 0.8060528559249787 0.3755681818181818 0.03836317135549872 0.13068181818181818
0 0.7549019607843137 0.3704545454545455 0.03495311167945439 0.12045454545454545
0 0.7740835464620631 0.3403409090909091 0.04603580562659847 0.12386363636363637
0 0.7310315430520035 0.33352272727272725 0.041773231031543054 0.11704545454545455
0 0.8154305200341005 0.06647727272727273 0.03836317135549872 0.09659090909090909
0 0.10571184995737426 0.01818181818181818 0.03239556692242114 0.03409090909090909
0 0.2297527706734868 0.014772727272727272 0.03495311167945439 0.02727272727272727
0 0.19820971867007672 0.05909090909090909 0.03154305200341006 0.1
0 0.5664961636828645 0.3528409090909091 0.03665814151747655 0.13068181818181818
0 0.22037510656436488 0.06875 0.03154305200341006 0.10340909090909091
0 0.27024722932651324 0.03238636363636364 0.03410059676044331 0.0625
0 0.3069053708439898 0.055113636363636365 0.028985507246376812 0.09886363636363636
0 0.37169650468883203 0.17897727272727273 0.028985507246376812 0.11477272727272728
0 0.3371696504688832 0.05738636363636364 0.028132992327365727 0.0875
0 0.3776641091219096 0.08920454545454545 0.03239556692242114 0.10340909090909091
0 0.37851662404092073 0.2369318181818182 0.03751065643648764 0.10795454545454546
0 0.489769820971867 0.11136363636363636 0.03495311167945439 0.1
0 0.5183290707587382 0.11306818181818182 0.03580562659846547 0.10340909090909091
0 0.42071611253196933 0.06761363636363636 0.03154305200341006 0.09431818181818181
0 0.4497016197783461 0.07329545454545454 0.03836317135549872 0.09431818181818181
0 0.3712702472293265 0.016477272727272726 0.03154305200341006 0.03068181818181818
0 0.4629156010230179 0.14886363636363636 0.03751065643648764 0.09772727272727273
0 0.4092071611253197 0.014772727272727272 0.028985507246376812 0.02727272727272727
0 0.40238704177323104 0.18011363636363636 0.03239556692242114 0.11477272727272728
