0 0.5532043530834341 0.9629629629629629 0.045949214026602174 0.07592592592592592
0 0.6048972188633616 0.9356481481481481 0.044135429262394194 0.13055555555555556
0 0.5532043530834341 0.9449074074074074 0.03143893591293833 0.11203703703703703
0 0.7914147521160823 0.8226851851851852 0.04836759371221282 0.1398148148148148
0 0.02599758162031439 0.9490740740740741 0.05078597339782346 0.1037037037037037
0 0.09401451027811367 0.6791666666666667 0.04050785973397823 0.1638888888888889
0 0.04534461910519952 0.7162037037037037 0.045949214026602174 0.16018518518518518
0 0.6166868198307134 0.4638888888888889 0.044740024183796856 0.14074074074074075
0 0.2642079806529625 0.5287037037037037 0.03385731559854897 0.14814814814814814
0 0.2218863361547763 0.5111111111111111 0.03869407496977025 0.14629629629629629
0 0.12424425634824668 0.30462962962962964 0.03688029020556227 0.13703703703703704
0 0.015417170495767836 0.33101851851851855 0.02962515114873035 0.14907407407407408
0 0.06499395405078598 0.35324074074074074 0.046553808948004836 0.14351851851851852
0 0.13029020556227328 0.3976851851851852 0.044135429262394194 0.15462962962962962
0 0.17321644498186214 0.40185185185185185 0.04171704957678356 0.17222222222222222
0 0.5671100362756953 0.24212962962962964 0.03385731559854897 0.13425925925925927
0 0.11064087061668681 0.4425925925925926 0.04232164449818621 0.15
0 0.02962515114873035 0.45740740740740743 0.03990326481257558 0.14074074074074075
0 0.5646916565900847 0.28564814814814815 0.041112454655380895 0.1527777777777778
0 0.598851269649335 0.29444444444444445 0.03204353083434099 0.1425925925925926
0 0.68409915356711 0.6078703703703704 0.044135429262394194 0.16018518518518518
0 0.7309552599758162 0.6037037037037037 0.0471584038694075 0.15
0 0.37605804111245467 0.2657407407407407 0.037484885126964934 0.12407407407407407
0 0.35822249093107617 0.2851851851851852 0.02720677146311971 0.11296296296296296
0 0.467049576783555 0.25555555555555554 0.024788391777509067 0.13518518518518519
0 0.46432889963724305 0.2759259259259259 0.030229746070133012 0.13703703703703704
0 0.535671100362757 0.44351851851851853 0.032648125755743655 0.13518518518518519
0 0.5683192261185006 0.38101851851851853 0.030229746070133012 0.1398148148148148
0 0.5979443772672309 0.39814814814814814 0.030229746070133012 0.13518518518518519
0 0.5120918984280532 0.5037037037037037 0.036275695284159616 0.15925925925925927
0 0.3884522370012092 0.29953703703703705 0.02962515114873035 0.13240740740740742
0 0.6970979443772672 0.7300925925925926 0.045949214026602174 0.175
0 0.7699516324062878 0.7138888888888889 0.039298669891172915 0.15185185185185185
0 0.7781136638452237 0.6689814814814815 0.044740024183796856 0.14166666666666666
0 0.9619105199516325 0.6726851851851852 0.04232164449818621 0.14166666666666666
0 0.9159613059250302 0.6592592592592592 0.04836759371221282 0.16111111111111112
0 0.6239419588875453 0.7666666666666667 0.04836759371221282 0.1648148148148148
0 0.8854292623941958 0.5259259259259259 0.044135429262394194 0.1388888888888889
0 0.8455259975816203 0.49398148148148147 0.046553808948004836 0.1398148148148148
0 0.9111245465538089 0.4787037037037037 0.041112454655380895 0.14814814814814814
0 0.8431076178960096 0.5828703703703704 0.044135429262394194 0.14907407407407408
0 0.8827085852478839 0.5944444444444444 0.041112454655380895 0.15925925925925927
0 0.8047158403869408 0.5861111111111111 0.041112454655380895 0.15
0 0.7732769044740024 0.5263888888888889 0.03990326481257558 0.16574074074074074
0 0.9108222490931076 0.3148148148148148 0.03204353083434099 0.13703703703703704
0 0.9265417170495768 0.33287037037037037 0.035671100362756954 0.13796296296296295
0 0.9879081015719468 0.5976851851851852 0.022974607013301087 0.16203703703703703
0 0.6701934703748489 0.8680555555555556 0.05743651753325272 0.1787037037037037
0 0.8796856106408706 0.8101851851851852 0.045949214026602174 0.18518518518518517
0 0.839782345828295 0.6606481481481481 0.07134220072551391 0.14537037037037037
0 0.8539903264812576 0.7171296296296297 0.044135429262394194 0.15462962962962962
0 0.33766626360338575 0.038425925925925926 0.03325272067714631 0.075
0 0.20646916565900847 0.06435185185185185 0.034461910519951636 0.12685185185185185
0 0.4126360338573156 0.05694444444444444 0.04171704957678356 0.11203703703703703
0 0.3007859733978235 0.014351851851851852 0.035671100362756954 0.026851851851851852
0 0.46856106408706166 0.02638888888888889 0.02539298669891173 0.05092592592592592
0 0.5417170495767836 0.06527777777777778 0.032648125755743655 0.12314814814814815
0 0.5767835550181378 0.044444444444444446 0.037484885126964934 0.08703703703703704
0 0.5967351874244257 0.018055555555555554 0.02539298669891173 0.03425925925925926
0 0.6318016928657799 0.01712962962962963 0.026602176541717048 0.032407407407407406
0 0.6632406287787183 0.03148148148148148 0.02902055622732769 0.06111111111111111
0 0.7007255139056832 0.07407407407407407 0.03506650544135429 0.12407407407407407
0 0.7155380894800484 0.08888888888888889 0.02720677146311971 0.09814814814814815
0 0.7373035066505441 0.0787037037037037 0.02962515114873035 0.11296296296296296
0 0.9353083434099153 0.04675925925925926 0.030229746070133012 0.09166666666666666
0 0.9703748488512697 0.04861111111111111 0.032648125755743655 0.09537037037037037
0 0.963422007255139 0.10185185185185185 0.03204353083434099 0.12037037037037036
0 0.9419588875453446 0.09953703703703703 0.03143893591293833 0.1175925925925926
0 0.8857315598548973 0.13240740740740742 0.02539298669891173 0.08518518518518518
0 0.9008464328899637 0.12638888888888888 0.041112454655380895 0.11574074074074074
0 0.9250302297460702 0.14212962962962963 0.032648125755743655 0.11203703703703703
0 0.9437726723095526 0.12824074074074074 0.02781136638452237 0.09907407407407408
0 0.9876058041112454 0.04398148148148148 0.022370012091898428 0.08611111111111111
0 0.9177750906892382 0.1699074074074074 0.05199516324062878 0.11203703703703703
0 0.9295646916565901 0.2013888888888889 0.03204353083434099 0.12314814814814815
0 0.9613059250302297 0.18888888888888888 0.03506650544135429 0.1259259259259259
0 0.9830713422007256 0.16296296296296298 0.030229746070133012 0.11481481481481481
0 0.9860943168077388 0.21064814814814814 0.026602176541717048 0.12129629629629629
0 0.9848851269649335 0.28194444444444444 0.02902055622732769 0.1398148148148148
0 0.9534461910519951 0.29259259259259257 0.03385731559854897 0.13148148148148148
0 0.9528415961305925 0.3337962962962963 0.03869407496977025 0.13055555555555556
0 0.6073155985489722 0.07314814814814814 0.034461910519951636 0.12407407407407407
0 0.6360338573155986 0.07962962962962963 0.03385731559854897 0.12222222222222222
0 0.5746674727932285 0.11574074074074074 0.02962515114873035 0.1037037037037037
0 0.5568319226118501 0.11990740740740741 0.030229746070133012 0.12129629629629629
0 0.6118500604594922 0.14027777777777778 0.03506650544135429 0.13055555555555556
0 0.5625755743651754 0.1486111111111111 0.034461910519951636 0.13240740740740742
0 0.6423821039903265 0.17222222222222222 0.03204353083434099 0.11481481481481481
0 0.6668681983071342 0.1865740740740741 0.026602176541717048 0.10462962962962963
0 0.6901451027811366 0.17824074074074073 0.034461910519951636 0.1287037037037037
0 0.7164449818621523 0.24074074074074073 0.037484885126964934 0.12407407407407407
0 0.7478839177750907 0.23981481481481481 0.02902055622732769 0.12037037037037036
0 0.8125755743651754 0.29074074074074074 0.04353083434099154 0.13333333333333333
0 0.36215235792019346 0.13425925925925927 0.032648125755743655 0.12407407407407407
0 0.40810157194679564 0.1439814814814815 0.03506650544135429 0.12129629629629629
0 0.4700725513905683 0.17083333333333334 0.02962515114873035 0.13425925925925927
0 0.40719467956469163 0.17592592592592593 0.03204353083434099 0.13518518518518519
0 0.28869407496977023 0.19398148148148148 0.03204353083434099 0.13796296296296295
0 0.3270858524788392 0.20972222222222223 0.030229746070133012 0.13240740740740742
0 0.34673518742442566 0.24537037037037038 0.022370012091898428 0.09444444444444444
0 0.5958282950423216 0.35555555555555557 0.03688029020556227 0.12962962962962962
0 0.1674727932285369 0.14814814814814814 0.03385731559854897 0.11851851851851852
0 0.08887545344619105 0.17407407407407408 0.032648125755743655 0.11296296296296296
0 0.07315598548972188 0.2125 0.030229746070133012 0.13425925925925927
0 0.10459492140266022 0.23425925925925925 0.03506650544135429 0.13518518518518519
0 0.16021765417170497 0.287962962962963 0.03990326481257558 0.12962962962962962
0 0.024788391777509067 0.20972222222222223 0.04353083434099154 0.12685185185185185
0 0.003929866989117291 0.24212962962962964 0.006650544135429262 0.1398148148148148
0 0.015114873035066506 0.6694444444444444 0.02902055622732769 0.1648148148148148
0 0.016324062877871828 0.6333333333333333 0.03143893591293833 0.1537037037037037
0 0.022370012091898428 0.5962962962962963 0.04353083434099154 0.13333333333333333
0 0.039298669891172915 0.9189814814814815 0.0471584038694075 0.16203703703703703
0 0.0773881499395405 0.9101851851851852 0.049576783555018135 0.15185185185185185
0 0.6889359129383313 0.04675925925925926 0.02962515114873035 0.09166666666666666
0 0.04322853688029021 0.36157407407407405 0.02962515114873035 0.10648148148148148
0 0.04201934703748488 0.2875 0.02720677146311971 0.08796296296296297
0 0.7158403869407497 0.058333333333333334 0.03869407496977025 0.11481481481481481
0 0.4915356711003628 0.034722222222222224 0.030229746070133012 0.06759259259259259
0 0.5151148730350665 0.06527777777777778 0.03869407496977025 0.11574074074074074
0 0.6707980652962515 0.04583333333333333 0.03083434099153567 0.08981481481481482
0 0.2391172914147521 0.5893518518518519 0.0380894800483676 0.15833333333333333
0 0.24365175332527206 0.5671296296296297 0.03506650544135429 0.1398148148148148
0 0.156590084643289 0.586574074074074 0.04232164449818621 0.14351851851851852
0 0.1989117291414752 0.5893518518518519 0.037484885126964934 0.13425925925925927
0 0.21342200725513905 0.538425925925926 0.0471584038694075 0.15092592592592594
0 0.16505441354292624 0.5513888888888889 0.04232164449818621 0.13796296296296295
0 0.629081015719468 0.5407407407407407 0.034461910519951636 0.14814814814814814
0 0.39631197097944376 0.2388888888888889 0.03204353083434099 0.12407407407407407
0 0.4204957678355502 0.24259259259259258 0.02720677146311971 0.1259259259259259
0 0.621825876662636 0.5203703703703704 0.039298669891172915 0.14629629629629629
0 0.17503022974607013 0.9689814814814814 0.044135429262394194 0.06388888888888888
0 0.07285368802902055 0.9555555555555556 0.05380894800483676 0.09074074074074075
0 0.7412333736396615 0.7532407407407408 0.03990326481257558 0.13796296296296295
0 0.6460096735187424 0.9726851851851852 0.044135429262394194 0.05648148148148148
0 0.8648730350665055 0.5592592592592592 0.044135429262394194 0.14074074074074075
0 0.7318621523579202 0.7222222222222222 0.039298669891172915 0.13703703703703704
0 0.725211608222491 0.3814814814814815 0.04171704957678356 0.11851851851851852
0 0.7714631197097944 0.37777777777777777 0.041112454655380895 0.13703703703703704
0 0.9123337363966143 0.9337962962962963 0.03869407496977025 0.13425925925925927
0 0.28234582829504234 0.3731481481481482 0.03990326481257558 0.13703703703703704
0 0.2633010882708585 0.38472222222222224 0.034461910519951636 0.1287037037037037
0 0.250906892382104 0.9712962962962963 0.044740024183796856 0.05925925925925926
0 0.4507255139056832 0.9685185185185186 0.04897218863361548 0.06481481481481481
0 0.5229746070133011 0.8203703703703704 0.05078597339782346 0.18518518518518517
0 0.44830713422007257 0.8703703703703703 0.046553808948004836 0.16111111111111112
0 0.5374848851269649 0.5875 0.037484885126964934 0.15462962962962962
0 0.5882708585247884 0.7125 0.049576783555018135 0.16018518518518518
0 0.3382708585247884 0.7870370370370371 0.044135429262394194 0.16296296296296298
0 0.5580411124546554 0.5199074074074074 0.041112454655380895 0.13796296296296295
0 0.5374848851269649 0.5023148148148148 0.02539298669891173 0.08981481481481482
0 0.5616686819830713 0.6171296296296296 0.0471584038694075 0.15648148148148147
0 0.49818621523579204 0.8634259259259259 0.04836759371221282 0.18796296296296297
0 0.3654776299879081 0.48333333333333334 0.03688029020556227 0.13518518518518519
0 0.3022974607013301 0.4615740740740741 0.041112454655380895 0.16018518518518518
0 0.3633615477629988 0.4185185185185185 0.03506650544135429 0.14629629629629629
0 0.4969770253929867 0.4212962962962963 0.032648125755743655 0.11851851851851852
0 0.37908101571946795 0.7138888888888889 0.03385731559854897 0.1537037037037037
0 0.40024183796856105 0.7699074074074074 0.045949214026602174 0.1527777777777778
0 0.4183796856106409 0.7398148148148148 0.04232164449818621 0.17037037037037037
0 0.37091898428053205 0.7361111111111112 0.034461910519951636 0.17222222222222222
0 0.18500604594921402 0.2569444444444444 0.041112454655380895 0.14351851851851852
0 0.12998790810157196 0.1712962962962963 0.026602176541717048 0.11296296296296296
0 0.14631197097944376 0.17222222222222222 0.032648125755743655 0.11851851851851852
0 0.007255139056831923 0.9055555555555556 0.013301088270858524 0.17407407407407408
0 0.003022974607013301 0.21342592592592594 0.0048367593712212815 0.12129629629629629
0 0.14238210399032647 0.26481481481481484 0.034461910519951636 0.1574074074074074
0 0.5562273276904474 0.687037037037037 0.044740024183796856 0.14629629629629629
0 0.23125755743651755 0.799074074074074 0.044135429262394194 0.1685185185185185
0 0.2796251511487304 0.7615740740740741 0.039298669891172915 0.1712962962962963
0 0.6771463119709794 0.7046296296296296 0.045949214026602174 0.15925925925925927
0 0.2593712212817412 0.4597222222222222 0.041112454655380895 0.14166666666666666
0 0.47702539298669894 0.5421296296296296 0.032648125755743655 0.13240740740740742
0 0.47128174123337363 0.512962962962963 0.046553808948004836 0.12962962962962962
0 0.3721281741233374 0.37916666666666665 0.03204353083434099 0.14351851851851852
0 0.3174123337363966 0.6013888888888889 0.0471584038694075 0.14351851851851852
0 0.4700725513905683 0.4101851851851852 0.03204353083434099 0.14074074074074075
0 0.501813784764208 0.39305555555555555 0.03143893591293833 0.14537037037037037
0 0.49939540507859737 0.6314814814814815 0.03869407496977025 0.1648148148148148
0 0.12636033857315598 0.24814814814814815 0.02781136638452237 0.11851851851851852
0 0.8814993954050786 0.9407407407407408 0.049576783555018135 0.12037037037037036
0 0.4501209189842805 0.44212962962962965 0.03325272067714631 0.10277777777777777
0 0.5024183796856106 0.45694444444444443 0.03143893591293833 0.1175925925925926
0 0.3624546553808948 0.3972222222222222 0.04171704957678356 0.14814814814814814
