0 0.01577152600170503 0.8545454545454545 0.029838022165387893 0.15454545454545454
0 0.017902813299232736 0.9517045454545454 0.03410059676044331 0.09886363636363636
0 0.05285592497868713 0.9318181818181818 0.04092071611253197 0.13863636363636364
0 0.5268542199488491 0.9784090909090909 0.03580562659846547 0.04090909090909091
0 0.3793691389599318 0.8551136363636364 0.042625745950554135 0.15113636363636362
0 0.3213981244671782 0.8352272727272727 0.04774083546462063 0.15227272727272728
0 0.29411764705882354 0.8710227272727272 0.05285592497868713 0.14886363636363636
0 0.5528559249786871 0.86875 0.045183290707587385 0.1534090909090909
0 0.5865302642796248 0.8642045454545455 0.0443307757885763 0.15568181818181817
0 0.41261722080136404 0.7 0.042625745950554135 0.14545454545454545
0 0.09121909633418585 0.678409090909091 0.04603580562659847 0.14772727272727273
0 0.1184995737425405 0.6863636363636364 0.05115089514066496 0.15227272727272728
0 0.7570332480818415 0.7227272727272728 0.0494458653026428 0.14772727272727273
0 0.3235294117647059 0.6369318181818182 0.03836317135549872 0.13522727272727272
0 0.34441602728047743 0.6602272727272728 0.042625745950554135 0.1409090909090909
0 0.23955669224211423 0.5863636363636363 0.0443307757885763 0.1409090909090909
0 0.835464620630861 0.02215909090909091 0.030690537084398978 0.042045454545454546
0 0.9279624893435635 0.9505681818181818 0.04859335038363171 0.10113636363636364
0 0.4416027280477408 0.5732954545454545 0.04092071611253197 0.13068181818181818
0 0.46845694799658993 0.7017045454545454 0.04859335038363171 0.14204545454545456
0 0.5106564364876386 0.7 0.04092071611253197 0.15
0 0.5959079283887468 0.7994318181818182 0.04603580562659847 0.13295454545454546
0 0.29923273657289 0.12670454545454546 0.030690537084398978 0.10795454545454546
0 0.8341858482523444 0.46647727272727274 0.041773231031543054 0.1215909090909091
0 0.10017050298380221 0.9840909090909091 0.03495311167945439 0.03409090909090909
0 0.27450980392156865 0.9710227272727273 0.0392156862745098 0.060227272727272727
0 0.2071611253196931 0.9784090909090909 0.042625745950554135 0.045454545454545456
0 0.23358908780903667 0.9585227272727272 0.04774083546462063 0.08522727272727272
0 0.13640238704177324 0.9261363636363636 0.0494458653026428 0.15
0 0.18073316283034954 0.925 0.042625745950554135 0.14772727272727273
0 0.43137254901960786 0.05568181818181818 0.02557544757033248 0.07727272727272727
0 0.5336743393009378 0.022727272727272728 0.02557544757033248 0.04318181818181818
0 0.41389599317988063 0.055113636363636365 0.028132992327365727 0.08522727272727272
0 0.3836317135549872 0.023295454545454546 0.028985507246376812 0.04431818181818182
0 0.30775788576300084 0.040340909090909094 0.028985507246376812 0.07840909090909091
0 0.20375106564364875 0.10454545454545454 0.028985507246376812 0.09772727272727273
0 0.80306905370844 0.3926136363636364 0.03580562659846547 0.11704545454545455
0 0.8043478260869565 0.25795454545454544 0.03836317135549872 0.11818181818181818
0 0.7962489343563512 0.28238636363636366 0.03239556692242114 0.11477272727272728
0 0.8380221653878943 0.09659090909090909 0.03580562659846547 0.09772727272727273
0 0.7527706734867861 0.46704545454545454 0.0392156862745098 0.125
0 0.49744245524296676 0.36704545454545456 0.03495311167945439 0.11136363636363636
0 0.5302642796248934 0.3653409090909091 0.0392156862745098 0.12840909090909092
0 0.8282182438192668 0.4414772727272727 0.03836317135549872 0.11477272727272728
0 0.7851662404092071 0.46761363636363634 0.042625745950554135 0.12840909090909092
0 0.7114236999147485 0.65625 0.03836317135549872 0.15113636363636362
0 0.8508098891730606 0.634090909090909 0.04092071611253197 0.1340909090909091
0 0.8418584825234442 0.7426136363636363 0.03495311167945439 0.1375
0 0.9156010230179028 0.7289772727272728 0.042625745950554135 0.13068181818181818
0 0.8277919863597613 0.6551136363636364 0.0392156862745098 0.13522727272727272
0 0.5545609548167093 0.5102272727272728 0.04688832054560955 0.13863636363636364
0 0.5362318840579711 0.5153409090909091 0.04092071611253197 0.13522727272727272
0 0.2549019607843137 0.3306818181818182 0.03410059676044331 0.12045454545454545
0 0.49658994032395565 0.16136363636363638 0.029838022165387893 0.09090909090909091
0 0.17902813299232737 0.05113636363636364 0.02557544757033248 0.08636363636363636
0 0.35294117647058826 0.06875 0.02557544757033248 0.08977272727272727
0 0.3917306052855925 0.051704545454545454 0.0247229326513214 0.08522727272727272
0 0.22847399829497017 0.10170454545454545 0.027280477408354646 0.08977272727272727
0 0.7161125319693095 0.3744318181818182 0.05115089514066496 0.13068181818181818
0 0.8815004262574595 0.42613636363636365 0.042625745950554135 0.125
0 0.5217391304347826 0.44545454545454544 0.03410059676044331 0.11818181818181818
0 0.8137254901960784 0.3795454545454545 0.041773231031543054 0.10454545454545454
0 0.8013640238704177 0.6255681818181819 0.042625745950554135 0.1375
0 0.520460358056266 0.15795454545454546 0.03324808184143223 0.09318181818181819
0 0.4957374254049446 0.5892045454545455 0.03836317135549872 0.14204545454545456
0 0.5592497868712702 0.44488636363636364 0.042625745950554135 0.12840909090909092
0 0.1329923273657289 0.5340909090909091 0.03580562659846547 0.11818181818181818
0 0.7340153452685422 0.48295454545454547 0.0392156862745098 0.12045454545454545
0 0.7693947144075022 0.5028409090909091 0.041773231031543054 0.13522727272727272
0 0.7442455242966752 0.2528409090909091 0.03580562659846547 0.11704545454545455
0 0.4833759590792839 0.09318181818181819 0.028985507246376812 0.09090909090909091
0 0.505541346973572 0.09090909090909091 0.023870417732310314 0.09772727272727273
0 0.5255754475703325 0.11647727272727272 0.028132992327365727 0.09431818181818181
0 0.5545609548167093 0.13068181818181818 0.03154305200341006 0.1
0 0.5745950554134698 0.3494318181818182 0.04092071611253197 0.1215909090909091
0 0.7911338448422848 0.1215909090909091 0.02216538789428815 0.05909090909090909
0 0.7135549872122762 0.26931818181818185 0.03751065643648764 0.11818181818181818
0 0.6649616368286445 0.95625 0.04774083546462063 0.08977272727272727
0 0.7050298380221653 0.9545454545454546 0.0443307757885763 0.09318181818181819
0 0.835464620630861 0.8732954545454545 0.0494458653026428 0.16477272727272727
0 0.8734015345268542 0.7755681818181818 0.04859335038363171 0.1625
0 0.9164535379369139 0.7863636363636364 0.03751065643648764 0.1318181818181818
0 0.6790281329923273 0.6397727272727273 0.04859335038363171 0.1409090909090909
0 0.2280477408354646 0.23011363636363635 0.03495311167945439 0.11022727272727273
0 0.45865302642796246 0.43977272727272726 0.042625745950554135 0.1318181818181818
0 0.14151747655583974 0.48863636363636365 0.03239556692242114 0.10454545454545454
0 0.1679454390451833 0.48579545454545453 0.03580562659846547 0.13068181818181818
0 0.19437340153452684 0.49261363636363636 0.03580562659846547 0.09659090909090909
0 0.21909633418584826 0.3255681818181818 0.03580562659846547 0.11704545454545455
0 0.4185848252344416 0.42159090909090907 0.03580562659846547 0.125
0 0.2877237851662404 0.21420454545454545 0.03836317135549872 0.11704545454545455
0 0.16197783461210571 0.12954545454545455 0.03239556692242114 0.09772727272727273
0 0.41474850809889174 0.1630681818181818 0.029838022165387893 0.08295454545454546
0 0.5217391304347826 0.07329545454545454 0.03239556692242114 0.10113636363636364
0 0.44884910485933505 0.175 0.03154305200341006 0.10454545454545454
0 0.479539641943734 0.18409090909090908 0.03154305200341006 0.09772727272727273
0 0.16837169650468883 0.07613636363636364 0.028132992327365727 0.10454545454545454
0 0.07672634271099744 0.03579545454545455 0.0392156862745098 0.06931818181818182
0 0.3256606990622336 0.13352272727272727 0.030690537084398978 0.0875
0 0.4936061381074169 0.1943181818181818 0.03410059676044331 0.10454545454545454
0 0.7647058823529411 0.3721590909090909 0.042625745950554135 0.1215909090909091
0 0.3917306052855925 0.07102272727272728 0.028132992327365727 0.09431818181818181
0 0.4803921568627451 0.06818181818181818 0.03154305200341006 0.09318181818181819
0 0.4876385336743393 0.46193181818181817 0.0392156862745098 0.13522727272727272
0 0.16027280477408354 0.044886363636363634 0.02557544757033248 0.08522727272727272
0 0.2855924978687127 0.7977272727272727 0.04603580562659847 0.14772727272727273
0 0.881074168797954 0.9471590909090909 0.05541346973572037 0.10113636363636364
0 0.9744245524296675 0.9676136363636364 0.042625745950554135 0.06704545454545455
0 0.9045183290707587 0.6795454545454546 0.03751065643648764 0.13863636363636364
0 0.7536231884057971 0.2056818181818182 0.030690537084398978 0.09772727272727273
0 0.3069053708439898 0.016477272727272726 0.03239556692242114 0.03068181818181818
0 0.6342710997442456 0.7977272727272727 0.0494458653026428 0.15227272727272728
0 0.023017902813299233 0.40852272727272726 0.03751065643648764 0.12840909090909092
0 0.27195225916453536 0.7022727272727273 0.04603580562659847 0.15454545454545454
0 0.6074168797953964 0.6607954545454545 0.03836317135549872 0.13068181818181818
0 0.4744245524296675 0.5238636363636363 0.03495311167945439 0.10454545454545454
0 0.29752770673486784 0.39090909090909093 0.03580562659846547 0.125
0 0.014066496163682864 0.5159090909090909 0.026427962489343565 0.125
0 0.05413469735720375 0.43920454545454546 0.041773231031543054 0.12840909090909092
0 0.32864450127877237 0.7414772727272727 0.041773231031543054 0.14431818181818182
0 0.09207161125319693 0.4318181818181818 0.04092071611253197 0.11818181818181818
0 0.4398976982097187 0.25 0.03239556692242114 0.11136363636363636
0 0.5613810741687979 0.6346590909090909 0.03495311167945439 0.13295454545454546
0 0.4454390451832907 0.5147727272727273 0.03836317135549872 0.13863636363636364
0 0.16709292412617222 0.09431818181818181 0.023870417732310314 0.08409090909090909
0 0.4846547314578005 0.48806818181818185 0.03495311167945439 0.1215909090909091
0 0.5490196078431373 0.5676136363636364 0.042625745950554135 0.14886363636363636
0 0.33418584825234443 0.39147727272727273 0.03239556692242114 0.12840909090909092
0 0.10400682011935208 0.2948863636363636 0.04092071611253197 0.10795454545454546
0 0.40025575447570333 0.3375 0.03495311167945439 0.11136363636363636
0 0.14407502131287298 0.40625 0.03751065643648764 0.1215909090909091
0 0.3069053708439898 0.34602272727272726 0.03580562659846547 0.1215909090909091
0 0.3316283034953112 0.25795454545454544 0.03239556692242114 0.10454545454545454
0 0.36061381074168797 0.2590909090909091 0.03751065643648764 0.11136363636363636
0 0.4398976982097187 0.3397727272727273 0.0392156862745098 0.11818181818181818
0 0.37595907928388744 0.3346590909090909 0.03410059676044331 0.1215909090909091
0 0.4185848252344416 0.24772727272727274 0.030690537084398978 0.10681818181818181
0 0.3917306052855925 0.26590909090909093 0.03154305200341006 0.10681818181818181
0 0.29198635976129583 0.2676136363636364 0.03495311167945439 0.12386363636363637
0 0.5294117647058824 0.19602272727272727 0.03410059676044331 0.10340909090909091
0 0.7348678601875532 0.42045454545454547 0.0392156862745098 0.11136363636363636
0 0.860613810741688 0.29204545454545455 0.03154305200341006 0.11363636363636363
0 0.8610400682011935 0.5039772727272728 0.042625745950554135 0.13068181818181818
0 0.8384484228473998 0.29147727272727275 0.03495311167945439 0.11477272727272728
0 0.8653026427962489 0.4738636363636364 0.042625745950554135 0.125
0 0.8201193520886616 0.5005681818181819 0.0392156862745098 0.12840909090909092
0 0.8678601875532822 0.9732954545454545 0.0494458653026428 0.05568181818181818
0 0.022591645353793693 0.5448863636363637 0.043478260869565216 0.1375
0 0.5123614663256607 0.5005681818181819 0.03410059676044331 0.12386363636363637
0 0.3878942881500426 0.6306818181818182 0.04603580562659847 0.13863636363636364
0 0.45098039215686275 0.6113636363636363 0.03751065643648764 0.1318181818181818
0 0.42838874680306904 0.19261363636363638 0.023017902813299233 0.0875
