0 0.36822916666666666 0.2152777777777778 0.03125 0.11944444444444445
0 0.5393229166666667 0.4046296296296296 0.03802083333333333 0.1814814814814815
0 0.40677083333333336 0.25462962962962965 0.028125 0.12407407407407407
0 0.42265625 0.3402777777777778 0.033854166666666664 0.15648148148148147
0 0.39895833333333336 0.32916666666666666 0.035416666666666666 0.16574074074074074
0 0.11432291666666666 0.5217592592592593 0.04010416666666667 0.18796296296296297
0 0.5856770833333333 0.31157407407407406 0.0296875 0.1398148148148148
0 0.3768229166666667 0.32685185185185184 0.028645833333333332 0.1425925925925926
0 0.18802083333333333 0.8981481481481481 0.09479166666666666 0.2037037037037037
0 0.16666666666666666 0.9106481481481481 0.065625 0.1787037037037037
0 0.12447916666666667 0.875462962962963 0.0875 0.24537037037037038
0 0.3567708333333333 0.8518518518518519 0.057291666666666664 0.29444444444444445
0 0.18958333333333333 0.5648148148148148 0.071875 0.23703703703703705
0 0.24921875 0.6805555555555556 0.0546875 0.24259259259259258
0 0.3072916666666667 0.5893518518518519 0.057291666666666664 0.22870370370370371
0 0.353125 0.5810185185185185 0.04375 0.20462962962962963
0 0.36276041666666664 0.6291666666666667 0.0421875 0.1824074074074074
0 0.36041666666666666 0.524537037037037 0.04583333333333333 0.2324074074074074
0 0.4010416666666667 0.5625 0.03854166666666667 0.16018518518518518
0 0.6307291666666667 0.4546296296296296 0.0625 0.1962962962962963
0 0.8080729166666667 0.45185185185185184 0.06197916666666667 0.18703703703703703
0 0.3265625 0.4222222222222222 0.04479166666666667 0.17592592592592593
0 0.365625 0.4263888888888889 0.04479166666666667 0.1824074074074074
0 0.3890625 0.4152777777777778 0.03854166666666667 0.15833333333333333
0 0.4359375 0.4236111111111111 0.03854166666666667 0.15092592592592594
0 0.4942708333333333 0.38981481481481484 0.03958333333333333 0.1685185185185185
0 0.0890625 0.6328703703703704 0.058333333333333334 0.25092592592592594
0 0.31197916666666664 0.3925925925925926 0.035416666666666666 0.15925925925925927
0 0.6989583333333333 0.37453703703703706 0.03854166666666667 0.19166666666666668
0 0.6161458333333333 0.35555555555555557 0.03854166666666667 0.1537037037037037
0 0.5716145833333334 0.31712962962962965 0.0359375 0.15648148148148147
0 0.5473958333333333 0.3013888888888889 0.034375 0.12685185185185185
0 0.5091145833333334 0.34444444444444444 0.03177083333333333 0.15185185185185185
0 0.5104166666666666 0.3013888888888889 0.030208333333333334 0.12314814814814815
0 0.48723958333333334 0.3421296296296296 0.0359375 0.16203703703703703
0 0.45598958333333334 0.31851851851851853 0.027604166666666666 0.14629629629629629
0 0.45859375 0.23657407407407408 0.027604166666666666 0.1287037037037037
0 0.4046875 0.2300925925925926 0.028125 0.1175925925925926
0 0.4125 0.21944444444444444 0.028125 0.12222222222222222
