0 0.44619105199516323 0.7013888888888888 0.041112454655380895 0.1675925925925926
0 0.4785368802902056 0.6916666666666667 0.04171704957678356 0.14814814814814814
0 0.48065296251511486 0.8657407407407407 0.049576783555018135 0.17962962962962964
0 0.4746070133010883 0.9495370370370371 0.060459492140266025 0.10277777777777777
0 0.5096735187424426 0.8379629629629629 0.044740024183796856 0.14814814814814814
0 0.5314389359129383 0.6958333333333333 0.05441354292623942 0.1824074074074074
0 0.47611850060459493 0.32175925925925924 0.05259975816203144 0.14722222222222223
0 0.5610640870616687 0.8652777777777778 0.05199516324062878 0.17314814814814813
0 0.5746674727932285 0.8162037037037037 0.039298669891172915 0.15462962962962962
0 0.40507859733978235 0.7944444444444444 0.05199516324062878 0.1685185185185185
0 0.6726118500604595 0.9814814814814815 0.039298669891172915 0.03888888888888889
0 0.4752116082224909 0.3486111111111111 0.04232164449818621 0.16203703703703703
0 0.7055622732769045 0.8 0.060459492140266025 0.19074074074074074
0 0.2249093107617896 0.9736111111111111 0.03869407496977025 0.05462962962962963
0 0.6127569528415961 0.8458333333333333 0.051390568319226115 0.1824074074074074
0 0.5408101571946796 0.7958333333333333 0.046553808948004836 0.14907407407407408
0 0.4325876662636034 0.8921296296296296 0.039298669891172915 0.14351851851851852
0 0.374546553808948 0.7810185185185186 0.046553808948004836 0.16203703703703703
0 0.6562877871825876 0.47129629629629627 0.046553808948004836 0.15185185185185185
0 0.7055622732769045 0.46944444444444444 0.0471584038694075 0.15925925925925927
0 0.05501813784764208 0.9574074074074074 0.05562273276904474 0.08148148148148149
0 0.8041112454655381 0.7490740740740741 0.05199516324062878 0.1685185185185185
0 0.6021765417170496 0.46435185185185185 0.049576783555018135 0.17314814814814813
0 0.47249093107617895 0.538425925925926 0.035671100362756954 0.15648148148148147
0 0.7908101571946796 0.6425925925925926 0.041112454655380895 0.16296296296296298
0 0.8279927448609432 0.6282407407407408 0.04897218863361548 0.1824074074074074
0 0.528415961305925 0.5324074074074074 0.041112454655380895 0.15925925925925927
0 0.5550181378476421 0.5532407407407407 0.04353083434099154 0.13796296296296295
0 0.5722490931076178 0.27037037037037037 0.034461910519951636 0.1574074074074074
0 0.8603385731559855 0.9208333333333333 0.06166868198307134 0.16018518518518518
0 0.9126360338573156 0.9120370370370371 0.05259975816203144 0.17592592592592593
0 0.5471584038694075 0.2912037037037037 0.04232164449818621 0.14907407407407408
0 0.5196493349455864 0.36203703703703705 0.04050785973397823 0.15925925925925927
0 0.5453446191051995 0.34953703703703703 0.041112454655380895 0.14351851851851852
0 0.4818621523579202 0.5962962962962963 0.036275695284159616 0.16296296296296298
0 0.5057436517533253 0.5842592592592593 0.04171704957678356 0.1537037037037037
0 0.5163240628778718 0.6189814814814815 0.045949214026602174 0.1712962962962963
0 0.5501813784764208 0.6472222222222223 0.036275695284159616 0.15
0 0.5861547762998791 0.6444444444444445 0.046553808948004836 0.1537037037037037
0 0.6925634824667473 0.6722222222222223 0.046553808948004836 0.1685185185185185
0 0.5529020556227328 0.9226851851851852 0.044135429262394194 0.14907407407407408
0 0.593409915356711 0.9375 0.09008464328899637 0.12129629629629629
0 0.496372430471584 0.7921296296296296 0.04836759371221282 0.17314814814814813
0 0.7935308343409916 0.4949074074074074 0.039298669891172915 0.14351851851851852
0 0.8246674727932285 0.4949074074074074 0.03869407496977025 0.13240740740740742
0 0.7953446191051995 0.46296296296296297 0.051390568319226115 0.1537037037037037
0 0.8210399032648126 0.44722222222222224 0.032648125755743655 0.12962962962962962
0 0.9062877871825876 0.513425925925926 0.044740024183796856 0.15648148148148147
0 0.9238210399032648 0.38101851851851853 0.045949214026602174 0.15092592592592594
0 0.8845223700120919 0.39814814814814814 0.03990326481257558 0.14814814814814814
0 0.8428053204353083 0.47453703703703703 0.03506650544135429 0.13055555555555556
0 0.8403869407496977 0.44351851851851853 0.032648125755743655 0.13518518518518519
0 0.558645707376058 0.9351851851851852 0.044740024183796856 0.13148148148148148
0 0.5761789600967352 0.9217592592592593 0.03990326481257558 0.15092592592592594
0 0.3485489721886336 0.7444444444444445 0.0501813784764208 0.15555555555555556
0 0.2781136638452237 0.7467592592592592 0.05441354292623942 0.14722222222222223
0 0.0804111245465538 0.8018518518518518 0.05199516324062878 0.19444444444444445
0 0.8325272067714631 0.8287037037037037 0.06287787182587666 0.20185185185185187
0 0.7877871825876662 0.5481481481481482 0.037484885126964934 0.14074074074074075
0 0.873639661426844 0.5055555555555555 0.03990326481257558 0.1537037037037037
0 0.9876058041112454 0.4634259259259259 0.02357920193470375 0.13055555555555556
0 0.8077388149939541 0.3824074074074074 0.0592503022974607 0.17037037037037037
0 0.9207980652962515 0.32083333333333336 0.037484885126964934 0.14537037037037037
0 0.9525392986698912 0.3037037037037037 0.04171704957678356 0.15555555555555556
0 0.967049576783555 0.1837962962962963 0.04171704957678356 0.13425925925925927
0 0.9020556227327691 0.3402777777777778 0.03506650544135429 0.15092592592592594
0 0.7412333736396615 0.21944444444444444 0.04353083434099154 0.14629629629629629
0 0.7687424425634825 0.23055555555555557 0.042926239419588876 0.1425925925925926
0 0.8818016928657799 0.29953703703703705 0.044135429262394194 0.1398148148148148
0 0.9298669891172914 0.25787037037037036 0.03990326481257558 0.13796296296296295
0 0.9041717049576784 0.27037037037037037 0.03688029020556227 0.1388888888888889
0 0.8833131801692866 0.21296296296296297 0.03990326481257558 0.13148148148148148
0 0.9171704957678356 0.21712962962962962 0.04232164449818621 0.13240740740740742
0 0.9304715840386941 0.17083333333333334 0.03990326481257558 0.1398148148148148
0 0.9129383313180169 0.11203703703703703 0.03869407496977025 0.13703703703703704
0 0.017230955259975818 0.3453703703703704 0.03325272067714631 0.14814814814814814
0 0.03476420798065296 0.2689814814814815 0.03688029020556227 0.15092592592592594
0 0.05985489721886336 0.23981481481481481 0.036275695284159616 0.12407407407407407
0 0.09008464328899637 0.21712962962962962 0.04232164449818621 0.14907407407407408
0 0.09008464328899637 0.3574074074074074 0.04232164449818621 0.1425925925925926
0 0.13482466747279323 0.3226851851851852 0.037484885126964934 0.14537037037037037
0 0.0592503022974607 0.30648148148148147 0.030229746070133012 0.12407407407407407
0 0.02267230955259976 0.4532407407407407 0.044135429262394194 0.18055555555555555
0 0.07587666263603386 0.287962962962963 0.044135429262394194 0.1537037037037037
0 0.11003627569528417 0.3074074074074074 0.032648125755743655 0.13518518518518519
0 0.11185006045949214 0.33611111111111114 0.02539298669891173 0.10185185185185185
0 0.5223700120918985 0.462037037037037 0.056831922611850064 0.1685185185185185
0 0.7439540507859734 0.5449074074074074 0.05380894800483676 0.1675925925925926
0 0.750906892382104 0.5125 0.045949214026602174 0.15462962962962962
0 0.5571342200725514 0.45046296296296295 0.046553808948004836 0.16018518518518518
0 0.6466142684401451 0.4111111111111111 0.04534461910519952 0.15925925925925927
0 0.7227932285368803 0.3638888888888889 0.044135429262394194 0.13148148148148148
0 0.6094316807738815 0.37453703703703706 0.04232164449818621 0.14537037037037037
0 0.7998790810157195 0.3212962962962963 0.03990326481257558 0.14074074074074075
0 0.7732769044740024 0.3439814814814815 0.03869407496977025 0.14907407407407408
0 0.7406287787182587 0.33101851851851855 0.04232164449818621 0.14537037037037037
0 0.7587666263603385 0.26944444444444443 0.03385731559854897 0.11666666666666667
0 0.6720072551390568 0.3351851851851852 0.04897218863361548 0.1425925925925926
0 0.723397823458283 0.262037037037037 0.046553808948004836 0.1425925925925926
0 0.6599153567110037 0.25277777777777777 0.03688029020556227 0.14074074074074075
0 0.6831922611850061 0.275 0.037484885126964934 0.14074074074074075
0 0.601571946795647 0.40925925925925927 0.044740024183796856 0.1574074074074074
0 0.56590084643289 0.3925925925925926 0.04232164449818621 0.1425925925925926
0 0.6197097944377267 0.33611111111111114 0.03990326481257558 0.15925925925925927
0 0.5737605804111245 0.33564814814814814 0.032648125755743655 0.13796296296296295
0 0.598851269649335 0.3106481481481482 0.034461910519951636 0.15648148148148147
0 0.6311970979443773 0.30092592592592593 0.041112454655380895 0.15925925925925927
0 0.6922611850060459 0.18703703703703703 0.036275695284159616 0.1259259259259259
0 0.2617896009673519 0.11388888888888889 0.03990326481257558 0.14074074074074075
0 0.23216444981862153 0.11527777777777778 0.03506650544135429 0.13240740740740742
0 0.721584038694075 0.13703703703703704 0.04050785973397823 0.14629629629629629
0 0.752720677146312 0.12916666666666668 0.04232164449818621 0.1287037037037037
0 0.7246070133010882 0.5175925925925926 0.03325272067714631 0.10925925925925926
0 0.9613059250302297 0.4722222222222222 0.03990326481257558 0.1259259259259259
0 0.9824667472793228 0.05740740740740741 0.03385731559854897 0.11296296296296296
0 0.9443772672309553 0.12962962962962962 0.037484885126964934 0.1259259259259259
0 0.9428657799274486 0.04861111111111111 0.03688029020556227 0.09537037037037037
0 0.8624546553808948 0.0962962962962963 0.034461910519951636 0.14074074074074075
0 0.9244256348246674 0.06759259259259259 0.037484885126964934 0.1259259259259259
0 0.8827085852478839 0.0587962962962963 0.032648125755743655 0.11574074074074074
0 0.8548972188633616 0.0375 0.036275695284159616 0.07314814814814814
0 0.5991535671100363 0.2337962962962963 0.03506650544135429 0.13796296296296295
0 0.657496977025393 0.11851851851851852 0.039298669891172915 0.13148148148148148
0 0.626360338573156 0.13333333333333333 0.037484885126964934 0.13518518518518519
0 0.597037484885127 0.12916666666666668 0.035671100362756954 0.12314814814814815
0 0.5928053204353083 0.09768518518518518 0.03688029020556227 0.14351851851851852
0 0.567714631197098 0.09166666666666666 0.03506650544135429 0.1425925925925926
0 0.6127569528415961 0.03796296296296296 0.02962515114873035 0.07407407407407407
0 0.19800483675937122 0.11481481481481481 0.039298669891172915 0.1388888888888889
0 0.2439540507859734 0.04861111111111111 0.04534461910519952 0.09537037037037037
0 0.12061668681983072 0.04861111111111111 0.03204353083434099 0.09537037037037037
0 0.29443772672309554 0.031018518518518518 0.02781136638452237 0.06018518518518518
0 0.3473397823458283 0.05740740740740741 0.04171704957678356 0.11296296296296296
0 0.5139056831922612 0.03333333333333333 0.03990326481257558 0.06481481481481481
0 0.3808948004836759 0.03981481481481482 0.037484885126964934 0.07777777777777778
0 0.5459492140266021 0.03425925925925926 0.036275695284159616 0.06666666666666667
0 0.8240628778718259 0.0587962962962963 0.037484885126964934 0.11388888888888889
0 0.15386940749697703 0.04537037037037037 0.03688029020556227 0.08888888888888889
0 0.3555018137847642 0.46296296296296297 0.03506650544135429 0.1574074074074074
0 0.3301088270858525 0.23657407407407408 0.03143893591293833 0.13796296296296295
0 0.13724304715840388 0.7171296296296297 0.04836759371221282 0.16018518518518518
0 0.281136638452237 0.23796296296296296 0.041112454655380895 0.1425925925925926
0 0.12817412333736397 0.6837962962962963 0.05562273276904474 0.16203703703703703
0 0.8240628778718259 0.3074074074074074 0.037484885126964934 0.13148148148148148
0 0.8455259975816203 0.2986111111111111 0.02962515114873035 0.12314814814814815
0 0.24032648125755743 0.5712962962962963 0.044135429262394194 0.1685185185185185
0 0.20888754534461912 0.5532407407407407 0.034461910519951636 0.17685185185185184
0 0.3476420798065296 0.5527777777777778 0.032648125755743655 0.14074074074074075
0 0.20556227327690446 0.4898148148148148 0.036275695284159616 0.14814814814814814
0 0.21432889963724305 0.47314814814814815 0.03204353083434099 0.1574074074074074
0 0.1807738814993954 0.4652777777777778 0.03143893591293833 0.12685185185185185
0 0.17503022974607013 0.41944444444444445 0.039298669891172915 0.14629629629629629
0 0.12636033857315598 0.45092592592592595 0.037484885126964934 0.14814814814814814
0 0.3564087061668682 0.13148148148148148 0.02962515114873035 0.12962962962962962
0 0.3769649334945586 0.12824074074074074 0.03204353083434099 0.1287037037037037
0 0.26541717049576785 0.3486111111111111 0.044740024183796856 0.1398148148148148
0 0.2590689238210399 0.37407407407407406 0.034461910519951636 0.14629629629629629
0 0.17654171704957677 0.8791666666666667 0.04353083434099154 0.16203703703703703
0 0.29474002418379686 0.6851851851851852 0.04171704957678356 0.15555555555555556
0 0.4458887545344619 0.5226851851851851 0.04171704957678356 0.15462962962962962
0 0.3316203143893591 0.6060185185185185 0.034461910519951636 0.15462962962962962
0 0.3346432889963724 0.6412037037037037 0.04050785973397823 0.1675925925925926
0 0.40900846432889965 0.6472222222222223 0.051390568319226115 0.15185185185185185
0 0.6197097944377267 0.6884259259259259 0.049576783555018135 0.15648148148148147
0 0.42563482466747277 0.43703703703703706 0.03506650544135429 0.12407407407407407
0 0.4153567110036276 0.4009259259259259 0.037484885126964934 0.10740740740740741
0 0.4096130592503023 0.4949074074074074 0.034461910519951636 0.14907407407407408
0 0.4192865779927449 0.4587962962962963 0.02962515114873035 0.13240740740740742
0 0.22309552599758162 0.5277777777777778 0.037484885126964934 0.14629629629629629
0 0.27781136638452236 0.5115740740740741 0.05380894800483676 0.15648148148148147
0 0.2747883917775091 0.5453703703703704 0.039298669891172915 0.17407407407407408
0 0.5728536880290206 0.7537037037037037 0.0501813784764208 0.15925925925925927
0 0.24062877871825877 0.32037037037037036 0.03506650544135429 0.14074074074074075
0 0.7557436517533253 0.7125 0.04232164449818621 0.16018518518518518
0 0.28204353083434097 0.30833333333333335 0.03688029020556227 0.14814814814814814
0 0.39600967351874244 0.36342592592592593 0.03990326481257558 0.13796296296296295
0 0.22611850060459493 0.274537037037037 0.032648125755743655 0.12685185185185185
0 0.467049576783555 0.47129629629629627 0.0380894800483676 0.1425925925925926
0 0.18319226118500603 0.2902777777777778 0.03506650544135429 0.13796296296296295
0 0.2058645707376058 0.3087962962962963 0.034461910519951636 0.11944444444444445
