0 0.7472293265132139 0.4954545454545455 0.043478260869565216 0.1159090909090909
0 0.11722080136402387 0.1494318181818182 0.03495311167945439 0.09431818181818181
0 0.5626598465473146 0.48863636363636365 0.042625745950554135 0.11818181818181818
0 0.045183290707587385 0.15 0.030690537084398978 0.1
0 0.11210571184995738 0.33295454545454545 0.05029838022165388 0.10681818181818181
0 0.526001705029838 0.20625 0.023870417732310314 0.0875
0 0.33248081841432225 0.17897727272727273 0.03239556692242114 0.0875
0 0.5179028132992327 0.18409090909090908 0.03154305200341006 0.08409090909090909
0 0.3073316283034953 0.16761363636363635 0.028132992327365727 0.08068181818181819
0 0.2847399829497016 0.15056818181818182 0.028985507246376812 0.0875
0 0.2591645353793691 0.14829545454545454 0.03239556692242114 0.09431818181818181
0 0.4803921568627451 0.18863636363636363 0.03154305200341006 0.1
0 0.3213981244671782 0.1380681818181818 0.03239556692242114 0.09431818181818181
0 0.2208013640238704 0.07954545454545454 0.03239556692242114 0.08409090909090909
0 0.2659846547314578 0.08295454545454546 0.028985507246376812 0.07045454545454545
0 0.2872975277067349 0.06931818181818182 0.03580562659846547 0.09090909090909091
0 0.3393009377664109 0.075 0.028985507246376812 0.08409090909090909
0 0.37468030690537085 0.08011363636363636 0.03154305200341006 0.0875
0 0.4032395566922421 0.08352272727272728 0.03239556692242114 0.0875
0 0.43052003410059675 0.061931818181818185 0.03239556692242114 0.0875
0 0.489769820971867 0.11818181818181818 0.03154305200341006 0.08409090909090909
0 0.5144927536231884 0.10909090909090909 0.03154305200341006 0.08181818181818182
0 0.49104859335038364 0.06931818181818182 0.028985507246376812 0.08409090909090909
0 0.36061381074168797 0.033522727272727273 0.028985507246376812 0.06477272727272727
0 0.9786871270247229 0.060227272727272727 0.03239556692242114 0.07272727272727272
0 0.9710144927536232 0.05113636363636364 0.027280477408354646 0.07727272727272727
0 0.9445865302642796 0.06647727272727273 0.03410059676044331 0.0875
0 0.9049445865302643 0.03238636363636364 0.03495311167945439 0.0625
0 0.8316283034953111 0.10170454545454545 0.03495311167945439 0.10113636363636364
0 0.29838022165387895 0.038636363636363635 0.028985507246376812 0.06818181818181818
0 0.2826086956521739 0.044886363636363634 0.028132992327365727 0.0715909090909091
0 0.691389599317988 0.3494318181818182 0.03410059676044331 0.10795454545454546
0 0.7361466325660699 0.3431818181818182 0.045183290707587385 0.10681818181818181
0 0.7689684569479965 0.4505681818181818 0.03751065643648764 0.10568181818181818
0 0.69693094629156 0.46079545454545456 0.040068201193520885 0.10568181818181818
0 0.5328218243819267 0.5 0.028985507246376812 0.07954545454545454
0 0.5805626598465473 0.34488636363636366 0.03751065643648764 0.09886363636363636
0 0.3751065643648764 0.18011363636363636 0.03410059676044331 0.09204545454545454
0 0.16879795396419436 0.5954545454545455 0.04603580562659847 0.1318181818181818
0 0.9603580562659847 0.9636363636363636 0.043478260869565216 0.07272727272727272
0 0.526001705029838 0.41363636363636364 0.04092071611253197 0.10909090909090909
0 0.38064791133844844 0.42159090909090907 0.03836317135549872 0.11136363636363636
0 0.40281329923273657 0.37386363636363634 0.03836317135549872 0.11136363636363636
0 0.5583972719522592 0.4119318181818182 0.03580562659846547 0.10795454545454546
0 0.4215686274509804 0.4335227272727273 0.04688832054560955 0.11704545454545455
0 0.4514066496163683 0.45397727272727273 0.0247229326513214 0.0715909090909091
0 0.15942028985507245 0.4636363636363636 0.042625745950554135 0.12045454545454545
0 0.29923273657289 0.3965909090909091 0.03410059676044331 0.1159090909090909
0 0.33631713554987214 0.4028409090909091 0.03324808184143223 0.10795454545454546
0 0.08056265984654731 0.2409090909090909 0.028132992327365727 0.09772727272727273
0 0.5196078431372549 0.39545454545454545 0.03324808184143223 0.125
0 0.37638533674339303 0.3409090909090909 0.03836317135549872 0.11136363636363636
0 0.4761295822676897 0.3079545454545455 0.03324808184143223 0.10681818181818181
0 0.008098891730605285 0.21647727272727274 0.014492753623188406 0.10113636363636364
0 0.13895993179880647 0.21534090909090908 0.03239556692242114 0.09886363636363636
0 0.10997442455242967 0.22045454545454546 0.028985507246376812 0.10227272727272728
0 0.20758738277919864 0.14659090909090908 0.03154305200341006 0.08636363636363636
0 0.56692242114237 0.17954545454545454 0.03239556692242114 0.09772727272727273
0 0.23231031543052003 0.2369318181818182 0.03665814151747655 0.11022727272727273
0 0.35294117647058826 0.19375 0.03580562659846547 0.10113636363636364
0 0.3751065643648764 0.19715909090909092 0.03239556692242114 0.10340909090909091
0 0.41389599317988063 0.19943181818181818 0.03495311167945439 0.09659090909090909
0 0.345694799658994 0.2772727272727273 0.03665814151747655 0.09318181818181819
0 0.5072463768115942 0.30511363636363636 0.028985507246376812 0.11022727272727273
0 0.2872975277067349 0.10227272727272728 0.027280477408354646 0.07727272727272727
0 0.48508098891730606 0.2125 0.03239556692242114 0.09090909090909091
0 0.37809036658141515 0.7085227272727272 0.04688832054560955 0.1375
0 0.4518329070758738 0.15568181818181817 0.03580562659846547 0.09090909090909091
0 0.3034953111679454 0.11363636363636363 0.028985507246376812 0.08409090909090909
0 0.2659846547314578 0.24545454545454545 0.028985507246376812 0.08863636363636364
0 0.37254901960784315 0.26647727272727273 0.03410059676044331 0.1125
0 0.6947996589940324 0.2534090909090909 0.042625745950554135 0.09772727272727273
0 0.23870417732310314 0.14545454545454545 0.030690537084398978 0.08409090909090909
0 0.35038363171355497 0.14829545454545454 0.03239556692242114 0.0875
0 0.48508098891730606 0.6380681818181818 0.0443307757885763 0.1375
0 0.11167945439045183 0.9840909090909091 0.03580562659846547 0.03409090909090909
0 0.16155157715260018 0.98125 0.041773231031543054 0.03977272727272727
0 0.5583972719522592 0.9704545454545455 0.04092071611253197 0.06136363636363636
0 0.8226768968456948 0.865909090909091 0.0494458653026428 0.14545454545454545
0 0.5443307757885762 0.9823863636363637 0.03836317135549872 0.0375
0 0.34271099744245526 0.8721590909090909 0.0494458653026428 0.15113636363636362
0 0.8294970161977835 0.9556818181818182 0.056265984654731455 0.09090909090909091
0 0.5080988917306053 0.9613636363636363 0.04603580562659847 0.07954545454545454
0 0.08951406649616368 0.9028409090909091 0.056265984654731455 0.15795454545454546
0 0.44671781756180734 0.64375 0.03410059676044331 0.13295454545454546
0 0.06606990622335891 0.5386363636363637 0.026427962489343565 0.09545454545454546
0 0.47144075021312876 0.6017045454545454 0.0392156862745098 0.12386363636363637
0 0.5153452685421995 0.5977272727272728 0.03665814151747655 0.11818181818181818
0 0.4629156010230179 0.20227272727272727 0.03580562659846547 0.09090909090909091
0 0.02600170502983802 0.5119318181818182 0.03665814151747655 0.11931818181818182
0 0.04603580562659847 0.5414772727272728 0.02557544757033248 0.07840909090909091
0 0.8137254901960784 0.5028409090909091 0.03495311167945439 0.11477272727272728
