0 0.5578125 0.2875 0.03333333333333333 0.14351851851851852
0 0.3880208333333333 0.2689814814814815 0.029166666666666667 0.13796296296296295
0 0.11953125 0.5106481481481482 0.033854166666666664 0.18981481481481483
0 0.6192708333333333 0.3236111111111111 0.03125 0.14907407407407408
0 0.3619791666666667 0.2708333333333333 0.028125 0.14351851851851852
0 0.30078125 0.8967592592592593 0.07760416666666667 0.20833333333333334
0 0.7765625 0.4074074074074074 0.041666666666666664 0.17592592592592593
0 0.7390625 0.4148148148148148 0.041666666666666664 0.18518518518518517
0 0.25807291666666665 0.9541666666666667 0.06510416666666667 0.09351851851851851
0 0.3385416666666667 0.6569444444444444 0.07604166666666666 0.36944444444444446
0 0.5393229166666667 0.5333333333333333 0.05260416666666667 0.23148148148148148
0 0.4544270833333333 0.5467592592592593 0.04739583333333333 0.18981481481481483
0 0.39375 0.5305555555555556 0.04895833333333333 0.21296296296296297
0 0.2986979166666667 0.5171296296296296 0.043229166666666666 0.20462962962962963
0 0.31614583333333335 0.41435185185185186 0.036458333333333336 0.15648148148148147
0 0.38385416666666666 0.38287037037037036 0.0375 0.16203703703703703
0 0.42083333333333334 0.37222222222222223 0.03333333333333333 0.14629629629629629
0 0.3640625 0.412962962962963 0.03333333333333333 0.12962962962962962
0 0.46197916666666666 0.33935185185185185 0.036458333333333336 0.1675925925925926
0 0.4786458333333333 0.36574074074074076 0.028125 0.10925925925925926
0 0.3611979166666667 0.31296296296296294 0.03177083333333333 0.1425925925925926
0 0.33880208333333334 0.2777777777777778 0.0359375 0.14629629629629629
0 0.4354166666666667 0.2967592592592593 0.034375 0.13055555555555556
0 0.4661458333333333 0.2986111111111111 0.03229166666666667 0.12129629629629629
0 0.47161458333333334 0.27175925925925926 0.030729166666666665 0.12129629629629629
0 0.5182291666666666 0.2828703703703704 0.034375 0.15092592592592594
0 0.49140625 0.26157407407407407 0.0328125 0.1361111111111111
0 0.434375 0.2199074074074074 0.030208333333333334 0.12129629629629629
0 0.434375 0.23703703703703705 0.026041666666666668 0.11851851851851852
0 0.37213541666666666 0.2388888888888889 0.028645833333333332 0.12407407407407407
0 0.49375 0.27685185185185185 0.030208333333333334 0.12777777777777777
