0 0.21380208333333334 0.8694444444444445 0.06927083333333334 0.2537037037037037
0 0.26953125 0.8722222222222222 0.058854166666666666 0.25555555555555554
0 0.296875 0.8388888888888889 0.051041666666666666 0.22407407407407406
0 0.3690104166666667 0.8379629629629629 0.05572916666666667 0.22777777777777777
0 0.41015625 0.8416666666666667 0.05364583333333333 0.2074074074074074
0 0.7544270833333333 0.7328703703703704 0.0515625 0.20092592592592592
0 0.8065104166666667 0.5666666666666667 0.027604166666666666 0.09259259259259259
0 0.8276041666666667 0.7138888888888889 0.041666666666666664 0.18518518518518517
0 0.7143229166666667 0.7430555555555556 0.04635416666666667 0.19537037037037036
0 0.63984375 0.7398148148148148 0.04114583333333333 0.1925925925925926
0 0.8018229166666667 0.6884259259259259 0.04010416666666667 0.16574074074074074
0 0.44114583333333335 0.5458333333333333 0.023958333333333335 0.10277777777777777
0 0.46770833333333334 0.5291666666666667 0.027083333333333334 0.11388888888888889
0 0.4317708333333333 0.5731481481481482 0.026041666666666668 0.12407407407407407
0 0.4666666666666667 0.5615740740740741 0.03229166666666667 0.12314814814814815
0 0.48723958333333334 0.5370370370370371 0.025520833333333333 0.11296296296296296
0 0.52734375 0.5421296296296296 0.0296875 0.12314814814814815
0 0.49609375 0.5587962962962963 0.0296875 0.1287037037037037
0 0.46380208333333334 0.6444444444444445 0.0421875 0.17037037037037037
0 0.48515625 0.6439814814814815 0.03177083333333333 0.1638888888888889
0 0.5205729166666667 0.6425925925925926 0.0328125 0.14814814814814814
0 0.5453125 0.6212962962962963 0.03125 0.1388888888888889
0 0.5783854166666667 0.6162037037037037 0.034895833333333334 0.13425925925925927
0 0.5244791666666667 0.674074074074074 0.041666666666666664 0.16296296296296298
0 0.5526041666666667 0.687962962962963 0.027083333333333334 0.12962962962962962
0 0.5786458333333333 0.6995370370370371 0.0375 0.1935185185185185
0 0.6057291666666667 0.7425925925925926 0.040625 0.19814814814814816
0 0.5984375 0.6138888888888889 0.030208333333333334 0.14074074074074075
0 0.646875 0.6578703703703703 0.034375 0.1675925925925926
0 0.81640625 0.8666666666666667 0.05364583333333333 0.2037037037037037
0 0.9580729166666667 0.8384259259259259 0.0671875 0.2064814814814815
0 0.6833333333333333 0.49166666666666664 0.026041666666666668 0.09074074074074075
