0 0.5568319226118501 0.8865740740740741 0.04353083434099154 0.18055555555555555
0 0.5565296251511487 0.9314814814814815 0.04171704957678356 0.1388888888888889
0 0.3926844014510278 0.5666666666666667 0.03688029020556227 0.13518518518518519
0 0.37575574365175335 0.6106481481481482 0.04171704957678356 0.15462962962962962
0 0.7261185006045949 0.7180555555555556 0.0471584038694075 0.1824074074074074
0 0.713422007255139 0.7458333333333333 0.05199516324062878 0.18425925925925926
0 0.6741233373639661 0.7685185185185185 0.045949214026602174 0.1685185185185185
0 0.3349455864570738 0.31574074074074077 0.036275695284159616 0.1425925925925926
0 0.2850665054413543 0.33055555555555555 0.03204353083434099 0.14074074074074075
0 0.3645707376058041 0.32222222222222224 0.041112454655380895 0.14629629629629629
0 0.3860338573155985 0.30185185185185187 0.03688029020556227 0.14074074074074075
0 0.2962515114873035 0.3425925925925926 0.044740024183796856 0.14629629629629629
0 0.6360338573155986 0.9638888888888889 0.05199516324062878 0.07407407407407407
0 0.6735187424425635 0.9541666666666667 0.04232164449818621 0.09351851851851851
0 0.6248488512696493 0.950462962962963 0.04171704957678356 0.10092592592592593
0 0.8168077388149939 0.8662037037037037 0.044740024183796856 0.1712962962962963
0 0.8960096735187424 0.9013888888888889 0.05441354292623942 0.17314814814814813
0 0.8264812575574365 0.7921296296296296 0.036275695284159616 0.12314814814814815
0 0.849758162031439 0.7856481481481481 0.039298669891172915 0.1398148148148148
0 0.9356106408706167 0.3125 0.044135429262394194 0.15462962962962962
0 0.9640266021765417 0.2865740740740741 0.04534461910519952 0.12129629629629629
0 0.16203143893591293 0.34120370370370373 0.037484885126964934 0.1287037037037037
0 0.022370012091898428 0.4115740740740741 0.04353083434099154 0.15092592592592594
0 0.22430471584038694 0.34120370370370373 0.03990326481257558 0.14537037037037037
0 0.6088270858524788 0.49907407407407406 0.03990326481257558 0.17407407407407408
0 0.2240024183796856 0.2847222222222222 0.02962515114873035 0.14351851851851852
0 0.20193470374848851 0.3787037037037037 0.04232164449818621 0.1425925925925926
0 0.6342200725513906 0.36574074074074076 0.04232164449818621 0.13703703703703704
0 0.6674727932285369 0.33935185185185185 0.0471584038694075 0.1398148148148148
0 0.7022370012091899 0.2986111111111111 0.046553808948004836 0.13425925925925927
0 0.7995767835550182 0.3287037037037037 0.039298669891172915 0.13518518518518519
0 0.7847642079806529 0.34814814814814815 0.04232164449818621 0.14629629629629629
0 0.7823458282950423 0.4824074074074074 0.04353083434099154 0.14074074074074075
0 0.9800483675937122 0.5393518518518519 0.03869407496977025 0.14722222222222223
0 0.9658403869407497 0.5578703703703703 0.0380894800483676 0.14537037037037037
0 0.9437726723095526 0.6805555555555556 0.04353083434099154 0.16296296296296298
0 0.9117291414752116 0.7027777777777777 0.045949214026602174 0.18333333333333332
0 0.8370616686819831 0.7032407407407407 0.044135429262394194 0.15462962962962962
0 0.8004836759371221 0.7412037037037037 0.0592503022974607 0.14907407407407408
0 0.9519347037484885 0.8023148148148148 0.058645707376058044 0.16574074074074074
0 0.9416565900846433 0.9009259259259259 0.047762998790810154 0.17407407407407408
0 0.6212212817412334 0.6518518518518519 0.046553808948004836 0.15925925925925927
0 0.6438935912938332 0.6805555555555556 0.04353083434099154 0.16296296296296298
0 0.8911729141475212 0.5342592592592592 0.03385731559854897 0.13518518518518519
0 0.8730350665054414 0.5370370370370371 0.03990326481257558 0.1425925925925926
0 0.5589480048367593 0.7564814814814815 0.05380894800483676 0.17037037037037037
0 0.524788391777509 0.7393518518518518 0.045949214026602174 0.16574074074074074
0 0.7351874244256348 0.649537037037037 0.036275695284159616 0.13240740740740742
0 0.7874848851269649 0.6759259259259259 0.044135429262394194 0.12962962962962962
0 0.8152962515114873 0.6662037037037037 0.046553808948004836 0.1712962962962963
0 0.8440145102781137 0.3888888888888889 0.03385731559854897 0.13518518518518519
0 0.8603385731559855 0.37175925925925923 0.03385731559854897 0.11944444444444445
0 0.06741233373639662 0.6462962962962963 0.044135429262394194 0.15925925925925927
0 0.10761789600967352 0.625 0.041112454655380895 0.14814814814814814
0 0.15719467956469166 0.8060185185185185 0.044740024183796856 0.1824074074074074
0 0.11094316807738815 0.7949074074074074 0.04897218863361548 0.15462962962962962
0 0.2962515114873035 0.6699074074074074 0.049576783555018135 0.16018518518518518
0 0.3518742442563482 0.6412037037037037 0.04232164449818621 0.16574074074074074
0 0.37394195888754533 0.6625 0.03688029020556227 0.13240740740740742
0 0.5332527206771464 0.9361111111111111 0.037484885126964934 0.11296296296296296
0 0.02539298669891173 0.5032407407407408 0.049576783555018135 0.1398148148148148
0 0.4830713422007255 0.9143518518518519 0.05078597339782346 0.16574074074074074
0 0.8152962515114873 0.47129629629629627 0.04897218863361548 0.14444444444444443
0 0.19347037484885127 0.3439814814814815 0.03990326481257558 0.14907407407407408
0 0.002720677146311971 0.42453703703703705 0.004232164449818622 0.1361111111111111
0 0.0402055622732769 0.44675925925925924 0.05380894800483676 0.16203703703703703
0 0.23760580411124546 0.6032407407407407 0.03869407496977025 0.15648148148148147
0 0.2351874244256348 0.5731481481481482 0.03385731559854897 0.14814814814814814
0 0.1907496977025393 0.6032407407407407 0.04171704957678356 0.1398148148148148
0 0.20556227327690446 0.5486111111111112 0.04232164449818621 0.14351851851851852
0 0.1677750906892382 0.5699074074074074 0.039298669891172915 0.15092592592592594
0 0.3174123337363966 0.6046296296296296 0.04232164449818621 0.1537037037037037
0 0.3866384522370012 0.2574074074074074 0.034461910519951636 0.12962962962962962
0 0.40931076178960096 0.2587962962962963 0.02902055622732769 0.13240740740740742
0 0.34613059250302297 0.5837962962962963 0.035671100362756954 0.1287037037037037
0 0.7146311970979444 0.9629629629629629 0.044740024183796856 0.07592592592592592
0 0.713422007255139 0.39305555555555555 0.04353083434099154 0.12129629629629629
0 0.7554413542926239 0.40555555555555556 0.039298669891172915 0.14074074074074075
0 0.26934703748488514 0.3962962962962963 0.035671100362756954 0.1425925925925926
0 0.24909310761789602 0.4115740740740741 0.03506650544135429 0.14351851851851852
0 0.7986698911729141 0.5921296296296297 0.032648125755743655 0.1287037037037037
0 0.4658403869407497 0.9851851851851852 0.035671100362756954 0.03148148148148148
0 0.3996372430471584 0.9333333333333333 0.04836759371221282 0.13518518518518519
0 0.31680773881499397 0.975 0.0471584038694075 0.05185185185185185
0 0.5308343409915357 0.5953703703703703 0.0471584038694075 0.1574074074074074
0 0.3225513905683192 0.7935185185185185 0.04897218863361548 0.16296296296296298
0 0.7521160822249093 0.6166666666666667 0.045949214026602174 0.14814814814814814
0 0.7409310761789601 0.6328703703703704 0.0380894800483676 0.12129629629629629
0 0.5574365175332527 0.6291666666666667 0.03506650544135429 0.1638888888888889
0 0.36215235792019346 0.9518518518518518 0.060459492140266025 0.09814814814814815
0 0.35066505441354295 0.49675925925925923 0.037484885126964934 0.13240740740740742
0 0.28174123337363965 0.475462962962963 0.03869407496977025 0.15648148148148147
0 0.2539298669891173 0.7898148148148149 0.04232164449818621 0.18518518518518517
0 0.47702539298669894 0.44907407407407407 0.02781136638452237 0.13518518518518519
0 0.3564087061668682 0.7305555555555555 0.04171704957678356 0.15925925925925927
0 0.3827085852478839 0.787962962962963 0.05199516324062878 0.15925925925925927
0 0.3866384522370012 0.7546296296296297 0.039298669891172915 0.1685185185185185
0 0.3282950423216445 0.7384259259259259 0.041112454655380895 0.17685185185185184
0 0.046251511487303505 0.7972222222222223 0.05501813784764208 0.16296296296296298
0 0.02267230955259976 0.7555555555555555 0.042926239419588876 0.14629629629629629
0 0.4588875453446191 0.7550925925925925 0.03990326481257558 0.15462962962962962
0 0.6816807738814994 0.7194444444444444 0.046553808948004836 0.15185185185185185
0 0.3899637243047158 0.45601851851851855 0.03385731559854897 0.10462962962962963
0 0.466142684401451 0.5606481481481481 0.036275695284159616 0.1398148148148148
0 0.4540507859733978 0.5152777777777777 0.03869407496977025 0.10462962962962963
0 0.186819830713422 0.8949074074074074 0.0592503022974607 0.1675925925925926
0 0.4667472793228537 0.42453703703703705 0.032648125755743655 0.1398148148148148
0 0.4996977025392987 0.41435185185185186 0.034461910519951636 0.14907407407407408
0 0.45979443772672307 0.6472222222222223 0.03688029020556227 0.1537037037037037
0 0.44347037484885127 0.43796296296296294 0.02720677146311971 0.12407407407407407
0 0.48881499395405076 0.4759259259259259 0.039298669891172915 0.12407407407407407
0 0.10429262394195889 0.9828703703703704 0.0380894800483676 0.03611111111111111
0 0.5982466747279322 0.9819444444444444 0.03204353083434099 0.03796296296296296
0 0.5903869407496977 0.5777777777777777 0.034461910519951636 0.10925925925925926
0 0.5652962515114873 0.5481481481481482 0.03990326481257558 0.14629629629629629
0 0.9259371221281741 0.0824074074074074 0.04050785973397823 0.12037037037037036
0 0.9295646916565901 0.04953703703703704 0.039298669891172915 0.09722222222222222
0 0.9434703748488513 0.10925925925925926 0.02962515114873035 0.09814814814814815
0 0.9882103990326482 0.24166666666666667 0.022370012091898428 0.12407407407407407
0 0.9077992744860943 0.2740740740740741 0.04171704957678356 0.14814814814814814
0 0.9008464328899637 0.2962962962962963 0.036275695284159616 0.13518518518518519
0 0.9876058041112454 0.33425925925925926 0.02357920193470375 0.1425925925925926
0 0.9077992744860943 0.4101851851851852 0.044135429262394194 0.14629629629629629
0 0.9498186215235792 0.3675925925925926 0.049576783555018135 0.1537037037037037
0 0.9842805320435308 0.3851851851851852 0.03143893591293833 0.1425925925925926
0 0.8727327690447401 0.48703703703703705 0.04171704957678356 0.14814814814814814
0 0.8627569528415961 0.5069444444444444 0.044740024183796856 0.15092592592592594
0 0.7929262394195888 0.40925925925925927 0.039298669891172915 0.14814814814814814
0 0.8276904474002419 0.5083333333333333 0.03990326481257558 0.15
0 0.878174123337364 0.7282407407407407 0.046553808948004836 0.15462962962962962
0 0.6989117291414753 0.04861111111111111 0.03506650544135429 0.09537037037037037
0 0.6723095525997581 0.0587962962962963 0.030229746070133012 0.11018518518518519
0 0.6907496977025392 0.058333333333333334 0.03204353083434099 0.11481481481481481
0 0.597037484885127 0.07361111111111111 0.03688029020556227 0.14166666666666666
0 0.5607617896009673 0.04861111111111111 0.02962515114873035 0.09537037037037037
0 0.6481257557436517 0.06851851851851852 0.03506650544135429 0.11666666666666667
0 0.6360338573155986 0.08796296296296297 0.03990326481257558 0.11851851851851852
0 0.5949214026602176 0.0912037037037037 0.032648125755743655 0.11574074074074074
0 0.6526602176541717 0.16342592592592592 0.039298669891172915 0.1287037037037037
0 0.5940145102781137 0.1425925925925926 0.03688029020556227 0.13703703703703704
0 0.5834340991535671 0.1638888888888889 0.03385731559854897 0.12037037037037036
0 0.6227327690447401 0.1787037037037037 0.02781136638452237 0.08703703703703704
0 0.6039903264812576 0.18055555555555555 0.03143893591293833 0.12407407407407407
0 0.5535066505441354 0.10601851851851851 0.035671100362756954 0.1175925925925926
0 0.5241837968561064 0.10833333333333334 0.030229746070133012 0.10740740740740741
0 0.5259975816203144 0.041666666666666664 0.037484885126964934 0.08148148148148149
0 0.5108827085852479 0.04212962962962963 0.02781136638452237 0.0824074074074074
0 0.6789600967351874 0.19953703703703704 0.041112454655380895 0.1398148148148148
0 0.6387545344619106 0.28194444444444444 0.039298669891172915 0.1361111111111111
0 0.651148730350665 0.29768518518518516 0.037484885126964934 0.14351851851851852
0 0.7067714631197098 0.2689814814814815 0.037484885126964934 0.14351851851851852
0 0.439540507859734 0.06481481481481481 0.030229746070133012 0.11481481481481481
0 0.46856106408706166 0.1111111111111111 0.030229746070133012 0.12962962962962962
0 0.40810157194679564 0.0375 0.03385731559854897 0.07314814814814814
0 0.4165659008464329 0.059722222222222225 0.030229746070133012 0.11203703703703703
0 0.3162031438935913 0.07685185185185185 0.041112454655380895 0.13703703703703704
0 0.40598548972188636 0.1300925925925926 0.034461910519951636 0.13425925925925927
0 0.42956469165659006 0.1425925925925926 0.03688029020556227 0.12407407407407407
0 0.6444981862152358 0.4935185185185185 0.049576783555018135 0.1574074074074074
0 0.7629987908101572 0.36157407407407405 0.03869407496977025 0.1398148148148148
0 0.3340386940749698 0.4388888888888889 0.05259975816203144 0.14814814814814814
0 0.23125755743651755 0.42962962962962964 0.04897218863361548 0.14074074074074075
0 0.039600967351874246 0.0587962962962963 0.039298669891172915 0.11203703703703703
0 0.07496977025392987 0.046296296296296294 0.036275695284159616 0.09074074074074075
0 0.15326481257557437 0.06574074074074074 0.0380894800483676 0.12222222222222222
0 0.19951632406287786 0.05092592592592592 0.03506650544135429 0.1
0 0.22460701330108826 0.06018518518518518 0.028415961305925032 0.1111111111111111
0 0.2593712212817412 0.060648148148148145 0.032648125755743655 0.11388888888888889
0 0.281136638452237 0.06481481481481481 0.03506650544135429 0.12037037037037036
0 0.18016928657799275 0.05324074074074074 0.03990326481257558 0.10462962962962963
0 0.12091898428053205 0.0375 0.032648125755743655 0.07314814814814814
0 0.18742442563482467 0.09907407407407408 0.03385731559854897 0.12407407407407407
0 0.3422007255139057 0.08935185185185185 0.032648125755743655 0.12314814814814815
0 0.4014510278113664 0.08935185185185185 0.03990326481257558 0.12685185185185185
0 0.4616082224909311 0.07592592592592592 0.039298669891172915 0.1259259259259259
0 0.34099153567110035 0.2564814814814815 0.037484885126964934 0.14074074074074075
0 0.17079806529625152 0.1574074074074074 0.03204353083434099 0.13703703703703704
0 0.19588875453446192 0.16018518518518518 0.03506650544135429 0.13518518518518519
0 0.3092503022974607 0.19398148148148148 0.034461910519951636 0.13796296296296295
0 0.2799274486094317 0.18888888888888888 0.03990326481257558 0.13518518518518519
0 0.40447400241837966 0.19444444444444445 0.032648125755743655 0.1259259259259259
0 0.374546553808948 0.23333333333333334 0.039298669891172915 0.14814814814814814
0 0.440447400241838 0.35324074074074074 0.04050785973397823 0.15648148148148147
0 0.40840386940749696 0.350462962962963 0.03688029020556227 0.14907407407407408
0 0.19044740024183796 0.3111111111111111 0.02902055622732769 0.13148148148148148
0 0.154776299879081 0.2949074074074074 0.04232164449818621 0.14351851851851852
0 0.10761789600967352 0.25925925925925924 0.037484885126964934 0.12962962962962962
0 0.09371221281741234 0.23148148148148148 0.03869407496977025 0.12962962962962962
0 0.1336154776299879 0.21435185185185185 0.03143893591293833 0.13425925925925927
0 0.9625151148730351 0.34120370370370373 0.037484885126964934 0.14537037037037037
0 0.6656590084643289 0.1439814814814815 0.045949214026602174 0.14351851851851852
0 0.9824667472793228 0.03425925925925926 0.03385731559854897 0.06666666666666667
0 0.9549576783555018 0.04212962962962963 0.039298669891172915 0.0824074074074074
0 0.5764812575574365 0.07962962962962963 0.03688029020556227 0.12222222222222222
0 0.6124546553808948 0.05555555555555555 0.03385731559854897 0.10925925925925926
0 0.4779322853688029 0.031018518518518518 0.03083434099153567 0.06018518518518518
