0 0.1402387041773231 0.3352272727272727 0.03495311167945439 0.12045454545454545
0 0.7497868712702472 0.25 0.03324808184143223 0.09318181818181819
0 0.10144927536231885 0.32954545454545453 0.03751065643648764 0.12045454545454545
0 0.0038363171355498722 0.9556818181818182 0.005967604433077579 0.08863636363636364
0 0.5647911338448423 0.3755681818181818 0.04688832054560955 0.12386363636363637
0 0.4778346121057119 0.12045454545454545 0.029838022165387893 0.09545454545454546
0 0.8175618073316283 0.31931818181818183 0.03751065643648764 0.1159090909090909
0 0.7404092071611253 0.3 0.03324808184143223 0.10681818181818181
0 0.7408354646206309 0.3170454545454545 0.03410059676044331 0.10681818181818181
0 0.7728047740835464 0.3068181818181818 0.03495311167945439 0.1159090909090909
0 0.76768968456948 0.3079545454545455 0.03665814151747655 0.1159090909090909
0 0.7621483375959079 0.34375 0.03751065643648764 0.11704545454545455
0 0.7365728900255755 0.49318181818181817 0.042625745950554135 0.12045454545454545
0 0.8772378516624041 0.5136363636363637 0.05115089514066496 0.125
0 0.5737425404944586 0.6397727272727273 0.03751065643648764 0.1340909090909091
0 0.789002557544757 0.11818181818181818 0.03154305200341006 0.10454545454545454
0 0.19224211423699913 0.02215909090909091 0.026427962489343565 0.042045454545454546
0 0.2514919011082694 0.026136363636363635 0.02557544757033248 0.05
0 0.49531116794543906 0.04431818181818182 0.0392156862745098 0.08181818181818182
0 0.40153452685422 0.036931818181818184 0.030690537084398978 0.0715909090909091
0 0.3772378516624041 0.033522727272727273 0.026427962489343565 0.06477272727272727
0 0.47570332480818417 0.014772727272727272 0.028985507246376812 0.02727272727272727
0 0.4390451832907076 0.04375 0.03410059676044331 0.08522727272727272
0 0.45737425404944587 0.04943181818181818 0.0247229326513214 0.053409090909090906
0 0.3635976129582268 0.010227272727272727 0.028132992327365727 0.01818181818181818
0 0.3674339300937766 0.020454545454545454 0.028985507246376812 0.038636363636363635
0 0.4458653026427962 0.011363636363636364 0.030690537084398978 0.020454545454545454
0 0.5720375106564365 0.4426136363636364 0.04092071611253197 0.1215909090909091
0 0.6044330775788577 0.7460227272727272 0.042625745950554135 0.1375
0 0.2195225916453538 0.23352272727272727 0.03495311167945439 0.10340909090909091
0 0.42114236999147486 0.15454545454545454 0.03239556692242114 0.10227272727272728
0 0.25788576300085253 0.4772727272727273 0.03836317135549872 0.13863636363636364
0 0.7706734867860188 0.3977272727272727 0.03410059676044331 0.11136363636363636
0 0.22122762148337596 0.9715909090909091 0.05200341005967604 0.056818181818181816
0 0.1287297527706735 0.9420454545454545 0.04774083546462063 0.11818181818181818
0 0.16709292412617222 0.9426136363636364 0.0443307757885763 0.11477272727272728
0 0.43435635123614663 0.3392045454545455 0.03154305200341006 0.09659090909090909
0 0.4096334185848252 0.3386363636363636 0.03324808184143223 0.10454545454545454
0 0.3132992327365729 0.26704545454545453 0.040068201193520885 0.10681818181818181
0 0.04092071611253197 0.40397727272727274 0.04774083546462063 0.12840909090909092
0 0.8056265984654731 0.525 0.042625745950554135 0.12954545454545455
0 0.9083546462063086 0.6738636363636363 0.05541346973572037 0.12954545454545455
0 0.860613810741688 0.7011363636363637 0.04688832054560955 0.14772727272727273
0 0.8077578857630009 0.4005681818181818 0.03836317135549872 0.11477272727272728
0 0.9138959931798807 0.9630681818181818 0.0494458653026428 0.07386363636363637
0 0.6871270247229326 0.9414772727272728 0.05115089514066496 0.11477272727272728
0 0.7395566922421143 0.9295454545454546 0.060528559249786874 0.1409090909090909
0 0.9808184143222506 0.9159090909090909 0.03324808184143223 0.17045454545454544
0 0.9573742540494459 0.9636363636363636 0.03751065643648764 0.07272727272727272
0 0.5358056265984654 0.5386363636363637 0.03324808184143223 0.1159090909090909
0 0.3388746803069054 0.3698863636363636 0.041773231031543054 0.11022727272727273
0 0.3917306052855925 0.3386363636363636 0.03324808184143223 0.10681818181818181
0 0.861466325660699 0.8852272727272728 0.05200341005967604 0.1431818181818182
0 0.8248081841432225 0.9306818181818182 0.060528559249786874 0.1409090909090909
0 0.9471440750213129 0.9107954545454545 0.05285592497868713 0.14431818181818182
0 0.5571184995737425 0.5670454545454545 0.04688832054560955 0.1340909090909091
0 0.0814151747655584 0.06761363636363636 0.03495311167945439 0.08295454545454546
0 0.16879795396419436 0.12102272727272727 0.028985507246376812 0.0875
0 0.045183290707587385 0.9732954545454545 0.05115089514066496 0.05568181818181818
0 0.773231031543052 0.5318181818181819 0.042625745950554135 0.12954545454545455
0 0.12190963341858482 0.4193181818181818 0.03239556692242114 0.11136363636363636
0 0.15814151747655583 0.41647727272727275 0.03665814151747655 0.11477272727272728
0 0.5063938618925832 0.45227272727272727 0.0392156862745098 0.12045454545454545
0 0.5413469735720375 0.4659090909090909 0.042625745950554135 0.1159090909090909
0 0.052429667519181586 0.26136363636363635 0.029838022165387893 0.10454545454545454
0 0.14705882352941177 0.21931818181818183 0.029838022165387893 0.08863636363636364
0 0.1773231031543052 0.21761363636363637 0.030690537084398978 0.10340909090909091
0 0.35208866155157714 0.21477272727272728 0.04092071611253197 0.10909090909090909
0 0.39855072463768115 0.15681818181818183 0.023017902813299233 0.09318181818181819
0 0.30562659846547313 0.13522727272727272 0.0247229326513214 0.075
0 0.1939471440750213 0.1215909090909091 0.028132992327365727 0.10227272727272728
0 0.22421142369991476 0.12613636363636363 0.028985507246376812 0.09318181818181819
0 0.46675191815856776 0.14772727272727273 0.03324808184143223 0.09318181818181819
0 0.5046888320545609 0.15454545454545454 0.028985507246376812 0.08863636363636364
0 0.9087809036658141 0.17670454545454545 0.03239556692242114 0.10340909090909091
0 0.17263427109974425 0.04090909090909091 0.03324808184143223 0.07954545454545454
0 0.21739130434782608 0.026136363636363635 0.030690537084398978 0.05
0 0.2826086956521739 0.12045454545454545 0.028132992327365727 0.09318181818181819
0 0.7404092071611253 0.5971590909090909 0.04688832054560955 0.1375
0 0.8167092924126172 0.6147727272727272 0.042625745950554135 0.13863636363636364
0 0.7071611253196931 0.7079545454545455 0.041773231031543054 0.1431818181818182
0 0.7408354646206309 0.7005681818181818 0.0443307757885763 0.1534090909090909
0 0.4492753623188406 0.7693181818181818 0.04603580562659847 0.15227272727272728
0 0.7046035805626598 0.6409090909090909 0.041773231031543054 0.125
0 0.6722080136402387 0.7079545454545455 0.04688832054560955 0.12954545454545455
0 0.788150042625746 0.6352272727272728 0.040068201193520885 0.1318181818181818
0 0.36061381074168797 0.3221590909090909 0.03410059676044331 0.10568181818181818
0 0.3329070758738278 0.3079545454545455 0.03665814151747655 0.12045454545454545
0 0.8388746803069054 0.06477272727272727 0.03239556692242114 0.09318181818181819
0 0.7421142369991475 0.41363636363636364 0.03324808184143223 0.07954545454545454
0 0.7429667519181585 0.6573863636363636 0.041773231031543054 0.13977272727272727
0 0.20630861040068202 0.08352272727272728 0.028985507246376812 0.08522727272727272
0 0.030264279624893437 0.7369318181818182 0.041773231031543054 0.15113636363636362
0 0.6078431372549019 0.9352272727272727 0.059676044330775786 0.12727272727272726
0 0.46675191815856776 0.9732954545454545 0.043478260869565216 0.053409090909090906
0 0.028985507246376812 0.8267045454545454 0.0494458653026428 0.16022727272727272
0 0.4518329070758738 0.5227272727272727 0.04092071611253197 0.13863636363636364
0 0.47485080988917305 0.696590909090909 0.04774083546462063 0.1431818181818182
0 0.5208866155157715 0.7 0.03751065643648764 0.12954545454545455
0 0.2868712702472293 0.4875 0.041773231031543054 0.1159090909090909
0 0.46930946291560105 0.6465909090909091 0.04688832054560955 0.13863636363636364
0 0.8793691389599319 0.915340909090909 0.043478260869565216 0.1375
0 0.3742540494458653 0.3715909090909091 0.03410059676044331 0.11363636363636363
0 0.4458653026427962 0.3801136363636364 0.0392156862745098 0.10568181818181818
0 0.2915601023017903 0.8875 0.05115089514066496 0.17272727272727273
0 0.41048593350383633 0.6869318181818181 0.04688832054560955 0.14204545454545456
0 0.34057971014492755 0.897159090909091 0.04688832054560955 0.1715909090909091
0 0.45012787723785164 0.8102272727272727 0.04603580562659847 0.1340909090909091
0 0.08184143222506395 0.9147727272727273 0.05456095481670929 0.15227272727272728
0 0.33674339300937767 0.709659090909091 0.04092071611253197 0.1375
0 0.3691389599317988 0.7215909090909091 0.04774083546462063 0.15227272727272728
0 0.4040920716112532 0.8721590909090909 0.05115089514066496 0.1625
0 0.40664961636828645 0.8039772727272727 0.04603580562659847 0.13977272727272727
0 0.37894288150042627 0.66875 0.05029838022165388 0.14431818181818182
0 0.41048593350383633 0.7329545454545454 0.05029838022165388 0.14772727272727273
0 0.546462063086104 0.6505681818181818 0.03751065643648764 0.13522727272727272
0 0.8431372549019608 0.7579545454545454 0.04092071611253197 0.1431818181818182
0 0.8175618073316283 0.7477272727272727 0.05115089514066496 0.15227272727272728
0 0.4053708439897698 0.5346590909090909 0.03665814151747655 0.11931818181818182
