0 0.33932291666666664 0.3277777777777778 0.025520833333333333 0.12407407407407407
0 0.031510416666666666 0.9222222222222223 0.06197916666666667 0.1574074074074074
0 0.13671875 0.9606481481481481 0.0546875 0.08055555555555556
0 0.12760416666666666 0.9097222222222222 0.08229166666666667 0.18055555555555555
0 0.08229166666666667 0.8833333333333333 0.07395833333333333 0.2351851851851852
0 0.83203125 0.9032407407407408 0.07447916666666667 0.19537037037037036
0 0.7440104166666667 0.899537037037037 0.0734375 0.20092592592592592
0 0.30494791666666665 0.8115740740740741 0.0671875 0.2972222222222222
0 0.10182291666666667 0.8148148148148148 0.059895833333333336 0.23703703703703705
0 0.1953125 0.7898148148148149 0.06458333333333334 0.29814814814814816
0 0.17135416666666667 0.7578703703703704 0.051041666666666666 0.22314814814814815
0 0.2565104166666667 0.8773148148148148 0.08385416666666666 0.24351851851851852
0 0.8333333333333334 0.5199074074074074 0.04479166666666667 0.1712962962962963
0 0.5794270833333334 0.4708333333333333 0.05364583333333333 0.20462962962962963
0 0.5419270833333333 0.3648148148148148 0.03177083333333333 0.13518518518518519
0 0.5072916666666667 0.6768518518518518 0.06041666666666667 0.28888888888888886
0 0.4546875 0.674074074074074 0.053125 0.2796296296296296
0 0.41041666666666665 0.7337962962962963 0.065625 0.24537037037037038
0 0.26901041666666664 0.7180555555555556 0.0609375 0.2601851851851852
0 0.22734375 0.7152777777777778 0.0546875 0.262037037037037
0 0.21692708333333333 0.6675925925925926 0.058854166666666666 0.24814814814814815
0 0.2864583333333333 0.625 0.035416666666666666 0.21296296296296297
0 0.33567708333333335 0.6175925925925926 0.04635416666666667 0.2462962962962963
0 0.4473958333333333 0.6 0.04375 0.19074074074074074
0 0.24479166666666666 0.5648148148148148 0.05416666666666667 0.20925925925925926
0 0.19322916666666667 0.5101851851851852 0.053125 0.18518518518518517
0 0.39609375 0.5449074074074074 0.044270833333333336 0.20092592592592592
0 0.4825520833333333 0.5986111111111111 0.044270833333333336 0.23796296296296296
0 0.5229166666666667 0.537962962962963 0.041666666666666664 0.20185185185185187
0 0.4002604166666667 0.4564814814814815 0.0390625 0.18518518518518517
0 0.4375 0.4615740740740741 0.03958333333333333 0.17685185185185184
0 0.54453125 0.42407407407407405 0.044270833333333336 0.18888888888888888
0 0.47630208333333335 0.42453703703703705 0.04114583333333333 0.1787037037037037
0 0.4265625 0.43842592592592594 0.0375 0.18055555555555555
0 0.40520833333333334 0.41712962962962963 0.034375 0.18796296296296297
0 0.33255208333333336 0.38564814814814813 0.0359375 0.1787037037037037
0 0.44244791666666666 0.4 0.0359375 0.16296296296296298
0 0.1421875 0.5060185185185185 0.041666666666666664 0.19537037037037036
0 0.5205729166666667 0.4101851851851852 0.03177083333333333 0.16296296296296298
0 0.29192708333333334 0.3800925925925926 0.0359375 0.14166666666666666
0 0.7494791666666667 0.5282407407407408 0.05625 0.2101851851851852
0 0.8494791666666667 0.5462962962962963 0.05520833333333333 0.2037037037037037
0 0.36484375 0.4078703703703704 0.0359375 0.1638888888888889
0 0.3138020833333333 0.4324074074074074 0.030729166666666665 0.16296296296296298
0 0.45416666666666666 0.362962962962963 0.034375 0.14074074074074075
0 0.24921875 0.4601851851851852 0.05364583333333333 0.18888888888888888
0 0.5856770833333333 0.42453703703703705 0.0484375 0.18981481481481483
0 0.3580729166666667 0.3138888888888889 0.028645833333333332 0.12222222222222222
0 0.42473958333333334 0.3106481481481482 0.03177083333333333 0.14351851851851852
0 0.38671875 0.29768518518518516 0.025520833333333333 0.12129629629629629
0 0.39166666666666666 0.27314814814814814 0.023958333333333335 0.12037037037037036
0 0.37890625 0.30462962962962964 0.027604166666666666 0.12962962962962962
0 0.52578125 0.3787037037037037 0.03177083333333333 0.14629629629629629
0 0.48125 0.31851851851851853 0.03229166666666667 0.14074074074074075
0 0.50234375 0.3087962962962963 0.03177083333333333 0.14351851851851852
0 0.40911458333333334 0.29444444444444445 0.028645833333333332 0.12037037037037036
0 0.4791666666666667 0.28935185185185186 0.027083333333333334 0.11018518518518519
0 0.5567708333333333 0.337037037037037 0.029166666666666667 0.1574074074074074
0 0.5794270833333334 0.32546296296296295 0.0296875 0.15462962962962962
0 0.3924479166666667 0.25277777777777777 0.0234375 0.12407407407407407
0 0.4552083333333333 0.24351851851851852 0.027083333333333334 0.10925925925925926
0 0.4153645833333333 0.25046296296296294 0.0296875 0.10462962962962963
0 0.49609375 0.2569444444444444 0.022395833333333334 0.10462962962962963
0 0.3333333333333333 0.4203703703703704 0.03229166666666667 0.16296296296296298
0 0.784375 0.36018518518518516 0.030208333333333334 0.1685185185185185
0 0.5424479166666667 0.30787037037037035 0.027604166666666666 0.12685185185185185
