0 0.25416666666666665 0.7342592592592593 0.05416666666666667 0.2074074074074074
0 0.31979166666666664 0.7324074074074074 0.05 0.2222222222222222
0 0.378125 0.7152777777777778 0.03958333333333333 0.1935185185185185
0 0.28489583333333335 0.899537037037037 0.06458333333333334 0.20092592592592592
0 0.35 0.9050925925925926 0.06354166666666666 0.18796296296296297
0 0.5901041666666667 0.649537037037037 0.041666666666666664 0.19166666666666668
0 0.78984375 0.5296296296296297 0.025520833333333333 0.09259259259259259
0 0.621875 0.6523148148148148 0.03229166666666667 0.1824074074074074
0 0.9182291666666667 0.7157407407407408 0.05 0.1925925925925926
0 0.7421875 0.7847222222222222 0.041666666666666664 0.225
0 0.6984375 0.7916666666666666 0.04791666666666667 0.22592592592592592
0 0.8927083333333333 0.7027777777777777 0.04791666666666667 0.1962962962962963
0 0.4513020833333333 0.5421296296296296 0.0234375 0.11203703703703703
0 0.47265625 0.5337962962962963 0.0296875 0.1398148148148148
0 0.43072916666666666 0.5712962962962963 0.030208333333333334 0.13518518518518519
0 0.5041666666666667 0.5601851851851852 0.03333333333333333 0.13703703703703704
0 0.5026041666666666 0.5328703703703703 0.026041666666666668 0.12129629629629629
0 0.5348958333333333 0.537962962962963 0.03229166666666667 0.13518518518518519
0 0.5338541666666666 0.5555555555555556 0.030208333333333334 0.12962962962962962
0 0.54609375 0.6703703703703704 0.04114583333333333 0.19444444444444445
0 0.5557291666666667 0.6699074074074074 0.04583333333333333 0.1824074074074074
0 0.57890625 0.6657407407407407 0.03802083333333333 0.17407407407407408
0 0.5388020833333333 0.6347222222222222 0.0328125 0.1638888888888889
0 0.6372395833333333 0.6995370370370371 0.04635416666666667 0.17314814814814813
0 0.7588541666666667 0.7074074074074074 0.05625 0.19814814814814816
0 0.6450520833333333 0.7902777777777777 0.04635416666666667 0.2324074074074074
0 0.7903645833333334 0.6620370370370371 0.0421875 0.17962962962962964
0 0.8080729166666667 0.7171296296296297 0.044270833333333336 0.17685185185185184
0 0.026822916666666665 0.9222222222222223 0.05260416666666667 0.1574074074074074
0 0.06015625 0.9393518518518519 0.05364583333333333 0.12314814814814815
0 0.415625 0.8240740740740741 0.05416666666666667 0.2037037037037037
0 0.5971354166666667 0.8199074074074074 0.06822916666666666 0.2175925925925926
0 0.8848958333333333 0.788425925925926 0.06666666666666667 0.2101851851851852
0 0.965625 0.7648148148148148 0.046875 0.21481481481481482
0 0.4778645833333333 0.48842592592592593 0.034895833333333334 0.10462962962962963
0 0.4505208333333333 0.48194444444444445 0.03229166666666667 0.12314814814814815
0 0.3807291666666667 0.4773148148148148 0.029166666666666667 0.12314814814814815
0 0.7255208333333333 0.45 0.023958333333333335 0.08518518518518518
0 0.7473958333333334 0.44212962962962965 0.028125 0.08981481481481482
