0 0.9010416666666666 0.8907407407407407 0.08020833333333334 0.22037037037037038
0 0.15833333333333333 0.9018518518518519 0.08229166666666667 0.19444444444444445
0 0.062239583333333334 0.9666666666666667 0.05572916666666667 0.06851851851851852
0 0.026822916666666665 0.9287037037037037 0.05260416666666667 0.14444444444444443
0 0.22864583333333333 0.6425925925925926 0.059375 0.2518518518518518
0 0.3450520833333333 0.6583333333333333 0.0359375 0.21296296296296297
0 0.3106770833333333 0.6296296296296297 0.05364583333333333 0.24444444444444444
0 0.26875 0.6152777777777778 0.04791666666666667 0.24166666666666667
0 0.62265625 0.6148148148148148 0.05260416666666667 0.2222222222222222
0 0.56328125 0.6097222222222223 0.050520833333333334 0.23425925925925925
0 0.8604166666666667 0.5175925925925926 0.06145833333333333 0.2
0 0.37421875 0.5041666666666667 0.0453125 0.18981481481481483
0 0.5111979166666667 0.4439814814814815 0.03177083333333333 0.1824074074074074
0 0.3184895833333333 0.49907407407407406 0.04635416666666667 0.18703703703703703
0 0.7846354166666667 0.49212962962962964 0.06197916666666667 0.1935185185185185
0 0.7619791666666667 0.500462962962963 0.05625 0.20092592592592592
0 0.4666666666666667 0.4013888888888889 0.03229166666666667 0.1361111111111111
0 0.23359375 0.49722222222222223 0.033854166666666664 0.14629629629629629
0 0.21067708333333332 0.5986111111111111 0.050520833333333334 0.24166666666666667
0 0.60546875 0.4847222222222222 0.044270833333333336 0.17685185185185184
0 0.4197916666666667 0.4361111111111111 0.03125 0.14629629629629629
0 0.4901041666666667 0.4648148148148148 0.03958333333333333 0.19814814814814816
0 0.5734375 0.4930555555555556 0.04375 0.1787037037037037
0 0.44921875 0.4601851851851852 0.0421875 0.17037037037037037
0 0.4296875 0.33240740740740743 0.03125 0.14629629629629629
0 0.3125 0.3680555555555556 0.028125 0.11944444444444445
0 0.5348958333333333 0.449537037037037 0.034375 0.1935185185185185
0 0.5609375 0.4773148148148148 0.03958333333333333 0.16944444444444445
0 0.42630208333333336 0.4847222222222222 0.050520833333333334 0.18981481481481483
0 0.3502604166666667 0.47314814814814815 0.04010416666666667 0.18333333333333332
0 0.31640625 0.4486111111111111 0.044270833333333336 0.17685185185185184
0 0.3924479166666667 0.4212962962962963 0.03177083333333333 0.17407407407407408
0 0.42864583333333334 0.40370370370370373 0.034375 0.16296296296296298
0 0.3484375 0.40555555555555556 0.036458333333333336 0.15185185185185185
0 0.4510416666666667 0.3712962962962963 0.03333333333333333 0.13703703703703704
0 0.5604166666666667 0.43842592592592594 0.036458333333333336 0.18796296296296297
0 0.49140625 0.37222222222222223 0.03177083333333333 0.13148148148148148
0 0.40598958333333335 0.3527777777777778 0.033854166666666664 0.1537037037037037
0 0.43671875 0.34814814814814815 0.03177083333333333 0.13703703703703704
0 0.3578125 0.32916666666666666 0.03229166666666667 0.15462962962962962
0 0.44557291666666665 0.3282407407407407 0.0296875 0.13240740740740742
0 0.3697916666666667 0.3537037037037037 0.026041666666666668 0.12962962962962962
0 0.34791666666666665 0.3509259259259259 0.030208333333333334 0.14074074074074075
0 0.3932291666666667 0.31203703703703706 0.027083333333333334 0.12407407407407407
0 0.10234375 0.5546296296296296 0.03697916666666667 0.1925925925925926
0 0.46536458333333336 0.3138888888888889 0.03177083333333333 0.12962962962962962
0 0.13671875 0.5055555555555555 0.0453125 0.19444444444444445
0 0.49140625 0.31666666666666665 0.025520833333333333 0.12962962962962962
0 0.09479166666666666 0.711574074074074 0.07916666666666666 0.27870370370370373
0 0.27395833333333336 0.475 0.042708333333333334 0.18518518518518517
0 0.55859375 0.31296296296296294 0.027604166666666666 0.12962962962962962
0 0.50703125 0.31296296296296294 0.0296875 0.14629629629629629
0 0.35911458333333335 0.25046296296296294 0.0265625 0.12129629629629629
0 0.39739583333333334 0.2449074074074074 0.026041666666666668 0.11018518518518519
0 0.34713541666666664 0.23842592592592593 0.0234375 0.10462962962962963
0 0.6833333333333333 0.3587962962962963 0.03854166666666667 0.16203703703703703
0 0.7263020833333333 0.3611111111111111 0.043229166666666666 0.17222222222222222
0 0.396875 0.25462962962962965 0.022916666666666665 0.09814814814814815
0 0.78203125 0.3675925925925926 0.03177083333333333 0.1685185185185185
0 0.5453125 0.31805555555555554 0.030208333333333334 0.12129629629629629
