0 0.08333333333333333 0.9319444444444445 0.07604166666666666 0.13796296296296295
0 0.3578125 0.8828703703703704 0.078125 0.2324074074074074
0 0.30963541666666666 0.8310185185185185 0.0859375 0.33425925925925926
0 0.2328125 0.8453703703703703 0.071875 0.3055555555555556
0 0.18723958333333332 0.8189814814814815 0.06510416666666667 0.30462962962962964
0 0.8244791666666667 0.7356481481481482 0.06041666666666667 0.2898148148148148
0 0.7890625 0.5615740740740741 0.046875 0.21944444444444444
0 0.06536458333333334 0.7805555555555556 0.0671875 0.25925925925925924
0 0.0203125 0.7842592592592592 0.03958333333333333 0.2074074074074074
0 0.790625 0.49537037037037035 0.03854166666666667 0.17407407407407408
0 0.8533854166666667 0.48564814814814816 0.05572916666666667 0.18796296296296297
0 0.82265625 0.4847222222222222 0.03802083333333333 0.16203703703703703
0 0.7825520833333334 0.4726851851851852 0.03802083333333333 0.1712962962962963
0 0.8083333333333333 0.3425925925925926 0.03125 0.14074074074074075
0 0.016666666666666666 0.7194444444444444 0.03229166666666667 0.2740740740740741
0 0.6786458333333333 0.5087962962962963 0.046875 0.19537037037037036
0 0.21640625 0.6805555555555556 0.05572916666666667 0.23148148148148148
0 0.15833333333333333 0.6671296296296296 0.052083333333333336 0.2324074074074074
0 0.24375 0.538425925925926 0.04375 0.2064814814814815
0 0.39348958333333334 0.4513888888888889 0.04635416666666667 0.175
0 0.340625 0.4324074074074074 0.041666666666666664 0.18333333333333332
0 0.29583333333333334 0.42407407407407405 0.036458333333333336 0.17592592592592593
0 0.471875 0.4060185185185185 0.03854166666666667 0.16203703703703703
0 0.4078125 0.3875 0.030208333333333334 0.13425925925925927
0 0.3848958333333333 0.37037037037037035 0.03854166666666667 0.1574074074074074
0 0.32578125 0.36666666666666664 0.0359375 0.15185185185185185
0 0.490625 0.3453703703703704 0.034375 0.13518518518518519
0 0.46536458333333336 0.34814814814814815 0.0296875 0.14074074074074075
0 0.496875 0.32314814814814813 0.03333333333333333 0.14629629629629629
0 0.440625 0.337037037037037 0.027083333333333334 0.13518518518518519
0 0.42135416666666664 0.3333333333333333 0.025 0.12777777777777777
0 0.4666666666666667 0.31851851851851853 0.028125 0.12962962962962962
0 0.43828125 0.2847222222222222 0.027604166666666666 0.12314814814814815
0 0.39791666666666664 0.32546296296296295 0.03229166666666667 0.1287037037037037
0 0.38177083333333334 0.3287037037037037 0.030208333333333334 0.13703703703703704
0 0.4 0.26944444444444443 0.029166666666666667 0.12407407407407407
0 0.36328125 0.2916666666666667 0.027604166666666666 0.12407407407407407
0 0.37421875 0.27037037037037037 0.0234375 0.09814814814814815
0 0.4908854166666667 0.1875 0.025520833333333333 0.09722222222222222
0 0.3458333333333333 0.2967592592592593 0.025 0.1175925925925926
0 0.7721354166666666 0.38101851851851853 0.04010416666666667 0.1675925925925926
0 0.403125 0.2828703703703704 0.030208333333333334 0.1287037037037037
0 0.5192708333333333 0.4263888888888889 0.04375 0.18611111111111112
0 0.4947916666666667 0.4361111111111111 0.0375 0.19444444444444445
0 0.4518229166666667 0.3013888888888889 0.0265625 0.11203703703703703
0 0.4036458333333333 0.29768518518518516 0.03229166666666667 0.12314814814814815
0 0.35598958333333336 0.3472222222222222 0.0359375 0.1537037037037037
0 0.35911458333333335 0.25324074074074077 0.0234375 0.11203703703703703
0 0.5098958333333333 0.5009259259259259 0.04895833333333333 0.18518518518518517
0 0.46770833333333334 0.487962962962963 0.04895833333333333 0.20185185185185187
0 0.08828125 0.5518518518518518 0.044270833333333336 0.19814814814814816
0 0.13333333333333333 0.49953703703703706 0.042708333333333334 0.1935185185185185
0 0.6044270833333333 0.3768518518518518 0.030729166666666665 0.13703703703703704
0 0.76796875 0.3861111111111111 0.034895833333333334 0.17037037037037037
