0 0.5572916666666666 0.3199074074074074 0.03333333333333333 0.15648148148148147
0 0.40182291666666664 0.28564814814814815 0.0296875 0.13425925925925927
0 0.1140625 0.524537037037037 0.040625 0.18981481481481483
0 0.6208333333333333 0.32916666666666666 0.03125 0.14907407407407408
0 0.37161458333333336 0.2847222222222222 0.027604166666666666 0.14351851851851852
0 0.8609375 0.44675925925925924 0.05520833333333333 0.18425925925925926
0 0.83203125 0.45925925925925926 0.050520833333333334 0.19444444444444445
0 0.25026041666666665 0.8013888888888889 0.08697916666666666 0.3972222222222222
0 0.4744791666666667 0.6217592592592592 0.07083333333333333 0.2601851851851852
0 0.4075520833333333 0.6365740740740741 0.05260416666666667 0.2101851851851852
0 0.35598958333333336 0.6143518518518518 0.0546875 0.23981481481481481
0 0.3138020833333333 0.6587962962962963 0.04635416666666667 0.16203703703703703
0 0.2630208333333333 0.5990740740740741 0.04375 0.22592592592592592
0 0.02734375 0.8541666666666666 0.0515625 0.287962962962963
0 0.04401041666666667 0.7689814814814815 0.08489583333333334 0.2953703703703704
0 0.05078125 0.7180555555555556 0.08177083333333333 0.2953703703703704
0 0.3265625 0.475462962962963 0.035416666666666666 0.1824074074074074
0 0.35625 0.4300925925925926 0.04583333333333333 0.175
0 0.3927083333333333 0.42083333333333334 0.03333333333333333 0.16018518518518518
0 0.44765625 0.4759259259259259 0.03802083333333333 0.15
0 0.4609375 0.3819444444444444 0.03958333333333333 0.1787037037037037
0 0.4942708333333333 0.40694444444444444 0.034375 0.12129629629629629
0 0.39114583333333336 0.35324074074074074 0.040625 0.16203703703703703
0 0.3015625 0.3439814814814815 0.04583333333333333 0.15092592592592594
0 0.36614583333333334 0.31157407407407406 0.036458333333333336 0.15462962962962962
0 0.42682291666666666 0.3236111111111111 0.034895833333333334 0.13796296296296295
0 0.46145833333333336 0.3282407407407407 0.03229166666666667 0.12129629629629629
0 0.4700520833333333 0.300462962962963 0.0359375 0.1287037037037037
0 0.7307291666666667 0.4273148148148148 0.03229166666666667 0.12314814814814815
0 0.7651041666666667 0.39537037037037037 0.03958333333333333 0.19074074074074074
0 0.3333333333333333 0.30787037037037035 0.028125 0.1287037037037037
0 0.5244791666666667 0.3125 0.034375 0.15833333333333333
0 0.49921875 0.24212962962962964 0.0296875 0.12685185185185185
0 0.43828125 0.24768518518518517 0.0296875 0.1175925925925926
0 0.4083333333333333 0.2712962962962963 0.030208333333333334 0.1259259259259259
0 0.4192708333333333 0.2513888888888889 0.026041666666666668 0.12314814814814815
0 0.4953125 0.3074074074074074 0.030208333333333334 0.12962962962962962
