0 0.4616082224909311 0.6791666666666667 0.039298669891172915 0.15648148148148147
0 0.49244256348246673 0.6722222222222223 0.03688029020556227 0.14814814814814814
0 0.48851269649334944 0.8449074074074074 0.049576783555018135 0.1787037037037037
0 0.47642079806529625 0.9226851851851852 0.060459492140266025 0.15462962962962962
0 0.5166263603385731 0.8092592592592592 0.04171704957678356 0.1425925925925926
0 0.5471584038694075 0.6736111111111112 0.05441354292623942 0.1824074074074074
0 0.46463119709794437 0.3282407407407407 0.04534461910519952 0.1527777777777778
0 0.56590084643289 0.8375 0.049576783555018135 0.17314814814814813
0 0.5719467956469165 0.7953703703703704 0.03506650544135429 0.14629629629629629
0 0.5483675937122128 0.9652777777777778 0.0471584038694075 0.06944444444444445
0 0.4371221281741233 0.7759259259259259 0.05199516324062878 0.1685185185185185
0 0.2796251511487304 0.9712962962962963 0.0380894800483676 0.05740740740740741
0 0.6653567110036276 0.9694444444444444 0.051390568319226115 0.06296296296296296
0 0.47702539298669894 0.36157407407407405 0.04232164449818621 0.16203703703703703
0 0.7007255139056832 0.7712962962962963 0.060459492140266025 0.18518518518518517
0 0.6085247883917775 0.9699074074074074 0.04050785973397823 0.06018518518518518
0 0.25181378476420796 0.9592592592592593 0.05259975816203144 0.08333333333333333
0 0.6109431680773881 0.8162037037037037 0.06106408706166868 0.1787037037037037
0 0.5550181378476421 0.774074074074074 0.045949214026602174 0.1574074074074074
0 0.4437726723095526 0.8810185185185185 0.03990326481257558 0.15092592592592594
0 0.40719467956469163 0.7560185185185185 0.046553808948004836 0.16018518518518518
0 0.650241837968561 0.4439814814814815 0.044135429262394194 0.14351851851851852
0 0.6964933494558646 0.4412037037037037 0.0471584038694075 0.14907407407407408
0 0.06076178960096735 0.924537037037037 0.06106408706166868 0.1527777777777778
0 0.7835550181378477 0.7101851851851851 0.0471584038694075 0.1685185185185185
0 0.6079201934703748 0.43842592592592594 0.04897218863361548 0.17314814814814813
0 0.4948609431680774 0.5259259259259259 0.039298669891172915 0.1574074074074074
0 0.7584643288996372 0.6175925925925926 0.046553808948004836 0.15925925925925927
0 0.8013905683192262 0.600925925925926 0.04897218863361548 0.1814814814814815
0 0.5392986698911729 0.5143518518518518 0.04232164449818621 0.16018518518518518
0 0.5619709794437727 0.5319444444444444 0.042926239419588876 0.13796296296296295
0 0.5662031438935913 0.2657407407407407 0.034461910519951636 0.1574074074074074
0 0.835247883917775 0.8699074074074075 0.05743651753325272 0.20462962962962963
0 0.8872430471584039 0.8587962962962963 0.05743651753325272 0.20092592592592592
0 0.5396009673518742 0.2865740740740741 0.039298669891172915 0.14907407407407408
0 0.5139056831922612 0.3680555555555556 0.03869407496977025 0.16018518518518518
0 0.5396009673518742 0.35 0.03688029020556227 0.1425925925925926
0 0.4882103990326481 0.5703703703703704 0.04050785973397823 0.1648148148148148
0 0.5181378476420798 0.5634259259259259 0.04232164449818621 0.14907407407407408
0 0.5326481257557436 0.5986111111111111 0.045949214026602174 0.1712962962962963
0 0.5628778718258767 0.6273148148148148 0.036275695284159616 0.14537037037037037
0 0.5955259975816203 0.6226851851851852 0.045949214026602174 0.15833333333333333
0 0.6786577992744861 0.6518518518518519 0.046553808948004836 0.17037037037037037
0 0.5634824667472793 0.8847222222222222 0.04836759371221282 0.15462962962962962
0 0.6030834340991535 0.9111111111111111 0.09008464328899637 0.15925925925925927
0 0.5096735187424426 0.7625 0.045949214026602174 0.17314814814814813
0 0.7850665054413543 0.487962962962963 0.039298669891172915 0.14629629629629629
0 0.812273276904474 0.4810185185185185 0.039298669891172915 0.13240740740740742
0 0.7847642079806529 0.45046296296296295 0.049576783555018135 0.15462962962962962
0 0.813180169286578 0.43148148148148147 0.03506650544135429 0.12962962962962962
0 0.9123337363966143 0.4842592592592593 0.04353083434099154 0.14629629629629629
0 0.8890568319226119 0.36944444444444446 0.042926239419588876 0.1574074074074074
0 0.8624546553808948 0.38935185185185184 0.04050785973397823 0.14907407407407408
0 0.8298065296251511 0.46296296296296297 0.034461910519951636 0.13148148148148148
0 0.841596130592503 0.43194444444444446 0.032648125755743655 0.13240740740740742
0 0.56590084643289 0.9087962962962963 0.041112454655380895 0.15462962962962962
0 0.5891777509068924 0.8925925925925926 0.04171704957678356 0.1648148148148148
0 0.29443772672309554 0.7509259259259259 0.060459492140266025 0.15
0 0.21856106408706166 0.7648148148148148 0.05501813784764208 0.15925925925925927
0 0.07285368802902055 0.7384259259259259 0.04897218863361548 0.18425925925925926
0 0.8313180169286578 0.7699074074074074 0.060459492140266025 0.19537037037037036
0 0.7639056831922612 0.5157407407407407 0.035671100362756954 0.12962962962962962
0 0.876360338573156 0.47685185185185186 0.039298669891172915 0.1537037037037037
0 0.9818621523579202 0.4351851851851852 0.03385731559854897 0.14814814814814814
0 0.8313180169286578 0.35833333333333334 0.049576783555018135 0.17037037037037037
0 0.9126360338573156 0.3055555555555556 0.0380894800483676 0.1425925925925926
0 0.9464933494558646 0.28564814814814815 0.04171704957678356 0.15462962962962962
0 0.9652357920193471 0.16898148148148148 0.039298669891172915 0.13240740740740742
0 0.8799879081015719 0.30972222222222223 0.039298669891172915 0.15092592592592594
0 0.7421402660217654 0.20277777777777778 0.042926239419588876 0.14629629629629629
0 0.7660217654171705 0.21481481481481482 0.037484885126964934 0.1425925925925926
0 0.8772672309552599 0.26666666666666666 0.041112454655380895 0.13518518518518519
0 0.9274486094316807 0.2375 0.03990326481257558 0.13796296296296295
0 0.9020556227327691 0.24212962962962964 0.03385731559854897 0.13240740740740742
0 0.875453446191052 0.19074074074074074 0.03990326481257558 0.13148148148148148
0 0.9081015719467956 0.20324074074074075 0.04232164449818621 0.13240740740740742
0 0.9286577992744861 0.1574074074074074 0.03990326481257558 0.1388888888888889
0 0.9129383313180169 0.09814814814814815 0.03869407496977025 0.13703703703703704
0 0.02539298669891173 0.31666666666666665 0.049576783555018135 0.1425925925925926
0 0.002720677146311971 0.2657407407407407 0.004232164449818622 0.1425925925925926
0 0.05592503022974607 0.2412037037037037 0.03688029020556227 0.13796296296296295
0 0.07769044740024184 0.2212962962962963 0.03688029020556227 0.12407407407407407
0 0.10640870616686819 0.19768518518518519 0.04232164449818621 0.14907407407407408
0 0.0973397823458283 0.33796296296296297 0.041112454655380895 0.14444444444444443
0 0.15024183796856105 0.30092592592592593 0.04050785973397823 0.14629629629629629
0 0.06892382103990327 0.2791666666666667 0.02902055622732769 0.11574074074074074
0 0.05078597339782346 0.4078703703703704 0.0471584038694075 0.1824074074074074
0 0.09371221281741234 0.26851851851851855 0.03869407496977025 0.1537037037037037
0 0.12454655380894801 0.2833333333333333 0.03143893591293833 0.12407407407407407
0 0.12454655380894801 0.3175925925925926 0.02539298669891173 0.1
0 0.5290205562273277 0.44675925925925924 0.049576783555018135 0.1675925925925926
0 0.7339782345828295 0.5254629629629629 0.05441354292623942 0.1675925925925926
0 0.7339782345828295 0.4875 0.0471584038694075 0.15462962962962962
0 0.5598548972188634 0.42777777777777776 0.0471584038694075 0.15185185185185185
0 0.653869407496977 0.3912037037037037 0.044135429262394194 0.15833333333333333
0 0.7125151148730351 0.35185185185185186 0.042926239419588876 0.13148148148148148
0 0.6293833131801693 0.3587962962962963 0.04232164449818621 0.14537037037037037
0 0.7853688029020556 0.3023148148148148 0.03506650544135429 0.1398148148148148
0 0.7620918984280532 0.324537037037037 0.039298669891172915 0.14907407407407408
0 0.727932285368803 0.31712962962962965 0.044740024183796856 0.14537037037037037
0 0.7442563482466747 0.24768518518518517 0.03143893591293833 0.10462962962962963
0 0.6656590084643289 0.3148148148148148 0.04836759371221282 0.14074074074074075
0 0.7088875453446191 0.25 0.044135429262394194 0.1425925925925926
0 0.6562877871825876 0.2351851851851852 0.034461910519951636 0.14074074074074075
0 0.6774486094316807 0.2601851851851852 0.03688029020556227 0.14074074074074075
0 0.6006650544135429 0.38796296296296295 0.044135429262394194 0.1574074074074074
0 0.5652962515114873 0.37037037037037035 0.04232164449818621 0.1425925925925926
0 0.6076178960096735 0.32592592592592595 0.03990326481257558 0.15925925925925927
0 0.5707376058041113 0.29444444444444445 0.03990326481257558 0.13148148148148148
0 0.5646916565900847 0.3162037037037037 0.032648125755743655 0.1287037037037037
0 0.5991535671100363 0.3013888888888889 0.03143893591293833 0.15648148148148147
0 0.6142684401451027 0.27361111111111114 0.041112454655380895 0.16018518518518518
0 0.6541717049576784 0.1712962962962963 0.0471584038694075 0.12037037037037036
0 0.2750906892382104 0.09675925925925925 0.03869407496977025 0.14166666666666666
0 0.24546553808948005 0.09583333333333334 0.03506650544135429 0.13240740740740742
0 0.722490931076179 0.11990740740740741 0.03990326481257558 0.14166666666666666
0 0.7539298669891172 0.11157407407407408 0.03990326481257558 0.1287037037037037
0 0.7091898428053204 0.4935185185185185 0.03506650544135429 0.10925925925925926
0 0.9498186215235792 0.4425925925925926 0.037484885126964934 0.1259259259259259
0 0.9737001209189843 0.052314814814814814 0.034461910519951636 0.10277777777777777
0 0.9389359129383313 0.11203703703703703 0.037484885126964934 0.1259259259259259
0 0.8672914147521161 0.08148148148148149 0.034461910519951636 0.14074074074074075
0 0.9238210399032648 0.0587962962962963 0.037484885126964934 0.11574074074074074
0 0.8905683192261185 0.05416666666666667 0.03385731559854897 0.10648148148148148
0 0.5858524788391778 0.20787037037037037 0.03385731559854897 0.13425925925925927
0 0.6420798065296252 0.10925925925925926 0.03869407496977025 0.13148148148148148
0 0.6124546553808948 0.11944444444444445 0.036275695284159616 0.12962962962962962
0 0.5816203143893591 0.12083333333333333 0.03990326481257558 0.12314814814814815
0 0.598851269649335 0.07083333333333333 0.04171704957678356 0.1398148148148148
0 0.5728536880290206 0.07314814814814814 0.034461910519951636 0.1388888888888889
0 0.19558645707376057 0.08194444444444444 0.03204353083434099 0.12685185185185185
0 0.2137243047158404 0.10277777777777777 0.0380894800483676 0.14074074074074075
0 0.12575574365175332 0.041666666666666664 0.02902055622732769 0.08148148148148149
0 0.3564087061668682 0.05 0.04171704957678356 0.09814814814814815
0 0.3694074969770254 0.026851851851851852 0.03506650544135429 0.05185185185185185
0 0.5136033857315598 0.027777777777777776 0.039298669891172915 0.053703703703703705
0 0.8403869407496977 0.05277777777777778 0.036275695284159616 0.10185185185185185
0 0.1605199516324063 0.041666666666666664 0.035671100362756954 0.08148148148148149
0 0.35489721886336156 0.47129629629629627 0.03506650544135429 0.1574074074074074
0 0.3186215235792019 0.23981481481481481 0.03990326481257558 0.13703703703703704
0 0.13603385731559856 0.7268518518518519 0.04353083434099154 0.16296296296296298
0 0.23972188633615477 0.2490740740740741 0.04171704957678356 0.1425925925925926
0 0.1275695284159613 0.6916666666666667 0.056831922611850064 0.16296296296296298
0 0.8207376058041113 0.3074074074074074 0.039298669891172915 0.13148148148148148
0 0.839782345828295 0.29953703703703705 0.02902055622732769 0.12314814814814815
0 0.24153567110036275 0.5777777777777777 0.044135429262394194 0.1685185185185185
0 0.2067714631197098 0.5643518518518519 0.03385731559854897 0.17685185185185184
0 0.34885126964933494 0.5601851851851852 0.032648125755743655 0.14074074074074075
0 0.20616686819830712 0.49212962962962964 0.037484885126964934 0.14907407407407408
0 0.21432889963724305 0.4777777777777778 0.03204353083434099 0.1574074074074074
0 0.1807738814993954 0.47453703703703703 0.03143893591293833 0.12685185185185185
0 0.17503022974607013 0.4305555555555556 0.039298669891172915 0.14629629629629629
0 0.13029020556227328 0.45740740740740743 0.03688029020556227 0.14814814814814814
0 0.3551995163240629 0.1388888888888889 0.02962515114873035 0.12962962962962962
0 0.37605804111245467 0.13703703703703704 0.02781136638452237 0.12962962962962962
0 0.26571946795646917 0.3560185185185185 0.044135429262394194 0.1398148148148148
0 0.2542321644498186 0.38425925925925924 0.034461910519951636 0.14629629629629629
0 0.17623941958887546 0.8888888888888888 0.044135429262394194 0.15925925925925927
0 0.29474002418379686 0.6949074074074074 0.04171704957678356 0.1527777777777778
0 0.4576783555018138 0.5291666666666667 0.04232164449818621 0.15462962962962962
0 0.3310157194679565 0.6143518518518518 0.034461910519951636 0.15462962962962962
0 0.3352478839177751 0.6486111111111111 0.039298669891172915 0.1675925925925926
0 0.4096130592503023 0.6527777777777778 0.051390568319226115 0.15185185185185185
0 0.6215235792019347 0.7 0.05078597339782346 0.1574074074074074
0 0.42503022974607013 0.44537037037037036 0.03506650544135429 0.12407407407407407
0 0.41414752116082226 0.4101851851851852 0.037484885126964934 0.10740740740740741
0 0.4105199516324063 0.5032407407407408 0.03506650544135429 0.14907407407407408
0 0.4192865779927449 0.4699074074074074 0.02962515114873035 0.13240740740740742
0 0.22370012091898428 0.5375 0.036275695284159616 0.14166666666666666
0 0.27690447400241835 0.5194444444444445 0.049576783555018135 0.1574074074074074
0 0.2747883917775091 0.5537037037037037 0.039298669891172915 0.17222222222222222
0 0.5459492140266021 0.7296296296296296 0.0471584038694075 0.15925925925925927
0 0.24032648125755743 0.3296296296296296 0.034461910519951636 0.14074074074074075
0 0.7327690447400241 0.663425925925926 0.041112454655380895 0.15648148148148147
0 0.27841596130592505 0.31851851851851853 0.039298669891172915 0.14814814814814814
0 0.3938935912938331 0.37175925925925923 0.039298669891172915 0.13796296296296295
0 0.2503022974607013 0.28379629629629627 0.032648125755743655 0.12685185185185185
0 0.46795646916565903 0.47962962962962963 0.037484885126964934 0.1425925925925926
0 0.20133010882708585 0.2962962962962963 0.03506650544135429 0.13703703703703704
