0 0.558645707376058 0.8717592592592592 0.044740024183796856 0.1712962962962963
0 0.5828295042321644 0.9259259259259259 0.0471584038694075 0.15
0 0.38814993954050786 0.5523148148148148 0.037484885126964934 0.14537037037037037
0 0.32376058041112454 0.3189814814814815 0.04050785973397823 0.1361111111111111
0 0.10399032648125756 0.42592592592592593 0.041112454655380895 0.13518518518518519
0 0.2799274486094317 0.6402777777777777 0.04232164449818621 0.16018518518518518
0 0.2871825876662636 0.3416666666666667 0.03506650544135429 0.14444444444444443
0 0.12877871825876663 0.42592592592592593 0.044740024183796856 0.14629629629629629
0 0.682285368802902 0.9569444444444445 0.04897218863361548 0.08796296296296297
0 0.6305925030229746 0.9574074074074074 0.049576783555018135 0.08518518518518518
0 0.8155985489721886 0.8967592592592593 0.04836759371221282 0.1638888888888889
0 0.8724304715840387 0.8555555555555555 0.06166868198307134 0.1685185185185185
0 0.910217654171705 0.8162037037037037 0.058645707376058044 0.16203703703703703
0 0.9262394195888755 0.9282407407407407 0.060459492140266025 0.14537037037037037
0 0.8845223700120919 0.9337962962962963 0.053204353083434096 0.13425925925925927
0 0.8440145102781137 0.37175925925925923 0.037484885126964934 0.13425925925925927
0 0.8663845223700121 0.36018518518518516 0.044740024183796856 0.12037037037037036
0 0.28355501813784767 0.6689814814814815 0.03869407496977025 0.16018518518518518
0 0.3585247883917775 0.6203703703703703 0.03869407496977025 0.1537037037037037
0 0.3893591293833132 0.6444444444444445 0.03385731559854897 0.13333333333333333
0 0.5453446191051995 0.9314814814814815 0.045949214026602174 0.1388888888888889
0 0.23337363966142685 0.5842592592592593 0.03385731559854897 0.15185185185185185
0 0.23851269649334947 0.5555555555555556 0.03688029020556227 0.13148148148148148
0 0.19347037484885127 0.5787037037037037 0.044740024183796856 0.14444444444444443
0 0.20314389359129384 0.5268518518518519 0.044740024183796856 0.1425925925925926
0 0.1608222490931076 0.538425925925926 0.04353083434099154 0.14537037037037037
0 0.37998790810157196 0.23472222222222222 0.03204353083434099 0.13240740740740742
0 0.40507859733978235 0.2351851851851852 0.032648125755743655 0.13148148148148148
0 0.7230955259975816 0.9787037037037037 0.04353083434099154 0.044444444444444446
0 0.714328899637243 0.37824074074074077 0.044135429262394194 0.12129629629629629
0 0.752720677146312 0.3902777777777778 0.03990326481257558 0.1287037037037037
0 0.2741837968561064 0.37962962962962965 0.047762998790810154 0.14444444444444443
0 0.24758162031438935 0.3907407407407407 0.03325272067714631 0.1425925925925926
0 0.9552599758162031 0.7277777777777777 0.03869407496977025 0.14074074074074075
0 0.35792019347037485 0.9587962962962963 0.04232164449818621 0.0824074074074074
0 0.5399032648125756 0.46574074074074073 0.036275695284159616 0.15185185185185185
0 0.3177146311970979 0.7773148148148148 0.04897218863361548 0.1675925925925926
0 0.9389359129383313 0.7476851851851852 0.056831922611850064 0.15092592592592594
0 0.5525997581620314 0.449537037037037 0.037484885126964934 0.1398148148148148
0 0.34945586457073763 0.47638888888888886 0.03506650544135429 0.1287037037037037
0 0.3231559854897219 0.6171296296296296 0.047762998790810154 0.1638888888888889
0 0.4909310761789601 0.47314814814814815 0.032648125755743655 0.14074074074074075
0 0.3639661426844015 0.7027777777777777 0.032648125755743655 0.1574074074074074
0 0.3778718258766626 0.7342592592592593 0.04232164449818621 0.17037037037037037
0 0.5459492140266021 0.7106481481481481 0.0471584038694075 0.16574074074074074
0 0.6142684401451027 0.6851851851851852 0.03990326481257558 0.15925925925925927
0 0.5767835550181378 0.6851851851851852 0.036275695284159616 0.1388888888888889
0 0.44256348246674726 0.7351851851851852 0.03990326481257558 0.14629629629629629
0 0.682285368802902 0.7222222222222222 0.051390568319226115 0.14074074074074075
0 0.3860338573155985 0.449537037037037 0.035671100362756954 0.13055555555555556
0 0.46311970979443773 0.537962962962963 0.03869407496977025 0.13148148148148148
0 0.4537484885126965 0.49907407407407406 0.04897218863361548 0.10740740740740741
0 0.467049576783555 0.425462962962963 0.04171704957678356 0.13796296296296295
0 0.5241837968561064 0.5217592592592593 0.03869407496977025 0.14907407407407408
0 0.014207980652962516 0.7393518518518518 0.02720677146311971 0.16203703703703703
0 0.5223700120918985 0.6023148148148149 0.03869407496977025 0.12314814814814815
0 0.47672309552599756 0.14027777777777778 0.02962515114873035 0.09907407407407408
0 0.4546553808948005 0.13148148148148148 0.03506650544135429 0.12407407407407407
0 0.68863361547763 0.6185185185185185 0.041112454655380895 0.16296296296296298
0 0.7723700120918985 0.4217592592592593 0.047762998790810154 0.15462962962962962
0 0.7110036275695284 0.6583333333333333 0.036275695284159616 0.13148148148148148
0 0.8074365175332527 0.3597222222222222 0.03688029020556227 0.13240740740740742
0 0.6544740024183797 0.40694444444444444 0.044135429262394194 0.15462962962962962
0 0.6786577992744861 0.4097222222222222 0.039298669891172915 0.13796296296296295
0 0.786577992744861 0.36527777777777776 0.04232164449818621 0.15462962962962962
0 0.7382103990326482 0.46296296296296297 0.04232164449818621 0.16296296296296298
0 0.6922611850060459 0.4888888888888889 0.04232164449818621 0.1425925925925926
0 0.8621523579201935 0.13657407407407407 0.03385731559854897 0.12314814814814815
0 0.7723700120918985 0.5074074074074074 0.047762998790810154 0.15185185185185185
0 0.7835550181378477 0.5569444444444445 0.045949214026602174 0.14722222222222223
0 0.9564691656590084 0.6564814814814814 0.060459492140266025 0.1537037037037037
0 0.7373035066505441 0.6888888888888889 0.05501813784764208 0.1537037037037037
0 0.7237001209189843 0.7416666666666667 0.0471584038694075 0.15555555555555556
0 0.9198911729141476 0.6703703703703704 0.042926239419588876 0.10555555555555556
0 0.7998790810157195 0.7615740740740741 0.05078597339782346 0.14907407407407408
0 0.6638452237001209 0.5532407407407407 0.03990326481257558 0.14351851851851852
0 0.630894800483676 0.5726851851851852 0.039298669891172915 0.13240740740740742
0 0.5900846432889963 0.3712962962962963 0.04353083434099154 0.15185185185185185
0 0.5525997581620314 0.375 0.03385731559854897 0.1259259259259259
0 0.8694074969770254 0.7106481481481481 0.056831922611850064 0.17685185185185184
0 0.43319226118500603 0.5912037037037037 0.034461910519951636 0.15092592592592594
0 0.4658403869407497 0.5888888888888889 0.035671100362756954 0.14814814814814814
0 0.5269044740024184 0.6708333333333333 0.04897218863361548 0.17685185185185184
0 0.22309552599758162 0.37592592592592594 0.041112454655380895 0.14444444444444443
0 0.13482466747279323 0.48842592592592593 0.045949214026602174 0.15462962962962962
0 0.5882708585247884 0.5217592592592593 0.0471584038694075 0.16018518518518518
0 0.597037484885127 0.4550925925925926 0.046553808948004836 0.15462962962962962
0 0.19709794437726724 0.3648148148148148 0.03990326481257558 0.14074074074074075
0 0.003929866989117291 0.575925925925926 0.006650544135429262 0.16111111111111112
0 0.8361547762998791 0.9425925925925925 0.05078597339782346 0.11666666666666667
0 0.04746070133010883 0.3087962962962963 0.04050785973397823 0.1398148148148148
0 0.015719467956469165 0.30787037037037035 0.030229746070133012 0.13240740740740742
0 0.22762998790810157 0.21666666666666667 0.03688029020556227 0.12222222222222222
0 0.2629987908101572 0.2064814814814815 0.041112454655380895 0.14074074074074075
0 0.014207980652962516 0.2564814814814815 0.02720677146311971 0.14629629629629629
0 0.011185006045949214 0.5296296296296297 0.021160822249093107 0.16296296296296298
0 0.9229141475211609 0.12268518518518519 0.03325272067714631 0.14351851851851852
0 0.8585247883917775 0.14907407407407408 0.03506650544135429 0.12962962962962962
0 0.7947400241837969 0.13333333333333333 0.039298669891172915 0.13333333333333333
0 0.094316807738815 0.6685185185185185 0.041112454655380895 0.15925925925925927
0 0.8089480048367593 0.47314814814814815 0.044740024183796856 0.15555555555555556
0 0.8222490931076178 0.49722222222222223 0.044740024183796856 0.13703703703703704
0 0.051390568319226115 0.6537037037037037 0.045949214026602174 0.1685185185185185
0 0.11698911729141476 0.6305555555555555 0.051390568319226115 0.1574074074074074
0 0.21039903264812576 0.9342592592592592 0.0592503022974607 0.13148148148148148
0 0.15900846432889965 0.9481481481481482 0.05441354292623942 0.10555555555555556
0 0.9860943168077388 0.6412037037037037 0.02539298669891173 0.16018518518518518
0 0.24939540507859734 0.9824074074074074 0.03688029020556227 0.037037037037037035
0 0.6420798065296252 0.8532407407407407 0.053204353083434096 0.16203703703703703
0 0.6490326481257558 0.7986111111111112 0.05380894800483676 0.1675925925925926
0 0.9676541717049577 0.29444444444444445 0.04897218863361548 0.1537037037037037
0 0.9319830713422007 0.2828703703703704 0.03688029020556227 0.13796296296296295
0 0.9594921402660218 0.23425925925925925 0.041112454655380895 0.12222222222222222
0 0.9356106408706167 0.23657407407407408 0.0380894800483676 0.1287037037037037
0 0.8071342200725514 0.412962962962963 0.0471584038694075 0.16111111111111112
0 0.18863361547763 0.662962962962963 0.04232164449818621 0.14629629629629629
0 0.20828295042321646 0.6152777777777778 0.046553808948004836 0.16944444444444445
0 0.26904474002418377 0.6064814814814815 0.03990326481257558 0.15925925925925927
0 0.015417170495767836 0.475 0.02962515114873035 0.14444444444444443
0 0.009068923821039904 0.4462962962962963 0.016928657799274487 0.1388888888888889
0 0.023881499395405077 0.22824074074074074 0.044135429262394194 0.1527777777777778
0 0.18409915356711004 0.42453703703703705 0.03688029020556227 0.14351851851851852
0 0.747279322853688 0.55 0.04836759371221282 0.14629629629629629
0 0.05652962515114873 0.26851851851851855 0.0380894800483676 0.14814814814814814
0 0.719770253929867 0.5013888888888889 0.04050785973397823 0.14537037037037037
0 0.7660217654171705 0.4537037037037037 0.044740024183796856 0.1574074074074074
0 0.17533252720677148 0.3902777777777778 0.03869407496977025 0.15648148148148147
0 0.7049576783555018 0.44722222222222224 0.04836759371221282 0.1574074074074074
0 0.07889963724304716 0.3314814814814815 0.046553808948004836 0.16296296296296298
0 0.7608827085852479 0.33564814814814814 0.042926239419588876 0.15648148148148147
0 0.6324062877871826 0.06481481481481481 0.03385731559854897 0.1259259259259259
0 0.6055018137847642 0.06851851851851852 0.034461910519951636 0.12407407407407407
0 0.5858524788391778 0.059722222222222225 0.032648125755743655 0.1175925925925926
0 0.7243047158403869 0.2796296296296296 0.045949214026602174 0.14629629629629629
0 0.6608222490931076 0.28055555555555556 0.049576783555018135 0.12962962962962962
0 0.6006650544135429 0.17824074074074073 0.04534461910519952 0.12129629629629629
0 0.5522974607013301 0.17037037037037037 0.0562273276904474 0.14074074074074075
0 0.5574365175332527 0.24768518518518517 0.045949214026602174 0.13796296296296295
0 0.4486094316807739 0.03287037037037037 0.03143893591293833 0.06388888888888888
0 0.38210399032648124 0.17222222222222222 0.03869407496977025 0.13518518518518519
0 0.34008464328899635 0.1111111111111111 0.039298669891172915 0.1388888888888889
0 0.24123337363966144 0.11574074074074074 0.03869407496977025 0.13703703703703704
0 0.21432889963724305 0.10972222222222222 0.039298669891172915 0.13796296296296295
0 0.0402055622732769 0.19722222222222222 0.034461910519951636 0.1259259259259259
0 0.13482466747279323 0.300462962962963 0.03869407496977025 0.13796296296296295
0 0.0912938331318017 0.175 0.03869407496977025 0.12407407407407407
0 0.11124546553808948 0.1935185185185185 0.041112454655380895 0.13703703703703704
0 0.13845223700120918 0.20833333333333334 0.036275695284159616 0.14074074074074075
0 0.3352478839177751 0.07037037037037037 0.034461910519951636 0.13703703703703704
0 0.3648730350665054 0.05787037037037037 0.034461910519951636 0.11388888888888889
0 0.16898428053204353 0.29768518518518516 0.044135429262394194 0.15462962962962962
0 0.23881499395405079 0.1865740740740741 0.030229746070133012 0.11018518518518519
0 0.2469770253929867 0.1712962962962963 0.03204353083434099 0.12037037037037036
0 0.26118500604594924 0.11342592592592593 0.032648125755743655 0.11574074074074074
0 0.35066505441354295 0.14629629629629629 0.03506650544135429 0.13518518518518519
0 0.25574365175332525 0.29768518518518516 0.03385731559854897 0.13240740740740742
0 0.24848851269649336 0.2796296296296296 0.041112454655380895 0.1574074074074074
0 0.530229746070133 0.25092592592592594 0.030229746070133012 0.10185185185185185
0 0.4743047158403869 0.20925925925925926 0.03204353083434099 0.10740740740740741
0 0.4588875453446191 0.21898148148148147 0.03990326481257558 0.12685185185185185
0 0.28234582829504234 0.12222222222222222 0.032648125755743655 0.11851851851851852
0 0.42623941958887546 0.21805555555555556 0.04232164449818621 0.12685185185185185
0 0.4280532043530834 0.1912037037037037 0.03869407496977025 0.11944444444444445
0 0.31499395405078595 0.20601851851851852 0.044740024183796856 0.14166666666666666
0 0.3192261185006046 0.24861111111111112 0.03506650544135429 0.13240740740740742
0 0.28597339782345826 0.23703703703703705 0.037484885126964934 0.12407407407407407
0 0.3645707376058041 0.1361111111111111 0.03506650544135429 0.13518518518518519
0 0.06620314389359129 0.16296296296296298 0.039298669891172915 0.13703703703703704
0 0.06136638452237001 0.18981481481481483 0.035671100362756954 0.12777777777777777
0 0.02267230955259976 0.7712962962962963 0.044135429262394194 0.17592592592592593
0 0.035671100362756954 0.7157407407407408 0.05078597339782346 0.1648148148148148
0 0.9455864570737605 0.03148148148148148 0.03990326481257558 0.06111111111111111
0 0.2539298669891173 0.05694444444444444 0.04232164449818621 0.11018518518518519
0 0.217956469165659 0.06018518518518518 0.03204353083434099 0.11851851851851852
0 0.39993954050785974 0.037037037037037035 0.0380894800483676 0.07222222222222222
0 0.1605199516324063 0.062037037037037036 0.03688029020556227 0.12222222222222222
0 0.19921402660217655 0.07361111111111111 0.03325272067714631 0.12314814814814815
0 0.2227932285368803 0.06944444444444445 0.04171704957678356 0.1111111111111111
0 0.1163845223700121 0.056018518518518516 0.039298669891172915 0.11018518518518519
0 0.9183796856106409 0.03425925925925926 0.03990326481257558 0.06666666666666667
0 0.08736396614268441 0.05185185185185185 0.0380894800483676 0.10185185185185185
0 0.07648125755743652 0.02962962962962963 0.03204353083434099 0.05740740740740741
0 0.08494558645707376 0.28425925925925927 0.04171704957678356 0.15
0 0.4035671100362757 0.1425925925925926 0.0380894800483676 0.1425925925925926
0 0.3691051995163241 0.03935185185185185 0.03325272067714631 0.07685185185185185
