0 0.5042321644498187 0.3574074074074074 0.03990326481257558 0.14074074074074075
0 0.5193470374848851 0.3421296296296296 0.03506650544135429 0.12685185185185185
0 0.6457073760580411 0.9407407407407408 0.0471584038694075 0.11851851851851852
0 0.5870616686819831 0.9365740740740741 0.0592503022974607 0.12685185185185185
0 0.5752720677146312 0.49398148148148147 0.046553808948004836 0.15833333333333333
0 0.5894800483675937 0.5504629629629629 0.044740024183796856 0.14907407407407408
0 0.9217049576783555 0.5907407407407408 0.04897218863361548 0.17592592592592593
0 0.6257557436517533 0.5069444444444444 0.03506650544135429 0.13425925925925927
0 0.5701330108827086 0.34629629629629627 0.04232164449818621 0.1574074074074074
0 0.4540507859733978 0.24305555555555555 0.041112454655380895 0.15462962962962962
0 0.6372430471584039 0.5476851851851852 0.03869407496977025 0.16203703703703703
0 0.6490326481257558 0.5125 0.034461910519951636 0.1398148148148148
0 0.6390568319226119 0.5703703703703704 0.04232164449818621 0.15185185185185185
0 0.6698911729141476 0.4439814814814815 0.04232164449818621 0.14907407407407408
0 0.6711003627569528 0.6277777777777778 0.04836759371221282 0.17407407407407408
0 0.5994558645707376 0.6337962962962963 0.04897218863361548 0.18055555555555555
0 0.6807738814993954 0.5212962962962963 0.037484885126964934 0.15185185185185185
0 0.5335550181378477 0.5736111111111111 0.046553808948004836 0.16018518518518518
0 0.7294437726723095 0.5861111111111111 0.046553808948004836 0.15925925925925927
0 0.48548972188633616 0.25277777777777777 0.044740024183796856 0.1574074074074074
0 0.7034461910519951 0.4148148148148148 0.05380894800483676 0.16296296296296298
0 0.7563482466747279 0.6421296296296296 0.05441354292623942 0.17314814814814813
0 0.8313180169286578 0.7300925925925926 0.0471584038694075 0.17685185185185184
0 0.783857315598549 0.6476851851851851 0.046553808948004836 0.14722222222222223
0 0.6946795646916566 0.5856481481481481 0.03990326481257558 0.15462962962962962
0 0.9821644498186215 0.7106481481481481 0.035671100362756954 0.15833333333333333
0 0.9664449818621523 0.5976851851851852 0.04171704957678356 0.14537037037037037
0 0.6441958887545345 0.6060185185185185 0.044135429262394194 0.15462962962962962
0 0.8609431680773881 0.5875 0.045949214026602174 0.14907407407407408
0 0.880894800483676 0.725 0.04836759371221282 0.17777777777777778
0 0.7185610640870617 0.5115740740740741 0.04171704957678356 0.15648148148148147
0 0.5507859733978234 0.5009259259259259 0.02902055622732769 0.11481481481481481
0 0.6003627569528416 0.41203703703703703 0.03869407496977025 0.14074074074074075
0 0.05562273276904474 0.36064814814814816 0.04232164449818621 0.11018518518518519
0 0.5731559854897219 0.5689814814814815 0.044740024183796856 0.1712962962962963
0 0.6469165659008465 0.4361111111111111 0.03506650544135429 0.14814814814814814
0 0.8349455864570737 0.5972222222222222 0.03990326481257558 0.12037037037037036
0 0.5105804111245466 0.7833333333333333 0.06106408706166868 0.17592592592592593
0 0.45435308343409914 0.8115740740740741 0.05380894800483676 0.1675925925925926
0 0.018440145102781136 0.5314814814814814 0.035671100362756954 0.14629629629629629
0 0.04534461910519952 0.5254629629629629 0.044740024183796856 0.16018518518518518
0 0.33192261185006044 0.21851851851851853 0.036275695284159616 0.12962962962962962
0 0.40870616686819833 0.15092592592592594 0.02902055622732769 0.1037037037037037
0 0.016928657799274487 0.24166666666666667 0.032648125755743655 0.12962962962962962
0 0.11970979443772672 0.18935185185185185 0.04836759371221282 0.13796296296296295
0 0.008464328899637243 0.29398148148148145 0.015719467956469165 0.1398148148148148
0 0.08313180169286578 0.15462962962962962 0.03688029020556227 0.1388888888888889
0 0.19830713422007254 0.17546296296296296 0.04232164449818621 0.14537037037037037
0 0.17261185006045948 0.26296296296296295 0.04171704957678356 0.1574074074074074
0 0.23881499395405079 0.1824074074074074 0.037484885126964934 0.13518518518518519
0 0.5299274486094316 0.3060185185185185 0.04171704957678356 0.14907407407407408
0 0.4371221281741233 0.13194444444444445 0.03990326481257558 0.13240740740740742
0 0.42503022974607013 0.21851851851851853 0.037484885126964934 0.12962962962962962
0 0.5716444981862152 0.25 0.034461910519951636 0.14074074074074075
0 0.5900846432889963 0.22916666666666666 0.04353083434099154 0.14722222222222223
0 0.564993954050786 0.18518518518518517 0.03688029020556227 0.13703703703703704
0 0.5955259975816203 0.1912037037037037 0.03385731559854897 0.13240740740740742
0 0.4737001209189843 0.20277777777777778 0.03204353083434099 0.12407407407407407
0 0.6553808948004837 0.19074074074074074 0.04232164449818621 0.15555555555555556
0 0.6837968561064087 0.19305555555555556 0.037484885126964934 0.14907407407407408
0 0.6750302297460702 0.06574074074074074 0.03204353083434099 0.11666666666666667
0 0.500906892382104 0.20925925925925926 0.039298669891172915 0.13518518518518519
0 0.5120918984280532 0.24444444444444444 0.03990326481257558 0.16296296296296298
0 0.5462515114873036 0.24027777777777778 0.03688029020556227 0.13055555555555556
0 0.5444377267230955 0.2675925925925926 0.04171704957678356 0.14074074074074075
0 0.564993954050786 0.2833333333333333 0.039298669891172915 0.13703703703703704
0 0.6541717049576784 0.2898148148148148 0.04353083434099154 0.15
0 0.6844014510278114 0.30324074074074076 0.03506650544135429 0.1287037037037037
0 0.7091898428053204 0.30925925925925923 0.03869407496977025 0.1388888888888889
0 0.9123337363966143 0.3148148148148148 0.04353083434099154 0.15185185185185185
0 0.7155380894800484 0.35324074074074074 0.04171704957678356 0.14351851851851852
0 0.7696493349455864 0.5680555555555555 0.04232164449818621 0.16018518518518518
0 0.7920193470374849 0.549537037037037 0.044740024183796856 0.16574074074074074
0 0.781136638452237 0.37592592592592594 0.041112454655380895 0.14074074074074075
0 0.8482466747279322 0.4685185185185185 0.04836759371221282 0.15185185185185185
0 0.779322853688029 0.4361111111111111 0.04353083434099154 0.1648148148148148
0 0.9830713422007256 0.22824074074074074 0.032648125755743655 0.15092592592592594
0 0.9694679564691656 0.18055555555555555 0.044135429262394194 0.13148148148148148
0 0.9579806529625151 0.23657407407407408 0.03204353083434099 0.11574074074074074
0 0.8860338573155986 0.6013888888888889 0.044135429262394194 0.14722222222222223
0 0.9827690447400241 0.49074074074074076 0.03325272067714631 0.1537037037037037
0 0.8821039903264812 0.2564814814814815 0.037484885126964934 0.13148148148148148
0 0.9226118500604595 0.2689814814814815 0.037484885126964934 0.11574074074074074
0 0.9546553808948005 0.43472222222222223 0.044740024183796856 0.15462962962962962
0 0.9183796856106409 0.43657407407407406 0.0471584038694075 0.1675925925925926
0 0.8990326481257558 0.2351851851851852 0.03990326481257558 0.14629629629629629
0 0.9625151148730351 0.6828703703703703 0.032648125755743655 0.09537037037037037
0 0.8811970979443773 0.1111111111111111 0.039298669891172915 0.12037037037037036
0 0.4625151148730351 0.08148148148148149 0.04232164449818621 0.13518518518518519
0 0.44709794437726724 0.10324074074074074 0.03204353083434099 0.11574074074074074
0 0.9316807738814994 0.25092592592592594 0.032648125755743655 0.11851851851851852
0 0.9310761789600968 0.22685185185185186 0.032648125755743655 0.12407407407407407
0 0.7983675937122128 0.45787037037037037 0.03688029020556227 0.15092592592592594
0 0.9365175332527207 0.4912037037037037 0.07496977025392987 0.1824074074074074
0 0.014510278113663845 0.7712962962962963 0.02781136638452237 0.17037037037037037
0 0.06650544135429262 0.8222222222222222 0.05562273276904474 0.1685185185185185
0 0.2980652962515115 0.12916666666666668 0.041112454655380895 0.13796296296296295
0 0.6042926239419589 0.1476851851851852 0.046553808948004836 0.14907407407407408
0 0.6617291414752116 0.12453703703703704 0.034461910519951636 0.11574074074074074
0 0.8603385731559855 0.09212962962962963 0.037484885126964934 0.125
0 0.9247279322853688 0.08333333333333333 0.03688029020556227 0.12407407407407407
0 0.9573760580411125 0.10046296296296296 0.04171704957678356 0.13796296296296295
0 0.9770253929866989 0.06574074074074074 0.041112454655380895 0.12962962962962962
0 0.9389359129383313 0.05185185185185185 0.03506650544135429 0.10185185185185185
0 0.9241233373639661 0.037037037037037035 0.03688029020556227 0.07222222222222222
0 0.12484885126964934 0.06805555555555555 0.03688029020556227 0.11574074074074074
0 0.24062877871825877 0.08611111111111111 0.04232164449818621 0.12962962962962962
0 0.1977025392986699 0.0699074074074074 0.03506650544135429 0.125
0 0.15296251511487305 0.07268518518518519 0.03506650544135429 0.13425925925925927
0 0.31650544135429265 0.050462962962962966 0.03688029020556227 0.09907407407407408
0 0.36305925030229746 0.04490740740740741 0.03688029020556227 0.08796296296296297
0 0.3388754534461911 0.040740740740740744 0.024788391777509067 0.07962962962962963
0 0.4108222490931076 0.09953703703703703 0.03688029020556227 0.14351851851851852
0 0.623639661426844 0.11342592592592593 0.03688029020556227 0.1398148148148148
0 0.4419588875453446 0.07037037037037037 0.03990326481257558 0.12407407407407407
0 0.5746674727932285 0.04212962962962963 0.039298669891172915 0.0824074074074074
0 0.8839177750906893 0.05648148148148148 0.032648125755743655 0.10925925925925926
0 0.5371825876662636 0.03935185185185185 0.03688029020556227 0.07685185185185185
0 0.036275695284159616 0.05925925925925926 0.037484885126964934 0.11666666666666667
0 0.06015719467956469 0.12083333333333333 0.039298669891172915 0.1398148148148148
0 0.016021765417170496 0.09907407407407408 0.03083434099153567 0.12962962962962962
0 0.9008464328899637 0.09027777777777778 0.030229746070133012 0.10277777777777777
0 0.37001209189842804 0.5162037037037037 0.03990326481257558 0.14907407407407408
0 0.14812575574365175 0.3648148148148148 0.04232164449818621 0.14074074074074075
0 0.10761789600967352 0.7606481481481482 0.045949214026602174 0.16574074074074074
0 0.0752720677146312 0.6912037037037037 0.04897218863361548 0.17685185185185184
0 0.14812575574365175 0.7282407407407407 0.049576783555018135 0.175
0 0.8125755743651754 0.3199074074074074 0.04232164449818621 0.13425925925925927
0 0.8422007255139057 0.3138888888888889 0.03385731559854897 0.12407407407407407
0 0.2551390568319226 0.625 0.0471584038694075 0.1685185185185185
0 0.2288391777509069 0.6074074074074074 0.04050785973397823 0.1685185185185185
0 0.3555018137847642 0.6111111111111112 0.03506650544135429 0.15185185185185185
0 0.22853688029020555 0.5398148148148149 0.04232164449818621 0.14814814814814814
0 0.2279322853688029 0.5092592592592593 0.037484885126964934 0.13518518518518519
0 0.18833131801692865 0.5143518518518518 0.04171704957678356 0.1398148148148148
0 0.19558645707376057 0.4787037037037037 0.046553808948004836 0.1425925925925926
0 0.15598548972188633 0.5055555555555555 0.03990326481257558 0.14814814814814814
0 0.3645707376058041 0.18796296296296297 0.03143893591293833 0.12962962962962962
0 0.3863361547762999 0.18611111111111112 0.026602176541717048 0.12407407407407407
0 0.282950423216445 0.4148148148148148 0.044740024183796856 0.1425925925925926
0 0.2720677146311971 0.43194444444444446 0.036275695284159616 0.1398148148148148
0 0.19800483675937122 0.9310185185185185 0.0562273276904474 0.1398148148148148
0 0.31076178960096734 0.7430555555555556 0.04232164449818621 0.15462962962962962
0 0.34885126964933494 0.5523148148148148 0.04353083434099154 0.14166666666666666
0 0.34159613059250304 0.6680555555555555 0.04836759371221282 0.15648148148148147
0 0.35399032648125756 0.6990740740740741 0.04171704957678356 0.17222222222222222
0 0.723397823458283 0.9662037037037037 0.044135429262394194 0.06759259259259259
0 0.7672309552599759 0.9726851851851852 0.03385731559854897 0.05648148148148148
0 0.42321644498186217 0.6976851851851852 0.049576783555018135 0.14907407407407408
0 0.6399637243047158 0.7393518518518518 0.046553808948004836 0.15462962962962962
0 0.4419588875453446 0.4981481481481482 0.03506650544135429 0.14074074074074075
0 0.4313784764207981 0.47175925925925927 0.034461910519951636 0.13240740740740742
0 0.08766626360338574 0.3449074074074074 0.04353083434099154 0.15092592592592594
0 0.4217049576783555 0.5523148148148148 0.0380894800483676 0.14907407407407408
0 0.4337968561064087 0.524074074074074 0.03204353083434099 0.14629629629629629
0 0.28597339782345826 0.5615740740740741 0.04836759371221282 0.16203703703703703
0 0.2914147521160822 0.6092592592592593 0.03990326481257558 0.1685185185185185
0 0.4159613059250302 0.3527777777777778 0.036275695284159616 0.13703703703703704
0 0.3180169286577993 0.36944444444444446 0.04353083434099154 0.1425925925925926
0 0.3524788391777509 0.3435185185185185 0.03990326481257558 0.13148148148148148
0 0.30743651753325274 0.3388888888888889 0.04171704957678356 0.15185185185185185
0 0.40719467956469163 0.4217592592592593 0.039298669891172915 0.14351851851851852
0 0.6396614268440145 0.07361111111111111 0.032648125755743655 0.125
0 0.6133615477629988 0.05740740740740741 0.03204353083434099 0.1111111111111111
0 0.4860943168077388 0.5125 0.03506650544135429 0.14351851851851852
0 0.48518742442563484 0.5324074074074074 0.03688029020556227 0.15185185185185185
0 0.27750906892382105 0.324537037037037 0.037484885126964934 0.14351851851851852
0 0.5580411124546554 0.6865740740740741 0.05078597339782346 0.16203703703703703
0 0.5299274486094316 0.6893518518518519 0.042926239419588876 0.16574074074074074
0 0.26451027811366384 0.35694444444444445 0.03204353083434099 0.12685185185185185
