0 0.5619791666666667 0.3578703703703704 0.034375 0.16574074074074074
0 0.4125 0.3162037037037037 0.03333333333333333 0.1527777777777778
0 0.390625 0.300462962962963 0.030208333333333334 0.15648148148148147
0 0.61328125 0.3287037037037037 0.0328125 0.1425925925925926
0 0.3734375 0.30648148148148147 0.028125 0.14444444444444443
0 0.18098958333333334 0.9287037037037037 0.08802083333333334 0.14444444444444443
0 0.390625 0.7717592592592593 0.06979166666666667 0.30833333333333335
0 0.3341145833333333 0.7689814814814815 0.05364583333333333 0.24722222222222223
0 0.28203125 0.7462962962962963 0.0671875 0.2814814814814815
0 0.23802083333333332 0.774074074074074 0.04375 0.20185185185185187
0 0.35078125 0.6921296296296297 0.049479166666666664 0.2490740740740741
0 0.11953125 0.6828703703703703 0.08072916666666667 0.28425925925925927
0 0.14322916666666666 0.6222222222222222 0.078125 0.2537037037037037
0 0.30807291666666664 0.5615740740740741 0.044270833333333336 0.21203703703703702
0 0.3328125 0.5046296296296297 0.05416666666666667 0.2
0 0.36953125 0.49444444444444446 0.04114583333333333 0.18518518518518517
0 0.4036458333333333 0.5398148148148149 0.0375 0.1685185185185185
0 0.44166666666666665 0.4444444444444444 0.046875 0.21296296296296297
0 0.47994791666666664 0.4791666666666667 0.0359375 0.13796296296296295
0 0.4669270833333333 0.4013888888888889 0.043229166666666666 0.1787037037037037
0 0.51328125 0.4 0.043229166666666666 0.17592592592592593
0 0.33125 0.36712962962962964 0.03958333333333333 0.16018518518518518
0 0.37447916666666664 0.3587962962962963 0.04479166666666667 0.1712962962962963
0 0.4046875 0.36666666666666664 0.03854166666666667 0.14629629629629629
0 0.45338541666666665 0.3726851851851852 0.03177083333333333 0.13796296296296295
0 0.4864583333333333 0.3449074074074074 0.035416666666666666 0.15648148148148147
0 0.8783854166666667 0.48657407407407405 0.04010416666666667 0.14351851851851852
0 0.9135416666666667 0.4476851851851852 0.05520833333333333 0.20277777777777778
0 0.5846354166666666 0.34629629629629627 0.0359375 0.17407407407407408
0 0.53515625 0.32407407407407407 0.0421875 0.14814814814814814
0 0.5390625 0.2708333333333333 0.03125 0.12314814814814815
0 0.50234375 0.2671296296296296 0.0296875 0.11574074074074074
0 0.46901041666666665 0.2953703703703704 0.03177083333333333 0.11666666666666667
0 0.47578125 0.2662037037037037 0.027604166666666666 0.10833333333333334
0 0.45026041666666666 0.30092592592592593 0.0359375 0.1425925925925926
0 0.38515625 0.21944444444444444 0.0296875 0.12407407407407407
0 0.5041666666666667 0.3453703703703704 0.03333333333333333 0.14444444444444443
