0 0.91171875 0.913425925925926 0.08177083333333333 0.175
0 0.09322916666666667 0.9333333333333333 0.08020833333333334 0.13333333333333333
0 0.20807291666666666 0.6791666666666667 0.059895833333333336 0.2657407407407407
0 0.33359375 0.6925925925925925 0.03802083333333333 0.22037037037037038
0 0.29401041666666666 0.6685185185185185 0.0671875 0.25925925925925924
0 0.24817708333333333 0.637962962962963 0.050520833333333334 0.2462962962962963
0 0.6322916666666667 0.6453703703703704 0.058333333333333334 0.23703703703703705
0 0.5747395833333333 0.6458333333333334 0.050520833333333334 0.23981481481481481
0 0.3575520833333333 0.5328703703703703 0.0484375 0.19907407407407407
0 0.5700520833333333 0.4532407407407407 0.0359375 0.1824074074074074
0 0.29765625 0.5282407407407408 0.0484375 0.1935185185185185
0 0.8481770833333333 0.5106481481481482 0.0546875 0.20462962962962963
0 0.4796875 0.43287037037037035 0.0375 0.18055555555555555
0 0.23463541666666668 0.5101851851851852 0.033854166666666664 0.14629629629629629
0 0.19322916666666667 0.6212962962962963 0.053125 0.2351851851851852
0 0.5114583333333333 0.44675925925925924 0.0375 0.16574074074074074
0 0.6760416666666667 0.4935185185185185 0.053125 0.19074074074074074
0 0.42994791666666665 0.44814814814814813 0.03177083333333333 0.1425925925925926
0 0.5317708333333333 0.4828703703703704 0.042708333333333334 0.20462962962962963
0 0.47994791666666664 0.4777777777777778 0.03802083333333333 0.17407407407407408
0 0.4434895833333333 0.3425925925925926 0.03177083333333333 0.15
0 0.32734375 0.3787037037037037 0.0296875 0.12037037037037036
0 0.57421875 0.45046296296296295 0.04114583333333333 0.18425925925925926
0 0.52578125 0.4615740740740741 0.0390625 0.1935185185185185
0 0.5471354166666667 0.5037037037037037 0.049479166666666664 0.17592592592592593
0 0.4236979166666667 0.5083333333333333 0.050520833333333334 0.20185185185185187
0 0.353125 0.4962962962962963 0.046875 0.18703703703703703
0 0.31276041666666665 0.47453703703703703 0.044270833333333336 0.1935185185185185
0 0.37395833333333334 0.44166666666666665 0.03229166666666667 0.17407407407407408
0 0.40338541666666666 0.425462962962963 0.034895833333333334 0.1824074074074074
0 0.3424479166666667 0.4166666666666667 0.0359375 0.15185185185185185
0 0.440625 0.39351851851851855 0.035416666666666666 0.15185185185185185
0 0.4890625 0.387037037037037 0.03229166666666667 0.13148148148148148
0 0.41015625 0.36435185185185187 0.04739583333333333 0.15648148148148147
0 0.43984375 0.3578703703703704 0.033854166666666664 0.13796296296296295
0 0.36432291666666666 0.3337962962962963 0.033854166666666664 0.15462962962962962
0 0.3776041666666667 0.3625 0.026041666666666668 0.13055555555555556
0 0.34921875 0.3578703703703704 0.0359375 0.1398148148148148
0 0.39401041666666664 0.32407407407407407 0.027604166666666666 0.13518518518518519
0 0.4669270833333333 0.33101851851851855 0.03177083333333333 0.14351851851851852
0 0.49505208333333334 0.32731481481481484 0.025520833333333333 0.1361111111111111
0 0.12291666666666666 0.6689814814814815 0.075 0.24351851851851852
0 0.34296875 0.2611111111111111 0.025520833333333333 0.12037037037037036
0 0.25755208333333335 0.45925925925925926 0.0421875 0.18518518518518517
0 0.5572916666666666 0.32175925925925924 0.030208333333333334 0.1287037037037037
0 0.5041666666666667 0.3212962962962963 0.029166666666666667 0.14629629629629629
0 0.39479166666666665 0.25462962962962965 0.026041666666666668 0.12037037037037036
0 0.43333333333333335 0.24861111111111112 0.026041666666666668 0.11018518518518519
0 0.38515625 0.2449074074074074 0.021354166666666667 0.10462962962962963
0 0.6846354166666667 0.36064814814814816 0.04635416666666667 0.1675925925925926
0 0.36380208333333336 0.23287037037037037 0.024479166666666666 0.11018518518518519
0 0.43046875 0.26296296296296295 0.025520833333333333 0.1037037037037037
0 0.784375 0.362962962962963 0.030208333333333334 0.1685185185185185
0 0.43776041666666665 0.24861111111111112 0.025520833333333333 0.10462962962962963
0 0.5421875 0.32731481481481484 0.030208333333333334 0.12129629629629629
