0 0.42864583333333334 0.17222222222222222 0.03333333333333333 0.11481481481481481
0 0.10052083333333334 0.46574074074074073 0.040625 0.19074074074074074
0 0.6127604166666667 0.2638888888888889 0.0296875 0.11851851851851852
0 0.045572916666666664 0.8902777777777777 0.06927083333333334 0.21944444444444444
0 0.061197916666666664 0.9111111111111111 0.09427083333333333 0.17962962962962964
0 0.1484375 0.7347222222222223 0.06458333333333334 0.31203703703703706
0 0.2565104166666667 0.7967592592592593 0.06510416666666667 0.30462962962962964
0 0.11041666666666666 0.8310185185185185 0.07916666666666666 0.33425925925925926
0 0.18098958333333334 0.8518518518518519 0.06927083333333334 0.29814814814814816
0 0.3026041666666667 0.6537037037037037 0.065625 0.29259259259259257
0 0.41770833333333335 0.3416666666666667 0.04375 0.18518518518518517
0 0.3619791666666667 0.5189814814814815 0.05 0.22685185185185186
0 0.8372395833333334 0.43148148148148147 0.05677083333333333 0.18888888888888888
0 0.7309895833333333 0.4310185185185185 0.0421875 0.11944444444444445
0 0.7671875 0.3958333333333333 0.05520833333333333 0.18055555555555555
0 0.4109375 0.3787037037037037 0.04479166666666667 0.18518518518518517
0 0.7049479166666667 0.43657407407407406 0.0546875 0.19722222222222222
0 0.6432291666666666 0.12268518518518519 0.021875 0.09907407407407408
0 0.5473958333333333 0.26851851851851855 0.03125 0.14074074074074075
0 0.5096354166666667 0.27314814814814814 0.03177083333333333 0.14444444444444443
0 0.23125 0.6472222222222223 0.065625 0.2962962962962963
0 0.47760416666666666 0.33796296296296297 0.04479166666666667 0.22962962962962963
0 0.5393229166666667 0.3199074074074074 0.0328125 0.1712962962962963
0 0.45989583333333334 0.3296296296296296 0.03125 0.13518518518518519
0 0.4239583333333333 0.31574074074074077 0.03854166666666667 0.1574074074074074
0 0.315625 0.3037037037037037 0.03333333333333333 0.14814814814814814
0 0.4283854166666667 0.23703703703703705 0.0359375 0.12407407407407407
0 0.4747395833333333 0.225 0.0296875 0.11851851851851852
0 0.4591145833333333 0.1962962962962963 0.0296875 0.13333333333333333
0 0.353125 0.18333333333333332 0.028125 0.10925925925925926
0 0.37916666666666665 0.18287037037037038 0.028125 0.10648148148148148
0 0.5598958333333334 0.2513888888888889 0.021875 0.08981481481481482
0 0.5822916666666667 0.2212962962962963 0.03229166666666667 0.13518518518518519
0 0.4171875 0.17314814814814813 0.028125 0.1259259259259259
