0 0.14492753623188406 0.5261363636363636 0.04092071611253197 0.13636363636363635
0 0.9134697357203752 0.2806818181818182 0.03324808184143223 0.10681818181818181
0 0.13213981244671782 0.5068181818181818 0.04774083546462063 0.13863636363636364
0 0.4906223358908781 0.5744318181818182 0.05029838022165388 0.13295454545454546
0 0.38448422847399827 0.25 0.03239556692242114 0.10227272727272728
0 0.8542199488491049 0.48125 0.03751065643648764 0.12840909090909092
0 0.7706734867860188 0.46193181818181817 0.03410059676044331 0.10568181818181818
0 0.7749360613810742 0.4909090909090909 0.042625745950554135 0.125
0 0.8286445012787724 0.47102272727272726 0.03751065643648764 0.11477272727272728
0 0.803921568627451 0.48806818181818185 0.042625745950554135 0.12386363636363637
0 0.8005115089514067 0.5176136363636363 0.042625745950554135 0.12386363636363637
0 0.7024722932651322 0.6795454545454546 0.0494458653026428 0.12954545454545455
0 0.9335038363171355 0.7323863636363637 0.042625745950554135 0.13977272727272727
0 0.6376811594202898 0.8727272727272727 0.04092071611253197 0.14772727272727273
0 0.9011082693947144 0.03636363636363636 0.027280477408354646 0.07045454545454545
0 0.8623188405797102 0.20852272727272728 0.03154305200341006 0.10340909090909091
0 0.8772378516624041 0.03920454545454546 0.02557544757033248 0.07613636363636364
0 0.03239556692242114 0.12215909090909091 0.028985507246376812 0.09659090909090909
0 0.05285592497868713 0.11761363636363636 0.028985507246376812 0.09204545454545454
0 0.1445012787723785 0.12329545454545454 0.029838022165387893 0.09204545454545454
0 0.5110826939471441 0.14772727272727273 0.03324808184143223 0.09545454545454546
0 0.4032395566922421 0.14545454545454545 0.03239556692242114 0.08636363636363636
0 0.39045183290707586 0.12386363636363637 0.030690537084398978 0.09772727272727273
0 0.5085251491901108 0.09772727272727273 0.028132992327365727 0.08636363636363636
0 0.18627450980392157 0.05 0.028132992327365727 0.09090909090909091
0 0.4356351236146633 0.14431818181818182 0.03580562659846547 0.09090909090909091
0 0.45694799658994034 0.1590909090909091 0.023870417732310314 0.06363636363636363
0 0.20801364023870417 0.055113636363636365 0.028985507246376812 0.09204545454545454
0 0.2318840579710145 0.05965909090909091 0.028985507246376812 0.0875
0 0.2885763000852515 0.09090909090909091 0.028132992327365727 0.09318181818181819
0 0.32011935208866155 0.10397727272727272 0.029838022165387893 0.09659090909090909
0 0.34185848252344414 0.1125 0.03239556692242114 0.09090909090909091
0 0.26811594202898553 0.03806818181818182 0.03154305200341006 0.07386363636363637
0 0.2195225916453538 0.010795454545454546 0.026427962489343565 0.019318181818181818
0 0.23358908780903667 0.016477272727272726 0.023870417732310314 0.03068181818181818
0 0.3171355498721228 0.02556818181818182 0.028985507246376812 0.048863636363636366
0 0.4641943734015345 0.08806818181818182 0.03154305200341006 0.08977272727272727
0 0.41901108269394716 0.055113636363636365 0.029838022165387893 0.08977272727272727
0 0.4629156010230179 0.05909090909090909 0.028985507246376812 0.09090909090909091
0 0.3751065643648764 0.011931818181818182 0.030690537084398978 0.02159090909090909
0 0.443307757885763 0.01534090909090909 0.027280477408354646 0.028409090909090908
0 0.49957374254049447 0.01534090909090909 0.02557544757033248 0.028409090909090908
0 0.4919011082693947 0.060227272727272727 0.028985507246376812 0.08409090909090909
0 0.6074168797953964 0.6306818181818182 0.045183290707587385 0.1318181818181818
0 0.9300937766410913 0.019318181818181818 0.030690537084398978 0.03636363636363636
0 0.29241261722080136 0.020454545454545454 0.030690537084398978 0.038636363636363635
0 0.39300937766410915 0.015909090909090907 0.027280477408354646 0.029545454545454545
0 0.5345268542199488 0.01534090909090909 0.03751065643648764 0.028409090909090908
0 0.5072463768115942 0.03806818181818182 0.030690537084398978 0.0715909090909091
0 0.355924978687127 0.00909090909090909 0.03154305200341006 0.015909090909090907
0 0.113384484228474 0.4198863636363636 0.0392156862745098 0.11704545454545455
0 0.41389599317988063 0.2840909090909091 0.028132992327365727 0.11136363636363636
0 0.2796248934356351 0.6755681818181818 0.042625745950554135 0.14886363636363636
0 0.7723785166240409 0.5596590909090909 0.04092071611253197 0.11704545454545455
0 0.23827791986359761 0.9875 0.03665814151747655 0.02727272727272727
0 0.12148337595907928 0.9630681818181818 0.045183290707587385 0.07613636363636364
0 0.1628303495311168 0.9619318181818182 0.0443307757885763 0.07840909090909091
0 0.42114236999147486 0.5153409090909091 0.03239556692242114 0.10340909090909091
0 0.6875532821824382 0.41363636363636364 0.03665814151747655 0.1159090909090909
0 0.39045183290707586 0.5073863636363637 0.03751065643648764 0.11022727272727273
0 0.309462915601023 0.42159090909090907 0.0392156862745098 0.1159090909090909
0 0.7983802216538789 0.6676136363636364 0.04688832054560955 0.12840909090909092
0 0.9722932651321398 0.9034090909090909 0.043478260869565216 0.12727272727272726
0 0.9578005115089514 0.9357954545454545 0.05029838022165388 0.12613636363636363
0 0.815004262574595 0.5647727272727273 0.03751065643648764 0.12954545454545455
0 0.7105711849957375 0.7198863636363636 0.03665814151747655 0.12840909090909092
0 0.3145780051150895 0.5448863636363637 0.04092071611253197 0.11931818181818182
0 0.36445012787723785 0.5034090909090909 0.03665814151747655 0.1159090909090909
0 0.7408354646206309 0.7289772727272728 0.04092071611253197 0.1375
0 0.07800511508951406 0.26704545454545453 0.03665814151747655 0.09318181818181819
0 0.7514919011082694 0.6664772727272728 0.04688832054560955 0.11931818181818182
0 0.017902813299232736 0.6204545454545455 0.03410059676044331 0.12954545454545455
0 0.514919011082694 0.6375 0.042625745950554135 0.13863636363636364
0 0.5439045183290707 0.6551136363636364 0.042625745950554135 0.12386363636363637
0 0.0247229326513214 0.3801136363636364 0.03580562659846547 0.10340909090909091
0 0.04475703324808184 0.37386363636363634 0.05029838022165388 0.11363636363636363
0 0.04134697357203751 0.95625 0.05541346973572037 0.08977272727272727
0 0.1534526854219949 0.834659090909091 0.056265984654731455 0.1534090909090909
0 0.30179028132992325 0.3789772727272727 0.04774083546462063 0.1215909090909091
0 0.38917306052855927 0.2897727272727273 0.028132992327365727 0.09772727272727273
0 0.24765558397271953 0.24034090909090908 0.029838022165387893 0.07840909090909091
0 0.10272804774083547 0.2539772727272727 0.03324808184143223 0.09886363636363636
0 0.12745098039215685 0.26193181818181815 0.028132992327365727 0.09204545454545454
0 0.4505541346973572 0.26931818181818185 0.03665814151747655 0.10227272727272728
0 0.4812446717817562 0.2727272727272727 0.03324808184143223 0.09772727272727273
0 0.4697357203751066 0.010227272727272727 0.03580562659846547 0.01818181818181818
0 0.0038363171355498722 0.1590909090909091 0.005967604433077579 0.09772727272727273
0 0.09846547314578005 0.10511363636363637 0.03154305200341006 0.0875
0 0.2195225916453538 0.2215909090909091 0.028132992327365727 0.09318181818181819
0 0.226768968456948 0.24261363636363636 0.023870417732310314 0.06477272727272727
0 0.566069906223359 0.8431818181818181 0.05285592497868713 0.16363636363636364
0 0.8461210571184996 0.8318181818181818 0.04688832054560955 0.14772727272727273
0 0.7770673486786018 0.9409090909090909 0.05029838022165388 0.1159090909090909
0 0.8115942028985508 0.9386363636363636 0.04774083546462063 0.125
0 0.3755328218243819 0.9647727272727272 0.04688832054560955 0.07045454545454545
0 0.6965046888320545 0.865909090909091 0.04092071611253197 0.14772727272727273
0 0.7395566922421143 0.9528409090909091 0.05029838022165388 0.09659090909090909
0 0.8192668371696504 0.8488636363636364 0.04774083546462063 0.1431818181818182
0 0.2868712702472293 0.49886363636363634 0.029838022165387893 0.08636363636363636
0 0.2557544757033248 0.48863636363636365 0.0392156862745098 0.1159090909090909
0 0.2216538789428815 0.4681818181818182 0.04603580562659847 0.12727272727272726
0 0.86615515771526 0.1806818181818182 0.03410059676044331 0.09318181818181819
0 0.7566069906223359 0.5818181818181818 0.03154305200341006 0.08409090909090909
0 0.6815856777493606 0.8795454545454545 0.04688832054560955 0.16590909090909092
0 0.12276214833759591 0.2159090909090909 0.030690537084398978 0.10227272727272728
0 0.3934356351236147 0.7659090909090909 0.04859335038363171 0.15681818181818183
0 0.5345268542199488 0.9522727272727273 0.056265984654731455 0.09318181818181819
0 0.5835464620630861 0.95625 0.04688832054560955 0.0875
0 0.3137254901960784 0.6892045454545455 0.042625745950554135 0.12840909090909092
0 0.5895140664961637 0.9147727272727273 0.05541346973572037 0.14772727272727273
0 0.3491048593350384 0.5477272727272727 0.045183290707587385 0.12045454545454545
0 0.44799658994032393 0.5539772727272727 0.043478260869565216 0.11931818181818182
0 0.4820971867007673 0.9136363636363637 0.05541346973572037 0.1431818181818182
0 0.40281329923273657 0.9460227272727273 0.03836317135549872 0.10795454545454546
0 0.45524296675191817 0.9403409090909091 0.056265984654731455 0.1215909090909091
0 0.4339300937766411 0.9051136363636364 0.059676044330775786 0.1534090909090909
0 0.4940323955669224 0.95 0.05029838022165388 0.10227272727272728
0 0.6099744245524297 0.9164772727272728 0.04688832054560955 0.1534090909090909
0 0.9254049445865302 0.9801136363636364 0.04859335038363171 0.03977272727272727
0 0.4092071611253197 0.7102272727272727 0.042625745950554135 0.12954545454545455
