0 0.8192708333333333 0.874537037037037 0.06145833333333333 0.25277777777777777
0 0.2375 0.5157407407407407 0.04895833333333333 0.1814814814814815
0 0.18203125 0.5527777777777778 0.04114583333333333 0.15925925925925927
0 0.18203125 0.4935185185185185 0.05364583333333333 0.20925925925925926
0 0.26328125 0.49907407407407406 0.04010416666666667 0.1814814814814815
0 0.39166666666666666 0.6726851851851852 0.05 0.24722222222222223
0 0.33932291666666664 0.6592592592592592 0.0671875 0.24074074074074073
0 0.26536458333333335 0.6333333333333333 0.058854166666666666 0.2537037037037037
0 0.30755208333333334 0.4736111111111111 0.0453125 0.19907407407407407
0 0.7283854166666667 0.5009259259259259 0.03802083333333333 0.18333333333333332
0 0.40546875 0.47453703703703703 0.033854166666666664 0.15833333333333333
0 0.37109375 0.4587962962962963 0.044270833333333336 0.18981481481481483
0 0.3299479166666667 0.45694444444444443 0.04010416666666667 0.18425925925925926
0 0.5057291666666667 0.4444444444444444 0.03958333333333333 0.16296296296296298
0 0.46484375 0.44583333333333336 0.03802083333333333 0.17685185185185184
0 0.49453125 0.41064814814814815 0.03802083333333333 0.16203703703703703
0 0.4044270833333333 0.41574074074074074 0.0296875 0.1537037037037037
0 0.38125 0.39166666666666666 0.034375 0.14814814814814814
0 0.4986979166666667 0.3597222222222222 0.03177083333333333 0.14351851851851852
0 0.35911458333333335 0.3912037037037037 0.033854166666666664 0.16574074074074074
0 0.44609375 0.39675925925925926 0.033854166666666664 0.15462962962962962
0 0.42473958333333334 0.3912037037037037 0.0296875 0.16944444444444445
0 0.44453125 0.3226851851851852 0.03177083333333333 0.12314814814814815
0 0.28203125 0.4263888888888889 0.04010416666666667 0.1712962962962963
0 0.40208333333333335 0.37407407407407406 0.03229166666666667 0.13703703703703704
0 0.38828125 0.3523148148148148 0.033854166666666664 0.13796296296296295
0 0.7830729166666667 0.3611111111111111 0.03177083333333333 0.17407407407407408
0 0.46510416666666665 0.35694444444444445 0.03229166666666667 0.16018518518518518
0 0.5510416666666667 0.39166666666666666 0.034375 0.18518518518518517
0 0.346875 0.38472222222222224 0.034375 0.17314814814814813
0 0.47161458333333334 0.3138888888888889 0.027604166666666666 0.12407407407407407
0 0.4981770833333333 0.31574074074074077 0.030729166666666665 0.13518518518518519
0 0.5302083333333333 0.425462962962963 0.035416666666666666 0.16574074074074074
0 0.44973958333333336 0.2912037037037037 0.027604166666666666 0.12129629629629629
0 0.540625 0.40925925925925927 0.03229166666666667 0.17037037037037037
0 0.4744791666666667 0.27870370370370373 0.028125 0.10740740740740741
0 0.3611979166666667 0.2828703703703704 0.03177083333333333 0.1287037037037037
0 0.38958333333333334 0.2851851851851852 0.03125 0.13333333333333333
0 0.34453125 0.24768518518518517 0.025520833333333333 0.11944444444444445
0 0.40651041666666665 0.26851851851851855 0.030729166666666665 0.12407407407407407
0 0.09635416666666667 0.5523148148148148 0.035416666666666666 0.1935185185185185
0 0.39140625 0.25046296296296294 0.025520833333333333 0.1175925925925926
0 0.13020833333333334 0.4976851851851852 0.03958333333333333 0.20092592592592592
0 0.4114583333333333 0.25277777777777777 0.022916666666666665 0.11481481481481481
0 0.5119791666666667 0.48194444444444445 0.042708333333333334 0.1935185185185185
0 0.4752604166666667 0.5175925925925926 0.0453125 0.2037037037037037
0 0.5263020833333333 0.2523148148148148 0.027604166666666666 0.1175925925925926
0 0.39036458333333335 0.24305555555555555 0.0265625 0.12685185185185185
0 0.6083333333333333 0.35648148148148145 0.03229166666666667 0.13518518518518519
0 0.7703125 0.37962962962962965 0.03229166666666667 0.1685185185185185
0 0.4895833333333333 0.24814814814814815 0.026041666666666668 0.10740740740740741
