0 0.012696493349455865 0.28194444444444444 0.02418379685610641 0.14722222222222223
0 0.008162031438935914 0.24953703703703703 0.015114873035066506 0.14537037037037037
0 0.04322853688029021 0.21157407407407408 0.044135429262394194 0.13425925925925927
0 0.5244860943168077 0.7231481481481481 0.034461910519951636 0.13518518518518519
0 0.09582829504232164 0.2361111111111111 0.039298669891172915 0.1388888888888889
0 0.49939540507859737 0.14537037037037037 0.03506650544135429 0.12962962962962962
0 0.5154171704957679 0.12962962962962962 0.02962515114873035 0.11851851851851852
0 0.7772067714631197 0.47685185185185186 0.039298669891172915 0.1425925925925926
0 0.5 0.7060185185185185 0.037484885126964934 0.16203703703703703
0 0.5583434099153567 0.4425925925925926 0.039298669891172915 0.1537037037037037
0 0.5229746070133011 0.44675925925925924 0.04353083434099154 0.15833333333333333
0 0.8322249093107618 0.5435185185185185 0.04050785973397823 0.15185185185185185
0 0.8821039903264812 0.5342592592592592 0.045949214026602174 0.15185185185185185
0 0.5350665054413543 0.18518518518518517 0.041112454655380895 0.12962962962962962
0 0.5646916565900847 0.21944444444444444 0.03385731559854897 0.12407407407407407
0 0.7345828295042321 0.42083333333333334 0.03990326481257558 0.14351851851851852
0 0.7067714631197098 0.41805555555555557 0.03869407496977025 0.1675925925925926
0 0.6577992744860943 0.4125 0.032648125755743655 0.13240740740740742
0 0.9848851269649335 0.16111111111111112 0.02781136638452237 0.12407407407407407
0 0.9458887545344619 0.1587962962962963 0.034461910519951636 0.13425925925925927
0 0.8893591293833132 0.1361111111111111 0.03990326481257558 0.14814814814814814
0 0.5731559854897219 0.1527777777777778 0.03143893591293833 0.10740740740740741
0 0.9404474002418379 0.3106481481481482 0.039298669891172915 0.16018518518518518
0 0.9495163240628779 0.2662037037037037 0.035671100362756954 0.14537037037037037
0 0.9192865779927448 0.25972222222222224 0.03083434099153567 0.13425925925925927
0 0.5480652962515115 0.11851851851851852 0.034461910519951636 0.13518518518518519
0 0.5462515114873036 0.08796296296296297 0.034461910519951636 0.13703703703703704
0 0.9576783555018138 0.5819444444444445 0.037484885126964934 0.14166666666666666
0 0.597037484885127 0.20925925925925926 0.03204353083434099 0.12407407407407407
0 0.6064087061668681 0.20555555555555555 0.03385731559854897 0.14629629629629629
0 0.6039903264812576 0.23472222222222222 0.036275695284159616 0.1287037037037037
0 0.7285368802902056 0.20046296296296295 0.032648125755743655 0.12129629629629629
0 0.7626964933494559 0.33287037037037037 0.06106408706166868 0.16203703703703703
0 0.7941354292623942 0.29259259259259257 0.039298669891172915 0.14444444444444443
0 0.7684401451027811 0.27361111111111114 0.04232164449818621 0.16018518518518518
0 0.6257557436517533 0.18518518518518517 0.02902055622732769 0.10925925925925926
0 0.7273276904474002 0.33287037037037037 0.03506650544135429 0.13425925925925927
0 0.6880290205562273 0.26805555555555555 0.041112454655380895 0.1287037037037037
0 0.662031438935913 0.2439814814814815 0.03990326481257558 0.1398148148148148
0 0.5792019347037485 0.09305555555555556 0.03990326481257558 0.14722222222222223
0 0.6429866989117291 0.13657407407407407 0.046553808948004836 0.13425925925925927
0 0.7230955259975816 0.16712962962962963 0.03506650544135429 0.14537037037037037
0 0.8288996372430472 0.4046296296296296 0.036275695284159616 0.14814814814814814
0 0.7998790810157195 0.38657407407407407 0.03506650544135429 0.1398148148148148
0 0.7772067714631197 0.3819444444444444 0.039298669891172915 0.14537037037037037
0 0.7354897218863361 0.2162037037037037 0.03204353083434099 0.13240740740740742
0 0.749093107617896 0.18287037037037038 0.03143893591293833 0.12685185185185185
0 0.6296856106408706 0.24212962962962964 0.03688029020556227 0.13240740740740742
0 0.9168681983071342 0.2962962962962963 0.039298669891172915 0.14814814814814814
0 0.8996372430471584 0.3365740740740741 0.037484885126964934 0.13425925925925927
0 0.8857315598548973 0.26481481481481484 0.037484885126964934 0.11851851851851852
0 0.8001813784764208 0.26064814814814813 0.03688029020556227 0.13425925925925927
0 0.7814389359129383 0.21388888888888888 0.02720677146311971 0.11481481481481481
0 0.7678355501813785 0.23796296296296296 0.037484885126964934 0.15185185185185185
0 0.654776299879081 0.1925925925925926 0.03869407496977025 0.13518518518518519
0 0.8053204353083434 0.36064814814814816 0.03506650544135429 0.13240740740740742
0 0.5229746070133011 0.1763888888888889 0.02418379685610641 0.08796296296296297
0 0.5734582829504232 0.13287037037037036 0.034461910519951636 0.12129629629629629
0 0.9655380894800484 0.3351851851851852 0.030229746070133012 0.10740740740740741
0 0.6348246674727932 0.4671296296296296 0.04836759371221282 0.15648148148148147
0 0.6683796856106409 0.45601851851851855 0.034461910519951636 0.1398148148148148
0 0.42140266021765416 0.0587962962962963 0.02539298669891173 0.09722222222222222
0 0.717049576783555 0.26944444444444443 0.041112454655380895 0.14629629629629629
0 0.7070737605804112 0.19027777777777777 0.03204353083434099 0.12129629629629629
0 0.042926239419588876 0.9365740740740741 0.036275695284159616 0.1287037037037037
0 0.07255139056831923 0.9356481481481481 0.04353083434099154 0.13055555555555556
0 0.24455864570737607 0.10694444444444444 0.04171704957678356 0.13796296296296295
0 0.11668681983071343 0.046296296296296294 0.03385731559854897 0.09074074074074075
0 0.13724304715840388 0.05324074074074074 0.037484885126964934 0.10462962962962963
0 0.15991535671100363 0.044444444444444446 0.034461910519951636 0.08703703703703704
0 0.1977025392986699 0.03425925925925926 0.037484885126964934 0.06666666666666667
0 0.16142684401451027 0.08657407407407407 0.037484885126964934 0.12685185185185185
0 0.1907496977025393 0.07777777777777778 0.039298669891172915 0.12962962962962962
0 0.37968561064087064 0.024537037037037038 0.03143893591293833 0.04722222222222222
0 0.3802902055622733 0.15138888888888888 0.03990326481257558 0.12685185185185185
0 0.3007859733978235 0.03518518518518519 0.02962515114873035 0.06851851851851852
0 0.48428053204353083 0.049074074074074076 0.032648125755743655 0.0962962962962963
0 0.5084643288996372 0.05185185185185185 0.03385731559854897 0.10185185185185185
0 0.5831318016928658 0.06574074074074074 0.034461910519951636 0.1259259259259259
0 0.6505441354292624 0.10324074074074074 0.032648125755743655 0.12129629629629629
0 0.7034461910519951 0.14583333333333334 0.02720677146311971 0.11018518518518519
0 0.7285368802902056 0.11805555555555555 0.02902055622732769 0.10462962962962963
0 0.653869407496977 0.0699074074074074 0.035671100362756954 0.1175925925925926
0 0.6937726723095526 0.10555555555555556 0.03688029020556227 0.13518518518518519
0 0.9123337363966143 0.0699074074074074 0.032648125755743655 0.11574074074074074
0 0.8576178960096735 0.14629629629629629 0.02720677146311971 0.12037037037037036
0 0.9540507859733979 0.12268518518518519 0.032648125755743655 0.13240740740740742
0 0.975211608222491 0.06296296296296296 0.037484885126964934 0.11666666666666667
0 0.9461910519951633 0.08287037037037037 0.037484885126964934 0.1287037037037037
0 0.8530834340991535 0.028703703703703703 0.032648125755743655 0.05555555555555555
0 0.8827085852478839 0.026851851851851852 0.03143893591293833 0.05185185185185185
0 0.9325876662636033 0.0837962962962963 0.03204353083434099 0.1175925925925926
0 0.939540507859734 0.053703703703703705 0.032648125755743655 0.10555555555555556
0 0.6910519951632407 0.08703703703703704 0.03506650544135429 0.12407407407407407
0 0.6780532043530835 0.06574074074074074 0.034461910519951636 0.11666666666666667
0 0.8938935912938332 0.1300925925925926 0.058645707376058044 0.15462962962962962
0 0.3730350665054414 0.5546296296296296 0.037484885126964934 0.14814814814814814
0 0.07466747279322854 0.46296296296296297 0.039298669891172915 0.14629629629629629
0 0.05804111245465538 0.5087962962962963 0.041112454655380895 0.15092592592592594
0 0.02962515114873035 0.4828703703703704 0.03506650544135429 0.16203703703703703
0 0.09794437726723096 0.48333333333333334 0.04232164449818621 0.15555555555555556
0 0.839782345828295 0.37453703703703706 0.03990326481257558 0.1287037037037037
0 0.8500604594921403 0.35509259259259257 0.032648125755743655 0.12685185185185185
0 0.25665054413542926 0.6643518518518519 0.044135429262394194 0.16574074074074074
0 0.2279322853688029 0.6541666666666667 0.037484885126964934 0.16203703703703703
0 0.3600362756952842 0.6532407407407408 0.039298669891172915 0.14351851851851852
0 0.22611850060459493 0.5726851851851852 0.03506650544135429 0.13425925925925927
0 0.23035066505441354 0.5611111111111111 0.03385731559854897 0.1537037037037037
0 0.186819830713422 0.562037037037037 0.044740024183796856 0.14814814814814814
0 0.1928657799274486 0.5263888888888889 0.044740024183796856 0.15462962962962962
0 0.15326481257557437 0.538425925925926 0.03688029020556227 0.14537037037037037
0 0.3691051995163241 0.23148148148148148 0.03204353083434099 0.12962962962962962
0 0.3902660217654172 0.22546296296296298 0.03204353083434099 0.12685185185185185
0 0.531136638452237 0.7717592592592593 0.051390568319226115 0.14351851851851852
0 0.5876662636033857 0.7814814814814814 0.05199516324062878 0.17037037037037037
0 0.27660217654171704 0.4444444444444444 0.03688029020556227 0.12962962962962962
0 0.27297460701330106 0.4722222222222222 0.03688029020556227 0.14444444444444443
0 0.26088270858524787 0.9393518518518519 0.04171704957678356 0.12314814814814815
0 0.31136638452237003 0.7824074074074074 0.03990326481257558 0.15185185185185185
0 0.30652962515114873 0.49675925925925923 0.037484885126964934 0.14537037037037037
0 0.35006045949214026 0.7032407407407407 0.036275695284159616 0.15462962962962962
0 0.3545949214026602 0.7393518518518518 0.044135429262394194 0.16574074074074074
0 0.6357315598548973 0.7300925925925926 0.04171704957678356 0.1787037037037037
0 0.6756348246674728 0.7657407407407407 0.044135429262394194 0.1685185185185185
0 0.6765417170495768 0.7361111111111112 0.03385731559854897 0.14074074074074075
0 0.4274486094316808 0.7453703703703703 0.049576783555018135 0.14629629629629629
0 0.6463119709794438 0.6550925925925926 0.05199516324062878 0.14907407407407408
0 0.4498186215235792 0.5310185185185186 0.03385731559854897 0.13425925925925927
0 0.4274486094316808 0.5115740740740741 0.032648125755743655 0.13796296296296295
0 0.9513301088270859 0.975462962962963 0.044135429262394194 0.05092592592592592
0 0.4371221281741233 0.06898148148148148 0.03506650544135429 0.1175925925925926
0 0.42230955259975816 0.5930555555555556 0.03325272067714631 0.15092592592592594
0 0.4449818621523579 0.5699074074074074 0.037484885126964934 0.15092592592592594
0 0.9740024183796856 0.4425925925925926 0.04353083434099154 0.15185185185185185
0 0.2379081015719468 0.625 0.03688029020556227 0.14629629629629629
0 0.2914147521160822 0.6018518518518519 0.03990326481257558 0.15185185185185185
0 0.28990326481257556 0.6518518518518519 0.03204353083434099 0.17407407407407408
0 0.3349455864570738 0.37916666666666665 0.03385731559854897 0.12685185185185185
0 0.32043530834340994 0.4125 0.04353083434099154 0.14907407407407408
0 0.34099153567110035 0.3972222222222222 0.037484885126964934 0.12962962962962962
0 0.3022974607013301 0.3736111111111111 0.037484885126964934 0.14351851851851852
0 0.6989117291414753 0.6393518518518518 0.0471584038694075 0.16018518518518518
0 0.40931076178960096 0.46435185185185185 0.037484885126964934 0.14351851851851852
0 0.7309552599758162 0.6194444444444445 0.037484885126964934 0.15185185185185185
0 0.6535671100362757 0.6893518518518519 0.04232164449818621 0.13796296296296295
0 0.1163845223700121 0.9597222222222223 0.05259975816203144 0.0824074074074074
0 0.774788391777509 0.8162037037037037 0.04897218863361548 0.17314814814814813
0 0.805925030229746 0.8134259259259259 0.04232164449818621 0.16018518518518518
0 0.9295646916565901 0.9152777777777777 0.0501813784764208 0.15462962962962962
0 0.8657799274486094 0.9699074074074074 0.045949214026602174 0.062037037037037036
0 0.9516324062877872 0.8574074074074074 0.0471584038694075 0.1537037037037037
0 0.9863966142684402 0.28425925925925927 0.02599758162031439 0.14814814814814814
0 0.8370616686819831 0.1986111111111111 0.034461910519951636 0.1287037037037037
0 0.781136638452237 0.6907407407407408 0.0592503022974607 0.1685185185185185
0 0.7309552599758162 0.9115740740740741 0.045949214026602174 0.16944444444444445
0 0.7675332527206772 0.9009259259259259 0.046553808948004836 0.1537037037037037
0 0.4836759371221282 0.46944444444444444 0.037484885126964934 0.12962962962962962
0 0.5108827085852479 0.5148148148148148 0.037484885126964934 0.1425925925925926
0 0.7342805320435308 0.587037037037037 0.034461910519951636 0.17407407407407408
0 0.6874244256348246 0.5550925925925926 0.05441354292623942 0.1675925925925926
0 0.08222490931076179 0.6606481481481481 0.060459492140266025 0.15462962962962962
0 0.03204353083434099 0.6763888888888889 0.049576783555018135 0.14907407407407408
0 0.7240024183796856 0.6981481481481482 0.05380894800483676 0.1537037037037037
0 0.846130592503023 0.7277777777777777 0.04171704957678356 0.1425925925925926
0 0.8724304715840387 0.7282407407407407 0.045949214026602174 0.16018518518518518
0 0.7781136638452237 0.5481481481481482 0.041112454655380895 0.1425925925925926
0 0.7493954050785974 0.38333333333333336 0.034461910519951636 0.1388888888888889
0 0.9223095525997581 0.7129629629629629 0.046553808948004836 0.17777777777777778
0 0.29836759371221283 0.34814814814814815 0.039298669891172915 0.14074074074074075
0 0.34915356711003626 0.3388888888888889 0.035671100362756954 0.14074074074074075
0 0.34915356711003626 0.31805555555555554 0.02962515114873035 0.15092592592592594
0 0.973397823458283 0.38333333333333336 0.03385731559854897 0.13148148148148148
0 0.32678355501813783 0.35462962962962963 0.035671100362756954 0.11851851851851852
0 0.7814389359129383 0.45925925925925926 0.02962515114873035 0.16111111111111112
0 0.8210399032648126 0.5546296296296296 0.04353083434099154 0.14814814814814814
0 0.9470979443772672 0.3939814814814815 0.03688029020556227 0.14537037037037037
0 0.937726723095526 0.6671296296296296 0.03990326481257558 0.15092592592592594
0 0.8331318016928658 0.6680555555555555 0.05441354292623942 0.16018518518518518
0 0.4839782345828295 0.9722222222222222 0.044135429262394194 0.05740740740740741
0 0.5335550181378477 0.950925925925926 0.044135429262394194 0.1
0 0.5583434099153567 0.9365740740740741 0.04050785973397823 0.1287037037037037
