0 0.8563512361466326 0.9613636363636363 0.05200341005967604 0.075
0 0.09420289855072464 0.6 0.041773231031543054 0.12272727272727273
0 0.7416879795396419 0.6630681818181818 0.04092071611253197 0.13522727272727272
0 0.12318840579710146 0.5556818181818182 0.03495311167945439 0.12954545454545455
0 0.04731457800511509 0.5289772727272727 0.041773231031543054 0.1215909090909091
0 0.01278772378516624 0.5238636363636363 0.023870417732310314 0.12727272727272726
0 0.5400682011935208 0.6732954545454546 0.05200341005967604 0.14886363636363636
0 0.2557544757033248 0.46704545454545454 0.0392156862745098 0.1318181818181818
0 0.0123614663256607 0.3534090909090909 0.023017902813299233 0.11363636363636363
0 0.1990622335890878 0.375 0.041773231031543054 0.1159090909090909
0 0.26427962489343565 0.36022727272727273 0.04092071611253197 0.125
0 0.3030690537084399 0.3704545454545455 0.045183290707587385 0.11818181818181818
0 0.2612958226768968 0.42727272727272725 0.041773231031543054 0.12045454545454545
0 0.4296675191815857 0.5642045454545455 0.03751065643648764 0.13295454545454546
0 0.4803921568627451 0.5607954545454545 0.045183290707587385 0.13295454545454546
0 0.5221653878942881 0.4147727272727273 0.043478260869565216 0.1159090909090909
0 0.3388746803069054 0.30568181818181817 0.03495311167945439 0.1159090909090909
0 0.4475703324808184 0.3471590909090909 0.0443307757885763 0.12386363636363637
0 0.40664961636828645 0.3386363636363636 0.03410059676044331 0.11818181818181818
0 0.29454390451832907 0.1625 0.028132992327365727 0.08409090909090909
0 0.8520886615515771 0.20227272727272727 0.03154305200341006 0.09318181818181819
0 0.8171355498721228 0.19204545454545455 0.03324808184143223 0.10227272727272728
0 0.8768115942028986 0.21363636363636362 0.03495311167945439 0.10227272727272728
0 0.8222506393861893 0.35 0.03836317135549872 0.11136363636363636
0 0.7894288150042625 0.35795454545454547 0.03239556692242114 0.09318181818181819
0 0.5711849957374254 0.14886363636363636 0.028985507246376812 0.09772727272727273
0 0.8235294117647058 0.42329545454545453 0.04092071611253197 0.11022727272727273
0 0.835464620630861 0.6284090909090909 0.042625745950554135 0.1431818181818182
0 0.5613810741687979 0.8454545454545455 0.040068201193520885 0.15
0 0.1287297527706735 0.6011363636363637 0.04603580562659847 0.12727272727272726
0 0.32651321398124467 0.5102272727272728 0.03580562659846547 0.12727272727272726
0 0.829923273657289 0.834659090909091 0.041773231031543054 0.15568181818181817
0 0.5907928388746803 0.8340909090909091 0.05115089514066496 0.15227272727272728
0 0.3167092924126172 0.6818181818181818 0.041773231031543054 0.13863636363636364
0 0.7523444160272805 0.6017045454545454 0.03324808184143223 0.11022727272727273
0 0.7702472293265132 0.6073863636363637 0.03324808184143223 0.1215909090909091
0 0.8047740835464621 0.6170454545454546 0.0494458653026428 0.14772727272727273
0 0.7932651321398124 0.5323863636363636 0.040068201193520885 0.11931818181818182
0 0.8567774936061381 0.5210227272727272 0.03410059676044331 0.1215909090909091
0 0.7932651321398124 0.4346590909090909 0.040068201193520885 0.11477272727272728
0 0.736999147485081 0.34545454545454546 0.03154305200341006 0.1159090909090909
0 0.7647058823529411 0.3534090909090909 0.03239556692242114 0.11136363636363636
0 0.8785166240409207 0.06931818181818182 0.028132992327365727 0.08409090909090909
0 0.8695652173913043 0.05738636363636364 0.028985507246376812 0.0875
0 0.3393009377664109 0.16363636363636364 0.027280477408354646 0.10227272727272728
0 0.32011935208866155 0.17386363636363636 0.03665814151747655 0.08863636363636364
0 0.21739130434782608 0.11306818181818182 0.02557544757033248 0.09204545454545454
0 0.2391304347826087 0.11193181818181819 0.028132992327365727 0.0875
0 0.25831202046035806 0.09318181818181819 0.02557544757033248 0.08636363636363636
0 0.40153452685422 0.13693181818181818 0.02216538789428815 0.09431818181818181
0 0.41687979539641945 0.14659090909090908 0.02557544757033248 0.08409090909090909
0 0.47058823529411764 0.20681818181818182 0.03580562659846547 0.10909090909090909
0 0.4352088661551577 0.1653409090909091 0.03154305200341006 0.08977272727272727
0 0.4718670076726343 0.16136363636363638 0.03154305200341006 0.08636363636363636
0 0.5085251491901108 0.18181818181818182 0.03665814151747655 0.09772727272727273
0 0.4514066496163683 0.14431818181818182 0.0247229326513214 0.07045454545454545
0 0.4390451832907076 0.1125 0.027280477408354646 0.08636363636363636
0 0.48081841432225064 0.09375 0.028985507246376812 0.08977272727272727
0 0.4803921568627451 0.07840909090909091 0.0247229326513214 0.09318181818181819
0 0.4629156010230179 0.07897727272727273 0.03239556692242114 0.0875
0 0.24765558397271953 0.06477272727272727 0.028132992327365727 0.07727272727272727
0 0.2804774083546462 0.08579545454545455 0.030690537084398978 0.09204545454545454
0 0.29411764705882354 0.10397727272727272 0.028985507246376812 0.09204545454545454
0 0.32225063938618925 0.10397727272727272 0.028985507246376812 0.08295454545454546
0 0.30179028132992325 0.09375 0.027280477408354646 0.0875
0 0.34612105711849955 0.08636363636363636 0.03239556692242114 0.08409090909090909
0 0.525149190110827 0.08125 0.027280477408354646 0.0875
0 0.5166240409207161 0.05454545454545454 0.03239556692242114 0.09318181818181819
0 0.556692242114237 0.05625 0.030690537084398978 0.08977272727272727
0 0.42838874680306904 0.07102272727272728 0.03154305200341006 0.08068181818181819
0 0.4774083546462063 0.03238636363636364 0.02216538789428815 0.0625
0 0.4539641943734015 0.03636363636363636 0.028132992327365727 0.07045454545454545
0 0.437766410912191 0.04147727272727273 0.0196078431372549 0.06477272727272727
0 0.3546462063086104 0.03295454545454545 0.028985507246376812 0.06363636363636363
0 0.5613810741687979 0.10340909090909091 0.03495311167945439 0.10454545454545454
0 0.13682864450127877 0.9755681818181818 0.04688832054560955 0.048863636363636366
0 0.5144927536231884 0.16363636363636364 0.0247229326513214 0.07954545454545454
0 0.33034953111679455 0.09602272727272727 0.0247229326513214 0.06931818181818182
0 0.2979539641943734 0.5085227272727273 0.03495311167945439 0.11931818181818182
0 0.6918158567774936 0.9409090909090909 0.06223358908780904 0.11818181818181818
0 0.5294117647058824 0.9738636363636364 0.0494458653026428 0.05227272727272727
0 0.6751918158567775 0.8590909090909091 0.05285592497868713 0.15454545454545454
0 0.6052855924978687 0.9676136363636364 0.057971014492753624 0.060227272727272727
0 0.3290707587382779 0.9698863636363636 0.04774083546462063 0.05795454545454545
0 0.3734015345268542 0.98125 0.0392156862745098 0.03295454545454545
0 0.3734015345268542 0.9414772727272728 0.04603580562659847 0.11022727272727273
0 0.4906223358908781 0.7607954545454545 0.04688832054560955 0.1534090909090909
0 0.056265984654731455 0.4 0.0392156862745098 0.10454545454545454
0 0.7459505541346974 0.5369318181818182 0.04092071611253197 0.12613636363636363
0 0.014919011082693947 0.7977272727272727 0.028132992327365727 0.15
0 0.25404944586530265 0.5670454545454545 0.04092071611253197 0.12954545454545455
0 0.29028132992327366 0.5539772727272727 0.03324808184143223 0.12386363636363637
0 0.3729752770673487 0.5647727272727273 0.040068201193520885 0.125
0 0.00980392156862745 0.9585227272727272 0.017902813299232736 0.08068181818181819
0 0.5417732310315431 0.7579545454545454 0.040068201193520885 0.15227272727272728
0 0.0886615515771526 0.29147727272727275 0.03751065643648764 0.10795454545454546
0 0.32651321398124467 0.6289772727272728 0.04092071611253197 0.13295454545454546
0 0.3751065643648764 0.4420454545454545 0.05285592497868713 0.125
0 0.11381074168797954 0.29261363636363635 0.03324808184143223 0.10568181818181818
0 0.042625745950554135 0.8068181818181818 0.04092071611253197 0.125
0 0.04092071611253197 0.9505681818181818 0.05285592497868713 0.09886363636363636
0 0.8840579710144928 0.8335227272727272 0.04774083546462063 0.14886363636363636
0 0.08908780903665814 0.39431818181818185 0.03495311167945439 0.11363636363636363
0 0.2958226768968457 0.48806818181818185 0.04092071611253197 0.13068181818181818
0 0.17689684569479966 0.9704545454545455 0.040068201193520885 0.05909090909090909
0 0.29965899403239554 0.6147727272727272 0.041773231031543054 0.13863636363636364
0 0.38022165387894286 0.13920454545454544 0.02557544757033248 0.0875
0 0.37681159420289856 0.028977272727272727 0.027280477408354646 0.05568181818181818
0 0.4497016197783461 0.06818181818181818 0.028132992327365727 0.08409090909090909
0 0.4940323955669224 0.03636363636363636 0.028132992327365727 0.07045454545454545
0 0.4092071611253197 0.03068181818181818 0.027280477408354646 0.05909090909090909
