0 0.10443307757885763 0.1471590909090909 0.029838022165387893 0.10795454545454546
0 0.47485080988917305 0.9630681818181818 0.05115089514066496 0.0715909090909091
0 0.032821824381926684 0.9528409090909091 0.05711849957374254 0.09659090909090909
0 0.7851662404092071 0.9721590909090909 0.0392156862745098 0.053409090909090906
0 0.3337595907928389 0.9306818181818182 0.040068201193520885 0.12727272727272726
0 0.36615515771526 0.9477272727272728 0.045183290707587385 0.10454545454545454
0 0.30562659846547313 0.3096590909090909 0.045183290707587385 0.10340909090909091
0 0.6427962489343564 0.8573863636363637 0.059676044330775786 0.1625
0 0.051577152600170505 0.1471590909090909 0.03154305200341006 0.10568181818181818
0 0.31628303495311166 0.7568181818181818 0.0494458653026428 0.1409090909090909
0 0.5417732310315431 0.9653409090909091 0.04688832054560955 0.0715909090909091
0 0.5861040068201193 0.9590909090909091 0.04688832054560955 0.08181818181818182
0 0.5835464620630861 0.15795454545454546 0.03495311167945439 0.10681818181818181
0 0.5656436487638533 0.4113636363636364 0.03495311167945439 0.10909090909090909
0 0.3248081841432225 0.04943181818181818 0.028985507246376812 0.08295454545454546
0 0.4381926683716965 0.035227272727272725 0.028985507246376812 0.06818181818181818
0 0.26641091219096336 0.2721590909090909 0.03495311167945439 0.11704545454545455
0 0.7966751918158568 0.23125 0.029838022165387893 0.09659090909090909
0 0.8491048593350383 0.6840909090909091 0.042625745950554135 0.12954545454545455
0 0.263000852514919 0.9880681818181818 0.026427962489343565 0.026136363636363635
0 0.22549019607843138 0.9681818181818181 0.05541346973572037 0.06363636363636363
0 0.13043478260869565 0.9386363636363636 0.0494458653026428 0.125
0 0.16879795396419436 0.9380681818181819 0.04774083546462063 0.12386363636363637
0 0.40238704177323104 0.18522727272727274 0.027280477408354646 0.08863636363636364
0 0.5468883205456095 0.10965909090909091 0.029838022165387893 0.09886363636363636
0 0.3857630008525149 0.18238636363636362 0.029838022165387893 0.09204545454545454
0 0.35720375106564367 0.11875 0.030690537084398978 0.09659090909090909
0 0.1990622335890878 0.17897727272727273 0.03665814151747655 0.1125
0 0.10272804774083547 0.24375 0.029838022165387893 0.09886363636363636
0 0.7054560954816709 0.625 0.03836317135549872 0.13636363636363635
0 0.793691389599318 0.3755681818181818 0.04092071611253197 0.11704545454545455
0 0.8495311167945439 0.43977272727272726 0.041773231031543054 0.11818181818181818
0 0.8260869565217391 0.45284090909090907 0.0392156862745098 0.1215909090909091
0 0.829923273657289 0.22329545454545455 0.03665814151747655 0.10113636363636364
0 0.7693947144075022 0.6625 0.03836317135549872 0.12727272727272726
0 0.5196078431372549 0.5943181818181819 0.03836317135549872 0.11818181818181818
0 0.5541346973572038 0.5835227272727272 0.04603580562659847 0.1375
0 0.8516624040920716 0.6284090909090909 0.04092071611253197 0.1431818181818182
0 0.803921568627451 0.6772727272727272 0.042625745950554135 0.13636363636363635
0 0.8959931798806479 0.9528409090909091 0.04603580562659847 0.09204545454545454
0 0.6445012787723785 0.7573863636363637 0.05115089514066496 0.1534090909090909
0 0.6163682864450127 0.7732954545454546 0.04603580562659847 0.15795454545454546
0 0.1257459505541347 0.5301136363636364 0.03836317135549872 0.13295454545454546
0 0.5025575447570333 0.32784090909090907 0.03154305200341006 0.11022727272727273
0 0.33844842284739984 0.19715909090909092 0.028985507246376812 0.09659090909090909
0 0.3695652173913043 0.1744318181818182 0.026427962489343565 0.08977272727272727
0 0.8107416879795396 0.5823863636363636 0.0392156862745098 0.12840909090909092
0 0.13554987212276215 0.25 0.03239556692242114 0.09545454545454546
0 0.7271952259164536 0.5880681818181818 0.05115089514066496 0.13522727272727272
0 0.8934356351236147 0.6198863636363636 0.04603580562659847 0.14204545454545456
0 0.5 0.6852272727272727 0.045183290707587385 0.1318181818181818
0 0.8286445012787724 0.6130681818181818 0.0494458653026428 0.12840909090909092
0 0.9612105711849958 0.9573863636363636 0.045183290707587385 0.08522727272727272
0 0.5289855072463768 0.32443181818181815 0.03324808184143223 0.10113636363636364
0 0.2310315430520034 0.00909090909090909 0.027280477408354646 0.015909090909090907
0 0.319693094629156 0.009659090909090909 0.017050298380221655 0.017045454545454544
0 0.34612105711849955 0.7704545454545455 0.0392156862745098 0.15
0 0.5558397271952259 0.6903409090909091 0.0443307757885763 0.14204545454545456
0 0.5370843989769821 0.6357954545454545 0.03580562659846547 0.10795454545454546
0 0.5792838874680307 0.6630681818181818 0.03324808184143223 0.11477272727272728
0 0.7122762148337596 0.75 0.043478260869565216 0.1340909090909091
0 0.7762148337595908 0.7664772727272727 0.04859335038363171 0.15795454545454546
0 0.7689684569479965 0.3721590909090909 0.03410059676044331 0.11931818181818182
0 0.33844842284739984 0.2255681818181818 0.030690537084398978 0.09431818181818181
0 0.3589087809036658 0.22386363636363638 0.030690537084398978 0.10454545454545454
0 0.5217391304347826 0.2596590909090909 0.03580562659846547 0.10340909090909091
0 0.5549872122762148 0.27045454545454545 0.0392156862745098 0.09772727272727273
0 0.16197783461210571 0.07443181818181818 0.027280477408354646 0.08522727272727272
0 0.21568627450980393 0.08806818181818182 0.028985507246376812 0.09204545454545454
0 0.24808184143222506 0.05795454545454545 0.02557544757033248 0.08181818181818182
0 0.13981244671781756 0.06818181818181818 0.028985507246376812 0.10454545454545454
0 0.26768968456947995 0.05397727272727273 0.02557544757033248 0.08977272727272727
0 0.4096334185848252 0.06363636363636363 0.03324808184143223 0.08636363636363636
0 0.4156010230179028 0.03636363636363636 0.023017902813299233 0.07045454545454545
0 0.3874680306905371 0.026704545454545453 0.023017902813299233 0.05113636363636364
0 0.5051150895140665 0.03579545454545455 0.029838022165387893 0.06931818181818182
0 0.5264279624893435 0.03579545454545455 0.023017902813299233 0.06931818181818182
0 0.8840579710144928 0.025 0.030690537084398978 0.04772727272727273
0 0.34654731457800514 0.019318181818181818 0.0196078431372549 0.03636363636363636
0 0.3614663256606991 0.025 0.01875532821824382 0.045454545454545456
0 0.7020460358056266 0.33181818181818185 0.041773231031543054 0.11363636363636363
0 0.7293265132139812 0.38920454545454547 0.041773231031543054 0.12386363636363637
0 0.7429667519181585 0.47613636363636364 0.03665814151747655 0.12272727272727273
0 0.757459505541347 0.4681818181818182 0.03665814151747655 0.13636363636363635
0 0.4774083546462063 0.5272727272727272 0.042625745950554135 0.12954545454545455
0 0.7374254049445865 0.4198863636363636 0.0392156862745098 0.10568181818181818
0 0.7156862745098039 0.48409090909090907 0.040068201193520885 0.11818181818181818
0 0.6871270247229326 0.39943181818181817 0.04092071611253197 0.11477272727272728
0 0.49019607843137253 0.16647727272727272 0.02557544757033248 0.06704545454545455
0 0.46888320545609546 0.15454545454545454 0.030690537084398978 0.09318181818181819
0 0.42071611253196933 0.1375 0.03665814151747655 0.10454545454545454
0 0.7715260017050298 0.25113636363636366 0.027280477408354646 0.07272727272727272
0 0.7634271099744245 0.4198863636363636 0.03836317135549872 0.11931818181818182
0 0.8448422847399829 0.9534090909090909 0.04774083546462063 0.09545454545454546
0 0.17604433077578857 0.4278409090909091 0.03836317135549872 0.12840909090909092
0 0.46675191815856776 0.6494318181818182 0.05029838022165388 0.14659090909090908
0 0.02514919011082694 0.7272727272727273 0.045183290707587385 0.1431818181818182
0 0.058823529411764705 0.7352272727272727 0.03580562659846547 0.10909090909090909
0 0.08908780903665814 0.5295454545454545 0.040068201193520885 0.12272727272727273
0 0.41602728047740833 0.6710227272727273 0.0392156862745098 0.14659090909090908
0 0.22847399829497017 0.41363636363636364 0.04092071611253197 0.125
0 0.046462063086104004 0.3170454545454545 0.03665814151747655 0.11136363636363636
0 0.4676044330775789 0.24943181818181817 0.03665814151747655 0.1125
0 0.4215686274509804 0.38125 0.03495311167945439 0.11477272727272728
0 0.44288150042625746 0.39602272727272725 0.03154305200341006 0.11022727272727273
0 0.0639386189258312 0.20227272727272727 0.03239556692242114 0.10681818181818181
0 0.2868712702472293 0.28352272727272726 0.03495311167945439 0.10113636363636364
0 0.484228473998295 0.37670454545454546 0.03580562659846547 0.11931818181818182
0 0.7830349531116795 0.5960227272727273 0.045183290707587385 0.1375
0 0.3627450980392157 0.19772727272727272 0.028132992327365727 0.10454545454545454
0 0.4816709292412617 0.19886363636363635 0.03410059676044331 0.09545454545454546
0 0.46121057118499575 0.7028409090909091 0.04603580562659847 0.14886363636363636
0 0.9236999147485081 0.22386363636363638 0.029838022165387893 0.056818181818181816
0 0.7617220801364024 0.9534090909090909 0.043478260869565216 0.09318181818181819
0 0.5221653878942881 0.7971590909090909 0.040068201193520885 0.13977272727272727
0 0.2672634271099744 0.5954545454545455 0.041773231031543054 0.13636363636363635
0 0.020460358056265986 0.6528409090909091 0.0392156862745098 0.13068181818181818
0 0.4075021312872975 0.4278409090909091 0.03751065643648764 0.1125
0 0.6943734015345269 0.9335227272727272 0.05029838022165388 0.12386363636363637
0 0.4820971867007673 0.7954545454545454 0.05200341005967604 0.16363636363636364
0 0.08354646206308611 0.24261363636363636 0.028985507246376812 0.09431818181818181
0 0.5686274509803921 0.7392045454545455 0.03751065643648764 0.12613636363636363
0 0.6632566069906224 0.8056818181818182 0.04603580562659847 0.15227272727272728
0 0.30051150895140666 0.5857954545454546 0.03324808184143223 0.14204545454545456
0 0.3755328218243819 0.5357954545454545 0.03665814151747655 0.1125
0 0.059676044330775786 0.6119318181818182 0.0443307757885763 0.13295454545454546
0 0.18329070758738278 0.5613636363636364 0.0392156862745098 0.1340909090909091
0 0.3052003410059676 0.44545454545454544 0.03239556692242114 0.11818181818181818
0 0.3452685421994885 0.45 0.03751065643648764 0.12272727272727273
0 0.39045183290707586 0.5704545454545454 0.04092071611253197 0.13863636363636364
0 0.34825234441602726 0.5318181818181819 0.03665814151747655 0.1318181818181818
0 0.37851662404092073 0.4159090909090909 0.042625745950554135 0.10681818181818181
0 0.38022165387894286 0.45454545454545453 0.0392156862745098 0.11363636363636363
0 0.20161977834612105 0.5102272727272728 0.03836317135549872 0.1318181818181818
0 0.514919011082694 0.3778409090909091 0.03751065643648764 0.1125
0 0.7203751065643649 0.6755681818181818 0.0392156862745098 0.1215909090909091
0 0.8704177323103154 0.4778409090909091 0.03239556692242114 0.11931818181818182
0 0.8976982097186701 0.7153409090909091 0.04092071611253197 0.14204545454545456
0 0.8499573742540495 0.4727272727272727 0.0392156862745098 0.12727272727272726
0 0.8921568627450981 0.6806818181818182 0.045183290707587385 0.1431818181818182
0 0.8491048593350383 0.7181818181818181 0.0494458653026428 0.13863636363636364
0 0.5967604433077579 0.7522727272727273 0.0392156862745098 0.1318181818181818
0 0.4083546462063086 0.928409090909091 0.05285592497868713 0.1431818181818182
0 0.6048593350383632 0.7232954545454545 0.03324808184143223 0.11931818181818182
0 0.5272804774083546 0.897159090909091 0.05370843989769821 0.14886363636363636
0 0.37894288150042627 0.34261363636363634 0.03836317135549872 0.09886363636363636
