0 0.0392156862745098 0.79375 0.04092071611253197 0.15113636363636362
0 0.03793691389599318 0.8852272727272728 0.05200341005967604 0.16136363636363638
0 0.11167945439045183 0.8448863636363636 0.03751065643648764 0.14431818181818182
0 0.7144075021312873 0.9340909090909091 0.05456095481670929 0.1340909090909091
0 0.45694799658994034 0.9323863636363636 0.0443307757885763 0.1375
0 0.5068201193520887 0.9238636363636363 0.04688832054560955 0.14772727272727273
0 0.34995737425404944 0.7818181818181819 0.041773231031543054 0.15227272727272728
0 0.31202046035805625 0.7522727272727273 0.04774083546462063 0.13863636363636364
0 0.27791986359761295 0.7880681818181818 0.05115089514066496 0.1375
0 0.0034100596760443308 0.8017045454545455 0.005115089514066497 0.14431818181818182
0 0.5042625745950554 0.7818181818181819 0.040068201193520885 0.15227272727272728
0 0.5370843989769821 0.7806818181818181 0.04603580562659847 0.15227272727272728
0 0.4100596760443308 0.9568181818181818 0.0443307757885763 0.08636363636363636
0 0.39471440750213127 0.625 0.03751065643648764 0.1340909090909091
0 0.11508951406649616 0.6119318181818182 0.0443307757885763 0.14204545454545456
0 0.14151747655583974 0.6142045454545455 0.0443307757885763 0.12840909090909092
0 0.7544757033248082 0.6522727272727272 0.04774083546462063 0.15227272727272728
0 0.7544757033248082 0.9414772727272728 0.0443307757885763 0.11477272727272728
0 0.3333333333333333 0.5619318181818181 0.03751065643648764 0.12840909090909092
0 0.30818414322250637 0.5784090909090909 0.040068201193520885 0.1340909090909091
0 0.14578005115089515 0.5306818181818181 0.042625745950554135 0.1409090909090909
0 0.8542199488491049 0.033522727272727273 0.02557544757033248 0.06477272727272727
0 0.8738277919863597 0.875 0.0392156862745098 0.1431818181818182
0 0.49019607843137253 0.5409090909090909 0.04092071611253197 0.12727272727272726
0 0.453537936913896 0.6272727272727273 0.04092071611253197 0.13636363636363635
0 0.4833759590792839 0.63125 0.042625745950554135 0.14431818181818182
0 0.5643648763853367 0.7420454545454546 0.04603580562659847 0.12272727272727273
0 0.30605285592497866 0.09318181818181819 0.03239556692242114 0.10681818181818181
0 0.8192668371696504 0.4193181818181818 0.04092071611253197 0.10454545454545454
0 0.10315430520034101 0.9880681818181818 0.03580562659846547 0.026136363636363635
0 0.2813299232736573 0.9710227272727273 0.0443307757885763 0.060227272727272727
0 0.20460358056265984 0.977840909090909 0.0443307757885763 0.04431818181818182
0 0.2348678601875533 0.9590909090909091 0.04859335038363171 0.08409090909090909
0 0.1445012787723785 0.9278409090909091 0.04859335038363171 0.14431818181818182
0 0.1815856777493606 0.9295454545454546 0.042625745950554135 0.1431818181818182
0 0.43137254901960786 0.035227272727272725 0.02557544757033248 0.06136363636363636
0 0.41474850809889174 0.035227272727272725 0.028132992327365727 0.06818181818181818
0 0.33248081841432225 0.023295454545454546 0.028985507246376812 0.04431818181818182
0 0.22250639386189258 0.06647727272727273 0.027280477408354646 0.08977272727272727
0 0.7945439045183291 0.3380681818181818 0.03580562659846547 0.10795454545454546
0 0.8064791133844842 0.22840909090909092 0.0392156862745098 0.11818181818181818
0 0.8554987212276215 0.23977272727272728 0.03495311167945439 0.11818181818181818
0 0.8073316283034954 0.2369318181818182 0.03239556692242114 0.11477272727272728
0 0.8337595907928389 0.06818181818181818 0.03580562659846547 0.09772727272727273
0 0.7297527706734868 0.4113636363636364 0.0392156862745098 0.125
0 0.4940323955669224 0.3181818181818182 0.03495311167945439 0.11136363636363636
0 0.5379369138959932 0.3130681818181818 0.0392156862745098 0.12840909090909092
0 0.8167092924126172 0.38636363636363635 0.03751065643648764 0.10454545454545454
0 0.7740835464620631 0.4153409090909091 0.04092071611253197 0.1215909090909091
0 0.7297527706734868 0.5954545454545455 0.0392156862745098 0.15227272727272728
0 0.8320545609548167 0.5420454545454545 0.027280477408354646 0.11818181818181818
0 0.8090366581415175 0.6420454545454546 0.03410059676044331 0.10454545454545454
0 0.8687127024722933 0.634090909090909 0.042625745950554135 0.1318181818181818
0 0.8073316283034954 0.5698863636363637 0.0392156862745098 0.13522727272727272
0 0.5545609548167093 0.4465909090909091 0.045183290707587385 0.12954545454545455
0 0.5400682011935208 0.44829545454545455 0.041773231031543054 0.13522727272727272
0 0.29838022165387895 0.28352272727272726 0.03580562659846547 0.11477272727272728
0 0.4957374254049446 0.12386363636363637 0.028132992327365727 0.09090909090909091
0 0.23529411764705882 0.023863636363636365 0.023870417732310314 0.045454545454545456
0 0.35635123614663256 0.04261363636363636 0.02557544757033248 0.08295454545454546
0 0.8158567774936062 0.32784090909090907 0.0392156862745098 0.10340909090909091
0 0.8482523444160273 0.6863636363636364 0.02557544757033248 0.10454545454545454
0 0.24381926683716965 0.06420454545454546 0.027280477408354646 0.08295454545454546
0 0.7092924126172208 0.31363636363636366 0.05285592497868713 0.1159090909090909
0 0.8405797101449275 0.38295454545454544 0.042625745950554135 0.125
0 0.545609548167093 0.3875 0.03410059676044331 0.11136363636363636
0 0.8060528559249787 0.3340909090909091 0.041773231031543054 0.10454545454545454
0 0.7885763000852515 0.5414772727272728 0.04092071611253197 0.11704545454545455
0 0.5281329923273658 0.12613636363636363 0.03324808184143223 0.09318181818181819
0 0.5328218243819267 0.5363636363636364 0.0392156862745098 0.1409090909090909
0 0.5741687979539642 0.3795454545454545 0.03836317135549872 0.12727272727272726
0 0.7276214833759591 0.4340909090909091 0.03495311167945439 0.12272727272727273
0 0.7374254049445865 0.22727272727272727 0.03410059676044331 0.11363636363636363
0 0.5268542199488491 0.06136363636363636 0.028985507246376812 0.09090909090909091
0 0.5498721227621484 0.06363636363636363 0.023870417732310314 0.09772727272727273
0 0.5490196078431373 0.07443181818181818 0.028985507246376812 0.09431818181818181
0 0.6334185848252344 0.88125 0.0494458653026428 0.15568181818181817
0 0.6781756180733163 0.8829545454545454 0.045183290707587385 0.16363636363636364
0 0.8111679454390451 0.7857954545454545 0.04859335038363171 0.16477272727272727
0 0.8286445012787724 0.6863636363636364 0.04603580562659847 0.15454545454545454
0 0.881926683716965 0.6994318181818182 0.03836317135549872 0.1375
0 0.6999147485080989 0.5659090909090909 0.042625745950554135 0.1409090909090909
0 0.2412617220801364 0.18636363636363637 0.030690537084398978 0.1
0 0.4680306905370844 0.3926136363636364 0.04092071611253197 0.12840909090909092
0 0.20119352088661552 0.43068181818181817 0.03239556692242114 0.10454545454545454
0 0.22847399829497017 0.42215909090909093 0.03410059676044331 0.11477272727272728
0 0.2557544757033248 0.4426136363636364 0.03580562659846547 0.09659090909090909
0 0.2625745950554135 0.28125 0.03580562659846547 0.11477272727272728
0 0.42497868712702475 0.3619318181818182 0.03495311167945439 0.12386363636363637
0 0.3069053708439898 0.1693181818181818 0.03410059676044331 0.10454545454545454
0 0.17689684569479966 0.08636363636363636 0.028132992327365727 0.09772727272727273
0 0.3375959079283887 0.18863636363636363 0.028985507246376812 0.08409090909090909
0 0.5358056265984654 0.044886363636363634 0.03154305200341006 0.0875
0 0.4484228473998295 0.13068181818181818 0.03239556692242114 0.10454545454545454
0 0.4722932651321398 0.1375 0.03239556692242114 0.08636363636363636
0 0.1956521739130435 0.05113636363636364 0.028132992327365727 0.09545454545454546
0 0.1568627450980392 0.017613636363636363 0.03751065643648764 0.03295454545454545
0 0.329923273657289 0.10170454545454545 0.030690537084398978 0.0875
0 0.49744245524296676 0.15454545454545454 0.03495311167945439 0.10454545454545454
0 0.7638533674339301 0.3176136363636364 0.042625745950554135 0.1215909090909091
0 0.3895993179880648 0.04375 0.028985507246376812 0.08068181818181819
0 0.4731457800511509 0.04318181818181818 0.028985507246376812 0.07954545454545454
0 0.5140664961636828 0.39204545454545453 0.03751065643648764 0.10454545454545454
0 0.22122762148337596 0.030113636363636363 0.0247229326513214 0.05795454545454545
0 0.05115089514066496 0.9551136363636363 0.04092071611253197 0.0875
0 0.5268542199488491 0.9823863636363637 0.03410059676044331 0.03295454545454545
0 0.7996589940323956 0.9431818181818182 0.05285592497868713 0.1159090909090909
0 0.2591645353793691 0.7227272727272728 0.0443307757885763 0.13863636363636364
0 0.841005967604433 0.8875 0.041773231031543054 0.175
0 0.9377664109121909 0.9068181818181819 0.042625745950554135 0.1590909090909091
0 0.9616368286445013 0.9039772727272727 0.03580562659846547 0.16477272727272727
0 0.9582267689684569 0.8511363636363637 0.04774083546462063 0.1590909090909091
0 0.8883205456095482 0.5954545454545455 0.03751065643648764 0.13863636363636364
0 0.01619778346121057 0.5778409090909091 0.030690537084398978 0.12386363636363637
0 0.017050298380221655 0.55 0.03239556692242114 0.12045454545454545
0 0.59846547314578 0.7323863636363637 0.04774083546462063 0.14204545454545456
0 0.061381074168797956 0.36079545454545453 0.03751065643648764 0.12840909090909092
0 0.23529411764705882 0.6034090909090909 0.03751065643648764 0.14545454545454545
0 0.5609548167092924 0.5909090909090909 0.042625745950554135 0.125
0 0.4641943734015345 0.4681818181818182 0.03495311167945439 0.11136363636363636
0 0.3175618073316283 0.3494318181818182 0.03495311167945439 0.11931818181818182
0 0.040068201193520885 0.45227272727272727 0.0443307757885763 0.125
0 0.0741687979539642 0.38125 0.042625745950554135 0.11704545454545455
0 0.29838022165387895 0.6386363636363637 0.042625745950554135 0.13863636363636364
0 0.113384484228474 0.37613636363636366 0.04092071611253197 0.11818181818181818
0 0.45098039215686275 0.21420454545454545 0.03239556692242114 0.10795454545454546
0 0.505541346973572 0.5539772727272727 0.03580562659846547 0.1215909090909091
0 0.4322250639386189 0.4551136363636364 0.03751065643648764 0.12840909090909092
0 0.20119352088661552 0.0715909090909091 0.023870417732310314 0.08409090909090909
0 0.47357203751065646 0.4335227272727273 0.03495311167945439 0.1215909090909091
0 0.5336743393009378 0.4994318181818182 0.04092071611253197 0.13522727272727272
0 0.3516624040920716 0.35 0.03154305200341006 0.12727272727272726
0 0.13895993179880647 0.24034090909090908 0.042625745950554135 0.10340909090909091
0 0.4151747655583973 0.2994318181818182 0.03580562659846547 0.09886363636363636
0 0.1679454390451833 0.35625 0.03751065643648764 0.11704545454545455
0 0.33418584825234443 0.29829545454545453 0.03580562659846547 0.1215909090909091
0 0.35038363171355497 0.21420454545454545 0.03239556692242114 0.10340909090909091
0 0.37851662404092073 0.21818181818181817 0.03410059676044331 0.11136363636363636
0 0.45822676896845693 0.28295454545454546 0.03836317135549872 0.11818181818181818
0 0.391304347826087 0.2943181818181818 0.03410059676044331 0.11818181818181818
0 0.42710997442455245 0.20454545454545456 0.030690537084398978 0.10681818181818181
0 0.4032395566922421 0.22215909090909092 0.03239556692242114 0.10340909090909091
0 0.30008525149190113 0.2119318181818182 0.03410059676044331 0.11477272727272728
0 0.5302642796248934 0.15681818181818183 0.03239556692242114 0.10454545454545454
0 0.7450980392156863 0.3573863636363636 0.03751065643648764 0.11022727272727273
0 0.8712702472293266 0.2528409090909091 0.030690537084398978 0.10795454545454546
0 0.8601875532821824 0.44431818181818183 0.04092071611253197 0.11818181818181818
0 0.8508098891730606 0.2471590909090909 0.03580562659846547 0.10795454545454546
0 0.8567774936061381 0.42329545454545453 0.042625745950554135 0.12386363636363637
0 0.814151747655584 0.44375 0.03751065643648764 0.1215909090909091
0 0.7975277067348678 0.9073863636363636 0.05200341005967604 0.14886363636363636
0 0.06734867860187553 0.48295454545454547 0.04603580562659847 0.1318181818181818
0 0.49872122762148335 0.4505681818181818 0.03239556692242114 0.1215909090909091
0 0.37681159420289856 0.55 0.0443307757885763 0.12045454545454545
0 0.5106564364876386 0.43011363636363636 0.03239556692242114 0.11022727272727273
0 0.43307757885763 0.5357954545454545 0.03751065643648764 0.13068181818181818
0 0.4339300937766411 0.16136363636363638 0.02557544757033248 0.08636363636363636
