0 0.13043478260869565 0.2761363636363636 0.03580562659846547 0.11818181818181818
0 0.08780903665814152 0.27443181818181817 0.03580562659846547 0.1215909090909091
0 0.02600170502983802 0.897159090909091 0.041773231031543054 0.14659090909090908
0 0.5268542199488491 0.08181818181818182 0.03239556692242114 0.09090909090909091
0 0.8184143222506394 0.2636363636363636 0.03751065643648764 0.1159090909090909
0 0.7084398976982097 0.2625 0.03751065643648764 0.11136363636363636
0 0.7374254049445865 0.25795454545454544 0.03751065643648764 0.1159090909090909
0 0.7766410912190963 0.2556818181818182 0.03751065643648764 0.11136363636363636
0 0.7416879795396419 0.28238636363636366 0.03751065643648764 0.1125
0 0.7152600170502984 0.4284090909090909 0.042625745950554135 0.11136363636363636
0 0.7855924978687127 0.42102272727272727 0.041773231031543054 0.10568181818181818
0 0.5545609548167093 0.5613636363636364 0.03324808184143223 0.125
0 0.4833759590792839 0.02727272727272727 0.03580562659846547 0.05227272727272727
0 0.40494458653026427 0.017613636363636363 0.027280477408354646 0.03295454545454545
0 0.3776641091219096 0.015909090909090907 0.02557544757033248 0.029545454545454545
0 0.437766410912191 0.024431818181818183 0.03154305200341006 0.04659090909090909
0 0.45524296675191817 0.02159090909090909 0.02557544757033248 0.04090909090909091
0 0.5809889173060528 0.3710227272727273 0.041773231031543054 0.1215909090909091
0 0.5579710144927537 0.6329545454545454 0.041773231031543054 0.12954545454545455
0 0.2570332480818414 0.17329545454545456 0.03495311167945439 0.09886363636363636
0 0.42114236999147486 0.11363636363636363 0.028985507246376812 0.10227272727272728
0 0.2544757033248082 0.41363636363636364 0.03495311167945439 0.12727272727272726
0 0.7642796248934356 0.3431818181818182 0.03324808184143223 0.10681818181818181
0 0.9518329070758739 0.9005681818181818 0.043478260869565216 0.14204545454545456
0 0.22549019607843138 0.9715909090909091 0.05200341005967604 0.056818181818181816
0 0.13128729752770674 0.9420454545454545 0.0494458653026428 0.11818181818181818
0 0.1658141517476556 0.9397727272727273 0.045183290707587385 0.12045454545454545
0 0.41901108269394716 0.2903409090909091 0.040068201193520885 0.10113636363636364
0 0.3213981244671782 0.22045454545454546 0.03580562659846547 0.10909090909090909
0 0.09121909633418585 0.33693181818181817 0.042625745950554135 0.12840909090909092
0 0.007246376811594203 0.38181818181818183 0.01278772378516624 0.1159090909090909
0 0.8145780051150895 0.9176136363636364 0.05370843989769821 0.14659090909090908
0 0.8175618073316283 0.49204545454545456 0.042625745950554135 0.12954545454545455
0 0.9011082693947144 0.6034090909090909 0.05456095481670929 0.12954545454545455
0 0.8384484228473998 0.625 0.05029838022165388 0.1431818181818182
0 0.8103154305200341 0.34545454545454546 0.03495311167945439 0.10681818181818181
0 0.8537936913895993 0.9045454545454545 0.04859335038363171 0.15227272727272728
0 0.6317135549872123 0.8363636363636363 0.04774083546462063 0.13636363636363635
0 0.675618073316283 0.8238636363636364 0.05029838022165388 0.16818181818181818
0 0.933930093776641 0.8335227272727272 0.04688832054560955 0.17613636363636365
0 0.8917306052855924 0.897159090909091 0.04092071611253197 0.14204545454545456
0 0.007246376811594203 0.7551136363636364 0.01278772378516624 0.14659090909090908
0 0.5179028132992327 0.475 0.03324808184143223 0.12045454545454545
0 0.345694799658994 0.3125 0.03495311167945439 0.10454545454545454
0 0.40068201193520886 0.2875 0.028985507246376812 0.09772727272727273
0 0.8358908780903666 0.7880681818181818 0.045183290707587385 0.1375
0 0.013640238704177323 0.4011363636363636 0.02557544757033248 0.10454545454545454
0 0.7817561807331628 0.8301136363636363 0.059676044330775786 0.16022727272727272
0 0.9573742540494459 0.8 0.03751065643648764 0.16136363636363638
0 0.5136402387041773 0.9380681818181819 0.04688832054560955 0.1215909090909091
0 0.8942881500426257 0.821590909090909 0.05115089514066496 0.1431818181818182
0 0.5545609548167093 0.4914772727272727 0.03495311167945439 0.12840909090909092
0 0.057971014492753624 0.048295454545454544 0.030690537084398978 0.08977272727272727
0 0.14492753623188406 0.0375 0.03239556692242114 0.07272727272727272
0 0.21099744245524296 0.07386363636363637 0.029838022165387893 0.08181818181818182
0 0.08951406649616368 0.9255681818181818 0.056265984654731455 0.13977272727272727
0 0.5758738277919864 0.9340909090909091 0.05029838022165388 0.1340909090909091
0 0.7271952259164536 0.8948863636363636 0.04092071611253197 0.14431818181818182
0 0.618925831202046 0.9301136363636363 0.04774083546462063 0.12840909090909092
0 0.7740835464620631 0.48920454545454545 0.04092071611253197 0.13068181818181818
0 0.1875532821824382 0.35511363636363635 0.03580562659846547 0.10795454545454546
0 0.21611253196930946 0.35511363636363635 0.040068201193520885 0.11477272727272728
0 0.5157715260017051 0.39488636363636365 0.0392156862745098 0.1215909090909091
0 0.5447570332480819 0.4011363636363636 0.03751065643648764 0.10681818181818181
0 0.016624040920716114 0.18409090909090908 0.03154305200341006 0.11136363636363636
0 0.10315430520034101 0.2028409090909091 0.03239556692242114 0.09886363636363636
0 0.1845694799658994 0.16761363636363635 0.029838022165387893 0.0875
0 0.004262574595055414 0.16875 0.0068201193520886615 0.10795454545454546
0 0.20971867007672634 0.16647727272727272 0.028985507246376812 0.09659090909090909
0 0.3815004262574595 0.16420454545454546 0.040068201193520885 0.10340909090909091
0 0.3989769820971867 0.11477272727272728 0.023870417732310314 0.08863636363636364
0 0.335464620630861 0.09886363636363636 0.0247229326513214 0.075
0 0.23273657289002558 0.07045454545454545 0.028985507246376812 0.09318181818181819
0 0.25788576300085253 0.07840909090909091 0.028132992327365727 0.08181818181818182
0 0.4778346121057119 0.11306818181818182 0.029838022165387893 0.09204545454545454
0 0.5025575447570333 0.11761363636363636 0.026427962489343565 0.0875
0 0.8640238704177323 0.11704545454545455 0.03495311167945439 0.10454545454545454
0 0.2553282182438193 0.01875 0.028132992327365727 0.035227272727272725
0 0.30647911338448425 0.08295454545454546 0.028132992327365727 0.08409090909090909
0 0.31841432225063937 0.10113636363636364 0.0247229326513214 0.06136363636363636
0 0.7480818414322251 0.5164772727272727 0.045183290707587385 0.13522727272727272
0 0.8132992327365729 0.5460227272727273 0.04092071611253197 0.13068181818181818
0 0.7186700767263428 0.6397727272727273 0.042625745950554135 0.13863636363636364
0 0.7480818414322251 0.6238636363636364 0.04688832054560955 0.15227272727272728
0 0.4599317988064791 0.6909090909090909 0.04688832054560955 0.14772727272727273
0 0.7378516624040921 0.5761363636363637 0.03836317135549872 0.125
0 0.69693094629156 0.6323863636363637 0.03836317135549872 0.12386363636363637
0 0.7838874680306905 0.5602272727272727 0.03665814151747655 0.1340909090909091
0 0.38832054560954815 0.26647727272727273 0.03495311167945439 0.09886363636363636
0 0.3546462063086104 0.2534090909090909 0.03580562659846547 0.12045454545454545
0 0.83461210571185 0.036931818181818184 0.03239556692242114 0.0715909090909091
0 0.7442455242966752 0.35909090909090907 0.03239556692242114 0.075
0 0.7634271099744245 0.5863636363636363 0.041773231031543054 0.1409090909090909
0 0.22847399829497017 0.04375 0.028985507246376812 0.08295454545454546
0 0.0639386189258312 0.6301136363636364 0.042625745950554135 0.14204545454545456
0 0.572463768115942 0.8539772727272728 0.05541346973572037 0.16022727272727272
0 0.46248934356351235 0.9056818181818181 0.04688832054560955 0.13863636363636364
0 0.1278772378516624 0.6590909090909091 0.04774083546462063 0.1409090909090909
0 0.46845694799658993 0.43125 0.040068201193520885 0.13068181818181818
0 0.44714407502131287 0.6079545454545454 0.04859335038363171 0.1340909090909091
0 0.4761295822676897 0.6176136363636363 0.03665814151747655 0.12840909090909092
0 0.2813299232736573 0.4238636363636364 0.04092071611253197 0.10909090909090909
0 0.4599317988064791 0.5607954545454545 0.043478260869565216 0.12613636363636363
0 0.8324808184143222 0.8198863636363637 0.04688832054560955 0.15113636363636362
0 0.37638533674339303 0.3130681818181818 0.03495311167945439 0.11022727272727273
0 0.4539641943734015 0.32386363636363635 0.03836317135549872 0.10454545454545454
0 0.4420289855072464 0.9397727272727273 0.05029838022165388 0.12272727272727273
0 0.27024722932651324 0.7875 0.05115089514066496 0.15227272727272728
0 0.39855072463768115 0.6034090909090909 0.04688832054560955 0.1340909090909091
0 0.6526001705029838 0.9568181818181818 0.04688832054560955 0.08863636363636364
0 0.319693094629156 0.7977272727272727 0.042625745950554135 0.16590909090909092
0 0.41602728047740833 0.727840909090909 0.042625745950554135 0.13295454545454546
0 0.10443307757885763 0.8039772727272727 0.05029838022165388 0.15568181818181817
0 0.29965899403239554 0.6301136363636364 0.03836317135549872 0.13068181818181818
0 0.35848252344416026 0.6375 0.04688832054560955 0.14772727272727273
0 0.3874680306905371 0.7778409090909091 0.05200341005967604 0.15795454545454546
0 0.37638533674339303 0.7227272727272728 0.04688832054560955 0.13863636363636364
0 0.3653026427962489 0.5886363636363636 0.04859335038363171 0.1340909090909091
0 0.3900255754475703 0.6517045454545455 0.04688832054560955 0.13977272727272727
0 0.03836317135549872 0.7852272727272728 0.05115089514066496 0.15227272727272728
0 0.4961636828644501 0.5647727272727273 0.04603580562659847 0.125
0 0.8921568627450981 0.9698863636363636 0.043478260869565216 0.060227272727272727
0 0.8371696504688833 0.6590909090909091 0.03751065643648764 0.12727272727272726
0 0.8098891730605285 0.6482954545454546 0.0443307757885763 0.13977272727272727
0 0.9816709292412618 0.8801136363636364 0.03495311167945439 0.14204545454545456
0 0.9526854219948849 0.9443181818181818 0.06223358908780904 0.11363636363636363
0 0.6939471440750213 0.9664772727272727 0.03751065643648764 0.06704545454545455
0 0.7114236999147485 0.9590909090909091 0.03836317135549872 0.08181818181818182
0 0.39514066496163686 0.4738636363636364 0.03836317135549872 0.1159090909090909
