0 0.17533252720677148 0.8337962962962963 0.0471584038694075 0.14351851851851852
0 0.20163240628778717 0.7981481481481482 0.05259975816203144 0.16666666666666666
0 0.07315598548972188 0.7833333333333333 0.04836759371221282 0.17777777777777778
0 0.11215235792019347 0.7472222222222222 0.044135429262394194 0.15555555555555556
0 0.044135429262394194 0.7509259259259259 0.0471584038694075 0.15185185185185185
0 0.30290205562273276 0.6430555555555556 0.037484885126964934 0.14537037037037037
0 0.15991535671100363 0.36898148148148147 0.04534461910519952 0.14537037037037037
0 0.17654171704957677 0.2074074074074074 0.044740024183796856 0.13518518518518519
0 0.07255139056831923 0.15694444444444444 0.041112454655380895 0.13425925925925927
0 0.04201934703748488 0.15 0.02962515114873035 0.12962962962962962
0 0.08313180169286578 0.05 0.039298669891172915 0.09814814814814815
0 0.11185006045949214 0.049074074074074076 0.037484885126964934 0.0962962962962963
0 0.0722490931076179 0.037037037037037035 0.03204353083434099 0.07222222222222222
0 0.19437726723095525 0.049074074074074076 0.034461910519951636 0.0962962962962963
0 0.24365175332527206 0.05416666666666667 0.036275695284159616 0.10648148148148148
0 0.20163240628778717 0.1111111111111111 0.039298669891172915 0.13518518518518519
0 0.24667472793228537 0.1 0.03506650544135429 0.15185185185185185
0 0.2968561064087062 0.2712962962962963 0.03990326481257558 0.14074074074074075
0 0.26934703748488514 0.26435185185185184 0.04171704957678356 0.1287037037037037
0 0.3597339782345828 0.049074074074074076 0.030229746070133012 0.0962962962962963
0 0.42200725513905685 0.10416666666666667 0.04232164449818621 0.12685185185185185
0 0.4558645707376058 0.14537037037037037 0.037484885126964934 0.13518518518518519
0 0.4951632406287787 0.09583333333333334 0.03506650544135429 0.13240740740740742
0 0.46765417170495766 0.08194444444444444 0.034461910519951636 0.11203703703703703
0 0.4322853688029021 0.04861111111111111 0.03990326481257558 0.09537037037037037
0 0.5498790810157195 0.2125 0.04171704957678356 0.13796296296296295
0 0.5873639661426844 0.20787037037037037 0.044135429262394194 0.12685185185185185
0 0.5402055622732769 0.10833333333333334 0.03204353083434099 0.12777777777777777
0 0.5810157194679565 0.14166666666666666 0.032648125755743655 0.1259259259259259
0 0.5707376058041113 0.10833333333333334 0.030229746070133012 0.12407407407407407
0 0.5680169286577993 0.06574074074074074 0.03204353083434099 0.1259259259259259
0 0.6330108827085853 0.03194444444444444 0.03143893591293833 0.062037037037037036
0 0.658403869407497 0.03009259259259259 0.02902055622732769 0.058333333333333334
0 0.6795646916565901 0.026851851851851852 0.02539298669891173 0.05185185185185185
0 0.7094921402660218 0.025925925925925925 0.028415961305925032 0.05
0 0.7321644498186215 0.02824074074074074 0.026602176541717048 0.05462962962962963
0 0.6299879081015719 0.13055555555555556 0.03869407496977025 0.12962962962962962
0 0.7563482466747279 0.49212962962962964 0.045949214026602174 0.15648148148148147
0 0.652962515114873 0.3439814814814815 0.036275695284159616 0.14907407407407408
0 0.6949818621523579 0.3314814814814815 0.03688029020556227 0.13518518518518519
0 0.6720072551390568 0.29259259259259257 0.03688029020556227 0.12962962962962962
0 0.7409310761789601 0.2518518518518518 0.03204353083434099 0.1259259259259259
0 0.717956469165659 0.2462962962962963 0.03688029020556227 0.13148148148148148
0 0.6904474002418379 0.22916666666666666 0.037484885126964934 0.13796296296296295
0 0.7986698911729141 0.2037037037037037 0.04353083434099154 0.12962962962962962
0 0.7687424425634825 0.18425925925925926 0.04171704957678356 0.11851851851851852
0 0.7980652962515115 0.16018518518518518 0.03990326481257558 0.12407407407407407
0 0.8041112454655381 0.1388888888888889 0.037484885126964934 0.12962962962962962
0 0.7732769044740024 0.13935185185185187 0.03506650544135429 0.13425925925925927
0 0.7699516324062878 0.09351851851851851 0.034461910519951636 0.1259259259259259
0 0.8437122128174124 0.1259259259259259 0.039298669891172915 0.11851851851851852
0 0.8739419588875453 0.11851851851851852 0.03688029020556227 0.13333333333333333
0 0.9561668681983071 0.06666666666666667 0.034461910519951636 0.11296296296296296
0 0.9848851269649335 0.06851851851851852 0.02902055622732769 0.12777777777777777
0 0.944074969770254 0.037037037037037035 0.02720677146311971 0.07037037037037037
0 0.9186819830713422 0.18935185185185185 0.039298669891172915 0.1287037037037037
0 0.9570737605804112 0.24351851851851852 0.03990326481257558 0.1425925925925926
0 0.9730955259975816 0.17962962962962964 0.039298669891172915 0.13518518518518519
0 0.9924425634824667 0.21388888888888888 0.013905683192261185 0.13333333333333333
0 0.9347037484885127 0.4009259259259259 0.05199516324062878 0.14074074074074075
0 0.6073155985489722 0.01574074074074074 0.024788391777509067 0.02962962962962963
0 0.2330713422007255 0.055092592592592596 0.02962515114873035 0.08611111111111111
0 0.22309552599758162 0.046296296296296294 0.02418379685610641 0.08148148148148149
0 0.11970979443772672 0.6231481481481481 0.03385731559854897 0.1537037037037037
0 0.18833131801692865 0.6152777777777778 0.03204353083434099 0.14907407407407408
0 0.1674727932285369 0.5800925925925926 0.04232164449818621 0.13796296296296295
0 0.20495767835550183 0.5791666666666667 0.03990326481257558 0.15462962962962962
0 0.1928657799274486 0.5254629629629629 0.03990326481257558 0.15092592592592594
0 0.15931076178960096 0.5120370370370371 0.03688029020556227 0.12962962962962962
0 0.6874244256348246 0.8416666666666667 0.04836759371221282 0.1962962962962963
0 0.4866989117291415 0.27546296296296297 0.02902055622732769 0.1398148148148148
0 0.40598548972188636 0.2175925925925926 0.03204353083434099 0.12962962962962962
0 0.42926239419588874 0.22083333333333333 0.02781136638452237 0.12685185185185185
0 0.4528415961305925 0.2675925925925926 0.02781136638452237 0.1259259259259259
0 0.12787182587666263 0.44583333333333336 0.044135429262394194 0.13796296296296295
0 0.310459492140266 0.549074074074074 0.046553808948004836 0.15185185185185185
0 0.3252720677146312 0.6666666666666666 0.04232164449818621 0.1574074074074074
0 0.3010882708585248 0.6819444444444445 0.04232164449818621 0.1787037037037037
0 0.16142684401451027 0.4398148148148148 0.03506650544135429 0.14074074074074075
0 0.2871825876662636 0.5074074074074074 0.041112454655380895 0.16296296296296298
0 0.08252720677146312 0.3675925925925926 0.035671100362756954 0.13148148148148148
0 0.10368802902055622 0.37777777777777777 0.04050785973397823 0.13703703703703704
0 0.6330108827085853 0.9009259259259259 0.06529625151148731 0.1685185185185185
0 0.593409915356711 0.8462962962962963 0.07073760580411124 0.1925925925925926
0 0.8267835550181378 0.7907407407407407 0.046553808948004836 0.1814814814814815
0 0.9050785973397824 0.8175925925925925 0.04836759371221282 0.18518518518518517
0 0.8606408706166868 0.8236111111111111 0.0562273276904474 0.1787037037037037
0 0.18802902055622733 0.38055555555555554 0.036275695284159616 0.13703703703703704
0 0.716142684401451 0.3763888888888889 0.035671100362756954 0.12314814814814815
0 0.7385126964933495 0.6388888888888888 0.0380894800483676 0.1537037037037037
0 0.9020556227327691 0.6675925925925926 0.0592503022974607 0.14629629629629629
0 0.9746070133010882 0.6430555555555556 0.049576783555018135 0.15462962962962962
0 0.8685006045949214 0.6481481481481481 0.05743651753325272 0.16296296296296298
0 0.9008464328899637 0.48333333333333334 0.032648125755743655 0.0962962962962963
0 0.879081015719468 0.4439814814814815 0.0471584038694075 0.13796296296296295
0 0.932285368802902 0.6569444444444444 0.04353083434099154 0.1527777777777778
0 0.2076783555018138 0.1685185185185185 0.034461910519951636 0.14074074074074075
0 0.07345828295042321 0.6143518518518518 0.058645707376058044 0.1638888888888889
0 0.7744860943168077 0.22685185185185186 0.03869407496977025 0.12407407407407407
0 0.9776299879081015 0.5574074074074075 0.04232164449818621 0.14814814814814814
0 0.966142684401451 0.3837962962962963 0.02781136638452237 0.1175925925925926
0 0.6704957678355502 0.3527777777777778 0.03385731559854897 0.12037037037037036
0 0.9416565900846433 0.5800925925925926 0.046553808948004836 0.15462962962962962
0 0.9824667472793228 0.4824074074074074 0.03385731559854897 0.1537037037037037
0 0.7249093107617895 0.8666666666666667 0.045949214026602174 0.1574074074074074
0 0.7587666263603385 0.8462962962962963 0.041112454655380895 0.13518518518518519
0 0.9812575574365175 0.9148148148148149 0.036275695284159616 0.1574074074074074
0 0.8476420798065296 0.7296296296296296 0.05199516324062878 0.1648148148148148
0 0.7430471584038694 0.3560185185185185 0.04232164449818621 0.1175925925925926
0 0.781136638452237 0.3587962962962963 0.03990326481257558 0.13796296296296295
0 0.9513301088270859 0.8185185185185185 0.0562273276904474 0.17962962962962964
0 0.4873035066505441 0.6939814814814815 0.037484885126964934 0.14537037037037037
0 0.29836759371221283 0.35324074074074074 0.044135429262394194 0.13796296296296295
0 0.28476420798065294 0.36574074074074076 0.03506650544135429 0.14074074074074075
0 0.5640870616686819 0.48055555555555557 0.032648125755743655 0.12407407407407407
0 0.8155985489721886 0.7083333333333334 0.04353083434099154 0.14629629629629629
0 0.9770253929866989 0.8402777777777778 0.041112454655380895 0.1361111111111111
0 0.43833131801692865 0.9462962962962963 0.056831922611850064 0.10925925925925926
0 0.5133010882708585 0.7958333333333333 0.04836759371221282 0.1824074074074074
0 0.4567714631197098 0.8472222222222222 0.046553808948004836 0.16296296296296298
0 0.5752720677146312 0.5981481481481481 0.04171704957678356 0.1537037037037037
0 0.6067110036275696 0.6092592592592593 0.046553808948004836 0.15185185185185185
0 0.35308343409915355 0.7717592592592593 0.05441354292623942 0.16203703703703703
0 0.5746674727932285 0.5101851851851852 0.03083434099153567 0.13703703703703704
0 0.5420193470374849 0.5208333333333334 0.03325272067714631 0.10648148148148148
0 0.6006650544135429 0.575 0.04171704957678356 0.14629629629629629
0 0.5163240628778718 0.8462962962962963 0.04232164449818621 0.17962962962962964
0 0.3639661426844015 0.44537037037037036 0.04232164449818621 0.12962962962962962
0 0.3688029020556227 0.6092592592592593 0.03869407496977025 0.16296296296296298
0 0.3887545344619105 0.36018518518518516 0.044740024183796856 0.15185185185185185
0 0.5048367593712213 0.41435185185185186 0.03143893591293833 0.14351851851851852
0 0.3984280532043531 0.6944444444444444 0.03143893591293833 0.14629629629629629
0 0.40900846432889965 0.7486111111111111 0.047762998790810154 0.16018518518518518
0 0.43833131801692865 0.7162037037037037 0.03869407496977025 0.1638888888888889
0 0.3808948004836759 0.7175925925925926 0.04232164449818621 0.17037037037037037
0 0.34280532043530837 0.11435185185185186 0.03506650544135429 0.13796296296296295
0 0.3234582829504232 0.04398148148148148 0.02539298669891173 0.08611111111111111
0 0.3047158403869408 0.0375 0.02539298669891173 0.07314814814814814
0 0.011487303506650543 0.8847222222222222 0.02176541717049577 0.18425925925925926
0 0.2932285368802902 0.11898148148148148 0.02902055622732769 0.1287037037037037
0 0.9860943168077388 0.7402777777777778 0.026602176541717048 0.12129629629629629
0 0.5704353083434099 0.6648148148148149 0.044135429262394194 0.14629629629629629
0 0.49848851269649336 0.6097222222222223 0.042926239419588876 0.15833333333333333
0 0.5689238210399032 0.6481481481481481 0.0471584038694075 0.14814814814814814
0 0.6862152357920194 0.6777777777777778 0.044740024183796856 0.15185185185185185
0 0.2617896009673519 0.43796296296296294 0.04232164449818621 0.14074074074074075
0 0.5063482466747279 0.5208333333333334 0.034461910519951636 0.13796296296296295
0 0.09794437726723096 0.9717592592592592 0.03869407496977025 0.058333333333333334
0 0.47702539298669894 0.49166666666666664 0.0471584038694075 0.13518518518518519
0 0.40719467956469163 0.3421296296296296 0.039298669891172915 0.13240740740740742
0 0.32799274486094315 0.45787037037037037 0.0380894800483676 0.14907407407407408
0 0.4821644498186215 0.3837962962962963 0.02962515114873035 0.1398148148148148
0 0.5136033857315598 0.3851851851851852 0.034461910519951636 0.13518518518518519
0 0.4507255139056832 0.5324074074074074 0.039298669891172915 0.14629629629629629
0 0.31650544135429265 0.13055555555555556 0.02720677146311971 0.11851851851851852
0 0.4480048367593712 0.6722222222222223 0.04232164449818621 0.15555555555555556
0 0.4821644498186215 0.42314814814814816 0.02962515114873035 0.11851851851851852
0 0.7094921402660218 0.11203703703703703 0.039298669891172915 0.14074074074074075
0 0.003022974607013301 0.17083333333333334 0.0048367593712212815 0.12129629629629629
