0 0.8333333333333334 0.7444444444444445 0.08020833333333334 0.2518518518518518
0 0.26145833333333335 0.6537037037037037 0.05416666666666667 0.23703703703703705
0 0.7734375 0.5916666666666667 0.05625 0.22962962962962963
0 0.5041666666666667 0.5550925925925926 0.05 0.21574074074074073
0 0.4640625 0.5726851851851852 0.053125 0.2324074074074074
0 0.21067708333333332 0.5736111111111111 0.049479166666666664 0.2212962962962963
0 0.8044270833333333 0.6222222222222222 0.07239583333333334 0.24259259259259258
0 0.6169270833333333 0.39861111111111114 0.027604166666666666 0.13796296296296295
0 0.5671875 0.3972222222222222 0.034375 0.14629629629629629
0 0.8005208333333333 0.3587962962962963 0.030208333333333334 0.15462962962962962
0 0.4934895833333333 0.4263888888888889 0.0359375 0.15648148148148147
0 0.029947916666666668 0.9074074074074074 0.0546875 0.18703703703703703
0 0.018489583333333334 0.8870370370370371 0.0359375 0.2222222222222222
0 0.19401041666666666 0.5296296296296297 0.0484375 0.2037037037037037
0 0.40677083333333336 0.36018518518518516 0.035416666666666666 0.14074074074074075
0 0.36432291666666666 0.35462962962962963 0.033854166666666664 0.1574074074074074
0 0.31197916666666664 0.3773148148148148 0.0375 0.15092592592592594
0 0.43671875 0.33240740740740743 0.03177083333333333 0.14074074074074075
0 0.4578125 0.2935185185185185 0.03229166666666667 0.12407407407407407
0 0.42916666666666664 0.2898148148148148 0.030208333333333334 0.12407407407407407
0 0.3578125 0.275 0.027083333333333334 0.12037037037037036
0 0.38203125 0.28379629629629627 0.027604166666666666 0.12685185185185185
0 0.5880208333333333 0.6041666666666666 0.04895833333333333 0.2638888888888889
0 0.5348958333333333 0.600462962962963 0.05 0.2490740740740741
0 0.5442708333333334 0.7134259259259259 0.0625 0.25833333333333336
0 0.4973958333333333 0.6986111111111111 0.0625 0.2712962962962963
0 0.09479166666666666 0.5611111111111111 0.04479166666666667 0.1962962962962963
0 0.34348958333333335 0.4449074074074074 0.033854166666666664 0.16944444444444445
0 0.6166666666666667 0.36203703703703705 0.03229166666666667 0.13518518518518519
0 0.7755208333333333 0.3921296296296296 0.034375 0.17685185185185184
0 0.7544270833333333 0.5328703703703703 0.0546875 0.21944444444444444
0 0.7890625 0.475462962962963 0.03958333333333333 0.20092592592592592
0 0.6526041666666667 0.4810185185185185 0.03958333333333333 0.1935185185185185
0 0.8247395833333333 0.4787037037037037 0.04635416666666667 0.21481481481481482
0 0.1578125 0.8402777777777778 0.06979166666666667 0.3212962962962963
0 0.3234375 0.9032407407407408 0.07604166666666666 0.1935185185185185
0 0.8963541666666667 0.5120370370370371 0.04375 0.20555555555555555
