0 0.09846547314578005 0.9784090909090909 0.041773231031543054 0.045454545454545456
0 0.38192668371696503 0.9039772727272727 0.0494458653026428 0.16477272727272727
0 0.2557544757033248 0.5284090909090909 0.042625745950554135 0.1318181818181818
0 0.5515771526001705 0.5443181818181818 0.042625745950554135 0.12727272727272726
0 0.922847399829497 0.8181818181818182 0.05029838022165388 0.15681818181818183
0 0.8891730605285593 0.8357954545454546 0.05285592497868713 0.14204545454545456
0 0.5063938618925832 0.49318181818181817 0.04092071611253197 0.12954545454545455
0 0.8000852514919011 0.8176136363636364 0.06223358908780904 0.16477272727272727
0 0.8495311167945439 0.8136363636363636 0.041773231031543054 0.1409090909090909
0 0.8337595907928389 0.3090909090909091 0.0443307757885763 0.11818181818181818
0 0.7962489343563512 0.29261363636363635 0.04603580562659847 0.11704545454545455
0 0.3145780051150895 0.522159090909091 0.04774083546462063 0.13522727272727272
0 0.2894288150042626 0.540340909090909 0.058823529411764705 0.13068181818181818
0 0.052429667519181586 0.39375 0.03836317135549872 0.12840909090909092
0 0.30647911338448425 0.47556818181818183 0.041773231031543054 0.1375
0 0.329923273657289 0.4909090909090909 0.0392156862745098 0.11818181818181818
0 0.4620630861040068 0.98125 0.028985507246376812 0.0375
0 0.3695652173913043 0.48863636363636365 0.041773231031543054 0.125
0 0.41389599317988063 0.49261363636363636 0.041773231031543054 0.13295454545454546
0 0.38618925831202044 0.6545454545454545 0.0494458653026428 0.14545454545454545
0 0.38832054560954815 0.5096590909090909 0.041773231031543054 0.12840909090909092
0 0.45652173913043476 0.48806818181818185 0.045183290707587385 0.1375
0 0.3052003410059676 0.3971590909090909 0.03751065643648764 0.1215909090909091
0 0.2783461210571185 0.3977272727272727 0.041773231031543054 0.1159090909090909
0 0.08908780903665814 0.29829545454545453 0.03836317135549872 0.11931818181818182
0 0.08525149190110827 0.3789772727272727 0.03580562659846547 0.12386363636363637
0 0.0937766410912191 0.4102272727272727 0.04092071611253197 0.125
0 0.12233589087809037 0.41875 0.041773231031543054 0.11704545454545455
0 0.11508951406649616 0.3846590909090909 0.0392156862745098 0.1215909090909091
0 0.19224211423699913 0.3375 0.04859335038363171 0.10681818181818181
0 0.5285592497868713 0.4017045454545455 0.042625745950554135 0.1375
0 0.3473998294970162 0.35 0.041773231031543054 0.12272727272727273
0 0.391304347826087 0.3346590909090909 0.0443307757885763 0.11477272727272728
0 0.26001705029838024 0.36022727272727273 0.03580562659846547 0.11818181818181818
0 0.3554987212276215 0.24602272727272728 0.03239556692242114 0.0875
0 0.391304347826087 0.23920454545454545 0.03580562659846547 0.10113636363636364
0 0.37595907928388744 0.2590909090909091 0.02557544757033248 0.08409090909090909
0 0.25234441602728047 0.24545454545454545 0.0392156862745098 0.12045454545454545
0 0.5494458653026428 0.61875 0.043478260869565216 0.14886363636363636
0 0.47144075021312876 0.6278409090909091 0.04774083546462063 0.13295454545454546
0 0.16879795396419436 0.34375 0.030690537084398978 0.09431818181818181
0 0.05029838022165388 0.94375 0.057971014492753624 0.1125
0 0.00639386189258312 0.4011363636363636 0.011082693947144074 0.12045454545454545
0 0.2791986359761296 0.46988636363636366 0.03154305200341006 0.1215909090909091
0 0.8337595907928389 0.5301136363636364 0.04603580562659847 0.13522727272727272
0 0.7958226768968457 0.54375 0.041773231031543054 0.12840909090909092
0 0.824381926683717 0.49772727272727274 0.0443307757885763 0.14545454545454545
0 0.7868712702472294 0.4823863636363636 0.04774083546462063 0.12386363636363637
0 0.8132992327365729 0.15795454545454546 0.03751065643648764 0.10681818181818181
0 0.04305200341005968 0.05284090909090909 0.041773231031543054 0.10340909090909091
0 0.01278772378516624 0.16079545454545455 0.023870417732310314 0.11704545454545455
0 0.53154305200341 0.5011363636363636 0.045183290707587385 0.1431818181818182
0 0.030690537084398978 0.16647727272727272 0.0443307757885763 0.10795454545454546
0 0.17774936061381075 0.08011363636363636 0.03154305200341006 0.10113636363636364
0 0.293691389599318 0.12329545454545454 0.029838022165387893 0.10795454545454546
0 0.32651321398124467 0.29545454545454547 0.0392156862745098 0.125
0 0.32438192668371696 0.12443181818181819 0.028132992327365727 0.09431818181818181
0 0.3188405797101449 0.17613636363636365 0.04092071611253197 0.10454545454545454
0 0.2907075873827792 0.35625 0.04092071611253197 0.1215909090909091
0 0.4833759590792839 0.21363636363636362 0.04092071611253197 0.10909090909090909
0 0.5140664961636828 0.21534090909090908 0.042625745950554135 0.1125
0 0.37809036658141515 0.12613636363636363 0.03154305200341006 0.1
0 0.4117647058823529 0.1340909090909091 0.03751065643648764 0.1
0 0.3393009377664109 0.05795454545454545 0.0392156862745098 0.1
0 0.5034100596760444 0.03409090909090909 0.0247229326513214 0.0659090909090909
0 0.4215686274509804 0.23863636363636365 0.03836317135549872 0.11136363636363636
0 0.3832054560954817 0.05284090909090909 0.028132992327365727 0.09659090909090909
0 0.4676044330775789 0.03409090909090909 0.03495311167945439 0.0659090909090909
0 0.7872975277067349 0.5772727272727273 0.04859335038363171 0.13636363636363635
0 0.5588235294117647 0.48011363636363635 0.03836317135549872 0.14431818181818182
0 0.489769820971867 0.42045454545454547 0.043478260869565216 0.1340909090909091
0 0.2693947144075021 0.036931818181818184 0.03410059676044331 0.0715909090909091
0 0.30051150895140666 0.020454545454545454 0.026427962489343565 0.038636363636363635
0 0.32395566922421143 0.010795454545454546 0.030690537084398978 0.019318181818181818
0 0.8546462063086104 0.015909090909090907 0.03154305200341006 0.029545454545454545
0 0.8312020460358056 0.016477272727272726 0.023870417732310314 0.03068181818181818
0 0.5856777493606138 0.009659090909090909 0.028985507246376812 0.017045454545454544
0 0.5289855072463768 0.42215909090909093 0.045183290707587385 0.1215909090909091
0 0.5294117647058824 0.5488636363636363 0.0392156862745098 0.11818181818181818
0 0.4978687127024723 0.5306818181818181 0.042625745950554135 0.125
0 0.37041773231031544 0.29147727272727275 0.043478260869565216 0.1215909090909091
