0 0.5471584038694075 0.8912037037037037 0.04232164449818621 0.1824074074074074
0 0.5492744860943168 0.9268518518518518 0.04171704957678356 0.14629629629629629
0 0.7581620314389359 0.975 0.03869407496977025 0.05
0 0.3978234582829504 0.5912037037037037 0.04232164449818621 0.15092592592592594
0 0.02539298669891173 0.9638888888888889 0.049576783555018135 0.07222222222222222
0 0.7230955259975816 0.6791666666666667 0.045949214026602174 0.17685185185185184
0 0.7237001209189843 0.7041666666666667 0.049576783555018135 0.17314814814814813
0 0.7073760580411125 0.7407407407407407 0.0471584038694075 0.17407407407407408
0 0.9758162031438936 0.9402777777777778 0.03990326481257558 0.11944444444444445
0 0.34159613059250304 0.30324074074074076 0.037484885126964934 0.13796296296296295
0 0.2850665054413543 0.3300925925925926 0.03325272067714631 0.1398148148148148
0 0.37273276904474 0.3101851851851852 0.039298669891172915 0.1425925925925926
0 0.40205562273276907 0.2935185185185185 0.036275695284159616 0.14074074074074075
0 0.3080411124546554 0.3384259259259259 0.042926239419588876 0.14351851851851852
0 0.6372430471584039 0.9638888888888889 0.05199516324062878 0.07407407407407407
0 0.6738210399032648 0.9541666666666667 0.04171704957678356 0.09351851851851851
0 0.624546553808948 0.95 0.04232164449818621 0.1
0 0.9588875453446191 0.9777777777777777 0.044740024183796856 0.04259259259259259
0 0.8089480048367593 0.8050925925925926 0.04353083434099154 0.1638888888888889
0 0.8893591293833132 0.8412037037037037 0.053204353083434096 0.17685185185185184
0 0.8183192261185006 0.749537037037037 0.035671100362756954 0.12314814814814815
0 0.8518742442563483 0.7439814814814815 0.03990326481257558 0.13240740740740742
0 0.009371221281741234 0.325 0.017533252720677146 0.1388888888888889
0 0.015417170495767836 0.3592592592592593 0.02962515114873035 0.13703703703703704
0 0.8960096735187424 0.27824074074074073 0.04232164449818621 0.14907407407407408
0 0.9371221281741233 0.25 0.03990326481257558 0.12222222222222222
0 0.19619105199516323 0.30787037037037035 0.03688029020556227 0.1287037037037037
0 0.06771463119709795 0.3763888888888889 0.044740024183796856 0.15092592592592594
0 0.26058041112454655 0.3087962962962963 0.036275695284159616 0.13796296296296295
0 0.585247883917775 0.42824074074074076 0.03990326481257558 0.1675925925925926
0 0.2660217654171705 0.25416666666666665 0.032648125755743655 0.13796296296296295
0 0.29443772672309554 0.3662037037037037 0.041112454655380895 0.14166666666666666
0 0.6242442563482467 0.3212962962962963 0.04171704957678356 0.13518518518518519
0 0.6608222490931076 0.3023148148148148 0.0471584038694075 0.1398148148148148
0 0.6977025392986699 0.27824074074074073 0.04353083434099154 0.13425925925925927
0 0.7853688029020556 0.2912037037037037 0.03869407496977025 0.13240740740740742
0 0.7750906892382105 0.3037037037037037 0.041112454655380895 0.1388888888888889
0 0.7799274486094316 0.4462962962962963 0.04353083434099154 0.1425925925925926
0 0.9700725513905684 0.48009259259259257 0.0380894800483676 0.1398148148148148
0 0.9474002418379686 0.5018518518518519 0.03990326481257558 0.1425925925925926
0 0.93409915356711 0.624537037037037 0.04353083434099154 0.16203703703703703
0 0.9062877871825876 0.6351851851851852 0.0471584038694075 0.17407407407407408
0 0.810459492140266 0.6657407407407407 0.039298669891172915 0.11296296296296296
0 0.835247883917775 0.6398148148148148 0.04171704957678356 0.15185185185185185
0 0.8570133010882709 0.6412037037037037 0.03204353083434099 0.11574074074074074
0 0.8143893591293833 0.7027777777777777 0.0592503022974607 0.15
0 0.9474002418379686 0.7416666666666667 0.05804111245465538 0.16296296296296298
0 0.9362152357920194 0.8379629629629629 0.047762998790810154 0.17222222222222222
0 0.6287787182587666 0.6 0.04353083434099154 0.1574074074074074
0 0.6535671100362757 0.6125 0.041112454655380895 0.16018518518518518
0 0.8685006045949214 0.4976851851851852 0.02962515114873035 0.13425925925925927
0 0.8467351874244257 0.49444444444444446 0.03688029020556227 0.13703703703703704
0 0.6160822249093107 0.6907407407407408 0.04836759371221282 0.16666666666666666
0 0.5813180169286578 0.6842592592592592 0.044135429262394194 0.16111111111111112
0 0.7291414752116082 0.612037037037037 0.036275695284159616 0.12777777777777777
0 0.7569528415961306 0.6212962962962963 0.04353083434099154 0.11851851851851852
0 0.7877871825876662 0.6074074074074074 0.04353083434099154 0.15925925925925927
0 0.8446191051995163 0.38981481481481484 0.03385731559854897 0.13518518518518519
0 0.8651753325272068 0.37546296296296294 0.036275695284159616 0.12129629629629629
0 0.7995767835550182 0.9481481481481482 0.05501813784764208 0.10555555555555556
0 0.07073760580411124 0.5879629629629629 0.044740024183796856 0.1574074074074074
0 0.10761789600967352 0.5662037037037037 0.04353083434099154 0.14907407407407408
0 0.13422007255139057 0.7245370370370371 0.04353083434099154 0.18055555555555555
0 0.08524788391777509 0.7328703703703704 0.049576783555018135 0.16018518518518518
0 0.0048367593712212815 0.3 0.008464328899637243 0.1259259259259259
0 0.2974607013301088 0.6689814814814815 0.0471584038694075 0.16203703703703703
0 0.3431076178960097 0.6412037037037037 0.042926239419588876 0.1638888888888889
0 0.37122128174123337 0.6662037037037037 0.036275695284159616 0.13796296296296295
0 0.5042321644498187 0.9194444444444444 0.03506650544135429 0.1111111111111111
0 0.11608222490931076 0.44305555555555554 0.0471584038694075 0.13425925925925927
0 0.45223700120918986 0.8953703703703704 0.05078597339782346 0.17222222222222222
0 0.81590084643289 0.4324074074074074 0.04534461910519952 0.14074074074074075
0 0.2249093107617896 0.3138888888888889 0.03990326481257558 0.14444444444444443
0 0.037484885126964934 0.37546296296296294 0.03869407496977025 0.13240740740740742
0 0.11003627569528417 0.40046296296296297 0.04232164449818621 0.16574074074074074
0 0.23669891172914148 0.600462962962963 0.04171704957678356 0.15648148148148147
0 0.2351874244256348 0.5708333333333333 0.03506650544135429 0.14722222222222223
0 0.1928657799274486 0.6032407407407407 0.04232164449818621 0.14166666666666666
0 0.20616686819830712 0.5486111111111112 0.04232164449818621 0.14537037037037037
0 0.1686819830713422 0.5689814814814815 0.041112454655380895 0.1527777777777778
0 0.3352478839177751 0.6050925925925926 0.03688029020556227 0.15462962962962962
0 0.3866384522370012 0.2550925925925926 0.034461910519951636 0.1287037037037037
0 0.40870616686819833 0.2611111111111111 0.030229746070133012 0.13148148148148148
0 0.35882708585247886 0.5981481481481481 0.03688029020556227 0.13518518518518519
0 0.7155380894800484 0.9629629629629629 0.04534461910519952 0.07592592592592592
0 0.7152357920193471 0.3912037037037037 0.04232164449818621 0.1175925925925926
0 0.7593712212817413 0.3962962962962963 0.04232164449818621 0.13703703703703704
0 0.2714631197097944 0.39490740740740743 0.041112454655380895 0.14166666666666666
0 0.24879081015719468 0.4101851851851852 0.035671100362756954 0.1425925925925926
0 0.7397218863361548 0.5486111111111112 0.03204353083434099 0.12685185185185185
0 0.2590689238210399 0.9814814814814815 0.0380894800483676 0.03888888888888889
0 0.4667472793228537 0.9842592592592593 0.036275695284159616 0.03333333333333333
0 0.41777509068923824 0.924074074074074 0.05199516324062878 0.1537037037037037
0 0.32889963724304716 0.9527777777777777 0.0471584038694075 0.0962962962962963
0 0.5359733978234583 0.5990740740740741 0.046553808948004836 0.1574074074074074
0 0.3231559854897219 0.7972222222222223 0.051390568319226115 0.16111111111111112
0 0.6735187424425635 0.5666666666666667 0.037484885126964934 0.14444444444444443
0 0.5465538089480049 0.6263888888888889 0.041112454655380895 0.15648148148148147
0 0.3866384522370012 0.9421296296296297 0.058645707376058044 0.1175925925925926
0 0.3521765417170496 0.4962962962962963 0.0380894800483676 0.13333333333333333
0 0.29443772672309554 0.4634259259259259 0.03990326481257558 0.1527777777777778
0 0.26027811366384523 0.7240740740740741 0.042926239419588876 0.17592592592592593
0 0.47702539298669894 0.44722222222222224 0.02781136638452237 0.12962962962962962
0 0.35701330108827084 0.7319444444444444 0.04050785973397823 0.15648148148148147
0 0.37998790810157196 0.7865740740740741 0.047762998790810154 0.16018518518518518
0 0.3905683192261185 0.7550925925925925 0.041112454655380895 0.16944444444444445
0 0.33313180169286577 0.7453703703703703 0.041112454655380895 0.17407407407407408
0 0.008162031438935914 0.7865740740740741 0.015114873035066506 0.16574074074074074
0 0.45979443772672307 0.7560185185185185 0.04171704957678356 0.15092592592592594
0 0.6729141475211609 0.7180555555555556 0.049576783555018135 0.15092592592592594
0 0.38694074969770254 0.4625 0.037484885126964934 0.1175925925925926
0 0.466142684401451 0.5597222222222222 0.036275695284159616 0.1398148148148148
0 0.4558645707376058 0.5175925925925926 0.041112454655380895 0.1111111111111111
0 0.24667472793228537 0.85 0.04353083434099154 0.1537037037037037
0 0.46735187424425634 0.425462962962963 0.03385731559854897 0.14166666666666666
0 0.4996977025392987 0.41574074074074074 0.035671100362756954 0.14814814814814814
0 0.4800483675937122 0.6351851851851852 0.03990326481257558 0.15555555555555556
0 0.4416565900846433 0.43796296296296294 0.028415961305925032 0.12222222222222222
0 0.48941958887545345 0.4726851851851852 0.03688029020556227 0.12314814814814815
0 0.14328899637243048 0.9398148148148148 0.05441354292623942 0.12037037037037036
0 0.5722490931076178 0.9782407407407407 0.03325272067714631 0.04537037037037037
0 0.5120918984280532 0.9592592592592593 0.03869407496977025 0.08333333333333333
0 0.5900846432889963 0.6388888888888888 0.03506650544135429 0.10925925925925926
0 0.5828295042321644 0.5916666666666667 0.03990326481257558 0.14629629629629629
0 0.9362152357920194 0.04953703703703704 0.04050785973397823 0.09722222222222222
0 0.9588875453446191 0.07037037037037037 0.02781136638452237 0.0962962962962963
0 0.9885126964933495 0.22824074074074074 0.02176541717049577 0.12314814814814815
0 0.9613059250302297 0.2675925925925926 0.02781136638452237 0.09814814814814815
0 0.903869407496977 0.2263888888888889 0.036275695284159616 0.14537037037037037
0 0.8845223700120919 0.24166666666666667 0.036275695284159616 0.12962962962962962
0 0.9866989117291415 0.29074074074074074 0.02418379685610641 0.13518518518518519
0 0.9008464328899637 0.3421296296296296 0.04232164449818621 0.14537037037037037
0 0.9383313180169287 0.32175925925925924 0.0471584038694075 0.15092592592592594
0 0.9737001209189843 0.3347222222222222 0.0380894800483676 0.1361111111111111
0 0.8869407496977025 0.4203703703703704 0.041112454655380895 0.14629629629629629
0 0.9129383313180169 0.42824074074074076 0.044740024183796856 0.15092592592592594
0 0.8013905683192262 0.34629629629629627 0.03688029020556227 0.14444444444444443
0 0.8585247883917775 0.44722222222222224 0.044740024183796856 0.15
0 0.8854292623941958 0.6699074074074074 0.0501813784764208 0.16018518518518518
0 0.6949818621523579 0.0375 0.03325272067714631 0.07314814814814814
0 0.7067714631197098 0.04351851851851852 0.030229746070133012 0.08518518518518518
0 0.7258162031438936 0.04814814814814815 0.03204353083434099 0.09444444444444444
0 0.6698911729141476 0.030555555555555555 0.030229746070133012 0.05925925925925926
0 0.6405683192261185 0.04861111111111111 0.034461910519951636 0.09537037037037037
0 0.6266626360338573 0.06388888888888888 0.039298669891172915 0.11666666666666667
0 0.5858524788391778 0.06111111111111111 0.032648125755743655 0.10740740740740741
0 0.6390568319226119 0.12685185185185185 0.03506650544135429 0.12222222222222222
0 0.5931076178960096 0.10555555555555556 0.037484885126964934 0.13518518518518519
0 0.5719467956469165 0.12453703703703704 0.030229746070133012 0.11944444444444445
0 0.6197097944377267 0.1425925925925926 0.026602176541717048 0.09074074074074075
0 0.601571946795647 0.14444444444444443 0.032648125755743655 0.12222222222222222
0 0.5601571946795647 0.06944444444444445 0.03204353083434099 0.11481481481481481
0 0.5305320435308344 0.07685185185185185 0.02962515114873035 0.10925925925925926
0 0.5117896009673518 0.02824074074074074 0.02599758162031439 0.05462962962962963
0 0.6847037484885127 0.1712962962962963 0.034461910519951636 0.12777777777777777
0 0.6629383313180169 0.23842592592592593 0.0380894800483676 0.1175925925925926
0 0.6683796856106409 0.27037037037037037 0.03688029020556227 0.1425925925925926
0 0.7297460701330108 0.22916666666666666 0.03869407496977025 0.14166666666666666
0 0.4528415961305925 0.04675925925925926 0.030229746070133012 0.09166666666666666
0 0.4951632406287787 0.0763888888888889 0.030229746070133012 0.1287037037037037
0 0.4204957678355502 0.032407407407407406 0.03083434099153567 0.06296296296296296
0 0.37998790810157196 0.02546296296296296 0.028415961305925032 0.049074074074074076
0 0.42533252720677145 0.04537037037037037 0.02962515114873035 0.08888888888888889
0 0.3512696493349456 0.05092592592592592 0.037484885126964934 0.1
0 0.45102781136638453 0.10185185185185185 0.03385731559854897 0.13148148148148148
0 0.47702539298669894 0.1162037037037037 0.03385731559854897 0.12314814814814815
0 0.6357315598548973 0.4310185185185185 0.047762998790810154 0.14537037037037037
0 0.7451632406287787 0.31296296296296294 0.039298669891172915 0.13148148148148148
0 0.24062877871825877 0.43703703703703706 0.045949214026602174 0.14444444444444443
0 0.13694074969770254 0.45 0.04171704957678356 0.14814814814814814
0 0.05834340991535671 0.041666666666666664 0.039298669891172915 0.08148148148148149
0 0.0761789600967352 0.03194444444444444 0.03385731559854897 0.062037037037037036
0 0.2288391777509069 0.04537037037037037 0.03083434099153567 0.08888888888888889
0 0.26451027811366384 0.05740740740740741 0.034461910519951636 0.11296296296296296
0 0.1949818621523579 0.052314814814814814 0.035671100362756954 0.10277777777777777
0 0.1215235792019347 0.03148148148148148 0.02902055622732769 0.06111111111111111
0 0.1568923821039903 0.07037037037037037 0.03688029020556227 0.12407407407407407
0 0.28990326481257556 0.08935185185185185 0.034461910519951636 0.12314814814814815
0 0.32769044740024184 0.08194444444444444 0.037484885126964934 0.12314814814814815
0 0.3848246674727932 0.08009259259259259 0.042926239419588876 0.12685185185185185
0 0.3887545344619105 0.22777777777777777 0.036275695284159616 0.13518518518518519
0 0.2119105199516324 0.12361111111111112 0.03204353083434099 0.12685185185185185
0 0.23337363966142685 0.12962962962962962 0.032648125755743655 0.12777777777777777
0 0.3355501813784764 0.16296296296296298 0.03506650544135429 0.13518518518518519
0 0.3059250302297461 0.15092592592592594 0.03990326481257558 0.13333333333333333
0 0.3715235792019347 0.1763888888888889 0.0380894800483676 0.125
0 0.3282950423216445 0.19537037037037036 0.03869407496977025 0.12407407407407407
0 0.4268440145102781 0.2037037037037037 0.037484885126964934 0.13703703703703704
0 0.48246674727932287 0.26944444444444443 0.037484885126964934 0.13333333333333333
0 0.49818621523579204 0.3050925925925926 0.03869407496977025 0.1527777777777778
0 0.45918984280532044 0.3013888888888889 0.0380894800483676 0.1361111111111111
0 0.23246674727932284 0.2777777777777778 0.02962515114873035 0.12777777777777777
0 0.20525997581620314 0.2537037037037037 0.044135429262394194 0.14074074074074075
0 0.13905683192261184 0.22268518518518518 0.036275695284159616 0.12685185185185185
0 0.12515114873035066 0.19722222222222222 0.037484885126964934 0.12222222222222222
0 0.15568319226118502 0.17685185185185184 0.035671100362756954 0.12777777777777777
0 0.9561668681983071 0.30277777777777776 0.0380894800483676 0.14444444444444443
0 0.6562877871825876 0.10462962962962963 0.042926239419588876 0.14444444444444443
0 0.4785368802902056 0.027314814814814816 0.02599758162031439 0.05277777777777778
