0 0.5625 0.3337962962962963 0.03333333333333333 0.15648148148148147
0 0.40338541666666666 0.29212962962962963 0.030729166666666665 0.13425925925925927
0 0.38333333333333336 0.2833333333333333 0.03125 0.14074074074074075
0 0.11276041666666667 0.524537037037037 0.04010416666666667 0.18981481481481483
0 0.6205729166666667 0.32916666666666666 0.03177083333333333 0.14907407407407408
0 0.37005208333333334 0.29212962962962963 0.027604166666666666 0.14351851851851852
0 0.8932291666666666 0.47314814814814815 0.04895833333333333 0.19814814814814816
0 0.221875 0.8305555555555556 0.096875 0.337037037037037
0 0.45546875 0.6597222222222222 0.05260416666666667 0.275
0 0.37734375 0.6726851851851852 0.0546875 0.22314814814814815
0 0.34140625 0.6527777777777778 0.058854166666666666 0.25
0 0.2942708333333333 0.6898148148148148 0.04583333333333333 0.17222222222222222
0 0.25755208333333335 0.6333333333333333 0.04635416666666667 0.23703703703703705
0 0.047135416666666666 0.8148148148148148 0.09322916666666667 0.3314814814814815
0 0.07708333333333334 0.7296296296296296 0.08645833333333333 0.29259259259259257
0 0.07994791666666666 0.675 0.0765625 0.2814814814814815
0 0.321875 0.4949074074074074 0.035416666666666666 0.1824074074074074
0 0.35208333333333336 0.45416666666666666 0.04895833333333333 0.17685185185185184
0 0.3846354166666667 0.4375 0.033854166666666664 0.16018518518518518
0 0.4583333333333333 0.49166666666666664 0.035416666666666666 0.15555555555555556
0 0.44921875 0.40046296296296297 0.0453125 0.18981481481481483
0 0.4864583333333333 0.4263888888888889 0.036458333333333336 0.12129629629629629
0 0.409375 0.36666666666666664 0.040625 0.16666666666666666
0 0.37135416666666665 0.3537037037037037 0.046875 0.15185185185185185
0 0.315625 0.34074074074074073 0.03854166666666667 0.1537037037037037
0 0.36614583333333334 0.3263888888888889 0.036458333333333336 0.15462962962962962
0 0.42239583333333336 0.34074074074074073 0.036458333333333336 0.14074074074074075
0 0.45807291666666666 0.34074074074074073 0.0328125 0.12407407407407407
0 0.4625 0.31342592592592594 0.03958333333333333 0.13425925925925927
0 0.7528645833333333 0.44814814814814813 0.03802083333333333 0.12407407407407407
0 0.7932291666666667 0.41203703703703703 0.04583333333333333 0.20185185185185187
0 0.3333333333333333 0.31851851851851853 0.030208333333333334 0.14074074074074075
0 0.5348958333333333 0.32083333333333336 0.034375 0.16018518518518518
0 0.51875 0.3013888888888889 0.034375 0.1398148148148148
0 0.5119791666666667 0.25 0.030208333333333334 0.12962962962962962
0 0.45598958333333334 0.25324074074074077 0.027604166666666666 0.1175925925925926
0 0.42630208333333336 0.27870370370370373 0.0296875 0.1259259259259259
0 0.4348958333333333 0.2601851851851852 0.026041666666666668 0.12407407407407407
0 0.4861979166666667 0.31574074074074077 0.0296875 0.13333333333333333
