0 0.011979166666666667 0.9532407407407407 0.022916666666666665 0.09351851851851851
0 0.06744791666666666 0.9402777777777778 0.08385416666666666 0.12129629629629629
0 0.16067708333333333 0.9458333333333333 0.0609375 0.11018518518518519
0 0.2015625 0.9148148148148149 0.078125 0.17222222222222222
0 0.2830729166666667 0.9393518518518519 0.0796875 0.12314814814814815
0 0.07239583333333334 0.8467592592592592 0.071875 0.27685185185185185
0 0.17864583333333334 0.7898148148148149 0.071875 0.2759259259259259
0 0.2453125 0.8490740740740741 0.06145833333333333 0.2740740740740741
0 0.24166666666666667 0.8861111111111111 0.06979166666666667 0.22962962962962963
0 0.5315104166666667 0.8574074074074074 0.07135416666666666 0.2851851851851852
0 0.26015625 0.6430555555555556 0.04739583333333333 0.262037037037037
0 0.31328125 0.6476851851851851 0.0546875 0.25092592592592594
0 0.84140625 0.5060185185185185 0.0421875 0.18055555555555555
0 0.8205729166666667 0.5018518518518519 0.05364583333333333 0.2037037037037037
0 0.7497395833333333 0.48703703703703705 0.0421875 0.21666666666666667
0 0.21588541666666666 0.5388888888888889 0.0359375 0.17037037037037037
0 0.25833333333333336 0.5263888888888889 0.058333333333333334 0.23425925925925925
0 0.29453125 0.5546296296296296 0.0484375 0.22962962962962963
0 0.5838541666666667 0.5370370370370371 0.057291666666666664 0.2037037037037037
0 0.43359375 0.5958333333333333 0.05364583333333333 0.24537037037037038
0 0.32265625 0.43194444444444446 0.0359375 0.16203703703703703
0 0.35260416666666666 0.42453703703703705 0.036458333333333336 0.1787037037037037
0 0.37265625 0.4476851851851852 0.04010416666666667 0.1824074074074074
0 0.4890625 0.4861111111111111 0.05 0.19074074074074074
0 0.5252604166666667 0.525 0.03697916666666667 0.1574074074074074
0 0.7098958333333333 0.48009259259259257 0.046875 0.1787037037037037
0 0.41692708333333334 0.44675925925925924 0.043229166666666666 0.1787037037037037
0 0.6625 0.48935185185185187 0.04791666666666667 0.20092592592592592
0 0.5627604166666667 0.46111111111111114 0.043229166666666666 0.1685185185185185
0 0.49557291666666664 0.4532407407407407 0.04010416666666667 0.1824074074074074
0 0.25546875 0.3537037037037037 0.0328125 0.16296296296296298
0 0.3307291666666667 0.3726851851851852 0.03229166666666667 0.14351851851851852
0 0.3421875 0.34814814814814815 0.028125 0.1574074074074074
0 0.45026041666666666 0.4356481481481482 0.0359375 0.18425925925925926
0 0.44765625 0.37824074074074077 0.04010416666666667 0.15092592592592594
0 0.6934895833333333 0.4546296296296296 0.0359375 0.1925925925925926
0 0.4401041666666667 0.362962962962963 0.029166666666666667 0.14444444444444443
0 0.40182291666666664 0.324537037037037 0.0296875 0.14351851851851852
0 0.36640625 0.36203703703703705 0.03177083333333333 0.14629629629629629
0 0.53828125 0.4134259259259259 0.0390625 0.19166666666666668
0 0.5291666666666667 0.350462962962963 0.03229166666666667 0.14907407407407408
0 0.5619791666666667 0.36064814814814816 0.034375 0.14907407407407408
0 0.4747395833333333 0.3194444444444444 0.0296875 0.13518518518518519
0 0.43307291666666664 0.2587962962962963 0.025520833333333333 0.12129629629629629
0 0.5229166666666667 0.32546296296296295 0.030208333333333334 0.14351851851851852
0 0.5466145833333333 0.32731481481481484 0.03177083333333333 0.15462962962962962
0 0.5315104166666667 0.300462962962963 0.025520833333333333 0.1287037037037037
0 0.5481770833333334 0.2523148148148148 0.027604166666666666 0.11018518518518519
0 0.5158854166666667 0.24259259259259258 0.0234375 0.10925925925925926
0 0.37395833333333334 0.2550925925925926 0.027083333333333334 0.1175925925925926
0 0.39791666666666664 0.2652777777777778 0.028125 0.11944444444444445
0 0.4908854166666667 0.2462962962962963 0.0296875 0.11851851851851852
0 0.3802083333333333 0.2722222222222222 0.030208333333333334 0.11851851851851852
0 0.44557291666666665 0.2773148148148148 0.025520833333333333 0.10462962962962963
0 0.34713541666666664 0.2708333333333333 0.027604166666666666 0.1287037037037037
0 0.051041666666666666 0.7101851851851851 0.05520833333333333 0.2574074074074074
0 0.4322916666666667 0.3226851851851852 0.03229166666666667 0.1287037037037037
0 0.4552083333333333 0.2611111111111111 0.028125 0.1259259259259259
0 0.41432291666666665 0.26481481481481484 0.025520833333333333 0.12407407407407407
0 0.5677083333333334 0.2824074074074074 0.023958333333333335 0.10740740740740741
0 0.46875 0.26944444444444443 0.020833333333333332 0.08333333333333333
0 0.59453125 0.3314814814814815 0.033854166666666664 0.14074074074074075
0 0.8520833333333333 0.49212962962962964 0.036458333333333336 0.15092592592592594
0 0.7721354166666666 0.34629629629629627 0.03177083333333333 0.1685185185185185
0 0.3796875 0.31805555555555554 0.03125 0.14166666666666666
0 0.765625 0.5189814814814815 0.04375 0.21574074074074073
