0 0.37109375 0.21666666666666667 0.03177083333333333 0.12037037037037036
0 0.53984375 0.40555555555555556 0.0390625 0.1814814814814815
0 0.4088541666666667 0.25555555555555554 0.028125 0.12407407407407407
0 0.4231770833333333 0.3416666666666667 0.033854166666666664 0.1574074074074074
0 0.3984375 0.33101851851851855 0.035416666666666666 0.1675925925925926
0 0.11432291666666666 0.5217592592592593 0.04010416666666667 0.18796296296296297
0 0.5846354166666666 0.3106481481481482 0.0296875 0.1398148148148148
0 0.3770833333333333 0.3277777777777778 0.029166666666666667 0.14444444444444443
0 0.17760416666666667 0.9037037037037037 0.09479166666666666 0.1925925925925926
0 0.1515625 0.9175925925925926 0.065625 0.1648148148148148
0 0.12161458333333333 0.8814814814814815 0.0796875 0.23333333333333334
0 0.35390625 0.8569444444444444 0.0578125 0.28425925925925927
0 0.19348958333333333 0.5611111111111111 0.07135416666666666 0.23703703703703705
0 0.24583333333333332 0.6898148148148148 0.05520833333333333 0.24444444444444444
0 0.30572916666666666 0.5949074074074074 0.058333333333333334 0.2324074074074074
0 0.35182291666666665 0.587037037037037 0.044270833333333336 0.2074074074074074
0 0.3609375 0.6351851851851852 0.042708333333333334 0.18518518518518517
0 0.35520833333333335 0.5291666666666667 0.04791666666666667 0.2324074074074074
0 0.39739583333333334 0.5680555555555555 0.03958333333333333 0.16203703703703703
0 0.63984375 0.45601851851851855 0.05677083333333333 0.20092592592592592
0 0.8283854166666667 0.4550925925925926 0.059895833333333336 0.18796296296296297
0 0.32447916666666665 0.42592592592592593 0.04479166666666667 0.17592592592592593
0 0.3658854166666667 0.4310185185185185 0.0453125 0.18425925925925926
0 0.3875 0.41805555555555557 0.03854166666666667 0.16018518518518518
0 0.43463541666666666 0.42685185185185187 0.03802083333333333 0.1537037037037037
0 0.49635416666666665 0.3907407407407407 0.03958333333333333 0.1685185185185185
0 0.09427083333333333 0.6287037037037037 0.058333333333333334 0.2462962962962963
0 0.3109375 0.3962962962962963 0.035416666666666666 0.15925925925925927
0 0.70234375 0.37777777777777777 0.0390625 0.19444444444444445
0 0.5736979166666667 0.3189814814814815 0.03697916666666667 0.15648148148148147
0 0.5494791666666666 0.30277777777777776 0.034375 0.12777777777777777
0 0.5106770833333333 0.3472222222222222 0.03177083333333333 0.1537037037037037
0 0.5130208333333334 0.3023148148148148 0.030208333333333334 0.12314814814814815
0 0.48880208333333336 0.3439814814814815 0.0359375 0.16203703703703703
0 0.459375 0.3194444444444444 0.028125 0.14629629629629629
0 0.46171875 0.23842592592592593 0.027604166666666666 0.1287037037037037
0 0.4088541666666667 0.2310185185185185 0.028125 0.1175925925925926
0 0.41848958333333336 0.22268518518518518 0.0296875 0.12685185185185185
