0 0.9291666666666667 0.8791666666666667 0.09166666666666666 0.24166666666666667
0 0.2140625 0.8231481481481482 0.058333333333333334 0.29074074074074074
0 0.5747395833333333 0.7574074074074074 0.07135416666666666 0.29074074074074074
0 0.44921875 0.687962962962963 0.0703125 0.2833333333333333
0 0.36875 0.7162037037037037 0.06458333333333334 0.2861111111111111
0 0.19713541666666667 0.6921296296296297 0.0546875 0.25277777777777777
0 0.84375 0.6652777777777777 0.051041666666666666 0.2601851851851852
0 0.7859375 0.4736111111111111 0.046875 0.17314814814814813
0 0.01953125 0.9018518518518519 0.03802083333333333 0.19444444444444445
0 0.7440104166666667 0.462037037037037 0.04010416666666667 0.1574074074074074
0 0.7005208333333334 0.43703703703703706 0.03958333333333333 0.16296296296296298
0 0.7971354166666667 0.36342592592592593 0.0296875 0.15462962962962962
0 0.5622395833333333 0.4740740740740741 0.0359375 0.17962962962962964
0 0.1484375 0.7814814814814814 0.0625 0.2574074074074074
0 0.0984375 0.774074074074074 0.06041666666666667 0.25925925925925924
0 0.20364583333333333 0.49398148148148147 0.041666666666666664 0.18611111111111112
0 0.4036458333333333 0.4074074074074074 0.036458333333333336 0.1574074074074074
0 0.35989583333333336 0.39305555555555555 0.0375 0.16018518518518518
0 0.31354166666666666 0.4115740740740741 0.042708333333333334 0.1675925925925926
0 0.4640625 0.37083333333333335 0.03854166666666667 0.14907407407407408
0 0.41328125 0.3611111111111111 0.0296875 0.12037037037037036
0 0.38645833333333335 0.35555555555555557 0.0375 0.15185185185185185
0 0.4786458333333333 0.3212962962962963 0.03229166666666667 0.12407407407407407
0 0.46770833333333334 0.28703703703703703 0.030208333333333334 0.11296296296296296
0 0.4466145833333333 0.31574074074074077 0.027604166666666666 0.13148148148148148
0 0.44166666666666665 0.2949074074074074 0.030208333333333334 0.12129629629629629
0 0.39505208333333336 0.26435185185185184 0.027604166666666666 0.11203703703703703
0 0.4 0.30277777777777776 0.030208333333333334 0.1259259259259259
0 0.3671875 0.30833333333333335 0.030208333333333334 0.12962962962962962
0 0.34401041666666665 0.31157407407407406 0.0296875 0.13240740740740742
0 0.4588541666666667 0.20787037037037037 0.026041666666666668 0.09907407407407408
0 0.3640625 0.26435185185185184 0.026041666666666668 0.11574074074074074
0 0.54140625 0.5023148148148148 0.0421875 0.22685185185185186
0 0.490625 0.5060185185185185 0.042708333333333334 0.22870370370370371
0 0.4122395833333333 0.2898148148148148 0.025520833333333333 0.12407407407407407
0 0.38203125 0.2814814814814815 0.0296875 0.12037037037037036
0 0.5276041666666667 0.5722222222222222 0.059375 0.21296296296296297
0 0.48463541666666665 0.5689814814814815 0.05260416666666667 0.22685185185185186
0 0.0921875 0.5574074074074075 0.04479166666666667 0.1962962962962963
0 0.2484375 0.4898148148148148 0.04479166666666667 0.1814814814814815
0 0.60703125 0.38055555555555554 0.033854166666666664 0.1425925925925926
0 0.859375 0.5333333333333333 0.057291666666666664 0.2111111111111111
