0 0.44036458333333334 0.17314814814814813 0.03177083333333333 0.11481481481481481
0 0.1015625 0.46805555555555556 0.040625 0.18981481481481483
0 0.03828125 0.9009259259259259 0.06927083333333334 0.2
0 0.046614583333333334 0.9203703703703704 0.08489583333333334 0.16111111111111112
0 0.13880208333333333 0.7537037037037037 0.06822916666666666 0.32222222222222224
0 0.23854166666666668 0.8148148148148148 0.06770833333333333 0.30925925925925923
0 0.0890625 0.8407407407407408 0.09166666666666666 0.31666666666666665
0 0.16536458333333334 0.862037037037037 0.06927083333333334 0.2777777777777778
0 0.29661458333333335 0.6689814814814815 0.06510416666666667 0.2972222222222222
0 0.40729166666666666 0.3375 0.04375 0.18425925925925926
0 0.36354166666666665 0.5361111111111111 0.05 0.23333333333333334
0 0.86015625 0.4310185185185185 0.050520833333333334 0.18796296296296297
0 0.75625 0.43425925925925923 0.041666666666666664 0.12037037037037036
0 0.790625 0.39537037037037037 0.051041666666666666 0.18703703703703703
0 0.4265625 0.38564814814814813 0.04583333333333333 0.18611111111111112
0 0.7307291666666667 0.44305555555555554 0.05520833333333333 0.1935185185185185
0 0.5515625 0.2712962962962963 0.03125 0.14074074074074075
0 0.515625 0.2763888888888889 0.03229166666666667 0.14537037037037037
0 0.22395833333333334 0.6601851851851852 0.08229166666666667 0.2962962962962963
0 0.47994791666666664 0.3472222222222222 0.044270833333333336 0.22962962962962963
0 0.5372395833333333 0.32685185185185184 0.033854166666666664 0.17037037037037037
0 0.4640625 0.33287037037037037 0.03125 0.13796296296296295
0 0.428125 0.3194444444444444 0.03854166666666667 0.1574074074074074
0 0.3171875 0.3074074074074074 0.03333333333333333 0.14814814814814814
0 0.4270833333333333 0.24259259259259258 0.036458333333333336 0.12407407407407407
0 0.4739583333333333 0.22777777777777777 0.030208333333333334 0.11851851851851852
0 0.46171875 0.20416666666666666 0.0296875 0.1398148148148148
0 0.36015625 0.1865740740740741 0.027604166666666666 0.11018518518518519
0 0.3859375 0.18472222222222223 0.028125 0.10277777777777777
0 0.5609375 0.25601851851851853 0.021875 0.09351851851851851
0 0.5828125 0.22407407407407406 0.03229166666666667 0.13518518518518519
0 0.42604166666666665 0.17592592592592593 0.028125 0.12777777777777777
