0 0.9045183290707587 0.8909090909090909 0.0494458653026428 0.14772727272727273
0 0.2591645353793691 0.7857954545454545 0.042625745950554135 0.14204545454545456
0 0.7493606138107417 0.26193181818181815 0.042625745950554135 0.10113636363636364
0 0.7114236999147485 0.5420454545454545 0.041773231031543054 0.125
0 0.22122762148337596 0.3721590909090909 0.03324808184143223 0.10568181818181818
0 0.5818414322250639 0.38181818181818183 0.03324808184143223 0.10909090909090909
0 0.19053708439897699 0.3534090909090909 0.03324808184143223 0.10681818181818181
0 0.14705882352941177 0.33181818181818185 0.03495311167945439 0.11136363636363636
0 0.11807331628303495 0.3210227272727273 0.03154305200341006 0.10568181818181818
0 0.5413469735720375 0.4056818181818182 0.042625745950554135 0.12045454545454545
0 0.3192668371696505 0.2943181818181818 0.03665814151747655 0.11136363636363636
0 0.0038363171355498722 0.20397727272727273 0.005967604433077579 0.09886363636363636
0 0.10571184995737426 0.2318181818181818 0.027280477408354646 0.09318181818181819
0 0.1547314578005115 0.21931818181818183 0.03324808184143223 0.10681818181818181
0 0.273231031543052 0.22670454545454546 0.03324808184143223 0.11477272727272728
0 0.31287297527706737 0.21931818181818183 0.03751065643648764 0.10227272727272728
0 0.35421994884910485 0.22272727272727272 0.03324808184143223 0.10227272727272728
0 0.38832054560954815 0.2431818181818182 0.028132992327365727 0.09772727272727273
0 0.47101449275362317 0.32045454545454544 0.03324808184143223 0.1159090909090909
0 0.5021312872975278 0.3130681818181818 0.03751065643648764 0.10568181818181818
0 0.4978687127024723 0.2278409090909091 0.03580562659846547 0.10113636363636364
0 0.30988917306052854 0.16363636363636364 0.029838022165387893 0.09772727272727273
0 0.44075021312872975 0.1590909090909091 0.03239556692242114 0.10227272727272728
0 0.4053708439897698 0.16022727272727272 0.028132992327365727 0.1
0 0.29752770673486784 0.05909090909090909 0.028985507246376812 0.08409090909090909
0 0.8333333333333334 0.10340909090909091 0.028132992327365727 0.08409090909090909
0 0.8098891730605285 0.09659090909090909 0.03239556692242114 0.09318181818181819
0 0.8286445012787724 0.11931818181818182 0.028985507246376812 0.09772727272727273
0 0.8537936913895993 0.22272727272727272 0.03324808184143223 0.10227272727272728
0 0.8222506393861893 0.22727272727272727 0.03324808184143223 0.08863636363636364
0 0.546462063086104 0.07045454545454545 0.03580562659846547 0.10454545454545454
0 0.8358908780903666 0.2676136363636364 0.03324808184143223 0.09659090909090909
0 0.7757885763000852 0.36022727272727273 0.04092071611253197 0.10681818181818181
0 0.042625745950554135 0.14772727272727273 0.027280477408354646 0.09090909090909091
0 0.02216538789428815 0.1431818181818182 0.028985507246376812 0.08409090909090909
0 0.815004262574595 0.6732954545454546 0.0494458653026428 0.1375
0 0.8691389599317988 0.6704545454545454 0.041773231031543054 0.15
0 0.8132992327365729 0.759090909090909 0.04603580562659847 0.1340909090909091
0 0.7399829497016198 0.7568181818181818 0.03751065643648764 0.1318181818181818
0 0.23827791986359761 0.7914772727272728 0.03836317135549872 0.10113636363636364
0 0.5034100596760444 0.5789772727272727 0.041773231031543054 0.1215909090909091
0 0.2536231884057971 0.375 0.03324808184143223 0.10681818181818181
0 0.4062233589087809 0.3215909090909091 0.03324808184143223 0.11136363636363636
0 0.7749360613810742 0.5045454545454545 0.042625745950554135 0.125
0 0.5345268542199488 0.5738636363636364 0.04603580562659847 0.1318181818181818
0 0.5404944586530265 0.4244318181818182 0.03751065643648764 0.1215909090909091
0 0.7404092071611253 0.4193181818181818 0.029838022165387893 0.09772727272727273
0 0.7318840579710145 0.3534090909090909 0.03324808184143223 0.1159090909090909
0 0.7122762148337596 0.42727272727272725 0.03836317135549872 0.12045454545454545
0 0.8115942028985508 0.2727272727272727 0.028985507246376812 0.09772727272727273
0 0.7821824381926684 0.22386363636363638 0.03324808184143223 0.10681818181818181
0 0.8009377664109122 0.22329545454545455 0.028132992327365727 0.09431818181818181
0 0.3312020460358056 0.056818181818181816 0.0247229326513214 0.08863636363636364
0 0.31287297527706737 0.06875 0.028985507246376812 0.08295454545454546
0 0.32651321398124467 0.023295454545454546 0.023870417732310314 0.04431818181818182
0 0.3793691389599318 0.03977272727272727 0.02557544757033248 0.07727272727272727
0 0.39471440750213127 0.05 0.02557544757033248 0.07727272727272727
0 0.41091219096334186 0.051704545454545454 0.02557544757033248 0.09659090909090909
0 0.4258312020460358 0.06704545454545455 0.0247229326513214 0.08409090909090909
0 0.45865302642796246 0.07215909090909091 0.03239556692242114 0.0875
0 0.49957374254049447 0.05795454545454545 0.028985507246376812 0.09090909090909091
0 0.4782608695652174 0.07215909090909091 0.02557544757033248 0.07386363636363637
0 0.5741687979539642 0.06136363636363636 0.03154305200341006 0.09090909090909091
0 0.577152600170503 0.03068181818181818 0.027280477408354646 0.05909090909090909
0 0.49445865302642794 0.04147727272727273 0.028985507246376812 0.0715909090909091
0 0.38192668371696503 0.3210227272727273 0.03751065643648764 0.11022727272727273
0 0.5430520034100597 0.6732954545454546 0.05285592497868713 0.14204545454545456
0 0.44075021312872975 0.6988636363636364 0.042625745950554135 0.14545454545454545
0 0.45694799658994034 0.6136363636363636 0.04603580562659847 0.13863636363636364
0 0.5255754475703325 0.7039772727272727 0.05029838022165388 0.13522727272727272
0 0.4680306905370844 0.7170454545454545 0.05115089514066496 0.15681818181818183
0 0.49019607843137253 0.7414772727272727 0.042625745950554135 0.09431818181818181
0 0.2864450127877238 0.6789772727272727 0.0494458653026428 0.14886363636363636
0 0.3137254901960784 0.68125 0.042625745950554135 0.13977272727272727
0 0.005967604433077579 0.40795454545454546 0.010230179028132993 0.11818181818181818
0 0.5664961636828645 0.6875 0.05200341005967604 0.14545454545454545
0 0.309462915601023 0.5994318181818182 0.0443307757885763 0.1215909090909091
0 0.45694799658994034 0.5130681818181818 0.0443307757885763 0.12840909090909092
0 0.05328218243819267 0.3789772727272727 0.040068201193520885 0.12386363636363637
0 0.017050298380221655 0.3795454545454545 0.03239556692242114 0.11136363636363636
0 0.12830349531116794 0.27386363636363636 0.03665814151747655 0.09318181818181819
0 0.13512361466325662 0.48806818181818185 0.045183290707587385 0.13068181818181818
0 0.30775788576300084 0.3698863636363636 0.03751065643648764 0.1125
0 0.3329070758738278 0.36477272727272725 0.03154305200341006 0.12045454545454545
0 0.37468030690537085 0.3693181818181818 0.03665814151747655 0.11136363636363636
0 0.21909633418584826 0.56875 0.0392156862745098 0.12386363636363637
0 0.49531116794543906 0.5136363636363637 0.0392156862745098 0.125
0 0.2028985507246377 0.2125 0.03239556692242114 0.10227272727272728
0 0.43137254901960786 0.4056818181818182 0.03751065643648764 0.10227272727272728
0 0.42028985507246375 0.2943181818181818 0.03410059676044331 0.09772727272727273
0 0.2229326513213981 0.22045454545454546 0.028132992327365727 0.10227272727272728
0 0.16624040920716113 0.5017045454545455 0.0392156862745098 0.1215909090909091
0 0.23955669224211423 0.5619318181818181 0.0494458653026428 0.14204545454545456
0 0.8111679454390451 0.509090909090909 0.04859335038363171 0.125
0 0.1568627450980392 0.2676136363636364 0.028985507246376812 0.08977272727272727
0 0.355924978687127 0.3 0.03154305200341006 0.09772727272727273
0 0.6099744245524297 0.9534090909090909 0.04688832054560955 0.09545454545454546
0 0.15089514066496162 0.9835227272727273 0.04092071611253197 0.035227272727272725
0 0.5686274509803921 0.9613636363636363 0.0392156862745098 0.07954545454545454
0 0.6010230179028133 0.9073863636363636 0.04603580562659847 0.1375
0 0.6376811594202898 0.9039772727272727 0.042625745950554135 0.12840909090909092
0 0.4121909633418585 0.3926136363636364 0.03665814151747655 0.1215909090909091
0 0.3640238704177323 0.04659090909090909 0.020460358056265986 0.07727272727272727
0 0.8388746803069054 0.8306818181818182 0.04092071611253197 0.13863636363636364
