0 0.7119791666666667 0.23148148148148148 0.026041666666666668 0.11296296296296296
0 0.40338541666666666 0.23703703703703705 0.0328125 0.1259259259259259
0 0.38177083333333334 0.24953703703703703 0.030208333333333334 0.1287037037037037
0 0.5580729166666667 0.43657407407407406 0.04010416666666667 0.18425925925925926
0 0.4354166666666667 0.2657407407407407 0.027083333333333334 0.12407407407407407
0 0.434375 0.36018518518518516 0.036458333333333336 0.16296296296296298
0 0.40338541666666666 0.3458333333333333 0.033854166666666664 0.1675925925925926
0 0.1125 0.5277777777777778 0.040625 0.19444444444444445
0 0.5619791666666667 0.30787037037037035 0.030208333333333334 0.1398148148148148
0 0.39114583333333336 0.3527777777777778 0.029166666666666667 0.16666666666666666
0 0.040364583333333336 0.9356481481481481 0.0796875 0.12685185185185185
0 0.3171875 0.9138888888888889 0.06145833333333333 0.17407407407407408
0 0.22760416666666666 0.5157407407407407 0.06666666666666667 0.21851851851851853
0 0.20885416666666667 0.7662037037037037 0.06041666666666667 0.2657407407407407
0 0.27291666666666664 0.6574074074074074 0.06145833333333333 0.2462962962962963
0 0.3296875 0.6435185185185185 0.051041666666666666 0.22407407407407406
0 0.3497395833333333 0.7097222222222223 0.050520833333333334 0.20462962962962963
0 0.29791666666666666 0.587037037037037 0.06458333333333334 0.2574074074074074
0 0.35572916666666665 0.6277777777777778 0.040625 0.16296296296296298
0 0.75546875 0.48703703703703705 0.050520833333333334 0.21296296296296297
0 0.3125 0.4652777777777778 0.04375 0.18055555555555555
0 0.36692708333333335 0.48009259259259257 0.0484375 0.21203703703703702
0 0.4265625 0.4685185185185185 0.04479166666666667 0.1648148148148148
0 0.5346354166666667 0.4203703703703704 0.0421875 0.17407407407407408
0 0.14375 0.5847222222222223 0.052083333333333336 0.2324074074074074
0 0.30807291666666664 0.42685185185185187 0.0359375 0.16296296296296298
0 0.7473958333333334 0.4041666666666667 0.03958333333333333 0.19907407407407407
0 0.7041666666666667 0.3851851851851852 0.03125 0.14629629629629629
0 0.44479166666666664 0.34814814814814815 0.035416666666666666 0.14629629629629629
0 0.61875 0.34305555555555556 0.034375 0.16203703703703703
0 0.5690104166666666 0.32685185185185184 0.033854166666666664 0.13703703703703704
0 0.521875 0.3680555555555556 0.03229166666666667 0.15833333333333333
0 0.5416666666666666 0.32314814814814813 0.03229166666666667 0.12962962962962962
0 0.4940104166666667 0.3731481481481482 0.0390625 0.17592592592592593
0 0.4869791666666667 0.25092592592592594 0.026041666666666668 0.12962962962962962
0 0.4473958333333333 0.24305555555555555 0.029166666666666667 0.12314814814814815
0 0.46770833333333334 0.23796296296296296 0.03125 0.13518518518518519
0 0.3416666666666667 0.30925925925925923 0.029166666666666667 0.13703703703703704
0 0.8552083333333333 0.4925925925925926 0.05 0.18518518518518517
0 0.58046875 0.4148148148148148 0.0390625 0.17407407407407408
