0 0.501813784764208 0.5949074074074074 0.041112454655380895 0.15648148148148147
0 0.5344619105199516 0.5791666666666667 0.037484885126964934 0.13796296296296295
0 0.529322853688029 0.7476851851851852 0.04897218863361548 0.1712962962962963
0 0.507255139056832 0.7893518518518519 0.0592503022974607 0.16018518518518518
0 0.5504836759371221 0.7129629629629629 0.03688029020556227 0.1425925925925926
0 0.5831318016928658 0.5824074074074074 0.0501813784764208 0.17037037037037037
0 0.4549576783555018 0.31805555555555554 0.039298669891172915 0.16018518518518518
0 0.585247883917775 0.7319444444444444 0.04836759371221282 0.16018518518518518
0 0.5885731559854898 0.6990740740740741 0.039298669891172915 0.14444444444444443
0 0.5538089480048367 0.850462962962963 0.045949214026602174 0.17314814814814813
0 0.4996977025392987 0.6856481481481481 0.051390568319226115 0.16018518518518518
0 0.3857315598548972 0.8898148148148148 0.053204353083434096 0.1925925925925926
0 0.5163240628778718 0.8574074074074074 0.04353083434099154 0.16296296296296298
0 0.21765417170495768 0.9226851851851852 0.049576783555018135 0.15648148148148147
0 0.6562877871825876 0.8810185185185185 0.058645707376058044 0.17685185185185184
0 0.4785368802902056 0.36712962962962964 0.044135429262394194 0.16203703703703703
0 0.6837968561064087 0.6657407407407407 0.05804111245465538 0.17407407407407408
0 0.6163845223700121 0.8833333333333333 0.044135429262394194 0.17962962962962964
0 0.36668681983071344 0.8666666666666667 0.05380894800483676 0.17407407407407408
0 0.6698911729141476 0.7199074074074074 0.053204353083434096 0.1712962962962963
0 0.6027811366384522 0.65 0.045949214026602174 0.15185185185185185
0 0.25755743651753327 0.9143518518518519 0.053204353083434096 0.16944444444444445
0 0.49425634824667475 0.7736111111111111 0.039298669891172915 0.13796296296296295
0 0.4740024183796856 0.6694444444444444 0.03990326481257558 0.1537037037037037
0 0.10912938331318017 0.9736111111111111 0.047762998790810154 0.05277777777777778
0 0.6405683192261185 0.36342592592592593 0.04171704957678356 0.14166666666666666
0 0.6683796856106409 0.36574074074074076 0.04171704957678356 0.1574074074074074
0 0.044740024183796856 0.7157407407407408 0.04836759371221282 0.17407407407407408
0 0.7076783555018138 0.5541666666666667 0.04171704957678356 0.1675925925925926
0 0.5888754534461911 0.34953703703703703 0.049576783555018135 0.16574074074074074
0 0.49939540507859737 0.43657407407407406 0.04232164449818621 0.15648148148148147
0 0.6723095525997581 0.487962962962963 0.03990326481257558 0.1537037037037037
0 0.7267230955259976 0.4847222222222222 0.04232164449818621 0.16574074074074074
0 0.5547158403869408 0.4393518518518518 0.04171704957678356 0.16018518518518518
0 0.5840386940749698 0.449537037037037 0.04232164449818621 0.13796296296296295
0 0.5241837968561064 0.2337962962962963 0.03385731559854897 0.14722222222222223
0 0.779322853688029 0.6643518518518519 0.053204353083434096 0.18981481481481483
0 0.8319226118500604 0.6504629629629629 0.05078597339782346 0.18425925925925926
0 0.5142079806529625 0.2657407407407407 0.034461910519951636 0.14814814814814814
0 0.5111850060459492 0.3625 0.04171704957678356 0.16018518518518518
0 0.5344619105199516 0.3541666666666667 0.041112454655380895 0.14351851851851852
0 0.5145102781136639 0.4810185185185185 0.03990326481257558 0.16574074074074074
0 0.5574365175332527 0.4759259259259259 0.04232164449818621 0.13703703703703704
0 0.5776904474002419 0.5254629629629629 0.046553808948004836 0.1712962962962963
0 0.6070133010882709 0.5462962962962963 0.03506650544135429 0.14074074074074075
0 0.6339177750906893 0.5435185185185185 0.04171704957678356 0.1537037037037037
0 0.9108222490931076 0.7694444444444445 0.05259975816203144 0.17962962962962964
0 0.6747279322853688 0.5717592592592593 0.04836759371221282 0.15648148148148147
0 0.6079201934703748 0.7722222222222223 0.039298669891172915 0.17407407407407408
0 0.6810761789600968 0.7842592592592592 0.07315598548972188 0.16296296296296298
0 0.5625755743651754 0.6777777777777778 0.046553808948004836 0.17407407407407408
0 0.7660217654171705 0.41388888888888886 0.03990326481257558 0.14814814814814814
0 0.7853688029020556 0.4115740740740741 0.03990326481257558 0.12129629629629629
0 0.7986698911729141 0.9375 0.06892382103990327 0.12685185185185185
0 0.7394195888754534 0.9319444444444445 0.05441354292623942 0.1361111111111111
0 0.7859733978234583 0.37453703703703706 0.049576783555018135 0.15462962962962962
0 0.8219467956469165 0.3675925925925926 0.03688029020556227 0.12962962962962962
0 0.9135429262394196 0.37083333333333335 0.041112454655380895 0.14166666666666666
0 0.7605804111245466 0.29814814814814816 0.04232164449818621 0.14814814814814814
0 0.7309552599758162 0.31805555555555554 0.045949214026602174 0.13425925925925927
0 0.7430471584038694 0.38935185185185184 0.03143893591293833 0.09907407407407408
0 0.812273276904474 0.38564814814814813 0.034461910519951636 0.12129629629629629
0 0.8428053204353083 0.3648148148148148 0.036275695284159616 0.12777777777777777
0 0.6466142684401451 0.8194444444444444 0.03688029020556227 0.1685185185185185
0 0.6348246674727932 0.7865740740740741 0.04353083434099154 0.1675925925925926
0 0.11215235792019347 0.7893518518518519 0.0562273276904474 0.1638888888888889
0 0.08736396614268441 0.7555555555555555 0.047762998790810154 0.1574074074074074
0 0.08887545344619105 0.5375 0.049576783555018135 0.17685185185185184
0 0.782043530834341 0.5708333333333333 0.05380894800483676 0.17685185185185184
0 0.7230955259975816 0.41898148148148145 0.03506650544135429 0.1287037037037037
0 0.8881499395405078 0.3587962962962963 0.03385731559854897 0.14722222222222223
0 0.9600967351874244 0.3226851851851852 0.03990326481257558 0.14907407407407408
0 0.9879081015719468 0.31342592592592594 0.022974607013301087 0.12314814814814815
0 0.8911729141475212 0.25046296296296294 0.044740024183796856 0.15648148148148147
0 0.8960096735187424 0.2212962962962963 0.03990326481257558 0.14074074074074075
0 0.9313784764207981 0.20046296296296295 0.042926239419588876 0.14537037037037037
0 0.9800483675937122 0.09861111111111111 0.037484885126964934 0.12685185185185185
0 0.8536880290205562 0.19722222222222222 0.03990326481257558 0.13518518518518519
0 0.7929262394195888 0.13564814814814816 0.035671100362756954 0.1287037037037037
0 0.8198307134220073 0.1550925925925926 0.03990326481257558 0.13425925925925927
0 0.8579201934703748 0.16712962962962963 0.03990326481257558 0.13425925925925927
0 0.9129383313180169 0.15185185185185185 0.037484885126964934 0.13703703703703704
0 0.8814993954050786 0.16435185185185186 0.036275695284159616 0.13240740740740742
0 0.8548972188633616 0.11574074074074074 0.03506650544135429 0.13148148148148148
0 0.8796856106408706 0.12083333333333333 0.037484885126964934 0.13240740740740742
0 0.9328899637243047 0.08194444444444444 0.03990326481257558 0.12685185185185185
0 0.9171704957678356 0.050462962962962966 0.037484885126964934 0.09907407407407408
0 0.07194679564691657 0.25462962962962965 0.04353083434099154 0.1425925925925926
0 0.03839177750906892 0.2611111111111111 0.044135429262394194 0.1388888888888889
0 0.024788391777509067 0.2175925925925926 0.03506650544135429 0.13518518518518519
0 0.002720677146311971 0.2199074074074074 0.004232164449818622 0.13796296296296295
0 0.006045949214026602 0.15046296296296297 0.010882708585247884 0.13796296296296295
0 0.09250302297460701 0.15185185185185185 0.037484885126964934 0.14074074074074075
0 0.12424425634824668 0.17222222222222222 0.02962515114873035 0.10740740740740741
0 0.10399032648125756 0.12407407407407407 0.030229746070133012 0.11296296296296296
0 0.13452237001209189 0.10694444444444444 0.03688029020556227 0.13796296296296295
0 0.2140266021765417 0.22453703703703703 0.04232164449818621 0.13240740740740742
0 0.15296251511487305 0.1962962962962963 0.032648125755743655 0.10740740740740741
0 0.16686819830713423 0.2722222222222222 0.03990326481257558 0.15185185185185185
0 0.16928657799274485 0.18981481481481483 0.036275695284159616 0.14629629629629629
0 0.19105199516324062 0.2074074074074074 0.02781136638452237 0.12407407407407407
0 0.19528415961305925 0.23657407407407408 0.02418379685610641 0.09351851851851851
0 0.5767835550181378 0.38333333333333336 0.0471584038694075 0.15185185185185185
0 0.6974002418379686 0.4273148148148148 0.044135429262394194 0.1675925925925926
0 0.7100967351874244 0.3907407407407407 0.04534461910519952 0.14814814814814814
0 0.5519951632406288 0.33611111111111114 0.044740024183796856 0.15185185185185185
0 0.628174123337364 0.3050925925925926 0.03990326481257558 0.14351851851851852
0 0.6741233373639661 0.2740740740740741 0.044740024183796856 0.13148148148148148
0 0.6665659008464329 0.29444444444444445 0.04171704957678356 0.14629629629629629
0 0.747279322853688 0.22916666666666666 0.03506650544135429 0.1398148148148148
0 0.7270253929866989 0.24953703703703703 0.039298669891172915 0.13240740740740742
0 0.6943772672309553 0.2550925925925926 0.03688029020556227 0.14537037037037037
0 0.7230955259975816 0.16527777777777777 0.032648125755743655 0.10277777777777777
0 0.6435912938331319 0.22685185185185186 0.04534461910519952 0.14074074074074075
0 0.6723095525997581 0.175 0.044740024183796856 0.1425925925925926
0 0.6369407496977025 0.1527777777777778 0.02962515114873035 0.14074074074074075
0 0.6185006045949214 0.1675925925925926 0.037484885126964934 0.14074074074074075
0 0.5831318016928658 0.29583333333333334 0.04171704957678356 0.14351851851851852
0 0.4948609431680774 0.2722222222222222 0.04171704957678356 0.1425925925925926
0 0.5610640870616687 0.2518518518518518 0.037484885126964934 0.15925925925925927
0 0.5553204353083434 0.19907407407407407 0.042926239419588876 0.13148148148148148
0 0.6030834340991535 0.20879629629629629 0.03688029020556227 0.14537037037037037
0 0.5438331318016929 0.17175925925925925 0.04534461910519952 0.16018518518518518
0 0.5888754534461911 0.10787037037037037 0.037484885126964934 0.12129629629629629
0 0.3261789600967352 0.047685185185185185 0.039298669891172915 0.09351851851851851
0 0.2941354292623942 0.04583333333333333 0.03083434099153567 0.08981481481481482
0 0.6783555018137848 0.055092592592592596 0.03869407496977025 0.10833333333333334
0 0.6955864570737605 0.049074074074074076 0.03325272067714631 0.0962962962962963
0 0.9758162031438936 0.2587962962962963 0.036275695284159616 0.15648148148148147
0 0.9310761789600968 0.32314814814814813 0.037484885126964934 0.11296296296296296
0 0.9492140266021766 0.03981481481481482 0.036275695284159616 0.07777777777777778
0 0.5513905683192262 0.10740740740740741 0.03385731559854897 0.12962962962962962
0 0.6058041112454655 0.0587962962962963 0.03506650544135429 0.11574074074074074
0 0.5785973397823458 0.06111111111111111 0.03143893591293833 0.11851851851851852
0 0.5498790810157195 0.05925925925925926 0.03083434099153567 0.11666666666666667
0 0.250906892382104 0.046296296296296294 0.03385731559854897 0.09074074074074075
0 0.871825876662636 0.02824074074074074 0.02781136638452237 0.05462962962962963
0 0.3567110036275695 0.4787037037037037 0.03506650544135429 0.1574074074074074
0 0.29866989117291415 0.24814814814814815 0.03506650544135429 0.13703703703703704
0 0.1357315598548972 0.7337962962962963 0.046553808948004836 0.16203703703703703
0 0.09613059250302297 0.36712962962962964 0.041112454655380895 0.15092592592592594
0 0.13422007255139057 0.6939814814814815 0.05199516324062878 0.16018518518518518
0 0.814993954050786 0.29259259259259257 0.037484885126964934 0.13703703703703704
0 0.8340386940749698 0.2865740740740741 0.03083434099153567 0.12314814814814815
0 0.24425634824667472 0.587037037037037 0.044740024183796856 0.1685185185185185
0 0.21070133010882708 0.5675925925925925 0.039298669891172915 0.17592592592592593
0 0.34915356711003626 0.5685185185185185 0.034461910519951636 0.14074074074074075
0 0.20918984280532044 0.49675925925925923 0.04353083434099154 0.14907407407407408
0 0.21342200725513905 0.49444444444444446 0.032648125755743655 0.1574074074074074
0 0.18319226118500603 0.4875 0.03143893591293833 0.12685185185185185
0 0.17472793228536881 0.4444444444444444 0.03990326481257558 0.14629629629629629
0 0.14177750906892383 0.4634259259259259 0.03688029020556227 0.14722222222222223
0 0.3524788391777509 0.14537037037037037 0.03143893591293833 0.13148148148148148
0 0.37605804111245467 0.14351851851851852 0.02781136638452237 0.12962962962962962
0 0.2651148730350665 0.37037037037037035 0.044135429262394194 0.14074074074074075
0 0.25634824667472794 0.39166666666666666 0.03506650544135429 0.14629629629629629
0 0.17623941958887546 0.9018518518518519 0.044135429262394194 0.1574074074074074
0 0.2965538089480048 0.6972222222222222 0.04171704957678356 0.15185185185185185
0 0.4498186215235792 0.537962962962963 0.03869407496977025 0.1537037037037037
0 0.33615477629987905 0.6226851851851852 0.03869407496977025 0.15462962962962962
0 0.33373639661426846 0.6574074074074074 0.03990326481257558 0.1685185185185185
0 0.4111245465538089 0.6592592592592592 0.05078597339782346 0.15185185185185185
0 0.625453446191052 0.7101851851851851 0.051390568319226115 0.1574074074074074
0 0.4268440145102781 0.4564814814814815 0.03506650544135429 0.12407407407407407
0 0.41324062877871826 0.41574074074074074 0.03688029020556227 0.10740740740740741
0 0.40840386940749696 0.5106481481481482 0.034461910519951636 0.14907407407407408
0 0.41686819830713423 0.47824074074074074 0.02962515114873035 0.14351851851851852
0 0.22611850060459493 0.5407407407407407 0.03506650544135429 0.14074074074074075
0 0.2711608222490931 0.5259259259259259 0.04171704957678356 0.1574074074074074
0 0.2753929866989117 0.5736111111111111 0.039298669891172915 0.1675925925925926
0 0.5133010882708585 0.6513888888888889 0.0471584038694075 0.16018518518518518
0 0.24546553808948005 0.3333333333333333 0.03506650544135429 0.14074074074074075
0 0.6444981862152358 0.5064814814814815 0.032648125755743655 0.13148148148148148
0 0.2762998790810157 0.3263888888888889 0.03990326481257558 0.14907407407407408
0 0.3935912938331318 0.37824074074074077 0.03990326481257558 0.13796296296296295
0 0.32406287787182586 0.28194444444444444 0.036275695284159616 0.1287037037037037
0 0.46795646916565903 0.48703703703703705 0.037484885126964934 0.1425925925925926
0 0.26481257557436516 0.29259259259259257 0.037484885126964934 0.13518518518518519
0 0.2850665054413543 0.3101851851851852 0.034461910519951636 0.11851851851851852
