0 0.13640238704177324 0.29318181818181815 0.03580562659846547 0.1159090909090909
0 0.09292412617220801 0.2909090909090909 0.03580562659846547 0.12045454545454545
0 0.01278772378516624 0.9278409090909091 0.023870417732310314 0.14431818181818182
0 0.5750213128729753 0.3375 0.04688832054560955 0.125
0 0.510230179028133 0.09659090909090909 0.028132992327365727 0.09318181818181819
0 0.8145780051150895 0.2818181818181818 0.03836317135549872 0.1159090909090909
0 0.717391304347826 0.26477272727272727 0.03324808184143223 0.10681818181818181
0 0.7190963341858483 0.28238636363636366 0.03324808184143223 0.11477272727272728
0 0.7527706734867861 0.27045454545454545 0.03751065643648764 0.1159090909090909
0 0.7757885763000852 0.2772727272727273 0.03751065643648764 0.11136363636363636
0 0.7519181585677749 0.30511363636363636 0.03751065643648764 0.1125
0 0.726768968456948 0.44829545454545455 0.04688832054560955 0.11704545454545455
0 0.8461210571184996 0.46079545454545456 0.04688832054560955 0.11477272727272728
0 0.5515771526001705 0.5880681818181818 0.03410059676044331 0.12613636363636363
0 0.20801364023870417 0.010795454545454546 0.023870417732310314 0.019318181818181818
0 0.2770673486786019 0.0125 0.02557544757033248 0.022727272727272728
0 0.4876385336743393 0.03238636363636364 0.03751065643648764 0.0625
0 0.40281329923273657 0.023295454545454546 0.028132992327365727 0.04431818181818182
0 0.37595907928388744 0.02215909090909091 0.02557544757033248 0.042045454545454546
0 0.4373401534526854 0.029545454545454545 0.03239556692242114 0.056818181818181816
0 0.45524296675191817 0.028977272727272727 0.02557544757033248 0.048863636363636366
0 0.4075021312872975 0.010227272727272727 0.028985507246376812 0.01818181818181818
0 0.5814151747655584 0.39431818181818185 0.042625745950554135 0.12045454545454545
0 0.5741687979539642 0.6698863636363637 0.041773231031543054 0.13068181818181818
0 0.24168797953964194 0.19375 0.03495311167945439 0.10340909090909091
0 0.4215686274509804 0.12954545454545455 0.03324808184143223 0.10681818181818181
0 0.2549019607843137 0.4346590909090909 0.03751065643648764 0.13295454545454546
0 0.76768968456948 0.36363636363636365 0.03324808184143223 0.10681818181818181
0 0.9757033248081841 0.9301136363636363 0.043478260869565216 0.14204545454545456
0 0.2237851662404092 0.9715909090909091 0.05200341005967604 0.056818181818181816
0 0.12958226768968456 0.9403409090909091 0.0494458653026428 0.1215909090909091
0 0.16709292412617222 0.9409090909090909 0.0443307757885763 0.11818181818181818
0 0.43691389599317987 0.30454545454545456 0.03324808184143223 0.09318181818181819
0 0.42412617220801363 0.30568181818181817 0.03836317135549872 0.1
0 0.3167092924126172 0.23636363636363636 0.03495311167945439 0.10909090909090909
0 0.0784313725490196 0.35397727272727275 0.042625745950554135 0.12840909090909092
0 0.8567774936061381 0.9488636363636364 0.0494458653026428 0.10227272727272728
0 0.8158567774936062 0.5045454545454545 0.042625745950554135 0.12954545454545455
0 0.907075873827792 0.6238636363636364 0.056265984654731455 0.12954545454545455
0 0.8431372549019608 0.6488636363636363 0.04774083546462063 0.1431818181818182
0 0.809462915601023 0.36420454545454545 0.03836317135549872 0.11477272727272728
0 0.8738277919863597 0.9289772727272727 0.042625745950554135 0.13977272727272727
0 0.6487638533674339 0.8778409090909091 0.05115089514066496 0.14659090909090908
0 0.6930946291560103 0.8676136363636363 0.05115089514066496 0.17386363636363636
0 0.9492753623188406 0.8647727272727272 0.04688832054560955 0.18181818181818182
0 0.9113384484228474 0.9261363636363636 0.04092071611253197 0.1318181818181818
0 0.5217391304347826 0.4954545454545455 0.03239556692242114 0.12045454545454545
0 0.34654731457800514 0.33238636363636365 0.03665814151747655 0.10568181818181818
0 0.39428815004262574 0.30227272727272725 0.028132992327365727 0.1
0 0.8418584825234442 0.8181818181818182 0.04688832054560955 0.13863636363636364
0 0.005541346973572037 0.41761363636363635 0.00937766410912191 0.10340909090909091
0 0.7962489343563512 0.8721590909090909 0.059676044330775786 0.16704545454545455
0 0.9803921568627451 0.825 0.03751065643648764 0.16136363636363638
0 0.5132139812446718 0.9613636363636363 0.04603580562659847 0.07727272727272727
0 0.9087809036658141 0.8511363636363637 0.05456095481670929 0.1431818181818182
0 0.5562659846547314 0.5215909090909091 0.040068201193520885 0.12954545454545455
0 0.03239556692242114 0.05738636363636364 0.030690537084398978 0.09431818181818181
0 0.12489343563512362 0.044886363636363634 0.03154305200341006 0.08068181818181819
0 0.19863597612958228 0.08863636363636364 0.028985507246376812 0.08181818181818182
0 0.07161125319693094 0.9409090909090909 0.05456095481670929 0.11818181818181818
0 0.5784313725490197 0.9522727272727273 0.05029838022165388 0.09772727272727273
0 0.7634271099744245 0.9375 0.041773231031543054 0.125
0 0.6278772378516624 0.9545454545454546 0.04688832054560955 0.09318181818181819
0 0.7800511508951407 0.49772727272727274 0.042625745950554135 0.1340909090909091
0 0.1658141517476556 0.375 0.03495311167945439 0.10909090909090909
0 0.1956521739130435 0.37386363636363634 0.03665814151747655 0.1159090909090909
0 0.514919011082694 0.41647727272727275 0.0392156862745098 0.12386363636363637
0 0.5434782608695652 0.42045454545454547 0.03836317135549872 0.10681818181818181
0 0.004688832054560955 0.19715909090909092 0.0076726342710997444 0.11022727272727273
0 0.08780903665814152 0.22102272727272726 0.030690537084398978 0.09886363636363636
0 0.17519181585677748 0.18409090909090908 0.029838022165387893 0.08863636363636364
0 0.20545609548167093 0.18011363636363636 0.03410059676044331 0.09886363636363636
0 0.3674339300937766 0.17897727272727273 0.0392156862745098 0.10340909090909091
0 0.40153452685422 0.12727272727272726 0.023870417732310314 0.08863636363636364
0 0.3256606990622336 0.1125 0.023870417732310314 0.075
0 0.2195225916453538 0.08579545454545455 0.029838022165387893 0.09431818181818181
0 0.24765558397271953 0.0903409090909091 0.028132992327365727 0.08295454545454546
0 0.4744245524296675 0.1215909090909091 0.029838022165387893 0.09318181818181819
0 0.5025575447570333 0.12840909090909092 0.028132992327365727 0.08863636363636364
0 0.8793691389599319 0.13863636363636364 0.03495311167945439 0.10454545454545454
0 0.226768968456948 0.026136363636363635 0.03239556692242114 0.05
0 0.24296675191815856 0.013636363636363636 0.030690537084398978 0.025
0 0.3009377664109122 0.09488636363636363 0.028985507246376812 0.08522727272727272
0 0.3103154305200341 0.1125 0.023870417732310314 0.06136363636363636
0 0.7553282182438192 0.5454545454545454 0.04603580562659847 0.13863636363636364
0 0.8179880647911338 0.5698863636363637 0.041773231031543054 0.13295454545454546
0 0.7105711849957375 0.6590909090909091 0.041773231031543054 0.13863636363636364
0 0.7404092071611253 0.6522727272727272 0.04688832054560955 0.15227272727272728
0 0.45737425404944587 0.7181818181818181 0.04688832054560955 0.14772727272727273
0 0.7254901960784313 0.5988636363636364 0.03751065643648764 0.125
0 0.6854219948849105 0.6545454545454545 0.0392156862745098 0.125
0 0.7872975277067349 0.5863636363636363 0.03665814151747655 0.1340909090909091
0 0.3772378516624041 0.2818181818181818 0.03495311167945439 0.1
0 0.35208866155157714 0.2721590909090909 0.03580562659846547 0.1215909090909091
0 0.8329070758738278 0.04318181818181818 0.03239556692242114 0.08409090909090909
0 0.7421142369991475 0.37727272727272726 0.03324808184143223 0.075
0 0.7570332480818415 0.6125 0.042625745950554135 0.14772727272727273
0 0.22335890878090367 0.05454545454545454 0.028985507246376812 0.08409090909090909
0 0.054987212276214836 0.6642045454545454 0.041773231031543054 0.14204545454545456
0 0.5886615515771526 0.8829545454545454 0.05541346973572037 0.16136363636363638
0 0.4641943734015345 0.9346590909090909 0.04688832054560955 0.13068181818181818
0 0.11082693947144075 0.7170454545454545 0.05115089514066496 0.15
0 0.4663256606990622 0.4590909090909091 0.03751065643648764 0.1340909090909091
0 0.4518329070758738 0.6431818181818182 0.04603580562659847 0.13863636363636364
0 0.48294970161977835 0.6448863636363636 0.03836317135549872 0.12840909090909092
0 0.28090366581415177 0.44375 0.041773231031543054 0.11022727272727273
0 0.4620630861040068 0.5875 0.0392156862745098 0.12954545454545455
0 0.8495311167945439 0.8534090909090909 0.04688832054560955 0.15
0 0.3776641091219096 0.33238636363636365 0.03580562659846547 0.11704545454545455
0 0.45268542199488493 0.3431818181818182 0.03751065643648764 0.10681818181818181
0 0.4424552429667519 0.9607954545454546 0.05115089514066496 0.08068181818181819
0 0.27621483375959077 0.8181818181818182 0.05115089514066496 0.15227272727272728
0 0.4011082693947144 0.6284090909090909 0.045183290707587385 0.1340909090909091
0 0.6687979539641944 0.977840909090909 0.03836317135549872 0.04659090909090909
0 0.32651321398124467 0.8261363636363637 0.042625745950554135 0.16590909090909092
0 0.4236999147485081 0.75 0.042625745950554135 0.125
0 0.09761295822676896 0.8426136363636364 0.05029838022165388 0.15568181818181817
0 0.3090366581415175 0.65625 0.03836317135549872 0.13068181818181818
0 0.36018755328218244 0.665340909090909 0.05029838022165388 0.15113636363636362
0 0.39300937766410915 0.80625 0.05115089514066496 0.15568181818181817
0 0.3874680306905371 0.7528409090909091 0.04688832054560955 0.13977272727272727
0 0.36615515771526 0.6136363636363636 0.05029838022165388 0.1340909090909091
0 0.3908780903665814 0.6801136363636363 0.045183290707587385 0.14659090909090908
0 0.017902813299232736 0.8261363636363637 0.03410059676044331 0.14772727272727273
0 0.5051150895140665 0.5931818181818181 0.04688832054560955 0.12954545454545455
0 0.8380221653878943 0.6886363636363636 0.03751065643648764 0.12954545454545455
0 0.8098891730605285 0.6801136363636363 0.04774083546462063 0.14431818181818182
0 0.9710144927536232 0.9642045454545455 0.05456095481670929 0.07386363636363637
0 0.7246376811594203 0.977840909090909 0.03580562659846547 0.04431818181818182
0 0.39727195225916456 0.4909090909090909 0.042625745950554135 0.1159090909090909
