0 0.13725490196078433 0.5375 0.04092071611253197 0.1318181818181818
0 0.9083546462063086 0.2863636363636364 0.03324808184143223 0.10681818181818181
0 0.1265984654731458 0.5210227272727272 0.043478260869565216 0.14431818181818182
0 0.4876385336743393 0.5880681818181818 0.056265984654731455 0.13295454545454546
0 0.3815004262574595 0.2590909090909091 0.03154305200341006 0.10227272727272728
0 0.8542199488491049 0.48920454545454545 0.03410059676044331 0.12840909090909092
0 0.7757885763000852 0.4744318181818182 0.03751065643648764 0.10568181818181818
0 0.7783461210571185 0.5 0.042625745950554135 0.125
0 0.8286445012787724 0.48352272727272727 0.03751065643648764 0.11477272727272728
0 0.808610400682012 0.4971590909090909 0.041773231031543054 0.12386363636363637
0 0.8013640238704177 0.5289772727272727 0.042625745950554135 0.12386363636363637
0 0.6999147485080989 0.6926136363636364 0.04774083546462063 0.13295454545454546
0 0.93307757885763 0.7414772727272727 0.041773231031543054 0.13977272727272727
0 0.6406649616368286 0.8869318181818182 0.041773231031543054 0.14886363636363636
0 0.9138959931798807 0.0375 0.028985507246376812 0.07272727272727272
0 0.8691389599317988 0.21306818181818182 0.03154305200341006 0.10340909090909091
0 0.9667519181585678 0.026704545454545453 0.028985507246376812 0.05113636363636364
0 0.8836317135549873 0.03977272727272727 0.0247229326513214 0.07727272727272727
0 0.020460358056265986 0.1278409090909091 0.030690537084398978 0.09431818181818181
0 0.041773231031543054 0.12443181818181819 0.028985507246376812 0.09431818181818181
0 0.13768115942028986 0.13068181818181818 0.03154305200341006 0.09318181818181819
0 0.5119352088661552 0.1534090909090909 0.03324808184143223 0.09545454545454546
0 0.40238704177323104 0.15170454545454545 0.03410059676044331 0.08522727272727272
0 0.3908780903665814 0.12840909090909092 0.03154305200341006 0.09772727272727273
0 0.5089514066496164 0.10397727272727272 0.030690537084398978 0.0875
0 0.17433930093776642 0.05568181818181818 0.028132992327365727 0.09090909090909091
0 0.4352088661551577 0.15170454545454545 0.03665814151747655 0.09431818181818181
0 0.4560954816709292 0.1653409090909091 0.023870417732310314 0.0625
0 0.1969309462915601 0.06079545454545455 0.028985507246376812 0.09431818181818181
0 0.2216538789428815 0.06704545454545455 0.028985507246376812 0.08863636363636364
0 0.2855924978687127 0.09943181818181818 0.028985507246376812 0.09431818181818181
0 0.3205456095481671 0.11193181818181819 0.030690537084398978 0.09659090909090909
0 0.340153452685422 0.11875 0.03239556692242114 0.09204545454545454
0 0.2595907928388747 0.04090909090909091 0.03154305200341006 0.07954545454545454
0 0.2092924126172208 0.0125 0.028132992327365727 0.022727272727272728
0 0.22250639386189258 0.01818181818181818 0.023870417732310314 0.03409090909090909
0 0.3103154305200341 0.02784090909090909 0.028985507246376812 0.053409090909090906
0 0.4680306905370844 0.09545454545454546 0.03239556692242114 0.09090909090909091
0 0.4198635976129582 0.06306818181818181 0.03154305200341006 0.08977272727272727
0 0.463768115942029 0.06477272727272727 0.028985507246376812 0.09090909090909091
0 0.37169650468883203 0.014204545454545454 0.030690537084398978 0.026136363636363635
0 0.4416027280477408 0.017613636363636363 0.027280477408354646 0.03295454545454545
0 0.4880647911338448 0.017045454545454544 0.0247229326513214 0.031818181818181815
0 0.4940323955669224 0.06420454545454546 0.028132992327365727 0.08522727272727272
0 0.5843989769820972 0.32670454545454547 0.03665814151747655 0.11022727272727273
0 0.6146632566069906 0.6420454545454546 0.04603580562659847 0.1318181818181818
0 0.9198635976129582 0.02159090909090909 0.03239556692242114 0.04090909090909091
0 0.27877237851662406 0.02215909090909091 0.030690537084398978 0.042045454545454546
0 0.38917306052855927 0.015909090909090907 0.028132992327365727 0.029545454545454545
0 0.5285592497868713 0.01818181818181818 0.03751065643648764 0.03409090909090909
0 0.5063938618925832 0.04147727272727273 0.03239556692242114 0.07613636363636364
0 0.35294117647058826 0.008522727272727272 0.030690537084398978 0.014772727272727272
0 0.1082693947144075 0.43125 0.0392156862745098 0.11704545454545455
0 0.41815856777493604 0.2909090909090909 0.029838022165387893 0.10681818181818181
0 0.2868712702472293 0.6886363636363636 0.043478260869565216 0.15227272727272728
0 0.7710997442455243 0.56875 0.03836317135549872 0.11931818181818182
0 0.23827791986359761 0.9886363636363636 0.03495311167945439 0.025
0 0.12233589087809037 0.9636363636363636 0.043478260869565216 0.075
0 0.1628303495311168 0.9636363636363636 0.0443307757885763 0.075
0 0.42284739982949704 0.5267045454545455 0.028985507246376812 0.10568181818181818
0 0.6926683716965046 0.42272727272727273 0.03665814151747655 0.1159090909090909
0 0.3917306052855925 0.5198863636363636 0.03665814151747655 0.11022727272727273
0 0.309462915601023 0.43068181818181817 0.0392156862745098 0.11818181818181818
0 0.7975277067348678 0.678409090909091 0.04688832054560955 0.1318181818181818
0 0.9791133844842285 0.9170454545454545 0.041773231031543054 0.125
0 0.9654731457800512 0.9443181818181818 0.04859335038363171 0.11136363636363636
0 0.8128729752770674 0.5761363636363637 0.03836317135549872 0.12954545454545455
0 0.717391304347826 0.73125 0.03665814151747655 0.12840909090909092
0 0.3115942028985507 0.5602272727272727 0.040068201193520885 0.12045454545454545
0 0.3635976129582268 0.5147727272727273 0.03665814151747655 0.11818181818181818
0 0.7450980392156863 0.7414772727272727 0.04092071611253197 0.1375
0 0.06734867860187553 0.27386363636363636 0.0392156862745098 0.09318181818181819
0 0.7531969309462916 0.6715909090909091 0.045183290707587385 0.1159090909090909
0 0.014492753623188406 0.6329545454545454 0.027280477408354646 0.1318181818181818
0 0.5217391304347826 0.6522727272727272 0.042625745950554135 0.13863636363636364
0 0.5515771526001705 0.6670454545454545 0.04092071611253197 0.125
0 0.017050298380221655 0.38920454545454547 0.03239556692242114 0.10340909090909091
0 0.04134697357203751 0.3840909090909091 0.05711849957374254 0.11363636363636363
0 0.04475703324808184 0.9670454545454545 0.05541346973572037 0.06818181818181818
0 0.18115942028985507 0.8517045454545454 0.058823529411764705 0.15568181818181817
0 0.30264279624893436 0.3880681818181818 0.04603580562659847 0.1215909090909091
0 0.39215686274509803 0.29715909090909093 0.028985507246376812 0.10113636363636364
0 0.2442455242966752 0.2471590909090909 0.028132992327365727 0.07840909090909091
0 0.0959079283887468 0.26590909090909093 0.03324808184143223 0.10681818181818181
0 0.1206308610400682 0.26875 0.028132992327365727 0.09204545454545454
0 0.45268542199488493 0.2784090909090909 0.03751065643648764 0.10227272727272728
0 0.4812446717817562 0.2767045454545455 0.03324808184143223 0.09431818181818181
0 0.47058823529411764 0.011931818181818182 0.03410059676044331 0.02159090909090909
0 0.08994032395566923 0.10965909090909091 0.03324808184143223 0.0875
0 0.21355498721227623 0.22954545454545455 0.028132992327365727 0.09318181818181819
0 0.22506393861892582 0.2505681818181818 0.023870417732310314 0.06477272727272727
0 0.5498721227621484 0.8568181818181818 0.05115089514066496 0.16136363636363638
0 0.8499573742540495 0.8522727272727273 0.04603580562659847 0.15454545454545454
0 0.7855924978687127 0.9505681818181818 0.05029838022165388 0.09659090909090909
0 0.8209718670076727 0.9471590909090909 0.05115089514066496 0.10795454545454546
0 0.3678601875532822 0.9721590909090909 0.043478260869565216 0.05568181818181818
0 0.7037510656436488 0.8795454545454545 0.03836317135549872 0.14545454545454545
0 0.7502131287297528 0.9613636363636363 0.05115089514066496 0.07727272727272727
0 0.8192668371696504 0.8625 0.04774083546462063 0.1431818181818182
0 0.28090366581415177 0.5119318181818182 0.028132992327365727 0.09204545454545454
0 0.24978687127024723 0.49829545454545454 0.04092071611253197 0.11704545454545455
0 0.21312872975277067 0.4784090909090909 0.04603580562659847 0.12727272727272726
0 0.8653026427962489 0.1875 0.03410059676044331 0.09318181818181819
0 0.7566069906223359 0.5903409090909091 0.03154305200341006 0.08295454545454546
0 0.6837169650468883 0.8943181818181818 0.0443307757885763 0.16590909090909092
0 0.12404092071611253 0.2278409090909091 0.03324808184143223 0.10568181818181818
0 0.39300937766410915 0.7823863636363636 0.05115089514066496 0.15795454545454546
0 0.5400682011935208 0.9619318181818182 0.05200341005967604 0.07386363636363637
0 0.5861040068201193 0.9659090909090909 0.04688832054560955 0.06818181818181818
0 0.31841432225063937 0.70625 0.041773231031543054 0.12840909090909092
0 0.6005967604433078 0.9295454545454546 0.05541346973572037 0.1409090909090909
0 0.3491048593350384 0.55625 0.040068201193520885 0.12613636363636363
0 0.4539641943734015 0.5659090909090909 0.04688832054560955 0.12045454545454545
0 0.48081841432225064 0.9278409090909091 0.05285592497868713 0.1375
0 0.4019607843137255 0.9551136363636363 0.03836317135549872 0.08977272727272727
0 0.45694799658994034 0.9482954545454545 0.056265984654731455 0.10568181818181818
0 0.4373401534526854 0.9227272727272727 0.05285592497868713 0.15227272727272728
0 0.4978687127024723 0.9568181818181818 0.05115089514066496 0.08409090909090909
0 0.6176470588235294 0.9289772727272727 0.04688832054560955 0.14204545454545456
0 0.41602728047740833 0.7198863636363636 0.042625745950554135 0.12613636363636363
