0 0.6000604594921403 0.9680555555555556 0.04534461910519952 0.06574074074074074
0 0.6541717049576784 0.9439814814814815 0.044740024183796856 0.11203703703703703
0 0.11305925030229746 0.7148148148148148 0.03869407496977025 0.16111111111111112
0 0.06922611850060459 0.7537037037037037 0.046553808948004836 0.16296296296296298
0 0.6496372430471584 0.524074074074074 0.044135429262394194 0.1574074074074074
0 0.3019951632406288 0.5430555555555555 0.0380894800483676 0.1398148148148148
0 0.26360338573155984 0.5259259259259259 0.03990326481257558 0.1537037037037037
0 0.13301088270858524 0.3402777777777778 0.037484885126964934 0.1361111111111111
0 0.042623941958887544 0.39537037037037037 0.044135429262394194 0.15
0 0.10761789600967352 0.43796296296296294 0.04353083434099154 0.1537037037037037
0 0.15507859733978235 0.44583333333333336 0.04171704957678356 0.1712962962962963
0 0.5858524788391778 0.2740740740740741 0.032648125755743655 0.13518518518518519
0 0.05652962515114873 0.48194444444444445 0.04171704957678356 0.15092592592592594
0 0.002116082224909311 0.5083333333333333 0.003022974607013301 0.14814814814814814
0 0.5795042321644498 0.3106481481481482 0.042926239419588876 0.15462962962962962
0 0.6064087061668681 0.33055555555555555 0.032648125755743655 0.1425925925925926
0 0.6977025392986699 0.6462962962962963 0.04353083434099154 0.16111111111111112
0 0.7379081015719468 0.6444444444444445 0.044135429262394194 0.14629629629629629
0 0.3648730350665054 0.27546296296296297 0.039298669891172915 0.12314814814814815
0 0.3355501813784764 0.2935185185185185 0.02781136638452237 0.1259259259259259
0 0.4588875453446191 0.2611111111111111 0.030229746070133012 0.13518518518518519
0 0.45133010882708585 0.27824074074074073 0.03325272067714631 0.1361111111111111
0 0.5178355501813785 0.4986111111111111 0.03083434099153567 0.13425925925925927
0 0.5462515114873036 0.4199074074074074 0.02962515114873035 0.12685185185185185
0 0.5477629987908101 0.45416666666666666 0.030229746070133012 0.12685185185185185
0 0.5111850060459492 0.5407407407407407 0.03688029020556227 0.13703703703703704
0 0.36094316807738813 0.30787037037037035 0.02902055622732769 0.13240740740740742
0 0.6762394195888755 0.7453703703703703 0.046553808948004836 0.1685185185185185
0 0.7626964933494559 0.75 0.044135429262394194 0.1574074074074074
0 0.7750906892382105 0.7041666666666667 0.04353083434099154 0.14537037037037037
0 0.9782345828295043 0.7240740740740741 0.041112454655380895 0.14629629629629629
0 0.9292623941958887 0.7157407407407408 0.05562273276904474 0.1648148148148148
0 0.6127569528415961 0.8277777777777777 0.04897218863361548 0.17592592592592593
0 0.8987303506650545 0.5666666666666667 0.039298669891172915 0.15185185185185185
0 0.8548972188633616 0.5194444444444445 0.0471584038694075 0.1388888888888889
0 0.9201934703748489 0.5143518518518518 0.04353083434099154 0.15462962962962962
0 0.8630592503022975 0.6319444444444444 0.047762998790810154 0.15092592592592594
0 0.903869407496977 0.6402777777777777 0.04353083434099154 0.15648148148148147
0 0.8155985489721886 0.6300925925925925 0.04232164449818621 0.14537037037037037
0 0.7914147521160823 0.5782407407407407 0.04353083434099154 0.16574074074074074
0 0.8881499395405078 0.3416666666666667 0.044740024183796856 0.13703703703703704
0 0.9096130592503023 0.36064814814814816 0.035671100362756954 0.14907407407407408
0 0.9292623941958887 0.3143518518518518 0.030229746070133012 0.10092592592592593
0 0.6088270858524788 0.9189814814814815 0.0471584038694075 0.1638888888888889
0 0.8174123337363967 0.8518518518518519 0.07980652962515115 0.1814814814814815
0 0.8340386940749698 0.7194444444444444 0.06952841596130592 0.15185185185185185
0 0.8279927448609432 0.7662037037037037 0.04534461910519952 0.16018518518518518
0 0.27660217654171704 0.03888888888888889 0.034461910519951636 0.07592592592592592
0 0.17049576783555018 0.08425925925925926 0.03385731559854897 0.14444444444444443
0 0.36789600967351876 0.0625 0.04050785973397823 0.11574074074074074
0 0.35308343409915355 0.025925925925925925 0.037484885126964934 0.05
0 0.4540507859733978 0.0375 0.02902055622732769 0.07314814814814814
0 0.5114873035066505 0.08148148148148149 0.03506650544135429 0.12407407407407407
0 0.5060459492140266 0.05324074074074074 0.032648125755743655 0.10462962962962963
0 0.5253929866989118 0.01990740740740741 0.02539298669891173 0.03796296296296296
0 0.5513905683192262 0.044444444444444446 0.026602176541717048 0.08703703703703704
0 0.5689238210399032 0.05324074074074074 0.03385731559854897 0.10462962962962963
0 0.5991535671100363 0.02962962962962963 0.02539298669891173 0.05740740740740741
0 0.628174123337364 0.029166666666666667 0.026602176541717048 0.05648148148148148
0 0.7200725513905684 0.03194444444444444 0.026602176541717048 0.062037037037037036
0 0.7152357920193471 0.09907407407407408 0.03506650544135429 0.12407407407407407
0 0.7363966142684402 0.10833333333333334 0.02781136638452237 0.09814814814814815
0 0.7557436517533253 0.09259259259259259 0.02902055622732769 0.11296296296296296
0 0.9610036275695284 0.04027777777777778 0.02962515114873035 0.0787037037037037
0 0.935006045949214 0.06388888888888888 0.03204353083434099 0.11481481481481481
0 0.9721886336154776 0.07361111111111111 0.032648125755743655 0.1175925925925926
0 0.9582829504232164 0.1361111111111111 0.032648125755743655 0.12037037037037036
0 0.9256348246674728 0.12546296296296297 0.03143893591293833 0.1175925925925926
0 0.8715235792019347 0.15787037037037038 0.024788391777509067 0.08425925925925926
0 0.8920798065296252 0.15416666666666667 0.039298669891172915 0.11574074074074074
0 0.9897218863361548 0.06527777777777778 0.019347037484885126 0.11388888888888889
0 0.914752116082225 0.20416666666666666 0.0471584038694075 0.12129629629629629
0 0.9277509068923822 0.23333333333333334 0.03083434099153567 0.12777777777777777
0 0.9567714631197098 0.22037037037037038 0.035671100362756954 0.12962962962962962
0 0.9800483675937122 0.19814814814814816 0.032648125755743655 0.11481481481481481
0 0.9848851269649335 0.24166666666666667 0.02902055622732769 0.12777777777777777
0 0.9655380894800484 0.29398148148148145 0.032648125755743655 0.12129629629629629
0 0.9903264812575574 0.3143518518518518 0.018137847642079808 0.1398148148148148
0 0.9594921402660218 0.32546296296296295 0.04232164449818621 0.14351851851851852
0 0.9446795646916566 0.36435185185185187 0.04050785973397823 0.12685185185185185
0 0.5973397823458283 0.11064814814814815 0.03506650544135429 0.12314814814814815
0 0.6330108827085853 0.10694444444444444 0.03506650544135429 0.125
0 0.5837363966142685 0.1476851851851852 0.02962515114873035 0.12129629629629629
0 0.6082224909310762 0.17407407407407408 0.03506650544135429 0.13333333333333333
0 0.5637847642079806 0.17916666666666667 0.034461910519951636 0.13240740740740742
0 0.6448004836759371 0.1925925925925926 0.03204353083434099 0.11481481481481481
0 0.6680773881499396 0.20833333333333334 0.02781136638452237 0.1037037037037037
0 0.6931680773881499 0.20046296296296295 0.04050785973397823 0.13240740740740742
0 0.7412333736396615 0.26296296296296295 0.03385731559854897 0.12777777777777777
0 0.7711608222490931 0.2657407407407407 0.02720677146311971 0.13148148148148148
0 0.8095525997581621 0.32916666666666666 0.044740024183796856 0.13425925925925927
0 0.32769044740024184 0.15648148148148147 0.032648125755743655 0.12407407407407407
0 0.38210399032648124 0.16805555555555557 0.03143893591293833 0.12685185185185185
0 0.4268440145102781 0.1912037037037037 0.02902055622732769 0.13425925925925927
0 0.37817412333736394 0.2074074074074074 0.03204353083434099 0.13518518518518519
0 0.2578597339782346 0.2324074074074074 0.03204353083434099 0.13703703703703704
0 0.2874848851269649 0.25092592592592594 0.02962515114873035 0.1425925925925926
0 0.3101571946795647 0.2824074074074074 0.02176541717049577 0.09814814814814815
0 0.5698307134220073 0.3972222222222222 0.03325272067714631 0.12962962962962962
0 0.17019347037484886 0.17314814814814813 0.03688029020556227 0.12777777777777777
0 0.08524788391777509 0.1787037037037037 0.03385731559854897 0.11296296296296296
0 0.05652962515114873 0.2462962962962963 0.03204353083434099 0.13518518518518519
0 0.07557436517533253 0.2675925925925926 0.03385731559854897 0.13518518518518519
0 0.16384522370012092 0.32546296296296295 0.03990326481257558 0.14351851851851852
0 0.010278113663845224 0.24259259259259258 0.019347037484885126 0.12037037037037036
0 0.04746070133010883 0.6671296296296296 0.04171704957678356 0.16574074074074074
0 0.05441354292623942 0.6319444444444444 0.03869407496977025 0.15092592592592594
0 0.07043530834340991 0.5958333333333333 0.04171704957678356 0.13796296296296295
0 0.11366384522370013 0.9398148148148148 0.0471584038694075 0.12222222222222222
0 0.11608222490931076 0.9060185185185186 0.04836759371221282 0.16574074074074074
0 0.14721886336154777 0.8944444444444445 0.042926239419588876 0.15
0 0.009068923821039904 0.6851851851851852 0.016928657799274487 0.11296296296296296
0 0.6735187424425635 0.07314814814814814 0.032648125755743655 0.11296296296296296
0 0.006952841596130592 0.6856481481481481 0.012696493349455865 0.16574074074074074
0 0.02750906892382104 0.4027777777777778 0.03083434099153567 0.10740740740740741
0 0.0190447400241838 0.3212962962962963 0.028415961305925032 0.08888888888888889
0 0.717049576783555 0.07407407407407407 0.03990326481257558 0.1259259259259259
0 0.47551390568319224 0.04259259259259259 0.03083434099153567 0.08333333333333333
0 0.4830713422007255 0.08101851851851852 0.03990326481257558 0.11944444444444445
0 0.6493349455864571 0.062037037037037036 0.03143893591293833 0.12222222222222222
0 0.24032648125755743 0.5884259259259259 0.039298669891172915 0.15833333333333333
0 0.24334945586457074 0.5680555555555555 0.035671100362756954 0.14166666666666666
0 0.14812575574365175 0.5851851851851851 0.044740024183796856 0.1425925925925926
0 0.20133010882708585 0.5902777777777778 0.037484885126964934 0.13425925925925927
0 0.21311970979443773 0.5421296296296296 0.042926239419588876 0.15092592592592594
0 0.16324062877871826 0.5606481481481481 0.04232164449818621 0.13796296296296295
0 0.6097339782345829 0.5537037037037037 0.034461910519951636 0.14814814814814814
0 0.39631197097944376 0.24074074074074073 0.03204353083434099 0.12407407407407407
0 0.4186819830713422 0.24537037037037038 0.02720677146311971 0.1259259259259259
0 0.6178960096735188 0.5282407407407408 0.032648125755743655 0.14537037037037037
0 0.02871825876662636 0.9796296296296296 0.04897218863361548 0.04259259259259259
0 0.7276299879081015 0.7819444444444444 0.039298669891172915 0.13796296296296295
0 0.871825876662636 0.5888888888888889 0.044740024183796856 0.14074074074074075
0 0.717049576783555 0.7513888888888889 0.036275695284159616 0.13796296296296295
0 0.7249093107617895 0.38101851851851853 0.041112454655380895 0.1175925925925926
0 0.7705562273276905 0.3800925925925926 0.04171704957678356 0.1361111111111111
0 0.967049576783555 0.9569444444444445 0.039298669891172915 0.08796296296296297
0 0.28174123337363965 0.37592592592592594 0.041112454655380895 0.1388888888888889
0 0.26088270858524787 0.38981481481481484 0.034461910519951636 0.13333333333333333
0 0.5568319226118501 0.5032407407407408 0.03143893591293833 0.125
0 0.24939540507859734 0.9745370370370371 0.042926239419588876 0.05277777777777778
0 0.4667472793228537 0.975462962962963 0.04353083434099154 0.049074074074074076
0 0.5259975816203144 0.8212962962962963 0.05078597339782346 0.18518518518518517
0 0.4489117291414752 0.8712962962962963 0.04534461910519952 0.16111111111111112
0 0.536577992744861 0.5884259259259259 0.03688029020556227 0.15462962962962962
0 0.5764812575574365 0.7388888888888889 0.0501813784764208 0.15925925925925927
0 0.3343409915356711 0.7824074074074074 0.04353083434099154 0.15925925925925927
0 0.5580411124546554 0.5226851851851851 0.041112454655380895 0.13796296296296295
0 0.5637847642079806 0.6236111111111111 0.046553808948004836 0.15648148148148147
0 0.5024183796856106 0.8685185185185185 0.045949214026602174 0.18703703703703703
0 0.3642684401451028 0.48657407407407405 0.03688029020556227 0.13240740740740742
0 0.29474002418379686 0.44351851851851853 0.034461910519951636 0.16666666666666666
0 0.3624546553808948 0.425 0.034461910519951636 0.14629629629629629
0 0.4939540507859734 0.4236111111111111 0.032648125755743655 0.11018518518518519
0 0.3769649334945586 0.7175925925925926 0.035671100362756954 0.15555555555555556
0 0.3981257557436518 0.774537037037037 0.047762998790810154 0.15648148148148147
0 0.4159613059250302 0.7384259259259259 0.04232164449818621 0.1712962962962963
0 0.3697097944377267 0.7379629629629629 0.03688029020556227 0.17222222222222222
0 0.1626360338573156 0.2777777777777778 0.03869407496977025 0.14444444444444443
0 0.0994558645707376 0.1925925925925926 0.02720677146311971 0.11666666666666667
0 0.11970979443772672 0.19537037037037036 0.03506650544135429 0.11851851851851852
0 0.007557436517533253 0.9027777777777778 0.013905683192261185 0.17407407407407408
0 0.003022974607013301 0.2125 0.0048367593712212815 0.125
0 0.12605804111245467 0.28425925925925927 0.034461910519951636 0.1574074074074074
0 0.5489721886336155 0.7060185185185185 0.044740024183796856 0.15092592592592594
0 0.17412333736396615 0.8412037037037037 0.05078597339782346 0.1787037037037037
0 0.2439540507859734 0.7939814814814815 0.044135429262394194 0.16018518518518518
0 0.6789600967351874 0.7055555555555556 0.045949214026602174 0.16111111111111112
0 0.25755743651753327 0.46111111111111114 0.04353083434099154 0.1425925925925926
0 0.47642079806529625 0.5453703703703704 0.032648125755743655 0.13333333333333333
0 0.46735187424425634 0.5152777777777777 0.04836759371221282 0.13240740740740742
0 0.35399032648125756 0.39351851851851855 0.03325272067714631 0.1425925925925926
0 0.3092503022974607 0.6263888888888889 0.046553808948004836 0.14907407407407408
0 0.469770253929867 0.41435185185185186 0.032648125755743655 0.14166666666666666
0 0.4960701330108827 0.3925925925925926 0.03325272067714631 0.1425925925925926
0 0.5117896009673518 0.6361111111111111 0.0380894800483676 0.1648148148148148
0 0.10671100362756952 0.26944444444444443 0.02720677146311971 0.11851851851851852
0 0.9344014510278114 0.9629629629629629 0.044135429262394194 0.07592592592592592
0 0.44830713422007257 0.44537037037037036 0.03204353083434099 0.10925925925925926
0 0.49818621523579204 0.46435185185185185 0.03143893591293833 0.1175925925925926
0 0.33222490931076176 0.4152777777777778 0.044135429262394194 0.14907407407407408
0 0.9183796856106409 0.16944444444444445 0.04232164449818621 0.1259259259259259
0 0.6989117291414753 0.01574074074074074 0.02418379685610641 0.02962962962962963
0 0.9891172914147521 0.03611111111111111 0.020556227327690448 0.07037037037037037
