0 0.37468030690537085 0.9357954545454545 0.05200341005967604 0.13068181818181818
0 0.4398976982097187 0.93125 0.0494458653026428 0.13977272727272727
0 0.2791986359761296 0.9397727272727273 0.05711849957374254 0.12272727272727273
0 0.3226768968456948 0.9352272727272727 0.05370843989769821 0.1318181818181818
0 0.08823529411764706 0.6323863636363637 0.045183290707587385 0.14204545454545456
0 0.010230179028132993 0.7346590909090909 0.01875532821824382 0.15113636363636362
0 0.4838022165387894 0.8698863636363636 0.04688832054560955 0.15795454545454546
0 0.45268542199488493 0.8801136363636364 0.056265984654731455 0.1625
0 0.050724637681159424 0.5943181818181819 0.041773231031543054 0.12954545454545455
0 0.13682864450127877 0.5892045454545455 0.04688832054560955 0.14204545454545456
0 0.15643648763853368 0.5636363636363636 0.03665814151747655 0.12045454545454545
0 0.3269394714407502 0.8590909090909091 0.05200341005967604 0.16363636363636364
0 0.6551577152600171 0.8835227272727273 0.06564364876385337 0.16704545454545455
0 0.69693094629156 0.8681818181818182 0.04688832054560955 0.15227272727272728
0 0.526001705029838 0.76875 0.05285592497868713 0.14886363636363636
0 0.5750213128729753 0.6579545454545455 0.045183290707587385 0.1340909090909091
0 0.4057971014492754 0.6034090909090909 0.042625745950554135 0.125
0 0.45439045183290705 0.6034090909090909 0.04603580562659847 0.1340909090909091
0 0.3137254901960784 0.540340909090909 0.042625745950554135 0.1215909090909091
0 0.27365728900255754 0.5136363636363637 0.04092071611253197 0.12954545454545455
0 0.25831202046035806 0.553409090909091 0.042625745950554135 0.12045454545454545
0 0.11807331628303495 0.5420454545454545 0.03836317135549872 0.12045454545454545
0 0.4011082693947144 0.5153409090909091 0.03324808184143223 0.11022727272727273
0 0.44075021312872975 0.5164772727272727 0.04092071611253197 0.11477272727272728
0 0.3329070758738278 0.6284090909090909 0.041773231031543054 0.1340909090909091
0 0.39045183290707586 0.4193181818181818 0.0392156862745098 0.1159090909090909
0 0.2421142369991475 0.40511363636363634 0.042625745950554135 0.11931818181818182
0 0.2570332480818414 0.4147727272727273 0.04688832054560955 0.12045454545454545
0 0.9028132992327366 0.9227272727272727 0.042625745950554135 0.14772727272727273
0 0.9381926683716965 0.7448863636363636 0.045183290707587385 0.12840909090909092
0 0.7591645353793691 0.45340909090909093 0.041773231031543054 0.1340909090909091
0 0.6018755328218244 0.6698863636363637 0.0392156862745098 0.12386363636363637
0 0.3721227621483376 0.35511363636363635 0.03836317135549872 0.11704545454545455
0 0.33844842284739984 0.35625 0.03410059676044331 0.11704545454545455
0 0.9309462915601023 0.1590909090909091 0.03239556692242114 0.10454545454545454
0 0.8350383631713555 0.634090909090909 0.043478260869565216 0.12727272727272726
0 0.881926683716965 0.7272727272727273 0.05200341005967604 0.1431818181818182
0 0.9335038363171355 0.6278409090909091 0.04603580562659847 0.13522727272727272
0 0.5831202046035806 0.4965909090909091 0.0392156862745098 0.125
0 0.4578005115089514 0.42329545454545453 0.0443307757885763 0.12386363636363637
0 0.4914748508098892 0.4284090909090909 0.041773231031543054 0.12045454545454545
0 0.48891730605285594 0.5505681818181818 0.043478260869565216 0.11022727272727273
0 0.33418584825234443 0.028409090909090908 0.03580562659846547 0.05454545454545454
0 0.8209718670076727 0.28352272727272726 0.0392156862745098 0.11704545454545455
0 0.2399829497016198 0.9715909090909091 0.04859335038363171 0.05909090909090909
0 0.15430520034100598 0.9380681818181819 0.04603580562659847 0.12613636363636363
0 0.19053708439897699 0.9375 0.045183290707587385 0.12045454545454545
0 0.7289002557544757 0.1403409090909091 0.042625745950554135 0.10340909090909091
0 0.8388746803069054 0.12954545454545455 0.03580562659846547 0.10681818181818181
0 0.870843989769821 0.029545454545454545 0.03495311167945439 0.056818181818181816
0 0.6001705029838023 0.1744318181818182 0.028985507246376812 0.10113636363636364
0 0.7561807331628303 0.27045454545454545 0.03580562659846547 0.11363636363636363
0 0.7263427109974424 0.2755681818181818 0.03239556692242114 0.10113636363636364
0 0.7050298380221653 0.36704545454545456 0.04603580562659847 0.125
0 0.7583120204603581 0.31931818181818183 0.03836317135549872 0.10454545454545454
0 0.7416879795396419 0.4034090909090909 0.03751065643648764 0.1
0 0.8047740835464621 0.39545454545454545 0.0392156862745098 0.11818181818181818
0 0.7310315430520035 0.33636363636363636 0.03495311167945439 0.10454545454545454
0 0.587382779198636 0.26022727272727275 0.0392156862745098 0.10454545454545454
0 0.5558397271952259 0.25738636363636364 0.0392156862745098 0.10795454545454546
0 0.46078431372549017 0.15284090909090908 0.028132992327365727 0.08977272727272727
0 0.5046888320545609 0.03806818181818182 0.028985507246376812 0.07386363636363637
0 0.391304347826087 0.9204545454545454 0.0494458653026428 0.15681818181818183
0 0.8695652173913043 0.20397727272727273 0.03580562659846547 0.10113636363636364
0 0.8056265984654731 0.19375 0.042625745950554135 0.11022727272727273
0 0.8226768968456948 0.24488636363636362 0.04092071611253197 0.10113636363636364
0 0.8827791986359761 0.21136363636363636 0.03665814151747655 0.09772727272727273
0 0.09505541346973571 0.9625 0.043478260869565216 0.07727272727272727
0 0.07885763000852515 0.9704545454545455 0.04688832054560955 0.06136363636363636
0 0.6935208866155158 0.696590909090909 0.041773231031543054 0.12954545454545455
0 0.7433930093776641 0.6909090909090909 0.04603580562659847 0.1318181818181818
0 0.7817561807331628 0.68125 0.04603580562659847 0.1375
0 0.5421994884910486 0.5931818181818181 0.042625745950554135 0.12954545454545455
0 0.5775788576300085 0.5909090909090909 0.043478260869565216 0.12954545454545455
0 0.7655583972719523 0.5318181818181819 0.0494458653026428 0.1318181818181818
0 0.80306905370844 0.44886363636363635 0.05115089514066496 0.13863636363636364
0 0.29198635976129583 0.06818181818181818 0.03324808184143223 0.09772727272727273
0 0.5191815856777494 0.25227272727272726 0.042625745950554135 0.1159090909090909
0 0.38192668371696503 0.27045454545454545 0.028985507246376812 0.08409090909090909
0 0.4011082693947144 0.2721590909090909 0.03665814151747655 0.11022727272727273
0 0.4219948849104859 0.16136363636363638 0.042625745950554135 0.10681818181818181
0 0.5144927536231884 0.2215909090909091 0.03665814151747655 0.12045454545454545
0 0.35080988917306055 0.05 0.03324808184143223 0.08863636363636364
0 0.29241261722080136 0.007954545454545454 0.02557544757033248 0.013636363636363636
0 0.19948849104859334 0.3835227272727273 0.04092071611253197 0.11022727272727273
0 0.46334185848252346 0.022727272727272728 0.03154305200341006 0.04318181818181818
0 0.49104859335038364 0.02727272727272727 0.0392156862745098 0.05227272727272727
0 0.3546462063086104 0.02784090909090909 0.03410059676044331 0.053409090909090906
0 0.5136402387041773 0.048863636363636366 0.03495311167945439 0.09090909090909091
0 0.8316283034953111 0.19488636363636364 0.03836317135549872 0.11022727272727273
0 0.5592497868712702 0.22272727272727272 0.03410059676044331 0.11136363636363636
0 0.9492753623188406 0.9164772727272728 0.058823529411764705 0.16704545454545455
0 0.22762148337595908 0.6823863636363636 0.042625745950554135 0.1375
0 0.4356351236146633 0.6914772727272728 0.04092071611253197 0.14886363636363636
0 0.484228473998295 0.696590909090909 0.042625745950554135 0.13863636363636364
0 0.6466325660699063 0.6585227272727273 0.04688832054560955 0.13522727272727272
0 0.08908780903665814 0.5318181818181819 0.043478260869565216 0.13863636363636364
0 0.24168797953964194 0.50625 0.043478260869565216 0.1215909090909091
0 0.8435635123614663 0.8045454545454546 0.04688832054560955 0.16136363636363638
0 0.8034953111679455 0.63125 0.05200341005967604 0.14204545454545456
0 0.8473998294970162 0.5801136363636363 0.042625745950554135 0.14431818181818182
0 0.8878942881500427 0.5840909090909091 0.03836317135549872 0.1409090909090909
0 0.8529411764705882 0.5176136363636363 0.04688832054560955 0.12840909090909092
0 0.8277919863597613 0.3573863636363636 0.03751065643648764 0.12613636363636363
0 0.27664109121909636 0.2943181818181818 0.029838022165387893 0.10681818181818181
0 0.1155157715260017 0.4068181818181818 0.03836317135549872 0.1159090909090909
0 0.03878942881500426 0.4198863636363636 0.040068201193520885 0.12386363636363637
0 0.07672634271099744 0.4465909090909091 0.03239556692242114 0.10681818181818181
0 0.033674339300937765 0.46136363636363636 0.03836317135549872 0.12954545454545455
0 0.5353793691389599 0.5454545454545454 0.042625745950554135 0.1340909090909091
0 0.04560954816709292 0.31988636363636364 0.03665814151747655 0.10568181818181818
0 0.20034100596760443 0.21079545454545454 0.03410059676044331 0.10795454545454546
0 0.25234441602728047 0.3522727272727273 0.03751065643648764 0.1159090909090909
0 0.49658994032395565 0.3886363636363636 0.03324808184143223 0.1159090909090909
0 0.45907928388746805 0.30170454545454545 0.03324808184143223 0.09886363636363636
0 0.37894288150042627 0.2159090909090909 0.03665814151747655 0.10227272727272728
0 0.06947996589940324 0.3176136363636364 0.03495311167945439 0.10340909090909091
0 0.13512361466325662 0.2772727272727273 0.03665814151747655 0.10909090909090909
0 0.12233589087809037 0.34488636363636366 0.03324808184143223 0.10340909090909091
0 0.17902813299232737 0.24431818181818182 0.0392156862745098 0.11818181818181818
0 0.2988064791133845 0.3744318181818182 0.04859335038363171 0.1125
0 0.20843989769820973 0.24659090909090908 0.03665814151747655 0.1159090909090909
0 0.4948849104859335 0.10454545454545454 0.041773231031543054 0.08863636363636364
0 0.45524296675191817 0.36079545454545453 0.042625745950554135 0.1215909090909091
0 0.4373401534526854 0.29375 0.042625745950554135 0.11022727272727273
0 0.0068201193520886615 0.15284090909090908 0.011935208866155157 0.09431818181818181
0 0.45481670929241264 0.26534090909090907 0.03324808184143223 0.11022727272727273
0 0.5426257459505541 0.32045454545454544 0.04688832054560955 0.12045454545454545
0 0.41304347826086957 0.21363636363636362 0.03665814151747655 0.11136363636363636
0 0.2672634271099744 0.11363636363636363 0.03324808184143223 0.09318181818181819
0 0.48721227621483376 0.18693181818181817 0.03324808184143223 0.09659090909090909
0 0.23785166240409208 0.22329545454545455 0.03751065643648764 0.10340909090909091
0 0.345694799658994 0.16420454545454546 0.03665814151747655 0.10113636363636364
0 0.40451832907075874 0.10511363636363637 0.03154305200341006 0.09431818181818181
0 0.15217391304347827 0.06079545454545455 0.03495311167945439 0.09431818181818181
0 0.4254049445865303 0.10681818181818181 0.03751065643648764 0.1
0 0.49914748508098894 0.15 0.03836317135549872 0.11136363636363636
0 0.4616368286445013 0.1846590909090909 0.03665814151747655 0.10113636363636364
0 0.47485080988917305 0.09943181818181818 0.03580562659846547 0.10113636363636364
0 0.44799658994032393 0.10511363636363637 0.03324808184143223 0.08522727272727272
0 0.41048593350383633 0.06875 0.03665814151747655 0.09204545454545454
0 0.5396419437340153 0.05 0.03410059676044331 0.08636363636363636
0 0.8972719522591646 0.20397727272727273 0.03836317135549872 0.10568181818181818
0 0.9036658141517476 0.1318181818181818 0.028985507246376812 0.09090909090909091
0 0.8640238704177323 0.3028409090909091 0.04859335038363171 0.10795454545454546
0 0.8836317135549873 0.1278409090909091 0.03495311167945439 0.10113636363636364
0 0.8478260869565217 0.2897727272727273 0.041773231031543054 0.11818181818181818
0 0.8333333333333334 0.3 0.03665814151747655 0.10681818181818181
0 0.6023017902813299 0.6164772727272727 0.060528559249786874 0.13977272727272727
0 0.9104859335038363 0.8017045454545455 0.059676044330775786 0.15795454545454546
0 0.17306052855924978 0.2897727272727273 0.04092071611253197 0.10681818181818181
0 0.46675191815856776 0.2761363636363636 0.03154305200341006 0.10454545454545454
0 0.3998294970161978 0.3568181818181818 0.04603580562659847 0.11136363636363636
0 0.5809889173060528 0.7767045454545455 0.05711849957374254 0.1534090909090909
0 0.48721227621483376 0.26931818181818185 0.03324808184143223 0.1
0 0.4560954816709292 0.3261363636363636 0.0443307757885763 0.10909090909090909
0 0.46462063086104005 0.07272727272727272 0.03410059676044331 0.08636363636363636
0 0.3171355498721228 0.008522727272727272 0.028985507246376812 0.014772727272727272
0 0.11210571184995738 0.44431818181818183 0.03665814151747655 0.10454545454545454
