0 0.7874848851269649 0.9912037037037037 0.024788391777509067 0.019444444444444445
0 0.3382708585247884 0.8263888888888888 0.04897218863361548 0.1712962962962963
0 0.30743651753325274 0.8726851851851852 0.04171704957678356 0.1675925925925926
0 0.6378476420798065 0.7847222222222222 0.049576783555018135 0.17685185185185184
0 0.3564087061668682 0.5726851851851852 0.04050785973397823 0.14351851851851852
0 0.3292019347037485 0.5851851851851851 0.04171704957678356 0.14629629629629629
0 0.07315598548972188 0.5351851851851852 0.045949214026602174 0.14629629629629629
0 0.07103990326481258 0.6912037037037037 0.05380894800483676 0.175
0 0.10852478839177751 0.6935185185185185 0.051390568319226115 0.18703703703703703
0 0.6856106408706167 0.42314814814814816 0.036275695284159616 0.16666666666666666
0 0.6535671100362757 0.4310185185185185 0.045949214026602174 0.1638888888888889
0 0.6768440145102781 0.4773148148148148 0.04171704957678356 0.16018518518518518
0 0.7642079806529625 0.7342592592592593 0.041112454655380895 0.1537037037037037
0 0.752720677146312 0.7708333333333334 0.05199516324062878 0.16018518518518518
0 0.3681983071342201 0.28703703703703703 0.037484885126964934 0.13703703703703704
0 0.31499395405078595 0.30972222222222223 0.03385731559854897 0.13425925925925927
0 0.41021765417170497 0.2861111111111111 0.03688029020556227 0.13518518518518519
0 0.3978234582829504 0.30648148148148147 0.041112454655380895 0.14074074074074075
0 0.33222490931076176 0.7018518518518518 0.039298669891172915 0.16296296296296298
0 0.45616686819830715 0.6347222222222222 0.039298669891172915 0.15833333333333333
0 0.46402660217654174 0.6541666666666667 0.044135429262394194 0.14907407407407408
0 0.30985489721886333 0.7305555555555555 0.04534461910519952 0.17592592592592593
0 0.3219467956469166 0.324537037037037 0.044135429262394194 0.13796296296296295
0 0.6378476420798065 0.8925925925925926 0.045949214026602174 0.17962962962962964
0 0.7067714631197098 0.8842592592592593 0.0471584038694075 0.1685185185185185
0 0.6865175332527207 0.8407407407407408 0.04171704957678356 0.16296296296296298
0 0.9903264812575574 0.9643518518518519 0.016928657799274487 0.0712962962962963
0 0.9449818621523579 0.7430555555555556 0.05562273276904474 0.1638888888888889
0 0.8972188633615478 0.7013888888888888 0.05078597339782346 0.15462962962962962
0 0.9746070133010882 0.687037037037037 0.045949214026602174 0.16666666666666666
0 0.8730350665054414 0.8875 0.05562273276904474 0.17314814814814813
0 0.9141475211608222 0.8935185185185185 0.044740024183796856 0.1814814814814815
0 0.8355501813784765 0.8972222222222223 0.05078597339782346 0.16666666666666666
0 0.781136638452237 0.8634259259259259 0.05078597339782346 0.18796296296296297
0 0.8180169286577993 0.48148148148148145 0.037484885126964934 0.14629629629629629
0 0.8648730350665055 0.5074074074074074 0.046553808948004836 0.15925925925925927
0 0.8648730350665055 0.4476851851851852 0.02962515114873035 0.10462962962962963
0 0.8839177750906893 0.4597222222222222 0.03385731559854897 0.1175925925925926
0 0.5003022974607013 0.9407407407407408 0.05380894800483676 0.12037037037037036
0 0.7291414752116082 0.9662037037037037 0.05562273276904474 0.06574074074074074
0 0.156590084643289 0.12083333333333333 0.03506650544135429 0.12685185185185185
0 0.13452237001209189 0.22546296296296298 0.039298669891172915 0.15462962962962962
0 0.21704957678355502 0.1449074074074074 0.03869407496977025 0.12314814814814815
0 0.5855501813784765 0.08009259259259259 0.034461910519951636 0.12314814814814815
0 0.6142684401451027 0.08657407407407407 0.03143893591293833 0.11944444444444445
0 0.3811970979443773 0.12175925925925926 0.034461910519951636 0.10648148148148148
0 0.37515114873035066 0.1935185185185185 0.034461910519951636 0.13703703703703704
0 0.46432889963724305 0.15555555555555556 0.03506650544135429 0.13148148148148148
0 0.5217654171704957 0.10416666666666667 0.03506650544135429 0.1398148148148148
0 0.4830713422007255 0.1175925925925926 0.03506650544135429 0.12222222222222222
0 0.530229746070133 0.15462962962962962 0.03869407496977025 0.12407407407407407
0 0.589782345828295 0.10648148148148148 0.03688029020556227 0.12037037037037036
0 0.6269649334945586 0.1037037037037037 0.04232164449818621 0.1259259259259259
0 0.6717049576783555 0.11990740740740741 0.03990326481257558 0.12314814814814815
0 0.7249093107617895 0.09722222222222222 0.03385731559854897 0.12962962962962962
0 0.7593712212817413 0.21481481481481482 0.044740024183796856 0.13148148148148148
0 0.8551995163240629 0.2537037037037037 0.03325272067714631 0.11296296296296296
0 0.8824062877871826 0.24212962962962964 0.034461910519951636 0.13425925925925927
0 0.966142684401451 0.17222222222222222 0.032648125755743655 0.12407407407407407
0 0.9032648125755743 0.20925925925925926 0.03385731559854897 0.12777777777777777
0 0.9637243047158404 0.2222222222222222 0.03990326481257558 0.14074074074074075
0 0.9461910519951633 0.3 0.04232164449818621 0.14629629629629629
0 0.9114268440145102 0.3037037037037037 0.04171704957678356 0.1574074074074074
0 0.7817412333736397 0.2833333333333333 0.030229746070133012 0.09814814814814815
0 0.8074365175332527 0.2671296296296296 0.03688029020556227 0.12685185185185185
0 0.9903264812575574 0.21296296296296297 0.019347037484885126 0.14629629629629629
0 0.9023579201934704 0.37546296296296294 0.05259975816203144 0.13796296296296295
0 0.9477025392986699 0.3861111111111111 0.04171704957678356 0.1574074074074074
0 0.9806529625151149 0.3587962962962963 0.037484885126964934 0.15462962962962962
0 0.9788391777509069 0.3888888888888889 0.041112454655380895 0.14629629629629629
0 0.9879081015719468 0.4199074074074074 0.02418379685610641 0.13425925925925927
0 0.9241233373639661 0.43703703703703706 0.04534461910519952 0.14814814814814814
0 0.9262394195888755 0.5023148148148148 0.044740024183796856 0.14907407407407408
0 0.6055018137847642 0.25787037037037036 0.039298669891172915 0.13055555555555556
0 0.6375453446191052 0.2712962962962963 0.039298669891172915 0.15185185185185185
0 0.718863361547763 0.25787037037037036 0.02902055622732769 0.1175925925925926
0 0.7046553808948005 0.2601851851851852 0.034461910519951636 0.12407407407407407
0 0.6426844014510278 0.3476851851851852 0.03869407496977025 0.14907407407407408
0 0.6121523579201935 0.3337962962962963 0.03688029020556227 0.14351851851851852
0 0.6650544135429263 0.33240740740740743 0.030229746070133012 0.10740740740740741
0 0.6934703748488513 0.3337962962962963 0.044740024183796856 0.13240740740740742
0 0.8361547762998791 0.36527777777777776 0.03869407496977025 0.13240740740740742
0 0.8627569528415961 0.36203703703703705 0.03385731559854897 0.12407407407407407
0 0.774788391777509 0.524074074074074 0.046553808948004836 0.14814814814814814
0 0.1837968561064087 0.29768518518518516 0.03990326481257558 0.1398148148148148
0 0.21946795646916567 0.2902777777777778 0.03990326481257558 0.13425925925925927
0 0.2327690447400242 0.3449074074074074 0.037484885126964934 0.14907407407407408
0 0.1998186215235792 0.3476851851851852 0.04171704957678356 0.13240740740740742
0 0.10519951632406288 0.42685185185185187 0.041112454655380895 0.1574074074074074
0 0.12575574365175332 0.45046296296296295 0.03990326481257558 0.16018518518518518
0 0.15175332527206772 0.4708333333333333 0.03143893591293833 0.09907407407407408
0 0.4737001209189843 0.6208333333333333 0.044135429262394194 0.16574074074074074
0 0.14268440145102781 0.1925925925925926 0.03506650544135429 0.12407407407407407
0 0.08222490931076179 0.19490740740740742 0.0471584038694075 0.11574074074074074
0 0.11819830713422007 0.5337962962962963 0.046553808948004836 0.16574074074074074
0 0.26118500604594924 0.6666666666666666 0.045949214026602174 0.16296296296296298
0 0.2539298669891173 0.6337962962962963 0.03990326481257558 0.16574074074074074
0 0.31136638452237003 0.6435185185185185 0.044740024183796856 0.14074074074074075
0 0.4918379685610641 0.8203703703703704 0.04171704957678356 0.14814814814814814
0 0.4951632406287787 0.7870370370370371 0.053204353083434096 0.15925925925925927
0 0.5069528415961306 0.7662037037037037 0.04171704957678356 0.13796296296296295
0 0.5683192261185006 0.24722222222222223 0.03990326481257558 0.11851851851851852
0 0.27327690447400244 0.8379629629629629 0.056831922611850064 0.1685185185185185
0 0.7732769044740024 0.19074074074074074 0.03506650544135429 0.12962962962962962
0 0.40840386940749696 0.13194444444444445 0.0380894800483676 0.13055555555555556
0 0.34552599758162034 0.1962962962962963 0.03688029020556227 0.1259259259259259
0 0.5510882708585247 0.20879629629629629 0.042926239419588876 0.15462962962962962
0 0.23821039903264812 0.5990740740740741 0.044740024183796856 0.1537037037037037
0 0.2430471584038694 0.5666666666666667 0.037484885126964934 0.14629629629629629
0 0.1185006045949214 0.7574074074074074 0.05199516324062878 0.15925925925925927
0 0.19951632406287786 0.5972222222222222 0.04232164449818621 0.14629629629629629
0 0.21432889963724305 0.5412037037037037 0.039298669891172915 0.14907407407407408
0 0.18047158403869407 0.5587962962962963 0.046553808948004836 0.15462962962962962
0 0.5012091898428053 0.5782407407407407 0.03990326481257558 0.16018518518518518
0 0.39238210399032647 0.2462962962962963 0.030229746070133012 0.12962962962962962
0 0.41324062877871826 0.2513888888888889 0.03204353083434099 0.12685185185185185
0 0.5392986698911729 0.5564814814814815 0.036275695284159616 0.14629629629629629
0 0.7097944377267231 0.9254629629629629 0.03869407496977025 0.14351851851851852
0 0.9062877871825876 0.7865740740740741 0.04836759371221282 0.16018518518518518
0 0.6759371221281741 0.9194444444444444 0.03869407496977025 0.15185185185185185
0 0.722490931076179 0.3875 0.03990326481257558 0.11574074074074074
0 0.7672309552599759 0.3888888888888889 0.04232164449818621 0.13518518518518519
0 0.281136638452237 0.38564814814814813 0.044740024183796856 0.13796296296296295
0 0.2581620314389359 0.40046296296296297 0.03506650544135429 0.13796296296296295
0 0.25665054413542926 0.9777777777777777 0.039298669891172915 0.046296296296296294
0 0.4703748488512696 0.9824074074074074 0.03869407496977025 0.037037037037037035
0 0.5262998790810157 0.8287037037037037 0.044135429262394194 0.17962962962962964
0 0.4440749697702539 0.8800925925925925 0.04897218863361548 0.15833333333333333
0 0.5389963724304716 0.5935185185185186 0.044135429262394194 0.1574074074074074
0 0.5423216444981862 0.8976851851851851 0.05562273276904474 0.17314814814814813
0 0.3270858524788392 0.7777777777777778 0.0471584038694075 0.1685185185185185
0 0.5532043530834341 0.524537037037037 0.03990326481257558 0.13240740740740742
0 0.5483675937122128 0.624537037037037 0.041112454655380895 0.15462962962962962
0 0.499093107617896 0.8703703703703703 0.046553808948004836 0.19074074074074074
0 0.3615477629987908 0.48935185185185187 0.036275695284159616 0.13240740740740742
0 0.32376058041112454 0.4046296296296296 0.03204353083434099 0.14814814814814814
0 0.3295042321644498 0.4444444444444444 0.041112454655380895 0.1537037037037037
0 0.37001209189842804 0.7203703703703703 0.037484885126964934 0.1574074074074074
0 0.39510278113663844 0.7824074074074074 0.05259975816203144 0.15925925925925927
0 0.4111245465538089 0.7486111111111111 0.044740024183796856 0.1712962962962963
0 0.3636638452237001 0.7407407407407407 0.039298669891172915 0.17407407407407408
0 0.030229746070133012 0.38657407407407407 0.041112454655380895 0.15462962962962962
0 0.006650544135429262 0.9101851851851852 0.012091898428053204 0.1814814814814815
0 0.003929866989117291 0.23981481481481481 0.006650544135429262 0.1259259259259259
0 0.009068923821039904 0.39166666666666666 0.016928657799274487 0.14629629629629629
0 0.4703748488512696 0.7476851851851852 0.044740024183796856 0.15462962962962962
0 0.03204353083434099 0.9601851851851851 0.044740024183796856 0.08148148148148149
0 0.6862152357920194 0.7078703703703704 0.05441354292623942 0.14907407407407408
0 0.2542321644498186 0.4583333333333333 0.06106408706166868 0.14629629629629629
0 0.469770253929867 0.549537037037037 0.03869407496977025 0.13796296296296295
0 0.46009673518742444 0.5231481481481481 0.049576783555018135 0.13518518518518519
0 0.28960096735187424 0.5263888888888889 0.03506650544135429 0.15092592592592594
0 0.24516324062877873 0.7648148148148148 0.05259975816203144 0.1537037037037037
0 0.47218863361547764 0.42453703703703705 0.032648125755743655 0.14907407407407408
0 0.4906287787182588 0.39814814814814814 0.034461910519951636 0.14074074074074075
0 0.50453446191052 0.6351851851851852 0.04171704957678356 0.1574074074074074
0 0.44347037484885127 0.45416666666666666 0.02962515114873035 0.11574074074074074
0 0.496372430471584 0.46944444444444444 0.032648125755743655 0.11851851851851852
0 0.29081015719467956 0.5583333333333333 0.0471584038694075 0.16296296296296298
0 0.9791414752116082 0.06481481481481481 0.03688029020556227 0.12407407407407407
0 0.9162636033857315 0.0625 0.034461910519951636 0.11388888888888889
0 0.9434703748488513 0.075 0.039298669891172915 0.1259259259259259
0 0.9198911729141476 0.08148148148148149 0.039298669891172915 0.1259259259259259
0 0.9906287787182587 0.3199074074074074 0.017533252720677146 0.11574074074074074
0 0.9099153567110037 0.33564814814814814 0.044740024183796856 0.13425925925925927
0 0.720677146311971 0.044444444444444446 0.037484885126964934 0.08703703703703704
0 0.6807738814993954 0.062037037037037036 0.03385731559854897 0.12222222222222222
0 0.5525997581620314 0.11018518518518519 0.04232164449818621 0.12962962962962962
0 0.6974002418379686 0.10231481481481482 0.0380894800483676 0.12314814814814815
0 0.5278113663845224 0.02962962962962963 0.02781136638452237 0.05740740740740741
0 0.5450423216444982 0.03333333333333333 0.03204353083434099 0.06481481481481481
0 0.15840386940749698 0.04212962962962963 0.03506650544135429 0.0824074074074074
0 0.1275695284159613 0.04537037037037037 0.03990326481257558 0.08888888888888889
0 0.6644498186215235 0.05277777777777778 0.032648125755743655 0.1037037037037037
0 0.6369407496977025 0.047685185185185185 0.03204353083434099 0.09351851851851851
0 0.5060459492140266 0.06481481481481481 0.026602176541717048 0.10925925925925926
0 0.48428053204353083 0.05555555555555555 0.03385731559854897 0.10925925925925926
0 0.32376058041112454 0.041666666666666664 0.034461910519951636 0.08148148148148149
0 0.2883917775090689 0.02824074074074074 0.032648125755743655 0.05462962962962963
