0 0.12057291666666667 0.8430555555555556 0.08802083333333334 0.30833333333333335
0 0.2864583333333333 0.8671296296296296 0.05 0.25462962962962965
0 0.23333333333333334 0.8300925925925926 0.06979166666666667 0.3175925925925926
0 0.16953125 0.7865740740740741 0.0609375 0.29907407407407405
0 0.7028645833333333 0.8064814814814815 0.06302083333333333 0.28703703703703703
0 0.6419270833333334 0.8078703703703703 0.06302083333333333 0.29907407407407405
0 0.3328125 0.6685185185185185 0.053125 0.2462962962962963
0 0.17005208333333333 0.6694444444444444 0.05572916666666667 0.21851851851851853
0 0.8700520833333333 0.49444444444444446 0.0546875 0.19444444444444445
0 0.24817708333333333 0.6393518518518518 0.059895833333333336 0.21388888888888888
0 0.6067708333333334 0.4708333333333333 0.052083333333333336 0.1935185185185185
0 0.1375 0.7601851851851852 0.065625 0.30185185185185187
0 0.7583333333333333 0.5050925925925925 0.041666666666666664 0.19907407407407407
0 0.5786458333333333 0.48935185185185187 0.036458333333333336 0.16574074074074074
0 0.8291666666666667 0.512962962962963 0.06979166666666667 0.21296296296296297
0 0.8046875 0.537962962962963 0.0625 0.19074074074074074
0 0.5145833333333333 0.3972222222222222 0.036458333333333336 0.16666666666666666
0 0.4895833333333333 0.4046296296296296 0.030208333333333334 0.14629629629629629
0 0.34270833333333334 0.41574074074074074 0.040625 0.17407407407407408
0 0.75703125 0.27685185185185185 0.033854166666666664 0.1037037037037037
0 0.5669270833333333 0.5657407407407408 0.050520833333333334 0.2462962962962963
0 0.49947916666666664 0.5703703703703704 0.04791666666666667 0.2388888888888889
0 0.465625 0.6194444444444445 0.05625 0.21666666666666667
0 0.36432291666666666 0.6199074074074075 0.05677083333333333 0.23796296296296296
0 0.2830729166666667 0.6101851851851852 0.04635416666666667 0.2351851851851852
0 0.26796875 0.5824074074074074 0.049479166666666664 0.22962962962962963
0 0.31640625 0.537962962962963 0.033854166666666664 0.19814814814814816
0 0.36770833333333336 0.5226851851851851 0.046875 0.1935185185185185
0 0.5182291666666666 0.5171296296296296 0.0375 0.18611111111111112
0 0.30442708333333335 0.49166666666666664 0.04010416666666667 0.1648148148148148
0 0.41484375 0.47638888888888886 0.03802083333333333 0.1824074074074074
0 0.55 0.5199074074074074 0.042708333333333334 0.2064814814814815
0 0.47630208333333335 0.46296296296296297 0.0421875 0.16296296296296298
0 0.4153645833333333 0.4083333333333333 0.03802083333333333 0.1685185185185185
0 0.44921875 0.412962962962963 0.034895833333333334 0.16296296296296298
0 0.4393229166666667 0.38564814814814813 0.03802083333333333 0.1712962962962963
0 0.5359375 0.35324074074074074 0.03229166666666667 0.14722222222222223
0 0.46328125 0.38472222222222224 0.027604166666666666 0.14722222222222223
0 0.37890625 0.4074074074074074 0.04114583333333333 0.16296296296296298
0 0.4234375 0.3597222222222222 0.028125 0.13796296296296295
0 0.34479166666666666 0.3800925925925926 0.029166666666666667 0.15462962962962962
0 0.1328125 0.5476851851851852 0.035416666666666666 0.1935185185185185
0 0.4747395833333333 0.37592592592592594 0.0359375 0.15925925925925927
0 0.30390625 0.3990740740740741 0.027604166666666666 0.15
0 0.396875 0.35509259259259257 0.034375 0.1398148148148148
0 0.20208333333333334 0.5444444444444444 0.06354166666666666 0.22592592592592592
0 0.73828125 0.4583333333333333 0.0546875 0.1925925925925926
0 0.38828125 0.2851851851851852 0.03177083333333333 0.13148148148148148
0 0.27265625 0.40370370370370373 0.03802083333333333 0.16296296296296298
0 0.55546875 0.3699074074074074 0.0296875 0.14537037037037037
0 0.34140625 0.28564814814814815 0.021354166666666667 0.11574074074074074
0 0.5075520833333333 0.35462962962962963 0.030729166666666665 0.14629629629629629
0 0.47604166666666664 0.28888888888888886 0.03125 0.12407407407407407
0 0.49296875 0.2833333333333333 0.030729166666666665 0.1259259259259259
0 0.36041666666666666 0.2513888888888889 0.021875 0.11018518518518519
0 0.5799479166666667 0.35324074074074074 0.03697916666666667 0.1675925925925926
0 0.40286458333333336 0.25787037037037036 0.03177083333333333 0.10833333333333334
0 0.353125 0.26064814814814813 0.029166666666666667 0.11018518518518519
0 0.4544270833333333 0.24444444444444444 0.021354166666666667 0.1037037037037037
0 0.5098958333333333 0.31342592592592594 0.021875 0.08796296296296297
0 0.7830729166666667 0.362962962962963 0.0296875 0.1685185185185185
0 0.5408854166666667 0.2814814814814815 0.028645833333333332 0.11851851851851852
0 0.5458333333333333 0.36712962962962964 0.034375 0.12129629629629629
