0 0.036458333333333336 0.9111111111111111 0.071875 0.17962962962962964
0 0.16588541666666667 0.9458333333333333 0.0546875 0.11018518518518519
0 0.13541666666666666 0.9 0.08229166666666667 0.2
0 0.103125 0.875 0.06770833333333333 0.25
0 0.81015625 0.8893518518518518 0.08177083333333333 0.22314814814814815
0 0.73125 0.8893518518518518 0.06875 0.2212962962962963
0 0.3059895833333333 0.7935185185185185 0.0671875 0.29074074074074074
0 0.10755208333333334 0.7972222222222223 0.06197916666666667 0.23703703703703705
0 0.20338541666666668 0.7708333333333334 0.0609375 0.29907407407407405
0 0.8169270833333333 0.4888888888888889 0.0578125 0.20555555555555555
0 0.184375 0.7421296296296296 0.05 0.22314814814814815
0 0.26015625 0.8662037037037037 0.07760416666666667 0.2638888888888889
0 0.80546875 0.5162037037037037 0.0484375 0.1712962962962963
0 0.5921875 0.44074074074074077 0.03958333333333333 0.19444444444444445
0 0.553125 0.46296296296296297 0.051041666666666666 0.20555555555555555
0 0.5140625 0.6620370370370371 0.059375 0.2851851851851852
0 0.46145833333333336 0.6615740740740741 0.05520833333333333 0.27314814814814814
0 0.4171875 0.7171296296296297 0.057291666666666664 0.24537037037037038
0 0.27578125 0.7041666666666667 0.0609375 0.2601851851851852
0 0.23854166666666668 0.7018518518518518 0.05416666666666667 0.2574074074074074
0 0.2265625 0.6564814814814814 0.053125 0.24814814814814815
0 0.2890625 0.6129629629629629 0.035416666666666666 0.21296296296296297
0 0.3416666666666667 0.6055555555555555 0.04375 0.24814814814814815
0 0.4557291666666667 0.586574074074074 0.042708333333333334 0.18981481481481483
0 0.25 0.5564814814814815 0.052083333333333336 0.20555555555555555
0 0.19270833333333334 0.5009259259259259 0.052083333333333336 0.18518518518518517
0 0.39791666666666664 0.5356481481481481 0.040625 0.20092592592592592
0 0.49192708333333335 0.5879629629629629 0.044270833333333336 0.23333333333333334
0 0.5166666666666667 0.524537037037037 0.041666666666666664 0.18981481481481483
0 0.4036458333333333 0.4513888888888889 0.0375 0.1824074074074074
0 0.43984375 0.4537037037037037 0.04010416666666667 0.17407407407407408
0 0.53046875 0.4148148148148148 0.043229166666666666 0.18333333333333332
0 0.475 0.4212962962962963 0.03854166666666667 0.17962962962962964
0 0.39739583333333334 0.4125 0.034375 0.18796296296296297
0 0.21927083333333333 0.513425925925926 0.035416666666666666 0.18425925925925926
0 0.44479166666666664 0.39537037037037037 0.034375 0.16111111111111112
0 0.140625 0.5060185185185185 0.041666666666666664 0.19537037037037036
0 0.51328125 0.4009259259259259 0.03177083333333333 0.16296296296296298
0 0.28619791666666666 0.37777777777777777 0.0359375 0.14074074074074075
0 0.7713541666666667 0.5337962962962963 0.05416666666666667 0.21203703703703702
0 0.86875 0.55 0.057291666666666664 0.2037037037037037
0 0.359375 0.40324074074074073 0.036458333333333336 0.15833333333333333
0 0.31276041666666665 0.4305555555555556 0.03177083333333333 0.16296296296296298
0 0.4473958333333333 0.3648148148148148 0.034375 0.14074074074074075
0 0.24661458333333333 0.4740740740740741 0.05677083333333333 0.19444444444444445
0 0.35572916666666665 0.30925925925925923 0.027083333333333334 0.11851851851851852
0 0.4234375 0.30787037037037035 0.03229166666666667 0.14351851851851852
0 0.55703125 0.3976851851851852 0.0296875 0.16574074074074074
0 0.3802083333333333 0.27037037037037037 0.023958333333333335 0.12037037037037036
0 0.37578125 0.3013888888888889 0.027604166666666666 0.12685185185185185
0 0.5263020833333333 0.375 0.03177083333333333 0.14629629629629629
0 0.4796875 0.3148148148148148 0.03229166666666667 0.14074074074074075
0 0.5018229166666667 0.30648148148148147 0.03177083333333333 0.14074074074074075
0 0.39739583333333334 0.2898148148148148 0.029166666666666667 0.12037037037037036
0 0.4778645833333333 0.2865740740740741 0.0265625 0.11018518518518519
0 0.5578125 0.3365740740740741 0.028125 0.15648148148148147
0 0.5786458333333333 0.32546296296296295 0.030208333333333334 0.15462962962962962
0 0.38255208333333335 0.25046296296296294 0.0234375 0.12314814814814815
0 0.45026041666666666 0.24675925925925926 0.027604166666666666 0.11018518518518519
0 0.41119791666666666 0.2513888888888889 0.0296875 0.10462962962962963
0 0.49140625 0.2550925925925926 0.0234375 0.10462962962962963
0 0.32916666666666666 0.4162037037037037 0.03333333333333333 0.16203703703703703
0 0.7841145833333333 0.36018518518518516 0.0296875 0.1685185185185185
0 0.5440104166666667 0.30416666666666664 0.027604166666666666 0.12685185185185185
