0 0.5253929866989118 0.4976851851851852 0.037484885126964934 0.1398148148148148
0 0.5519951632406288 0.49074074074074076 0.03385731559854897 0.13148148148148148
0 0.5722490931076178 0.6601851851851852 0.051390568319226115 0.1685185185185185
0 0.5477629987908101 0.7050925925925926 0.036275695284159616 0.14537037037037037
0 0.589782345828295 0.6157407407407407 0.039298669891172915 0.14629629629629629
0 0.5840386940749698 0.49212962962962964 0.0471584038694075 0.16574074074074074
0 0.44830713422007257 0.3074074074074074 0.04171704957678356 0.17037037037037037
0 0.6124546553808948 0.662962962962963 0.03990326481257558 0.16296296296296298
0 0.6151753325272068 0.6398148148148148 0.039298669891172915 0.14629629629629629
0 0.5843409915356711 0.7342592592592593 0.044135429262394194 0.15185185185185185
0 0.5556227327690447 0.6023148148148149 0.044740024183796856 0.15462962962962962
0 0.5187424425634825 0.7694444444444445 0.049576783555018135 0.17962962962962964
0 0.2959492140266022 0.9060185185185186 0.05501813784764208 0.1787037037037037
0 0.6185006045949214 0.6837962962962963 0.03990326481257558 0.14351851851851852
0 0.38361547762998793 0.7810185185185186 0.044135429262394194 0.1638888888888889
0 0.6674727932285369 0.7518518518518519 0.053204353083434096 0.1685185185185185
0 0.4718863361547763 0.33101851851851855 0.044135429262394194 0.15648148148148147
0 0.691354292623942 0.5740740740740741 0.0562273276904474 0.17592592592592593
0 0.8041112454655381 0.9629629629629629 0.05199516324062878 0.07592592592592592
0 0.8412938331318017 0.9726851851851852 0.04171704957678356 0.05648148148148148
0 0.6305925030229746 0.7550925925925925 0.03990326481257558 0.15462962962962962
0 0.499093107617896 0.7412037037037037 0.05259975816203144 0.16574074074074074
0 0.8645707376058042 0.8837962962962963 0.049576783555018135 0.16574074074074074
0 0.6605199516324063 0.6361111111111111 0.044135429262394194 0.1574074074074074
0 0.6239419588875453 0.5541666666666667 0.0471584038694075 0.1712962962962963
0 0.4226118500604595 0.7902777777777777 0.049576783555018135 0.1787037037037037
0 0.5326481257557436 0.6791666666666667 0.03143893591293833 0.125
0 0.526602176541717 0.5925925925925926 0.03990326481257558 0.15185185185185185
0 0.8270858524788391 0.8861111111111111 0.044740024183796856 0.12962962962962962
0 0.05290205562273277 0.8444444444444444 0.05380894800483676 0.17037037037037037
0 0.08796856106408706 0.8231481481481482 0.0501813784764208 0.1814814814814815
0 0.594316807738815 0.3074074074074074 0.03990326481257558 0.12962962962962962
0 0.6336154776299879 0.2875 0.03385731559854897 0.12129629629629629
0 0.012696493349455865 0.2611111111111111 0.02418379685610641 0.15185185185185185
0 0.08162031438935913 0.5148148148148148 0.049576783555018135 0.17222222222222222
0 0.0402055622732769 0.2828703703703704 0.039298669891172915 0.13425925925925927
0 0.6638452237001209 0.42268518518518516 0.0471584038694075 0.14907407407407408
0 0.5689238210399032 0.24583333333333332 0.044740024183796856 0.14537037037037037
0 0.43893591293833134 0.3648148148148148 0.04353083434099154 0.15185185185185185
0 0.6221281741233373 0.3861111111111111 0.03869407496977025 0.1574074074074074
0 0.6644498186215235 0.3736111111111111 0.03869407496977025 0.16018518518518518
0 0.562273276904474 0.35833333333333334 0.037484885126964934 0.15185185185185185
0 0.5903869407496977 0.3685185185185185 0.0380894800483676 0.13518518518518519
0 0.48911729141475213 0.24351851851851852 0.032648125755743655 0.12407407407407407
0 0.749093107617896 0.46574074074074073 0.05078597339782346 0.17592592592592593
0 0.7832527206771464 0.45925925925925926 0.04171704957678356 0.1685185185185185
0 0.48972188633615477 0.2740740740740741 0.032648125755743655 0.13518518518518519
0 0.49727932285368803 0.32314814814814813 0.04171704957678356 0.1648148148148148
0 0.531136638452237 0.31805555555555554 0.03688029020556227 0.13796296296296295
0 0.5184401451027811 0.39166666666666666 0.04050785973397823 0.14074074074074075
0 0.5516928657799275 0.4041666666666667 0.039298669891172915 0.13240740740740742
0 0.6079201934703748 0.44722222222222224 0.04534461910519952 0.1648148148148148
0 0.6314993954050786 0.47129629629629627 0.039298669891172915 0.14074074074074075
0 0.658403869407497 0.46805555555555556 0.04232164449818621 0.14351851851851852
0 0.8836154776299879 0.5666666666666667 0.0501813784764208 0.17037037037037037
0 0.6922611850060459 0.48703703703703705 0.04353083434099154 0.14629629629629629
0 0.6139661426844014 0.9495370370370371 0.042926239419588876 0.10277777777777777
0 0.6441958887545345 0.9337962962962963 0.04897218863361548 0.13240740740740742
0 0.7025392986698912 0.6476851851851851 0.03990326481257558 0.16018518518518518
0 0.7623941958887546 0.662962962962963 0.04836759371221282 0.1685185185185185
0 0.6420798065296252 0.5925925925925926 0.03990326481257558 0.16296296296296298
0 0.9879081015719468 0.4185185185185185 0.022974607013301087 0.1537037037037037
0 0.9585852478839177 0.42685185185185187 0.04171704957678356 0.1259259259259259
0 0.9806529625151149 0.9388888888888889 0.037484885126964934 0.12222222222222222
0 0.9788391777509069 0.8337962962962963 0.041112454655380895 0.1787037037037037
0 0.8016928657799275 0.34629629629629627 0.03990326481257558 0.13703703703703704
0 0.8349455864570737 0.35555555555555557 0.03506650544135429 0.12407407407407407
0 0.9383313180169287 0.8430555555555556 0.060459492140266025 0.1527777777777778
0 0.8512696493349455 0.7435185185185185 0.049576783555018135 0.1574074074074074
0 0.8098548972188634 0.7472222222222222 0.05380894800483676 0.18703703703703703
0 0.8521765417170496 0.3175925925925926 0.04171704957678356 0.14629629629629629
0 0.8836154776299879 0.32314814814814813 0.0380894800483676 0.12777777777777777
0 0.9111245465538089 0.262037037037037 0.04232164449818621 0.13703703703703704
0 0.624546553808948 0.21666666666666667 0.044740024183796856 0.15185185185185185
0 0.5982466747279322 0.22777777777777777 0.039298669891172915 0.12037037037037036
0 0.8730350665054414 0.35 0.03869407496977025 0.12222222222222222
0 0.914752116082225 0.32083333333333336 0.03506650544135429 0.12314814814814815
0 0.7351874244256348 0.6759259259259259 0.041112454655380895 0.16666666666666666
0 0.7025392986698912 0.6736111111111112 0.041112454655380895 0.16018518518518518
0 0.005441354292623942 0.6759259259259259 0.009673518742442563 0.1537037037037037
0 0.4951632406287787 0.9208333333333333 0.056831922611850064 0.15648148148148147
0 0.5994558645707376 0.8986111111111111 0.047762998790810154 0.1527777777777778
0 0.12515114873035066 0.3509259259259259 0.041112454655380895 0.1574074074074074
0 0.7243047158403869 0.40046296296296297 0.05199516324062878 0.16574074074074074
0 0.7243047158403869 0.3111111111111111 0.036275695284159616 0.1259259259259259
0 0.8845223700120919 0.24259259259259258 0.03990326481257558 0.12962962962962962
0 0.9353083434099153 0.22175925925925927 0.03869407496977025 0.13240740740740742
0 0.9746070133010882 0.20972222222222223 0.041112454655380895 0.14351851851851852
0 0.9860943168077388 0.1449074074074074 0.026602176541717048 0.12314814814814815
0 0.9207980652962515 0.17175925925925925 0.03869407496977025 0.14907407407407408
0 0.9041717049576784 0.1449074074074074 0.03688029020556227 0.12129629629629629
0 0.9328899637243047 0.1310185185185185 0.03869407496977025 0.1287037037037037
0 0.9691656590084643 0.04537037037037037 0.03990326481257558 0.08888888888888889
0 0.8712212817412334 0.13148148148148148 0.037484885126964934 0.11851851851851852
0 0.8428053204353083 0.0912037037037037 0.037484885126964934 0.12129629629629629
0 0.8678960096735188 0.1037037037037037 0.03204353083434099 0.10740740740740741
0 0.8902660217654171 0.10138888888888889 0.034461910519951636 0.10648148148148148
0 0.9211003627569528 0.07268518518518519 0.03688029020556227 0.10648148148148148
0 0.8978234582829504 0.08148148148148149 0.032648125755743655 0.11296296296296296
0 0.8675937122128174 0.04814814814814815 0.030229746070133012 0.09444444444444444
0 0.8966142684401451 0.049074074074074076 0.03385731559854897 0.0962962962962963
0 0.9298669891172914 0.040740740740740744 0.03506650544135429 0.07962962962962963
0 0.1175937122128174 0.18981481481481483 0.046553808948004836 0.14074074074074075
0 0.08313180169286578 0.18611111111111112 0.039298669891172915 0.14074074074074075
0 0.09310761789600967 0.12361111111111112 0.037484885126964934 0.12685185185185185
0 0.014207980652962516 0.19768518518518519 0.02720677146311971 0.13425925925925927
0 0.02750906892382104 0.15231481481481482 0.04171704957678356 0.1287037037037037
0 0.06408706166868199 0.14537037037037037 0.04232164449818621 0.13518518518518519
0 0.046251511487303505 0.11064814814814815 0.03688029020556227 0.13425925925925927
0 0.09250302297460701 0.06574074074074074 0.036275695284159616 0.1259259259259259
0 0.06590084643288996 0.06898148148148148 0.030229746070133012 0.11944444444444445
0 0.13301088270858524 0.06435185185185185 0.037484885126964934 0.12685185185185185
0 0.15719467956469166 0.0824074074074074 0.030229746070133012 0.10555555555555556
0 0.15296251511487305 0.055092592592592596 0.037484885126964934 0.10833333333333334
0 0.18591293833131803 0.04861111111111111 0.03325272067714631 0.09537037037037037
0 0.24909310761789602 0.18055555555555555 0.03990326481257558 0.13148148148148148
0 0.28960096735187424 0.14953703703703702 0.03990326481257558 0.13425925925925927
0 0.23186215235792018 0.11712962962962963 0.02962515114873035 0.11203703703703703
0 0.3255743651753325 0.1597222222222222 0.039298669891172915 0.15462962962962962
0 0.25272067714631197 0.11666666666666667 0.037484885126964934 0.13148148148148148
0 0.2708585247883918 0.13518518518518519 0.03143893591293833 0.12962962962962962
0 0.5414147521160823 0.2791666666666667 0.03688029020556227 0.14351851851851852
0 0.6859129383313181 0.3055555555555556 0.04171704957678356 0.1425925925925926
0 0.7055622732769045 0.2800925925925926 0.03385731559854897 0.13796296296296295
0 0.5214631197097944 0.22870370370370371 0.039298669891172915 0.12962962962962962
0 0.598851269649335 0.1875 0.039298669891172915 0.12685185185185185
0 0.648428053204353 0.1787037037037037 0.03688029020556227 0.14074074074074075
0 0.7436517533252721 0.19814814814814816 0.037484885126964934 0.12777777777777777
0 0.7351874244256348 0.14629629629629629 0.03869407496977025 0.13703703703703704
0 0.7094921402660218 0.1787037037037037 0.034461910519951636 0.13703703703703704
0 0.6792623941958887 0.17916666666666667 0.02962515114873035 0.12685185185185185
0 0.7167472793228536 0.08935185185185185 0.03204353083434099 0.1175925925925926
0 0.6390568319226119 0.13194444444444445 0.04232164449818621 0.13240740740740742
0 0.6505441354292624 0.09027777777777778 0.03990326481257558 0.12314814814814815
0 0.597037484885127 0.08472222222222223 0.03204353083434099 0.12685185185185185
0 0.5692261185006046 0.07962962962962963 0.034461910519951636 0.12407407407407407
0 0.5577388149939541 0.18518518518518517 0.0380894800483676 0.13148148148148148
0 0.47702539298669894 0.16342592592592592 0.04232164449818621 0.13796296296296295
0 0.4356106408706167 0.11990740740740741 0.03204353083434099 0.1361111111111111
0 0.5075574365175333 0.10694444444444444 0.03688029020556227 0.12685185185185185
0 0.5253929866989118 0.12129629629629629 0.03385731559854897 0.11481481481481481
0 0.5305320435308344 0.11064814814814815 0.03204353083434099 0.12685185185185185
0 0.46825876662636035 0.0712962962962963 0.034461910519951636 0.13333333333333333
0 0.5024183796856106 0.05694444444444444 0.036275695284159616 0.11203703703703703
0 0.9543530834340992 0.16203703703703703 0.039298669891172915 0.14629629629629629
0 0.25241837968561065 0.059722222222222225 0.024788391777509067 0.06388888888888888
0 0.35822249093107617 0.4888888888888889 0.04050785973397823 0.15
0 0.2512091898428053 0.27037037037037037 0.034461910519951636 0.14074074074074075
0 0.1354292623941959 0.7476851851851852 0.049576783555018135 0.16203703703703703
0 0.016928657799274487 0.586574074074074 0.032648125755743655 0.16574074074074074
0 0.14026602176541716 0.7134259259259259 0.049576783555018135 0.16018518518518518
0 0.8101571946795647 0.2935185185185185 0.04232164449818621 0.13518518518518519
0 0.8446191051995163 0.2865740740740741 0.032648125755743655 0.11018518518518519
0 0.2469770253929867 0.6013888888888889 0.04897218863361548 0.1675925925925926
0 0.21523579201934703 0.5819444444444445 0.04232164449818621 0.16944444444444445
0 0.3558041112454655 0.5837962962962963 0.034461910519951636 0.14907407407407408
0 0.21463119709794437 0.5143518518518518 0.044740024183796856 0.14907407407407408
0 0.1807738814993954 0.4875 0.041112454655380895 0.1398148148148148
0 0.1837968561064087 0.45185185185185184 0.041112454655380895 0.14444444444444443
0 0.14087061668681983 0.48009259259259257 0.03990326481257558 0.14351851851851852
0 0.3591293833131802 0.15925925925925927 0.032648125755743655 0.12962962962962962
0 0.3814993954050786 0.15601851851851853 0.03143893591293833 0.1287037037037037
0 0.2720677146311971 0.38564814814814813 0.0471584038694075 0.14351851851851852
0 0.26148730350665056 0.40324074074074073 0.03688029020556227 0.1398148148148148
0 0.186819830713422 0.912962962962963 0.05199516324062878 0.1574074074074074
0 0.2992744860943168 0.7166666666666667 0.04232164449818621 0.15
0 0.4283555018137848 0.5666666666666667 0.035671100362756954 0.14074074074074075
0 0.34129383313180167 0.6370370370370371 0.04050785973397823 0.15925925925925927
0 0.3431076178960097 0.6759259259259259 0.04171704957678356 0.1685185185185185
0 0.4135429262394196 0.6726851851851852 0.049576783555018135 0.14907407407407408
0 0.6296856106408706 0.7143518518518519 0.04171704957678356 0.15833333333333333
0 0.4325876662636034 0.4685185185185185 0.034461910519951636 0.14074074074074075
0 0.42321644498186217 0.44537037037037036 0.03385731559854897 0.13148148148148148
0 0.4156590084643289 0.5254629629629629 0.039298669891172915 0.15462962962962962
0 0.42503022974607013 0.49537037037037035 0.03143893591293833 0.14629629629629629
0 0.23246674727932284 0.5560185185185185 0.03688029020556227 0.1398148148148148
0 0.27357920193470375 0.5365740740740741 0.039298669891172915 0.16203703703703703
0 0.2799274486094317 0.5833333333333334 0.03990326481257558 0.1685185185185185
0 0.5532043530834341 0.5444444444444444 0.04353083434099154 0.14629629629629629
0 0.2548367593712213 0.34444444444444444 0.04171704957678356 0.16296296296296298
0 0.5725513905683193 0.44027777777777777 0.03869407496977025 0.14351851851851852
0 0.281136638452237 0.3388888888888889 0.04232164449818621 0.15185185185185185
0 0.3996372430471584 0.3921296296296296 0.04232164449818621 0.14351851851851852
0 0.39903264812575573 0.3435185185185185 0.03506650544135429 0.12962962962962962
0 0.47702539298669894 0.5064814814814815 0.03385731559854897 0.1537037037037037
0 0.2720677146311971 0.29907407407407405 0.037484885126964934 0.14074074074074075
0 0.7001209189842805 0.9643518518518519 0.05199516324062878 0.06944444444444445
0 0.6735187424425635 0.9634259259259259 0.045949214026602174 0.075
