0 0.35963541666666665 0.9199074074074074 0.08177083333333333 0.16018518518518518
0 0.28046875 0.9273148148148148 0.07760416666666667 0.14351851851851852
0 0.03411458333333333 0.9175925925925926 0.0671875 0.1648148148148148
0 0.08854166666666667 0.899074074074074 0.07916666666666666 0.20185185185185187
0 0.1828125 0.8796296296296297 0.057291666666666664 0.24259259259259258
0 0.22161458333333334 0.8634259259259259 0.058854166666666666 0.27314814814814814
0 0.3143229166666667 0.8819444444444444 0.06510416666666667 0.23796296296296296
0 0.10989583333333333 0.7666666666666667 0.06770833333333333 0.26666666666666666
0 0.19505208333333332 0.7055555555555556 0.06302083333333333 0.23703703703703705
0 0.24895833333333334 0.7657407407407407 0.057291666666666664 0.26851851851851855
0 0.3026041666666667 0.8287037037037037 0.06979166666666667 0.2962962962962963
0 0.49114583333333334 0.7643518518518518 0.05416666666666667 0.27685185185185185
0 0.29635416666666664 0.5935185185185186 0.051041666666666666 0.2351851851851852
0 0.3497395833333333 0.5976851851851852 0.049479166666666664 0.23055555555555557
0 0.9578125 0.46805555555555556 0.04895833333333333 0.21574074074074073
0 0.8536458333333333 0.46435185185185185 0.05625 0.19537037037037036
0 0.8174479166666667 0.4824074074074074 0.05260416666666667 0.19814814814814816
0 0.7440104166666667 0.4935185185185185 0.049479166666666664 0.17962962962962964
0 0.7166666666666667 0.49166666666666664 0.04479166666666667 0.20185185185185187
0 0.7075520833333333 0.45046296296296295 0.04635416666666667 0.1935185185185185
0 0.6682291666666667 0.47453703703703703 0.04895833333333333 0.1824074074074074
0 0.6580729166666667 0.47453703703703703 0.04010416666666667 0.2101851851851852
0 0.17005208333333333 0.4023148148148148 0.0328125 0.15462962962962962
0 0.2526041666666667 0.4962962962962963 0.036458333333333336 0.1574074074074074
0 0.26979166666666665 0.49537037037037035 0.051041666666666666 0.22592592592592592
0 0.3151041666666667 0.5152777777777777 0.04583333333333333 0.21574074074074073
0 0.4505208333333333 0.5342592592592592 0.05520833333333333 0.20185185185185187
0 0.4903645833333333 0.5569444444444445 0.04739583333333333 0.22685185185185186
0 0.340625 0.41898148148148145 0.035416666666666666 0.16203703703703703
0 0.3690104166666667 0.41203703703703703 0.0359375 0.17222222222222222
0 0.41041666666666665 0.4726851851851852 0.040625 0.19166666666666668
0 0.5963541666666666 0.5083333333333333 0.05 0.20925925925925926
0 0.6442708333333333 0.5462962962962963 0.03229166666666667 0.1648148148148148
0 0.4901041666666667 0.47453703703703703 0.034375 0.1787037037037037
0 0.565625 0.4726851851851852 0.040625 0.18981481481481483
0 0.48385416666666664 0.43842592592592594 0.03854166666666667 0.1824074074074074
0 0.31588541666666664 0.36944444444444446 0.0390625 0.16296296296296298
0 0.3489583333333333 0.36064814814814816 0.034375 0.14351851851851852
0 0.425 0.4199074074074074 0.036458333333333336 0.17685185185185184
0 0.44192708333333336 0.36435185185185187 0.034895833333333334 0.15092592592592594
0 0.5890625 0.44537037037037036 0.034375 0.18703703703703703
0 0.4322916666666667 0.34444444444444444 0.028125 0.13703703703703704
0 0.4088541666666667 0.31527777777777777 0.030208333333333334 0.13796296296296295
0 0.37526041666666665 0.3490740740740741 0.03177083333333333 0.14629629629629629
0 0.540625 0.4101851851851852 0.035416666666666666 0.1925925925925926
0 0.5614583333333333 0.375 0.034375 0.1574074074074074
0 0.5739583333333333 0.35509259259259257 0.03229166666666667 0.14351851851851852
0 0.4984375 0.3486111111111111 0.03229166666666667 0.14907407407407408
0 0.5205729166666667 0.35324074074074074 0.033854166666666664 0.14907407407407408
0 0.4708333333333333 0.3055555555555556 0.026041666666666668 0.13148148148148148
0 0.42135416666666664 0.2537037037037037 0.026041666666666668 0.11296296296296296
0 0.5403645833333334 0.32222222222222224 0.030729166666666665 0.14444444444444443
0 0.5591145833333333 0.32592592592592595 0.03177083333333333 0.14814814814814814
0 0.5638020833333334 0.3074074074074074 0.025520833333333333 0.1388888888888889
0 0.5481770833333334 0.25416666666666665 0.027604166666666666 0.11018518518518519
0 0.5010416666666667 0.23703703703703705 0.023958333333333335 0.10925925925925926
0 0.3671875 0.25046296296296294 0.027083333333333334 0.1175925925925926
0 0.38333333333333336 0.2569444444444444 0.027083333333333334 0.11574074074074074
0 0.47708333333333336 0.24074074074074073 0.029166666666666667 0.11851851851851852
0 0.33958333333333335 0.2652777777777778 0.030208333333333334 0.11018518518518519
0 0.34296875 0.2449074074074074 0.021354166666666667 0.10833333333333334
0 0.43802083333333336 0.27037037037037037 0.025 0.1037037037037037
0 0.016666666666666666 0.7819444444444444 0.03229166666666667 0.27870370370370373
0 0.4309895833333333 0.3037037037037037 0.0296875 0.11666666666666667
0 0.4421875 0.24814814814814815 0.026041666666666668 0.1111111111111111
0 0.4010416666666667 0.2587962962962963 0.025 0.11388888888888889
0 0.54609375 0.274537037037037 0.021354166666666667 0.10092592592592593
0 0.4661458333333333 0.26296296296296295 0.022916666666666665 0.07962962962962963
0 0.49375 0.45092592592592595 0.035416666666666666 0.1685185185185185
0 0.77734375 0.34814814814814815 0.03177083333333333 0.1685185185185185
0 0.38255208333333335 0.2953703703703704 0.03177083333333333 0.12407407407407407
