0 0.37851662404092073 0.946590909090909 0.05285592497868713 0.10909090909090909
0 0.43307757885763 0.946590909090909 0.04774083546462063 0.10909090909090909
0 0.3167092924126172 0.9602272727272727 0.05029838022165388 0.08181818181818182
0 0.355924978687127 0.9556818181818182 0.05200341005967604 0.08863636363636364
0 0.08056265984654731 0.6482954545454546 0.045183290707587385 0.14204545454545456
0 0.49445865302642794 0.9147727272727273 0.04603580562659847 0.16590909090909092
0 0.4722932651321398 0.9244318181818182 0.056265984654731455 0.1534090909090909
0 0.03964194373401535 0.6306818181818182 0.043478260869565216 0.13636363636363635
0 0.1329923273657289 0.6261363636363636 0.0443307757885763 0.14772727272727273
0 0.1453537936913896 0.5880681818181818 0.03665814151747655 0.12613636363636363
0 0.3248081841432225 0.9068181818181819 0.056265984654731455 0.16590909090909092
0 0.6743393009377664 0.9215909090909091 0.06479113384484228 0.15681818181818183
0 0.7229326513213982 0.9181818181818182 0.05285592497868713 0.15454545454545454
0 0.5502983802216539 0.8017045454545455 0.05029838022165388 0.15113636363636362
0 0.592071611253197 0.6875 0.05029838022165388 0.13863636363636364
0 0.40664961636828645 0.6511363636363636 0.042625745950554135 0.13863636363636364
0 0.4599317988064791 0.6386363636363637 0.04688832054560955 0.1340909090909091
0 0.31415174765558396 0.5664772727272728 0.043478260869565216 0.12840909090909092
0 0.2749360613810742 0.5460227272727273 0.041773231031543054 0.12840909090909092
0 0.2557544757033248 0.5795454545454546 0.042625745950554135 0.12045454545454545
0 0.10144927536231885 0.5636363636363636 0.03751065643648764 0.12045454545454545
0 0.3998294970161978 0.5528409090909091 0.0392156862745098 0.12613636363636363
0 0.4420289855072464 0.5511363636363636 0.041773231031543054 0.1159090909090909
0 0.3371696504688832 0.6681818181818182 0.043478260869565216 0.1340909090909091
0 0.3878942881500426 0.4420454545454545 0.042625745950554135 0.1159090909090909
0 0.22549019607843138 0.42727272727272725 0.041773231031543054 0.12045454545454545
0 0.24168797953964194 0.4426136363636364 0.04688832054560955 0.1215909090909091
0 0.9420289855072463 0.9573863636363636 0.04603580562659847 0.0875
0 0.9624893435635123 0.7778409090909091 0.0443307757885763 0.12840909090909092
0 0.7647058823529411 0.4738636363636364 0.042625745950554135 0.1340909090909091
0 0.6231884057971014 0.709659090909091 0.042625745950554135 0.1375
0 0.3670076726342711 0.3778409090909091 0.03836317135549872 0.1215909090909091
0 0.3273657289002558 0.3784090909090909 0.0392156862745098 0.11818181818181818
0 0.9292412617220801 0.13295454545454546 0.03239556692242114 0.10227272727272728
0 0.8307757885763001 0.6568181818181819 0.04688832054560955 0.1340909090909091
0 0.9006820119352089 0.7704545454545455 0.05370843989769821 0.1431818181818182
0 0.9411764705882353 0.6596590909090909 0.04603580562659847 0.13522727272727272
0 0.5814151747655584 0.48977272727272725 0.0392156862745098 0.125
0 0.46035805626598464 0.4460227272727273 0.04603580562659847 0.12386363636363637
0 0.4816709292412617 0.45 0.042625745950554135 0.12045454545454545
0 0.4927536231884058 0.5778409090909091 0.03751065643648764 0.1125
0 0.32821824381926684 0.03295454545454545 0.03580562659846547 0.06363636363636363
0 0.815004262574595 0.29829545454545453 0.0392156862745098 0.11704545454545455
0 0.289002557544757 0.9880681818181818 0.042625745950554135 0.026136363636363635
0 0.24040920716112532 0.9664772727272727 0.04774083546462063 0.06931818181818182
0 0.1534526854219949 0.9357954545454545 0.04603580562659847 0.13068181818181818
0 0.19138959931798807 0.9357954545454545 0.045183290707587385 0.13068181818181818
0 0.7625745950554135 0.15397727272727274 0.041773231031543054 0.10340909090909091
0 0.8124467178175618 0.16761363636363635 0.03239556692242114 0.09659090909090909
0 0.8482523444160273 0.13977272727272727 0.03580562659846547 0.10681818181818181
0 0.8397271952259164 0.14886363636363636 0.03239556692242114 0.09772727272727273
0 0.8473998294970162 0.033522727272727273 0.03410059676044331 0.06477272727272727
0 0.5959079283887468 0.18920454545454546 0.028985507246376812 0.10113636363636364
0 0.7655583972719523 0.2772727272727273 0.03580562659846547 0.11363636363636363
0 0.7229326513213982 0.28920454545454544 0.03239556692242114 0.10113636363636364
0 0.7306052855924978 0.3926136363636364 0.04603580562659847 0.11704545454545455
0 0.7612958226768969 0.34545454545454546 0.03751065643648764 0.10454545454545454
0 0.7476555839727195 0.42954545454545456 0.0392156862745098 0.1
0 0.8145780051150895 0.42045454545454547 0.03836317135549872 0.11818181818181818
0 0.7412617220801364 0.35909090909090907 0.03495311167945439 0.10454545454545454
0 0.587382779198636 0.2806818181818182 0.03751065643648764 0.10681818181818181
0 0.5541346973572038 0.2784090909090909 0.03751065643648764 0.11136363636363636
0 0.4339300937766411 0.16420454545454546 0.027280477408354646 0.08977272727272727
0 0.5063938618925832 0.04261363636363636 0.028985507246376812 0.08295454545454546
0 0.391304347826087 0.9329545454545455 0.056265984654731455 0.1340909090909091
0 0.8631713554987213 0.21306818181818182 0.03495311167945439 0.10113636363636364
0 0.7975277067348678 0.20625 0.041773231031543054 0.11022727272727273
0 0.8375959079283888 0.26875 0.041773231031543054 0.10795454545454546
0 0.525149190110827 0.04318181818181818 0.028985507246376812 0.08409090909090909
0 0.05839727195225917 0.9590909090909091 0.04688832054560955 0.08409090909090909
0 0.6815856777493606 0.7414772727272727 0.05029838022165388 0.13522727272727272
0 0.7472293265132139 0.7363636363636363 0.045183290707587385 0.13863636363636364
0 0.7962489343563512 0.7181818181818181 0.056265984654731455 0.14772727272727273
0 0.5571184995737425 0.6261363636363636 0.041773231031543054 0.12954545454545455
0 0.592071611253197 0.6221590909090909 0.043478260869565216 0.13068181818181818
0 0.7668371696504689 0.5579545454545455 0.05029838022165388 0.13863636363636364
0 0.8052003410059676 0.4732954545454545 0.04688832054560955 0.1375
0 0.8256606990622336 0.47613636363636364 0.03665814151747655 0.11136363636363636
0 0.28090366581415177 0.08181818181818182 0.03324808184143223 0.09772727272727273
0 0.5153452685421995 0.26647727272727273 0.043478260869565216 0.11704545454545455
0 0.3640238704177323 0.2897727272727273 0.027280477408354646 0.08409090909090909
0 0.3797953964194373 0.29147727272727275 0.03665814151747655 0.11931818181818182
0 0.4011082693947144 0.2897727272727273 0.028132992327365727 0.08409090909090909
0 0.39641943734015345 0.17613636363636365 0.04092071611253197 0.10909090909090909
0 0.5038363171355499 0.24034090909090908 0.03751065643648764 0.1215909090909091
0 0.3414322250639386 0.05738636363636364 0.03324808184143223 0.09204545454545454
0 0.26641091219096336 0.0125 0.0247229326513214 0.022727272727272728
0 0.2195225916453538 0.35170454545454544 0.040068201193520885 0.10795454545454546
0 0.45737425404944587 0.03238636363636364 0.03154305200341006 0.0625
0 0.4863597612958227 0.03465909090909091 0.03836317135549872 0.06704545454545455
0 0.28388746803069054 0.007954545454545454 0.028985507246376812 0.013636363636363636
0 0.34697357203751067 0.03295454545454545 0.03410059676044331 0.06363636363636363
0 0.5123614663256607 0.05795454545454545 0.03239556692242114 0.09318181818181819
0 0.8239556692242114 0.20681818181818182 0.03836317135549872 0.10909090909090909
0 0.5554134697357204 0.2369318181818182 0.03495311167945439 0.11022727272727273
0 0.20673486786018755 0.7198863636363636 0.045183290707587385 0.14886363636363636
0 0.45268542199488493 0.7323863636363637 0.04092071611253197 0.15795454545454546
0 0.49658994032395565 0.7352272727272727 0.041773231031543054 0.13863636363636364
0 0.6730605285592498 0.6846590909090909 0.04688832054560955 0.13522727272727272
0 0.06436487638533675 0.5602272727272727 0.043478260869565216 0.13863636363636364
0 0.23657289002557544 0.5267045454545455 0.04688832054560955 0.12386363636363637
0 0.8699914748508099 0.8613636363636363 0.04688832054560955 0.16590909090909092
0 0.7907075873827792 0.6568181818181819 0.05200341005967604 0.14772727272727273
0 0.8508098891730606 0.6198863636363636 0.042625745950554135 0.1534090909090909
0 0.8913043478260869 0.6130681818181818 0.03836317135549872 0.1534090909090909
0 0.8712702472293266 0.5505681818181818 0.04774083546462063 0.12840909090909092
0 0.8252344416027281 0.38238636363636364 0.03751065643648764 0.12840909090909092
0 0.3337595907928389 0.27954545454545454 0.040068201193520885 0.10454545454545454
0 0.10358056265984655 0.42613636363636365 0.03836317135549872 0.1159090909090909
0 0.022591645353793693 0.4460227272727273 0.041773231031543054 0.12386363636363637
0 0.05413469735720375 0.4784090909090909 0.03154305200341006 0.10227272727272728
0 0.017476555839727195 0.4909090909090909 0.03324808184143223 0.12954545454545455
0 0.5358056265984654 0.5693181818181818 0.041773231031543054 0.1340909090909091
0 0.01619778346121057 0.3380681818181818 0.030690537084398978 0.10568181818181818
0 0.17860187553282184 0.22613636363636364 0.03665814151747655 0.11136363636363636
0 0.24978687127024723 0.38125 0.042625745950554135 0.12613636363636363
0 0.4948849104859335 0.4113636363636364 0.03324808184143223 0.1159090909090909
0 0.4514066496163683 0.3159090909090909 0.03324808184143223 0.10227272727272728
0 0.3678601875532822 0.22727272727272727 0.03665814151747655 0.10227272727272728
0 0.04390451832907076 0.3397727272727273 0.03665814151747655 0.10681818181818181
0 0.12233589087809037 0.29545454545454547 0.03665814151747655 0.10681818181818181
0 0.09249786871270248 0.3721590909090909 0.041773231031543054 0.11931818181818182
0 0.16155157715260018 0.2596590909090909 0.040068201193520885 0.11704545454545455
0 0.293691389599318 0.4034090909090909 0.04688832054560955 0.11818181818181818
0 0.1947996589940324 0.26022727272727275 0.03665814151747655 0.1159090909090909
0 0.48891730605285594 0.11647727272727272 0.040068201193520885 0.09204545454545454
0 0.4560954816709292 0.3801136363636364 0.042625745950554135 0.1215909090909091
0 0.4254049445865303 0.3039772727272727 0.042625745950554135 0.11022727272727273
0 0.3073316283034953 0.009659090909090909 0.028132992327365727 0.017045454545454544
0 0.44799658994032393 0.2846590909090909 0.03324808184143223 0.11022727272727273
0 0.5421994884910486 0.3386363636363636 0.04603580562659847 0.12045454545454545
0 0.39855072463768115 0.2278409090909091 0.03665814151747655 0.1125
0 0.2510656436487639 0.12727272727272726 0.03836317135549872 0.09318181818181819
0 0.4761295822676897 0.19602272727272727 0.03324808184143223 0.09659090909090909
0 0.2229326513213981 0.2340909090909091 0.03836317135549872 0.10454545454545454
0 0.3414322250639386 0.18011363636363636 0.03836317135549872 0.10795454545454546
0 0.39855072463768115 0.10965909090909091 0.03154305200341006 0.09431818181818181
0 0.1155157715260017 0.06988636363636364 0.03324808184143223 0.09886363636363636
0 0.4194373401534527 0.11875 0.03751065643648764 0.10113636363636364
0 0.5038363171355499 0.15625 0.03580562659846547 0.11022727272727273
0 0.45012787723785164 0.1965909090909091 0.03580562659846547 0.10227272727272728
0 0.46888320545609546 0.10965909090909091 0.03410059676044331 0.10113636363636364
0 0.44458653026427963 0.11875 0.03324808184143223 0.08522727272727272
0 0.40451832907075874 0.08352272727272728 0.03665814151747655 0.09204545454545454
0 0.5366581415174766 0.05909090909090909 0.03324808184143223 0.09318181818181819
0 0.8806479113384484 0.22897727272727272 0.04092071611253197 0.10795454545454546
0 0.8994032395566922 0.14545454545454545 0.028985507246376812 0.09090909090909091
0 0.8597612958226769 0.31931818181818183 0.04688832054560955 0.11136363636363636
0 0.8797953964194374 0.1375 0.03580562659846547 0.1
0 0.8495311167945439 0.3034090909090909 0.041773231031543054 0.11818181818181818
0 0.8248081841432225 0.31477272727272726 0.041773231031543054 0.10681818181818181
0 0.6274509803921569 0.6460227272727272 0.06479113384484228 0.14431818181818182
0 0.9292412617220801 0.8471590909090909 0.057971014492753624 0.15795454545454546
0 0.15387894288150042 0.30113636363636365 0.041773231031543054 0.11136363636363636
0 0.39940323955669227 0.37386363636363634 0.04688832054560955 0.11136363636363636
0 0.6078431372549019 0.80625 0.05115089514066496 0.15113636363636362
0 0.4855072463768116 0.2897727272727273 0.03324808184143223 0.10681818181818181
0 0.45439045183290705 0.34488636363636366 0.04603580562659847 0.11477272727272728
0 0.45694799658994034 0.07727272727272727 0.030690537084398978 0.08181818181818182
0 0.0814151747655584 0.4681818181818182 0.03665814151747655 0.10681818181818181
