0 0.555925030229746 0.9305555555555556 0.051390568319226115 0.14074074074074075
0 0.5048367593712213 0.9375 0.041112454655380895 0.12685185185185185
0 0.7596735187424426 0.812037037037037 0.04897218863361548 0.14074074074074075
0 0.06348246674727932 0.9217592592592593 0.04836759371221282 0.15833333333333333
0 0.06952841596130592 0.6412037037037037 0.04836759371221282 0.16203703703703703
0 0.028415961305925032 0.674537037037037 0.04232164449818621 0.1527777777777778
0 0.5855501813784765 0.42824074074074076 0.044135429262394194 0.13796296296296295
0 0.22521160822249092 0.5125 0.034461910519951636 0.14537037037037037
0 0.17835550181378476 0.5027777777777778 0.04353083434099154 0.14629629629629629
0 0.11396614268440144 0.2722222222222222 0.04171704957678356 0.13703703703703704
0 0.02992744860943168 0.30185185185185187 0.034461910519951636 0.14629629629629629
0 0.07889963724304716 0.31527777777777777 0.044135429262394194 0.14351851851851852
0 0.13875453446191052 0.36018518518518516 0.044135429262394194 0.1537037037037037
0 0.18500604594921402 0.36898148148148147 0.041112454655380895 0.17314814814814813
0 0.5574365175332527 0.21944444444444444 0.036275695284159616 0.13518518518518519
0 0.013603385731559855 0.44907407407407407 0.02599758162031439 0.14629629629629629
0 0.0048367593712212815 0.5009259259259259 0.008464328899637243 0.1537037037037037
0 0.14540507859733978 0.4097222222222222 0.044135429262394194 0.14907407407407408
0 0.05894800483675937 0.41388888888888886 0.039298669891172915 0.14074074074074075
0 0.5525997581620314 0.25972222222222224 0.041112454655380895 0.14907407407407408
0 0.587968561064087 0.26851851851851855 0.03204353083434099 0.14074074074074075
0 0.6798669891172914 0.5703703703703704 0.044135429262394194 0.15185185185185185
0 0.722490931076179 0.5731481481481482 0.041112454655380895 0.14814814814814814
0 0.3926844014510278 0.25925925925925924 0.03688029020556227 0.12407407407407407
0 0.38391777509068925 0.28055555555555556 0.02781136638452237 0.11296296296296296
0 0.4667472793228537 0.2518518518518518 0.02539298669891173 0.13518518518518519
0 0.4718863361547763 0.2740740740740741 0.03325272067714631 0.14074074074074075
0 0.5519951632406288 0.3907407407407407 0.03869407496977025 0.13518518518518519
0 0.5828295042321644 0.35138888888888886 0.032648125755743655 0.14166666666666666
0 0.6239419588875453 0.3537037037037037 0.03506650544135429 0.1425925925925926
0 0.5290205562273277 0.45555555555555555 0.041112454655380895 0.15
0 0.4153567110036276 0.2953703703703704 0.037484885126964934 0.13148148148148148
0 0.7128174123337364 0.7148148148148148 0.04353083434099154 0.17407407407407408
0 0.7808343409915357 0.6837962962962963 0.04171704957678356 0.14722222222222223
0 0.7781136638452237 0.637962962962963 0.04232164449818621 0.14074074074074075
0 0.9437726723095526 0.6333333333333333 0.03869407496977025 0.14629629629629629
0 0.9050785973397824 0.6101851851851852 0.04836759371221282 0.14629629629629629
0 0.6396614268440145 0.725462962962963 0.0471584038694075 0.16574074074074074
0 0.879081015719468 0.49907407407407406 0.03869407496977025 0.13703703703703704
0 0.8343409915356711 0.46064814814814814 0.0471584038694075 0.13240740740740742
0 0.9026602176541717 0.45046296296296295 0.04353083434099154 0.14351851851851852
0 0.8261789600967352 0.5398148148148149 0.044135429262394194 0.14074074074074075
0 0.8539903264812576 0.5578703703703703 0.04171704957678356 0.15092592592592594
0 0.7908101571946796 0.5458333333333333 0.041112454655380895 0.14351851851851852
0 0.757255139056832 0.48935185185185187 0.046553808948004836 0.16018518518518518
0 0.909310761789601 0.28935185185185186 0.03143893591293833 0.1361111111111111
0 0.9404474002418379 0.3143518518518518 0.04050785973397823 0.13796296296296295
0 0.9797460701330108 0.5574074074074075 0.039298669891172915 0.14814814814814814
0 0.74546553808948 0.8324074074074074 0.05199516324062878 0.17407407407407408
0 0.9860943168077388 0.5046296296296297 0.026602176541717048 0.1425925925925926
0 0.9132406287787183 0.7615740740740741 0.046553808948004836 0.18425925925925926
0 0.8409915356711004 0.6231481481481481 0.07134220072551391 0.14629629629629629
0 0.8663845223700121 0.6708333333333333 0.041112454655380895 0.14907407407407408
0 0.3887545344619105 0.03518518518518519 0.03506650544135429 0.06851851851851852
0 0.2400241837968561 0.05648148148148148 0.045949214026602174 0.1111111111111111
0 0.45918984280532044 0.049074074074074076 0.0501813784764208 0.0962962962962963
0 0.4818621523579202 0.021296296296296296 0.02539298669891173 0.040740740740740744
0 0.5698307134220073 0.06111111111111111 0.03204353083434099 0.12037037037037036
0 0.5891777509068924 0.03425925925925926 0.03204353083434099 0.06666666666666667
0 0.6952841596130592 0.05138888888888889 0.03506650544135429 0.10092592592592593
0 0.6998186215235792 0.07916666666666666 0.02720677146311971 0.09907407407407408
0 0.7240024183796856 0.0699074074074074 0.03204353083434099 0.11203703703703703
0 0.9331922611850061 0.032407407407407406 0.02599758162031439 0.06296296296296296
0 0.967049576783555 0.033796296296296297 0.02962515114873035 0.06574074074074074
0 0.9743047158403869 0.07685185185185185 0.02962515114873035 0.12037037037037036
0 0.9504232164449818 0.07453703703703704 0.03143893591293833 0.1175925925925926
0 0.8990326481257558 0.10833333333333334 0.02539298669891173 0.08518518518518518
0 0.9144498186215235 0.1050925925925926 0.03325272067714631 0.11574074074074074
0 0.937726723095526 0.1175925925925926 0.032648125755743655 0.11296296296296296
0 0.9607013301088271 0.10787037037037037 0.02781136638452237 0.09907407407407408
0 0.9851874244256348 0.0375 0.02720677146311971 0.07314814814814814
0 0.9223095525997581 0.14351851851851852 0.044135429262394194 0.11851851851851852
0 0.9461910519951633 0.17777777777777778 0.030229746070133012 0.12407407407407407
0 0.9740024183796856 0.1574074074074074 0.03506650544135429 0.1259259259259259
0 0.9876058041112454 0.18472222222222223 0.02357920193470375 0.12129629629629629
0 0.9570737605804112 0.2449074074074074 0.032648125755743655 0.12129629629629629
0 0.9863966142684402 0.26435185185185184 0.02599758162031439 0.1398148148148148
0 0.9540507859733979 0.2740740740740741 0.03385731559854897 0.13148148148148148
0 0.9631197097944377 0.31157407407407406 0.03869407496977025 0.13240740740740742
0 0.6160822249093107 0.056018518518518516 0.03506650544135429 0.11018518518518519
0 0.6429866989117291 0.0587962962962963 0.028415961305925032 0.11018518518518519
0 0.5541112454655381 0.09166666666666666 0.02962515114873035 0.10925925925925926
0 0.535671100362757 0.09490740740740741 0.030229746070133012 0.12129629629629629
0 0.6160822249093107 0.11481481481481481 0.03506650544135429 0.12962962962962962
0 0.5719467956469165 0.1259259259259259 0.03385731559854897 0.13148148148148148
0 0.6432889963724304 0.1527777777777778 0.032648125755743655 0.11481481481481481
0 0.6662636033857315 0.16620370370370371 0.026602176541717048 0.10462962962962963
0 0.6916565900846433 0.1625 0.03506650544135429 0.1287037037037037
0 0.6910519951632407 0.21388888888888888 0.037484885126964934 0.12407407407407407
0 0.7212817412333736 0.21435185185185185 0.02902055622732769 0.11574074074074074
0 0.8225513905683193 0.2569444444444444 0.04050785973397823 0.12685185185185185
0 0.3863361547762999 0.1175925925925926 0.032648125755743655 0.12407407407407407
0 0.42230955259975816 0.12175925925925926 0.03204353083434099 0.12129629629629629
0 0.5 0.15 0.030229746070133012 0.13518518518518519
0 0.4322853688029021 0.1527777777777778 0.03143893591293833 0.13518518518518519
0 0.3137847642079806 0.1726851851851852 0.03143893591293833 0.13796296296296295
0 0.3567110036275695 0.18287037037037038 0.030229746070133012 0.13240740740740742
0 0.38361547762998793 0.21574074074074073 0.022370012091898428 0.09259259259259259
0 0.6148730350665055 0.3236111111111111 0.032648125755743655 0.1361111111111111
0 0.14782345828295043 0.1361111111111111 0.03325272067714631 0.11851851851851852
0 0.09189842805320435 0.16574074074074074 0.032648125755743655 0.11296296296296296
0 0.0973397823458283 0.18425925925925926 0.03385731559854897 0.12962962962962962
0 0.12696493349455865 0.20462962962962963 0.03143893591293833 0.13518518518518519
0 0.14691656590084642 0.26342592592592595 0.03990326481257558 0.12685185185185185
0 0.006952841596130592 0.12777777777777777 0.012696493349455865 0.11851851851851852
0 0.034461910519951636 0.17824074074074073 0.04353083434099154 0.12685185185185185
0 0.010882708585247884 0.2361111111111111 0.020556227327690448 0.09814814814814815
0 0.0250906892382104 0.21574074074074073 0.034461910519951636 0.14074074074074075
0 0.0063482466747279325 0.6046296296296296 0.011487303506650543 0.1425925925925926
0 0.010278113663845224 0.9263888888888889 0.019347037484885126 0.14907407407407408
0 0.035671100362756954 0.9273148148148148 0.049576783555018135 0.14722222222222223
0 0.06378476420798065 0.32731481481481484 0.02962515114873035 0.10648148148148148
0 0.06499395405078598 0.2652777777777778 0.02720677146311971 0.08796296296296297
0 0.5030229746070133 0.029166666666666667 0.02902055622732769 0.05648148148148148
0 0.5417170495767836 0.05462962962962963 0.037484885126964934 0.10740740740740741
0 0.23821039903264812 0.5902777777777778 0.036275695284159616 0.15648148148148147
0 0.24365175332527206 0.5606481481481481 0.03506650544135429 0.1398148148148148
0 0.15840386940749698 0.5833333333333334 0.044740024183796856 0.1388888888888889
0 0.20556227327690446 0.5879629629629629 0.03990326481257558 0.13518518518518519
0 0.2140266021765417 0.538425925925926 0.0471584038694075 0.15092592592592594
0 0.16505441354292624 0.5467592592592593 0.04232164449818621 0.13796296296296295
0 0.6351269649334945 0.5314814814814814 0.034461910519951636 0.14814814814814814
0 0.40114873035066506 0.2351851851851852 0.03204353083434099 0.12407407407407407
0 0.4204957678355502 0.23935185185185184 0.02720677146311971 0.12685185185185185
0 0.625453446191052 0.5185185185185185 0.039298669891172915 0.14629629629629629
0 0.13905683192261184 0.9699074074074074 0.04836759371221282 0.058333333333333334
0 0.1837968561064087 0.9462962962962963 0.053204353083434096 0.10925925925925926
0 0.10247883917775091 0.9324074074074075 0.06106408706166868 0.13703703703703704
0 0.7536275695284159 0.7268518518518519 0.039298669891172915 0.14074074074074075
0 0.6943772672309553 0.9879629629629629 0.02357920193470375 0.025925925925925925
0 0.6792623941958887 0.9462962962962963 0.0501813784764208 0.10740740740740741
0 0.8597339782345829 0.5319444444444444 0.041112454655380895 0.1398148148148148
0 0.7360943168077388 0.6888888888888889 0.0380894800483676 0.13703703703703704
0 0.725211608222491 0.37962962962962965 0.04171704957678356 0.11851851851851852
0 0.7723700120918985 0.37546296296296294 0.04050785973397823 0.13796296296296295
0 0.8721281741233373 0.9162037037037037 0.04897218863361548 0.15648148148148147
0 0.28234582829504234 0.3731481481481482 0.03990326481257558 0.13703703703703704
0 0.2633010882708585 0.37916666666666665 0.034461910519951636 0.1287037037037037
0 0.2530229746070133 0.9712962962962963 0.044135429262394194 0.05925925925925926
0 0.4446795646916566 0.9541666666666667 0.04897218863361548 0.09351851851851851
0 0.5136033857315598 0.8212962962962963 0.051390568319226115 0.1814814814814815
0 0.4480048367593712 0.8694444444444445 0.0471584038694075 0.16111111111111112
0 0.5374848851269649 0.5856481481481481 0.037484885126964934 0.15462962962962962
0 0.5991535671100363 0.6875 0.049576783555018135 0.16018518518518518
0 0.3385731559854897 0.7851851851851852 0.04353083434099154 0.16296296296296298
0 0.5580411124546554 0.5180555555555556 0.041112454655380895 0.13796296296296295
0 0.5386940749697703 0.49722222222222223 0.022974607013301087 0.08148148148148149
0 0.562273276904474 0.6185185185185185 0.045949214026602174 0.1574074074074074
0 0.49788391777509067 0.8574074074074074 0.04897218863361548 0.2
0 0.36608222490931075 0.4810185185185185 0.03688029020556227 0.13796296296296295
0 0.30683192261185005 0.4773148148148148 0.04171704957678356 0.16018518518518518
0 0.3639661426844015 0.41203703703703703 0.03506650544135429 0.14629629629629629
0 0.4960701330108827 0.42268518518518516 0.03204353083434099 0.12314814814814815
0 0.3808948004836759 0.7111111111111111 0.032648125755743655 0.15185185185185185
0 0.40054413542926237 0.7712962962962963 0.0501813784764208 0.15925925925925927
0 0.42140266021765416 0.7472222222222222 0.04232164449818621 0.17037037037037037
0 0.37182587666263606 0.7324074074074074 0.036275695284159616 0.17592592592592593
0 0.20163240628778717 0.23981481481481481 0.04050785973397823 0.1425925925925926
0 0.14480048367593712 0.16203703703703703 0.02720677146311971 0.11296296296296296
0 0.17321644498186214 0.1527777777777778 0.03204353083434099 0.12962962962962962
0 0.006952841596130592 0.9083333333333333 0.012696493349455865 0.17407407407407408
0 0.0036275695284159614 0.21203703703703702 0.006045949214026602 0.12037037037037036
0 0.15900846432889965 0.24953703703703703 0.03385731559854897 0.15092592592592594
0 0.56136638452237 0.6805555555555556 0.044135429262394194 0.15185185185185185
0 0.2599758162031439 0.7643518518518518 0.03990326481257558 0.17314814814814813
0 0.3041112454655381 0.7310185185185185 0.04232164449818621 0.17685185185185184
0 0.6777509068923822 0.6967592592592593 0.0471584038694075 0.14351851851851852
0 0.26118500604594924 0.4583333333333333 0.03869407496977025 0.14074074074074075
0 0.47702539298669894 0.538425925925926 0.032648125755743655 0.13240740740740742
0 0.47128174123337363 0.5111111111111111 0.046553808948004836 0.12962962962962962
0 0.37605804111245467 0.37083333333333335 0.03385731559854897 0.14351851851851852
0 0.3225513905683192 0.5824074074074074 0.04897218863361548 0.1425925925925926
0 0.470677146311971 0.40555555555555556 0.03083434099153567 0.14074074074074075
0 0.4996977025392987 0.38981481481481484 0.03204353083434099 0.14629629629629629
0 0.47702539298669894 0.6097222222222223 0.03869407496977025 0.16018518518518518
0 0.8385731559854898 0.9212962962962963 0.045949214026602174 0.15925925925925927
0 0.45163240628778717 0.4388888888888889 0.03506650544135429 0.09814814814814815
0 0.4987908101571947 0.45601851851851855 0.030229746070133012 0.1175925925925926
0 0.3941958887545345 0.3814814814814815 0.041112454655380895 0.14814814814814814
