0 0.5119791666666667 0.43703703703703706 0.04479166666666667 0.15555555555555556
0 0.45625 0.31851851851851853 0.0375 0.13148148148148148
0 0.44453125 0.337037037037037 0.03177083333333333 0.13518518518518519
0 0.5653645833333333 0.5416666666666666 0.044270833333333336 0.20185185185185187
0 0.49713541666666666 0.3282407407407407 0.0296875 0.12314814814814815
0 0.3671875 0.27175925925925926 0.023958333333333335 0.13425925925925927
0 0.56484375 0.3939814814814815 0.0484375 0.15648148148148147
0 0.38046875 0.3060185185185185 0.025520833333333333 0.11944444444444445
0 0.1109375 0.5638888888888889 0.03958333333333333 0.1962962962962963
0 0.5979166666666667 0.36018518518518516 0.03229166666666667 0.13518518518518519
0 0.4953125 0.39814814814814814 0.04583333333333333 0.17037037037037037
0 0.21041666666666667 0.44351851851851853 0.05 0.17592592592592593
0 0.178125 0.8944444444444445 0.08229166666666667 0.20925925925925926
0 0.1765625 0.8902777777777777 0.057291666666666664 0.2212962962962963
0 0.2916666666666667 0.9425925925925925 0.06145833333333333 0.11296296296296296
0 0.14583333333333334 0.8310185185185185 0.07395833333333333 0.33055555555555555
0 0.20364583333333333 0.8699074074074075 0.053125 0.19537037037037036
0 0.24166666666666667 0.6555555555555556 0.058333333333333334 0.23148148148148148
0 0.3463541666666667 0.7106481481481481 0.06458333333333334 0.2953703703703704
0 0.30052083333333335 0.6087962962962963 0.04791666666666667 0.20462962962962963
0 0.3502604166666667 0.6097222222222223 0.05260416666666667 0.1824074074074074
0 0.79375 0.5430555555555555 0.053125 0.2064814814814815
0 0.2520833333333333 0.5907407407407408 0.041666666666666664 0.2037037037037037
0 0.8171875 0.49583333333333335 0.035416666666666666 0.15092592592592594
0 0.8658854166666666 0.5050925925925925 0.044270833333333336 0.20092592592592592
0 0.53125 0.45092592592592595 0.041666666666666664 0.17037037037037037
0 0.7671875 0.4675925925925926 0.04583333333333333 0.19444444444444445
0 0.6986979166666667 0.41944444444444445 0.0421875 0.16111111111111112
0 0.6203125 0.49212962962962964 0.046875 0.20277777777777778
0 0.7291666666666666 0.43796296296296294 0.03229166666666667 0.17037037037037037
0 0.5244791666666667 0.33055555555555555 0.028125 0.14074074074074075
0 0.44375 0.30925925925925923 0.03125 0.12962962962962962
0 0.5447916666666667 0.3189814814814815 0.03125 0.14351851851851852
0 0.31875 0.3976851851851852 0.040625 0.18425925925925926
0 0.5796875 0.45740740740740743 0.03333333333333333 0.16296296296296298
0 0.40286458333333336 0.9393518518518519 0.07760416666666667 0.1175925925925926
0 0.38307291666666665 0.39814814814814814 0.03802083333333333 0.15185185185185185
0 0.38333333333333336 0.3675925925925926 0.03229166666666667 0.1537037037037037
0 0.35520833333333335 0.3712962962962963 0.046875 0.16296296296296298
0 0.42864583333333334 0.35694444444444445 0.036458333333333336 0.15092592592592594
0 0.85234375 0.537962962962963 0.0578125 0.1962962962962963
