0 0.2869791666666667 0.9060185185185186 0.06770833333333333 0.18981481481481483
0 0.19817708333333334 0.8851851851851852 0.0796875 0.23148148148148148
0 0.11614583333333334 0.9050925925925926 0.08229166666666667 0.18981481481481483
0 0.10807291666666667 0.8791666666666667 0.0765625 0.24351851851851852
0 0.8296875 0.7819444444444444 0.06041666666666667 0.30462962962962964
0 0.8098958333333334 0.6148148148148148 0.051041666666666666 0.24814814814814815
0 0.13854166666666667 0.6902777777777778 0.0625 0.23796296296296296
0 0.04895833333333333 0.7236111111111111 0.052083333333333336 0.1935185185185185
0 0.8479166666666667 0.5115740740740741 0.03854166666666667 0.17685185185185184
0 0.9020833333333333 0.5101851851851852 0.06145833333333333 0.1648148148148148
0 0.06770833333333333 0.6513888888888889 0.06458333333333334 0.2601851851851852
0 0.775 0.5254629629629629 0.04895833333333333 0.19537037037037036
0 0.24270833333333333 0.6212962962962963 0.046875 0.21296296296296297
0 0.20052083333333334 0.6125 0.04791666666666667 0.2175925925925926
0 0.28515625 0.562962962962963 0.044270833333333336 0.21296296296296297
0 0.39036458333333335 0.48935185185185187 0.0515625 0.18611111111111112
0 0.3328125 0.4699074074074074 0.041666666666666664 0.20092592592592592
0 0.2953125 0.41712962962962963 0.035416666666666666 0.17685185185185184
0 0.44114583333333335 0.425 0.042708333333333334 0.1685185185185185
0 0.3854166666666667 0.4009259259259259 0.029166666666666667 0.15185185185185185
0 0.36015625 0.38472222222222224 0.0421875 0.17314814814814813
0 0.3263020833333333 0.37592592592592594 0.0359375 0.15185185185185185
0 0.49244791666666665 0.362962962962963 0.03802083333333333 0.13518518518518519
0 0.47317708333333336 0.36064814814814816 0.027604166666666666 0.14166666666666666
0 0.5174479166666667 0.3398148148148148 0.03802083333333333 0.15185185185185185
0 0.4393229166666667 0.35138888888888886 0.027604166666666666 0.13425925925925927
0 0.4200520833333333 0.34953703703703703 0.0296875 0.13425925925925927
0 0.48541666666666666 0.3337962962962963 0.03125 0.1287037037037037
0 0.45989583333333334 0.2953703703703704 0.028125 0.12407407407407407
0 0.39739583333333334 0.3425925925925926 0.03229166666666667 0.15185185185185185
0 0.42682291666666666 0.2722222222222222 0.0296875 0.12407407407407407
0 0.3885416666666667 0.30462962962962964 0.028125 0.12407407407407407
0 0.35546875 0.32407407407407407 0.027604166666666666 0.13703703703703704
0 0.3463541666666667 0.29583333333333334 0.029166666666666667 0.125
0 0.5010416666666667 0.17824074074074073 0.023958333333333335 0.09351851851851851
0 0.7890625 0.36574074074074076 0.03229166666666667 0.17407407407407408
0 0.42239583333333336 0.29398148148148145 0.03125 0.1361111111111111
0 0.5489583333333333 0.39444444444444443 0.03958333333333333 0.18518518518518517
0 0.515625 0.4013888888888889 0.03125 0.18796296296296297
0 0.47760416666666666 0.3148148148148148 0.025 0.11851851851851852
0 0.41432291666666665 0.30972222222222223 0.0296875 0.125
0 0.36380208333333336 0.3527777777777778 0.0359375 0.1537037037037037
0 0.42916666666666664 0.25416666666666665 0.023958333333333335 0.1175925925925926
0 0.521875 0.4532407407407407 0.04479166666666667 0.1712962962962963
0 0.4828125 0.44722222222222224 0.04375 0.18888888888888888
0 0.79921875 0.562037037037037 0.0515625 0.21296296296296297
0 0.34296875 0.25324074074074077 0.0234375 0.1175925925925926
0 0.7729166666666667 0.38055555555555554 0.035416666666666666 0.1685185185185185
