0 0.4156010230179028 0.9744318181818182 0.040068201193520885 0.05113636363636364
0 0.23870417732310314 0.6113636363636363 0.04603580562659847 0.1340909090909091
0 0.577152600170503 0.6232954545454545 0.04603580562659847 0.13977272727272727
0 0.9556692242114238 0.9147727272727273 0.05456095481670929 0.1590909090909091
0 0.9288150042625746 0.9329545454545455 0.05541346973572037 0.1340909090909091
0 0.5080988917306053 0.5670454545454545 0.04092071611253197 0.1409090909090909
0 0.8414322250639387 0.9096590909090909 0.0494458653026428 0.1693181818181818
0 0.8776641091219096 0.9142045454545454 0.045183290707587385 0.15113636363636362
0 0.8235294117647058 0.3693181818181818 0.04603580562659847 0.12727272727272726
0 0.789002557544757 0.35625 0.045183290707587385 0.12386363636363637
0 0.31287297527706737 0.60625 0.0494458653026428 0.14886363636363636
0 0.28218243819266836 0.6221590909090909 0.057971014492753624 0.12386363636363637
0 0.005967604433077579 0.4659090909090909 0.010230179028132993 0.1318181818181818
0 0.28218243819266836 0.5505681818181818 0.04092071611253197 0.1375
0 0.30775788576300084 0.5698863636363637 0.0392156862745098 0.12386363636363637
0 0.3576300085251492 0.5619318181818181 0.041773231031543054 0.12840909090909092
0 0.39641943734015345 0.5664772727272728 0.042625745950554135 0.13522727272727272
0 0.42710997442455245 0.7676136363636363 0.04774083546462063 0.15568181818181817
0 0.38107416879795397 0.5465909090909091 0.03580562659846547 0.125
0 0.3836317135549872 0.5977272727272728 0.042625745950554135 0.13863636363636364
0 0.4620630861040068 0.5931818181818181 0.0494458653026428 0.13863636363636364
0 0.25618073316283035 0.48068181818181815 0.041773231031543054 0.1318181818181818
0 0.22250639386189258 0.47556818181818183 0.04092071611253197 0.12840909090909092
0 0.059676044330775786 0.3534090909090909 0.0392156862745098 0.125
0 0.03324808184143223 0.44829545454545455 0.0392156862745098 0.12386363636363637
0 0.032821824381926684 0.4784090909090909 0.041773231031543054 0.125
0 0.060528559249786874 0.48920454545454545 0.04092071611253197 0.11704545454545455
0 0.06095481670929241 0.45397727272727273 0.03836317135549872 0.1215909090909091
0 0.1526001705029838 0.3965909090909091 0.04774083546462063 0.11363636363636363
0 0.5285592497868713 0.48011363636363635 0.042625745950554135 0.1375
0 0.30434782608695654 0.42045454545454547 0.042625745950554135 0.1340909090909091
0 0.37041773231031544 0.40795454545454546 0.045183290707587385 0.12727272727272726
0 0.216538789428815 0.4335227272727273 0.03580562659846547 0.12840909090909092
0 0.3337595907928389 0.30454545454545456 0.03495311167945439 0.08636363636363636
0 0.3772378516624041 0.30170454545454545 0.03495311167945439 0.11022727272727273
0 0.3554987212276215 0.31136363636363634 0.02557544757033248 0.08409090909090909
0 0.24509803921568626 0.2994318181818182 0.041773231031543054 0.1215909090909091
0 0.6095481670929241 0.7392045454545455 0.04603580562659847 0.1625
0 0.7800511508951407 0.22840909090909092 0.03751065643648764 0.12045454545454545
0 0.4825234441602728 0.7420454545454546 0.06479113384484228 0.1409090909090909
0 0.12702472293265132 0.40625 0.03580562659846547 0.10113636363636364
0 0.2549019607843137 0.5556818181818182 0.03580562659846547 0.12045454545454545
0 0.8375959079283888 0.6261363636363636 0.04688832054560955 0.13863636363636364
0 0.8013640238704177 0.6278409090909091 0.04774083546462063 0.1375
0 0.8312020460358056 0.5789772727272727 0.0443307757885763 0.14431818181818182
0 0.7919863597612958 0.5636363636363636 0.0494458653026428 0.12727272727272726
0 0.7868712702472294 0.20852272727272728 0.03751065643648764 0.10795454545454546
0 0.5404944586530265 0.5818181818181818 0.042625745950554135 0.14545454545454545
0 0.13682864450127877 0.11761363636363636 0.03665814151747655 0.10113636363636364
0 0.2638533674339301 0.15738636363636363 0.03495311167945439 0.10795454545454546
0 0.3218243819266837 0.36477272727272725 0.03836317135549872 0.1318181818181818
0 0.3073316283034953 0.16363636363636364 0.03154305200341006 0.1
0 0.29411764705882354 0.23068181818181818 0.04092071611253197 0.11363636363636363
0 0.2617220801364024 0.41875 0.0443307757885763 0.1215909090909091
0 0.48081841432225064 0.2761363636363636 0.04092071611253197 0.11363636363636363
0 0.5093776641091219 0.2755681818181818 0.041773231031543054 0.11704545454545455
0 0.3618925831202046 0.16647727272727272 0.03495311167945439 0.10795454545454546
0 0.40025575447570333 0.1721590909090909 0.041773231031543054 0.10113636363636364
0 0.3248081841432225 0.09886363636363636 0.0392156862745098 0.10681818181818181
0 0.4936061381074169 0.075 0.030690537084398978 0.09772727272727273
0 0.4075021312872975 0.29545454545454547 0.04092071611253197 0.11136363636363636
0 0.37595907928388744 0.09488636363636363 0.028985507246376812 0.09659090909090909
0 0.4680306905370844 0.07102272727272728 0.03410059676044331 0.09886363636363636
0 0.8452685421994884 0.6982954545454545 0.05029838022165388 0.14886363636363636
0 0.5801364023870418 0.5522727272727272 0.03836317135549872 0.15227272727272728
0 0.47698209718670076 0.49886363636363634 0.045183290707587385 0.1409090909090909
0 0.5763000852514919 0.31022727272727274 0.03410059676044331 0.10454545454545454
0 0.24893435635123615 0.06875 0.03410059676044331 0.10568181818181818
0 0.22847399829497017 0.028977272727272727 0.030690537084398978 0.05568181818181818
0 0.27877237851662406 0.040340909090909094 0.03239556692242114 0.07840909090909091
0 0.3034953111679454 0.03125 0.030690537084398978 0.060227272727272727
0 0.8324808184143222 0.04261363636363636 0.03154305200341006 0.08295454545454546
0 0.80306905370844 0.03636363636363636 0.02557544757033248 0.07045454545454545
0 0.8959931798806479 0.010227272727272727 0.02557544757033248 0.01818181818181818
0 0.9373401534526854 0.007386363636363636 0.03154305200341006 0.0125
0 0.8375959079283888 0.009659090909090909 0.029838022165387893 0.017045454545454544
0 0.44458653026427963 0.010227272727272727 0.028132992327365727 0.01818181818181818
0 0.46930946291560105 0.010795454545454546 0.0247229326513214 0.019318181818181818
0 0.5093776641091219 0.5034090909090909 0.045183290707587385 0.1318181818181818
0 0.5460358056265985 0.6278409090909091 0.041773231031543054 0.12613636363636363
0 0.4936061381074169 0.6204545454545455 0.04603580562659847 0.1409090909090909
0 0.3635976129582268 0.3619318181818182 0.045183290707587385 0.13295454545454546
0 0.453537936913896 0.015909090909090907 0.02216538789428815 0.029545454545454545
