0 0.5580411124546554 0.8976851851851851 0.04232164449818621 0.1712962962962963
0 0.5538089480048367 0.9365740740740741 0.041112454655380895 0.1287037037037037
0 0.38905683192261187 0.5638888888888889 0.03688029020556227 0.13518518518518519
0 0.1928657799274486 0.6949074074074074 0.04232164449818621 0.16574074074074074
0 0.7672309552599759 0.8814814814814815 0.04836759371221282 0.1574074074074074
0 0.7581620314389359 0.9148148148148149 0.05804111245465538 0.1685185185185185
0 0.7436517533252721 0.9333333333333333 0.0471584038694075 0.13518518518518519
0 0.3316203143893591 0.35185185185185186 0.042926239419588876 0.14629629629629629
0 0.25967351874244254 0.3509259259259259 0.03204353083434099 0.14074074074074075
0 0.3053204353083434 0.43703703703703706 0.04232164449818621 0.14814814814814814
0 0.3597339782345828 0.3662037037037037 0.037484885126964934 0.14907407407407408
0 0.24848851269649336 0.3685185185185185 0.04232164449818621 0.14629629629629629
0 0.6330108827085853 0.9638888888888889 0.05199516324062878 0.07407407407407407
0 0.6735187424425635 0.9541666666666667 0.04232164449818621 0.09351851851851851
0 0.6221281741233373 0.9495370370370371 0.041112454655380895 0.10277777777777777
0 0.015719467956469165 0.4861111111111111 0.030229746070133012 0.13148148148148148
0 0.08192261185006046 0.5083333333333333 0.044135429262394194 0.16296296296296298
0 0.5084643288996372 0.7523148148148148 0.0471584038694075 0.18796296296296297
0 0.03657799274486094 0.4236111111111111 0.03325272067714631 0.15648148148148147
0 0.022067714631197097 0.5662037037037037 0.042926239419588876 0.15648148148148147
0 0.7031438935912938 0.5453703703703704 0.041112454655380895 0.14629629629629629
0 0.7466747279322854 0.5222222222222223 0.05199516324062878 0.1574074074074074
0 0.7623941958887546 0.44537037037037036 0.044740024183796856 0.13518518518518519
0 0.845223700120919 0.5421296296296296 0.044740024183796856 0.14907407407407408
0 0.8152962515114873 0.5550925925925926 0.044135429262394194 0.15648148148148147
0 0.7950423216444982 0.687037037037037 0.045949214026602174 0.1574074074074074
0 0.9727932285368803 0.9648148148148148 0.04353083434099154 0.07222222222222222
0 0.8068319226118501 0.9657407407407408 0.039298669891172915 0.07037037037037037
0 0.8403869407496977 0.95 0.04836759371221282 0.10185185185185185
0 0.8688029020556227 0.9699074074074074 0.03385731559854897 0.062037037037037036
0 0.7750906892382105 0.9810185185185185 0.044740024183796856 0.03981481481481482
0 0.6085247883917775 0.9092592592592592 0.046553808948004836 0.14629629629629629
0 0.5798065296251511 0.9472222222222222 0.04353083434099154 0.10740740740740741
0 0.9776299879081015 0.7680555555555556 0.04353083434099154 0.14537037037037037
0 0.2633010882708585 0.9087962962962963 0.0501813784764208 0.1787037037037037
0 0.8597339782345829 0.8699074074074075 0.04232164449818621 0.15462962962962962
0 0.9041717049576784 0.8981481481481481 0.03688029020556227 0.13518518518518519
0 0.9392382103990327 0.9037037037037037 0.04897218863361548 0.17962962962962964
0 0.8422007255139057 0.38425925925925924 0.036275695284159616 0.13518518518518519
0 0.8639661426844014 0.3768518518518518 0.041112454655380895 0.11851851851851852
0 0.08282950423216445 0.9273148148148148 0.05078597339782346 0.14166666666666666
0 0.12636033857315598 0.9175925925925926 0.0471584038694075 0.16666666666666666
0 0.2941354292623942 0.6703703703703704 0.04897218863361548 0.15925925925925927
0 0.3503627569528416 0.6375 0.04171704957678356 0.16574074074074074
0 0.37726723095526 0.6587962962962963 0.036275695284159616 0.13240740740740742
0 0.5111850060459492 0.9337962962962963 0.0562273276904474 0.13240740740740742
0 0.8358524788391778 0.6787037037037037 0.051390568319226115 0.1537037037037037
0 0.03869407496977025 0.49074074074074076 0.045949214026602174 0.15185185185185185
0 0.23458282950423218 0.6041666666666666 0.03869407496977025 0.15462962962962962
0 0.18591293833131803 0.5986111111111111 0.04171704957678356 0.1398148148148148
0 0.20314389359129384 0.5541666666666667 0.04232164449818621 0.14351851851851852
0 0.16444981862152358 0.5773148148148148 0.03990326481257558 0.15092592592592594
0 0.23337363966142685 0.6601851851851852 0.04353083434099154 0.15185185185185185
0 0.38301088270858524 0.2513888888888889 0.03325272067714631 0.13055555555555556
0 0.407496977025393 0.2587962962962963 0.02902055622732769 0.13240740740740742
0 0.23035066505441354 0.6296296296296297 0.032648125755743655 0.12962962962962962
0 0.7128174123337364 0.9643518518518519 0.044740024183796856 0.07314814814814814
0 0.7152357920193471 0.4013888888888889 0.037484885126964934 0.13055555555555556
0 0.75453446191052 0.4134259259259259 0.03869407496977025 0.1398148148148148
0 0.2666263603385732 0.3962962962962963 0.03506650544135429 0.1425925925925926
0 0.24909310761789602 0.41203703703703703 0.03506650544135429 0.1425925925925926
0 0.9262394195888755 0.7037037037037037 0.044740024183796856 0.13703703703703704
0 0.3083434099153567 0.9773148148148149 0.037484885126964934 0.04722222222222222
0 0.5489721886336155 0.5555555555555556 0.03869407496977025 0.1574074074074074
0 0.31892382103990324 0.7907407407407407 0.046553808948004836 0.16296296296296298
0 0.9105199516324063 0.7296296296296296 0.03506650544135429 0.14814814814814814
0 0.5876662636033857 0.5527777777777778 0.041112454655380895 0.1537037037037037
0 0.34885126964933494 0.4976851851851852 0.037484885126964934 0.13240740740740742
0 0.2953446191051995 0.5125 0.034461910519951636 0.15648148148148147
0 0.10822249093107618 0.9648148148148148 0.04353083434099154 0.07222222222222222
0 0.4740024183796856 0.4527777777777778 0.02781136638452237 0.13518518518518519
0 0.36094316807738813 0.7263888888888889 0.04353083434099154 0.16018518518518518
0 0.17079806529625152 0.7935185185185185 0.0501813784764208 0.1574074074074074
0 0.37998790810157196 0.7546296296296297 0.04050785973397823 0.1685185185185185
0 0.2741837968561064 0.7583333333333333 0.04897218863361548 0.17592592592592593
0 0.21342200725513905 0.9518518518518518 0.05199516324062878 0.09814814814814815
0 0.17140266021765418 0.8337962962962963 0.06711003627569528 0.1712962962962963
0 0.2950423216444982 0.8476851851851852 0.06408706166868199 0.16574074074074074
0 0.25665054413542926 0.8421296296296297 0.0501813784764208 0.13796296296296295
0 0.4519347037484885 0.7583333333333333 0.046553808948004836 0.15185185185185185
0 0.6738210399032648 0.7314814814814815 0.04534461910519952 0.15185185185185185
0 0.3866384522370012 0.4615740740740741 0.034461910519951636 0.10833333333333334
0 0.4655380894800484 0.5615740740740741 0.036275695284159616 0.1398148148148148
0 0.4495163240628779 0.5180555555555556 0.039298669891172915 0.10462962962962963
0 0.46311970979443773 0.42916666666666664 0.032648125755743655 0.1398148148148148
0 0.4918379685610641 0.41574074074074074 0.03325272067714631 0.14814814814814814
0 0.3101571946795647 0.7319444444444444 0.04232164449818621 0.16203703703703703
0 0.4371221281741233 0.44537037037037036 0.02781136638452237 0.12407407407407407
0 0.5129987908101572 0.5731481481481482 0.0380894800483676 0.12962962962962962
0 0.4951632406287787 0.34074074074074073 0.03506650544135429 0.10185185185185185
0 0.4727932285368803 0.3199074074074074 0.03506650544135429 0.13425925925925927
0 0.8119709794437727 0.25 0.041112454655380895 0.14629629629629629
0 0.8742442563482467 0.19074074074074074 0.04232164449818621 0.12407407407407407
0 0.8346432889963724 0.27870370370370373 0.035671100362756954 0.10740740740740741
0 0.964328899637243 0.49907407407407406 0.0471584038694075 0.14814814814814814
0 0.9903264812575574 0.5120370370370371 0.019347037484885126 0.14814814814814814
0 0.8811970979443773 0.7555555555555555 0.04897218863361548 0.17037037037037037
0 0.9232164449818622 0.8217592592592593 0.044740024183796856 0.14907407407407408
0 0.6408706166868199 0.7138888888888889 0.041112454655380895 0.1685185185185185
0 0.9727932285368803 0.8800925925925925 0.036275695284159616 0.16203703703703703
0 0.9328899637243047 0.9643518518518519 0.05199516324062878 0.07314814814814814
0 0.6844014510278114 0.16296296296296298 0.032648125755743655 0.1259259259259259
0 0.594316807738815 0.14074074074074075 0.03506650544135429 0.11851851851851852
0 0.6172914147521161 0.1597222222222222 0.032648125755743655 0.13796296296296295
0 0.6644498186215235 0.1550925925925926 0.037484885126964934 0.12685185185185185
0 0.6051995163240629 0.19074074074074074 0.037484885126964934 0.1425925925925926
0 0.536577992744861 0.19027777777777777 0.03688029020556227 0.13796296296296295
0 0.788391777509069 0.1527777777777778 0.03506650544135429 0.1259259259259259
0 0.6490326481257558 0.23194444444444445 0.044135429262394194 0.1361111111111111
0 0.6121523579201935 0.24583333333333332 0.03083434099153567 0.12129629629629629
0 0.7345828295042321 0.33935185185185185 0.03869407496977025 0.13425925925925927
0 0.6469165659008465 0.33564814814814814 0.04836759371221282 0.15092592592592594
0 0.6088270858524788 0.3731481481481482 0.044740024183796856 0.14444444444444443
0 0.7122128174123338 0.36527777777777776 0.02781136638452237 0.09351851851851851
0 0.6435912938331319 0.3819444444444444 0.03688029020556227 0.13425925925925927
0 0.5377871825876662 0.27037037037037037 0.034461910519951636 0.12962962962962962
0 0.5120918984280532 0.27685185185185185 0.030229746070133012 0.11481481481481481
0 0.529322853688029 0.15555555555555556 0.03688029020556227 0.13518518518518519
0 0.5006045949214026 0.15694444444444444 0.02781136638452237 0.11944444444444445
0 0.6774486094316807 0.37546296296296294 0.04171704957678356 0.14907407407407408
0 0.6166868198307134 0.44814814814814813 0.03990326481257558 0.14629629629629629
0 0.6438935912938332 0.4587962962962963 0.03869407496977025 0.15462962962962962
0 0.6644498186215235 0.44027777777777777 0.03990326481257558 0.15092592592592594
0 0.3978234582829504 0.1763888888888889 0.03506650544135429 0.11574074074074074
0 0.33313180169286577 0.24259259259259258 0.037484885126964934 0.13518518518518519
0 0.4537484885126965 0.15694444444444444 0.034461910519951636 0.13425925925925927
0 0.437726723095526 0.13240740740740742 0.03506650544135429 0.1259259259259259
0 0.37575574365175335 0.16203703703703703 0.034461910519951636 0.11851851851851852
0 0.10701330108827085 0.22777777777777777 0.044740024183796856 0.15185185185185185
0 0.18923821039903266 0.2657407407407407 0.037484885126964934 0.1425925925925926
0 0.218863361547763 0.2824074074074074 0.037484885126964934 0.13148148148148148
0 0.5544135429262395 0.7462962962962963 0.04836759371221282 0.1685185185185185
0 0.7684401451027811 0.5657407407407408 0.04353083434099154 0.14629629629629629
0 0.6998186215235792 0.47638888888888886 0.044135429262394194 0.1527777777777778
0 0.648428053204353 0.4847222222222222 0.042926239419588876 0.14166666666666666
0 0.02539298669891173 0.2023148148148148 0.03990326481257558 0.1287037037037037
0 0.10640870616686819 0.17685185185185184 0.045949214026602174 0.14074074074074075
0 0.13059250302297462 0.13935185185185187 0.037484885126964934 0.12685185185185185
0 0.15719467956469166 0.16527777777777777 0.03143893591293833 0.12129629629629629
0 0.2539298669891173 0.13703703703703704 0.03506650544135429 0.12037037037037036
0 0.2832527206771463 0.13935185185185187 0.034461910519951636 0.12129629629629629
0 0.1523579201934704 0.1037037037037037 0.03990326481257558 0.1425925925925926
0 0.07406287787182587 0.07361111111111111 0.03688029020556227 0.13055555555555556
0 0.14933494558645707 0.23472222222222222 0.036275695284159616 0.13796296296296295
0 0.5704353083434099 0.11851851851851852 0.02962515114873035 0.12407407407407407
0 0.6094316807738815 0.11203703703703703 0.030229746070133012 0.13518518518518519
0 0.6366384522370012 0.09675925925925925 0.02781136638452237 0.12685185185185185
0 0.2079806529625151 0.41712962962962963 0.037484885126964934 0.14907407407407408
0 0.011185006045949214 0.3375 0.021160822249093107 0.14166666666666666
0 0.15507859733978235 0.34953703703703703 0.04171704957678356 0.14907407407407408
0 0.1185006045949214 0.3416666666666667 0.03990326481257558 0.14074074074074075
0 0.5668077388149939 0.3282407407407407 0.03688029020556227 0.13425925925925927
0 0.5417170495767836 0.35185185185185186 0.04232164449818621 0.13518518518518519
0 0.186819830713422 0.3824074074074074 0.03990326481257558 0.15555555555555556
0 0.23186215235792018 0.3972222222222222 0.03688029020556227 0.14814814814814814
0 0.3143893591293833 0.5574074074074075 0.04232164449818621 0.17592592592592593
0 0.27327690447400244 0.5703703703703704 0.041112454655380895 0.14444444444444443
0 0.006952841596130592 0.4671296296296296 0.012696493349455865 0.1398148148148148
0 0.010580411124546553 0.38425925925925924 0.01995163240628779 0.12962962962962962
0 0.75453446191052 0.31851851851851853 0.045949214026602174 0.15925925925925927
0 0.9721886336154776 0.22407407407407406 0.037484885126964934 0.1425925925925926
0 0.9767230955259976 0.1726851851851852 0.03204353083434099 0.12129629629629629
0 0.9452841596130592 0.15138888888888888 0.03204353083434099 0.14351851851851852
0 0.9876058041112454 0.05787037037037037 0.02357920193470375 0.11388888888888889
0 0.9600967351874244 0.05277777777777778 0.030229746070133012 0.1037037037037037
0 0.9090084643288996 0.1675925925925926 0.039298669891172915 0.12962962962962962
0 0.02267230955259976 0.10324074074074074 0.044135429262394194 0.13425925925925927
0 0.094316807738815 0.15694444444444444 0.037484885126964934 0.12685185185185185
0 0.07315598548972188 0.09814814814814815 0.037484885126964934 0.14074074074074075
0 0.33766626360338575 0.15833333333333333 0.03204353083434099 0.1259259259259259
0 0.5876662636033857 0.2375 0.03869407496977025 0.12314814814814815
0 0.17896009673518742 0.11388888888888889 0.032648125755743655 0.14074074074074075
0 0.5547158403869408 0.19305555555555556 0.034461910519951636 0.1287037037037037
0 0.6272672309552599 0.18055555555555555 0.034461910519951636 0.13518518518518519
0 0.32436517533252723 0.13564814814814816 0.034461910519951636 0.13796296296296295
0 0.5912938331318017 0.1699074074074074 0.037484885126964934 0.13240740740740742
0 0.4114268440145103 0.10416666666666667 0.03204353083434099 0.14351851851851852
0 0.6451027811366384 0.12916666666666668 0.03990326481257558 0.1398148148148148
0 0.6444981862152358 0.06898148148148148 0.037484885126964934 0.1361111111111111
0 0.6118500604594922 0.05740740740740741 0.037484885126964934 0.11296296296296296
0 0.5538089480048367 0.031018518518518518 0.03506650544135429 0.06018518518518518
0 0.44316807738814995 0.08472222222222223 0.037484885126964934 0.13055555555555556
0 0.4486094316807739 0.03657407407407407 0.030229746070133012 0.0712962962962963
0 0.13270858524788393 0.1037037037037037 0.03204353083434099 0.12407407407407407
0 0.1847037484885127 0.031018518518518518 0.02962515114873035 0.06018518518518518
0 0.38391777509068925 0.06666666666666667 0.03506650544135429 0.12222222222222222
0 0.1626360338573156 0.05277777777777778 0.030229746070133012 0.1037037037037037
0 0.22460701330108826 0.06898148148148148 0.03204353083434099 0.1287037037037037
0 0.25634824667472794 0.06388888888888888 0.03506650544135429 0.11666666666666667
0 0.5223700120918985 0.11527777777777778 0.03506650544135429 0.12685185185185185
0 0.5066505441354293 0.09398148148148149 0.036275695284159616 0.1287037037037037
0 0.36305925030229746 0.07037037037037037 0.034461910519951636 0.12962962962962962
0 0.2920193470374849 0.10324074074074074 0.032648125755743655 0.11574074074074074
0 0.3264812575574365 0.07453703703703704 0.030229746070133012 0.1175925925925926
0 0.31952841596130593 0.055092592592592596 0.02962515114873035 0.10833333333333334
0 0.4906287787182588 0.033796296296296297 0.03688029020556227 0.06574074074074074
0 0.38905683192261187 0.10740740740740741 0.03204353083434099 0.12222222222222222
0 0.3561064087061669 0.09907407407407408 0.02902055622732769 0.12037037037037036
0 0.10640870616686819 0.08148148148148149 0.03506650544135429 0.12962962962962962
0 0.2920193470374849 0.07222222222222222 0.032648125755743655 0.12222222222222222
0 0.07134220072551391 0.010185185185185186 0.030229746070133012 0.018518518518518517
0 0.1925634824667473 0.027314814814814816 0.03204353083434099 0.05277777777777778
0 0.17684401451027812 0.1337962962962963 0.02720677146311971 0.11018518518518519
0 0.19951632406287786 0.12314814814814815 0.03506650544135429 0.1425925925925926
