0 0.09869791666666666 0.39814814814814814 0.03802083333333333 0.18518518518518517
0 0.9015625 0.39861111111111114 0.04479166666666667 0.19907407407407407
0 0.016927083333333332 0.862037037037037 0.0328125 0.2777777777777778
0 0.23932291666666666 0.4597222222222222 0.043229166666666666 0.21574074074074073
0 0.33046875 0.47638888888888886 0.0671875 0.2101851851851852
0 0.26927083333333335 0.4101851851851852 0.04375 0.22037037037037038
0 0.3846354166666667 0.4078703703703704 0.05364583333333333 0.2212962962962963
0 0.3580729166666667 0.33240740740740743 0.033854166666666664 0.1814814814814815
0 0.3338541666666667 0.33055555555555555 0.036458333333333336 0.19074074074074074
0 0.4005208333333333 0.3375 0.0375 0.1787037037037037
0 0.45651041666666664 0.37037037037037035 0.05260416666666667 0.2074074074074074
0 0.5229166666666667 0.37777777777777777 0.04479166666666667 0.18703703703703703
0 0.7182291666666667 0.3861111111111111 0.05625 0.18703703703703703
0 0.3046875 0.37407407407407406 0.04375 0.19074074074074074
0 0.2911458333333333 0.35 0.04375 0.18518518518518517
0 0.8013020833333333 0.4083333333333333 0.04635416666666667 0.18703703703703703
0 0.4309895833333333 0.28703703703703703 0.04010416666666667 0.17962962962962964
0 0.7213541666666666 0.31296296296296294 0.04583333333333333 0.1685185185185185
0 0.7768229166666667 0.3699074074074074 0.0390625 0.1824074074074074
0 0.8203125 0.35509259259259257 0.03958333333333333 0.18425925925925926
0 0.7255208333333333 0.36064814814814816 0.041666666666666664 0.18981481481481483
0 0.7783854166666667 0.3365740740740741 0.03802083333333333 0.18796296296296297
0 0.7434895833333334 0.32731481481481484 0.0421875 0.21203703703703702
0 0.56640625 0.3087962962962963 0.0390625 0.17314814814814813
0 0.2869791666666667 0.2490740740740741 0.036458333333333336 0.15185185185185185
0 0.45390625 0.21666666666666667 0.0359375 0.13703703703703704
0 0.4895833333333333 0.23333333333333334 0.03125 0.12407407407407407
0 0.49270833333333336 0.20092592592592592 0.03125 0.13518518518518519
0 0.34010416666666665 0.22824074074074074 0.042708333333333334 0.16203703703703703
0 0.5424479166666667 0.11851851851851852 0.0234375 0.11481481481481481
0 0.3609375 0.12175925925925926 0.03333333333333333 0.1175925925925926
0 0.39401041666666664 0.2800925925925926 0.0359375 0.1787037037037037
0 0.33541666666666664 0.12268518518518519 0.03125 0.14907407407407408
0 0.45416666666666666 0.14027777777777778 0.03229166666666667 0.12685185185185185
0 0.40260416666666665 0.15185185185185185 0.026041666666666668 0.10925925925925926
0 0.37864583333333335 0.1449074074074074 0.03125 0.12314814814814815
0 0.35833333333333334 0.15925925925925927 0.023958333333333335 0.09074074074074075
