0 0.3640625 0.21435185185185185 0.030208333333333334 0.1175925925925926
0 0.5388020833333333 0.4 0.0390625 0.17962962962962964
0 0.4036458333333333 0.25324074074074077 0.028125 0.12314814814814815
0 0.4236979166666667 0.3384259259259259 0.033854166666666664 0.15648148148148147
0 0.39895833333333336 0.3277777777777778 0.035416666666666666 0.1648148148148148
0 0.11432291666666666 0.5212962962962963 0.04010416666666667 0.18703703703703703
0 0.5872395833333334 0.31342592592592594 0.0296875 0.1398148148148148
0 0.3770833333333333 0.32592592592592595 0.028125 0.1425925925925926
0 0.19895833333333332 0.8916666666666667 0.09479166666666666 0.21481481481481482
0 0.17682291666666666 0.9041666666666667 0.0671875 0.19166666666666668
0 0.13515625 0.875462962962963 0.08385416666666666 0.25092592592592594
0 0.35885416666666664 0.8425925925925926 0.057291666666666664 0.29814814814814816
0 0.18619791666666666 0.5689814814814815 0.07239583333333334 0.2361111111111111
0 0.19817708333333334 0.5356481481481481 0.06510416666666667 0.2361111111111111
0 0.25338541666666664 0.674074074074074 0.0546875 0.24074074074074073
0 0.30833333333333335 0.5833333333333334 0.05625 0.22592592592592592
0 0.3546875 0.575 0.04375 0.20185185185185187
0 0.3653645833333333 0.6231481481481481 0.0421875 0.17962962962962964
0 0.365625 0.5194444444444445 0.04375 0.23148148148148148
0 0.4036458333333333 0.5578703703703703 0.03854166666666667 0.15462962962962962
0 0.6208333333333333 0.4527777777777778 0.05520833333333333 0.1962962962962963
0 0.79296875 0.44907407407407407 0.058854166666666666 0.18888888888888888
0 0.32864583333333336 0.4185185185185185 0.04479166666666667 0.17592592592592593
0 0.3651041666666667 0.4222222222222222 0.04479166666666667 0.1814814814814815
0 0.39036458333333335 0.4115740740740741 0.03802083333333333 0.15648148148148147
0 0.43723958333333335 0.4199074074074074 0.03802083333333333 0.14722222222222223
0 0.49453125 0.3861111111111111 0.04010416666666667 0.1685185185185185
0 0.08255208333333333 0.6365740740740741 0.058854166666666666 0.25462962962962965
0 0.31302083333333336 0.3888888888888889 0.035416666666666666 0.15925925925925927
0 0.6958333333333333 0.37222222222222223 0.03854166666666667 0.18888888888888888
0 0.6088541666666667 0.35462962962962963 0.03854166666666667 0.1537037037037037
0 0.5697916666666667 0.31527777777777777 0.034375 0.15648148148148147
0 0.5453125 0.29907407407407405 0.034375 0.1259259259259259
0 0.5075520833333333 0.3416666666666667 0.03177083333333333 0.15
0 0.5088541666666667 0.29953703703703705 0.030208333333333334 0.12314814814814815
0 0.4856770833333333 0.3402777777777778 0.0359375 0.16203703703703703
0 0.45286458333333335 0.31851851851851853 0.027604166666666666 0.14629629629629629
0 0.45546875 0.23564814814814813 0.027604166666666666 0.1287037037037037
0 0.4 0.22916666666666666 0.028125 0.1175925925925926
0 0.40651041666666665 0.21574074074074073 0.0265625 0.11851851851851852
0 0.53203125 0.38472222222222224 0.033854166666666664 0.1638888888888889
