0 0.24296675191815856 0.6625 0.05115089514066496 0.1431818181818182
0 0.6014492753623188 0.6761363636363636 0.04859335038363171 0.15227272727272728
0 0.9846547314578005 0.9482954545454545 0.028985507246376812 0.10113636363636364
0 0.9522591645353794 0.9607954545454546 0.05115089514066496 0.07840909090909091
0 0.5319693094629157 0.6181818181818182 0.04092071611253197 0.1409090909090909
0 0.8601875532821824 0.9380681818181819 0.05285592497868713 0.11931818181818182
0 0.9045183290707587 0.94375 0.05456095481670929 0.11022727272727273
0 0.8286445012787724 0.39943181818181817 0.04603580562659847 0.13068181818181818
0 0.7898550724637681 0.38125 0.045183290707587385 0.12386363636363637
0 0.31628303495311166 0.6528409090909091 0.04774083546462063 0.14886363636363636
0 0.289002557544757 0.6795454545454546 0.059676044330775786 0.125
0 0.2770673486786019 0.5931818181818181 0.04092071611253197 0.1409090909090909
0 0.29923273657289 0.6164772727272727 0.0392156862745098 0.12386363636363637
0 0.3567774936061381 0.6068181818181818 0.041773231031543054 0.12727272727272726
0 0.39471440750213127 0.6039772727272728 0.042625745950554135 0.13522727272727272
0 0.45012787723785164 0.8221590909090909 0.0494458653026428 0.15568181818181817
0 0.38704177323103156 0.6505681818181818 0.042625745950554135 0.14204545454545456
0 0.4680306905370844 0.6568181818181819 0.0494458653026428 0.1431818181818182
0 0.23231031543052003 0.5306818181818181 0.041773231031543054 0.1318181818181818
0 0.19522591645353793 0.51875 0.04603580562659847 0.1375
0 0.04134697357203751 0.3801136363636364 0.03836317135549872 0.12386363636363637
0 0.0068201193520886615 0.49375 0.011935208866155157 0.13068181818181818
0 0.008525149190110827 0.5244318181818182 0.015345268542199489 0.13295454545454546
0 0.023870417732310314 0.5335227272727273 0.04092071611253197 0.11704545454545455
0 0.02855924978687127 0.49375 0.03836317135549872 0.1215909090909091
0 0.12531969309462915 0.43011363636363636 0.04774083546462063 0.11477272727272728
0 0.5323955669224212 0.5232954545454546 0.041773231031543054 0.1375
0 0.28005115089514065 0.4556818181818182 0.043478260869565216 0.1340909090909091
0 0.335464620630861 0.45284090909090907 0.045183290707587385 0.13068181818181818
0 0.2020460358056266 0.4659090909090909 0.03580562659846547 0.12727272727272726
0 0.3273657289002558 0.3386363636363636 0.03580562659846547 0.08636363636363636
0 0.3695652173913043 0.33238636363636365 0.03495311167945439 0.11022727272727273
0 0.3452685421994885 0.3471590909090909 0.02557544757033248 0.08295454545454546
0 0.23785166240409208 0.33636363636363636 0.042625745950554135 0.125
0 0.6470588235294118 0.8102272727272727 0.05285592497868713 0.16590909090909092
0 0.8226768968456948 0.2125 0.03580562659846547 0.10909090909090909
0 0.49317988064791135 0.8045454545454546 0.058823529411764705 0.13636363636363635
0 0.10656436487638533 0.44488636363636364 0.0392156862745098 0.10113636363636364
0 0.24467178175618073 0.5982954545454545 0.03751065643648764 0.1215909090909091
0 0.8444160272804774 0.6789772727272727 0.04859335038363171 0.14204545454545456
0 0.8052003410059676 0.6789772727272727 0.04859335038363171 0.13977272727272727
0 0.8324808184143222 0.6232954545454545 0.045183290707587385 0.14431818181818182
0 0.8005115089514067 0.6113636363636363 0.0494458653026428 0.12727272727272726
0 0.7493606138107417 0.23011363636363635 0.03751065643648764 0.10795454545454546
0 0.56692242114237 0.625 0.04092071611253197 0.14545454545454545
0 0.12318840579710146 0.14488636363636365 0.03836317135549872 0.10113636363636364
0 0.24722932651321397 0.18125 0.03410059676044331 0.10795454545454546
0 0.3209718670076726 0.40795454545454546 0.03836317135549872 0.13636363636363635
0 0.2907075873827792 0.18977272727272726 0.03239556692242114 0.10227272727272728
0 0.2753623188405797 0.26079545454545455 0.04092071611253197 0.11704545454545455
0 0.23529411764705882 0.4556818181818182 0.04603580562659847 0.125
0 0.4803921568627451 0.3096590909090909 0.041773231031543054 0.11704545454545455
0 0.5098039215686274 0.31079545454545454 0.042625745950554135 0.1215909090909091
0 0.3567774936061381 0.19090909090909092 0.03665814151747655 0.10681818181818181
0 0.39428815004262574 0.19488636363636364 0.041773231031543054 0.10340909090909091
0 0.31628303495311166 0.12613636363636363 0.03751065643648764 0.10681818181818181
0 0.4936061381074169 0.10454545454545454 0.030690537084398978 0.10227272727272728
0 0.40664961636828645 0.32897727272727273 0.04092071611253197 0.11704545454545455
0 0.3635976129582268 0.12215909090909091 0.03154305200341006 0.09659090909090909
0 0.4663256606990622 0.09943181818181818 0.03580562659846547 0.10113636363636364
0 0.8891730605285593 0.7744318181818182 0.05456095481670929 0.1534090909090909
0 0.6287297527706734 0.5931818181818181 0.043478260869565216 0.15454545454545454
0 0.47655583972719523 0.5386363636363637 0.04603580562659847 0.1409090909090909
0 0.578005115089514 0.3443181818181818 0.03410059676044331 0.10454545454545454
0 0.2412617220801364 0.10170454545454545 0.03580562659846547 0.11022727272727273
0 0.20161977834612105 0.03806818181818182 0.03154305200341006 0.07386363636363637
0 0.27408354646206307 0.058522727272727275 0.03324808184143223 0.09431818181818181
0 0.29752770673486784 0.04602272727272727 0.03239556692242114 0.08068181818181819
0 0.2050298380221654 0.013636363636363636 0.03154305200341006 0.025
0 0.8367433930093776 0.05568181818181818 0.03324808184143223 0.1
0 0.7988064791133845 0.04659090909090909 0.02557544757033248 0.08636363636363636
0 0.861466325660699 0.01875 0.0247229326513214 0.035227272727272725
0 0.8887468030690537 0.00909090909090909 0.03154305200341006 0.015909090909090907
0 0.44671781756180734 0.01818181818181818 0.028985507246376812 0.03409090909090909
0 0.3627450980392157 0.006818181818181818 0.03154305200341006 0.011363636363636364
0 0.47698209718670076 0.019886363636363636 0.0247229326513214 0.0375
0 0.4194373401534527 0.007386363636363636 0.030690537084398978 0.0125
0 0.5072463768115942 0.5488636363636363 0.04603580562659847 0.1318181818181818
0 0.5609548167092924 0.6710227272727273 0.042625745950554135 0.12840909090909092
0 0.5144927536231884 0.6613636363636364 0.04859335038363171 0.1340909090909091
0 0.3576300085251492 0.4011363636363636 0.045183290707587385 0.1340909090909091
0 0.463768115942029 0.026136363636363635 0.02216538789428815 0.045454545454545456
