0 0.5583434099153567 0.8907407407407407 0.04050785973397823 0.1685185185185185
0 0.5707376058041113 0.9337962962962963 0.04353083434099154 0.13425925925925927
0 0.3893591293833132 0.5587962962962963 0.037484885126964934 0.13425925925925927
0 0.013905683192261185 0.8060185185185185 0.026602176541717048 0.15833333333333333
0 0.3270858524788392 0.34305555555555556 0.045949214026602174 0.1361111111111111
0 0.29443772672309554 0.575925925925926 0.03990326481257558 0.1648148148148148
0 0.3234582829504232 0.36944444444444446 0.03385731559854897 0.14629629629629629
0 0.1608222490931076 0.4041666666666667 0.044740024183796856 0.14537037037037037
0 0.6324062877871826 0.962037037037037 0.05078597339782346 0.07777777777777778
0 0.6711003627569528 0.9481481481481482 0.04232164449818621 0.10555555555555556
0 0.6163845223700121 0.9481481481481482 0.039298669891172915 0.1037037037037037
0 0.3648730350665054 0.9467592592592593 0.04897218863361548 0.10648148148148148
0 0.7554413542926239 0.7240740740740741 0.042926239419588876 0.1574074074074074
0 0.7971584038694075 0.6962962962962963 0.051390568319226115 0.16296296296296298
0 0.8264812575574365 0.6185185185185185 0.049576783555018135 0.1574074074074074
0 0.8706166868198307 0.7462962962962963 0.049576783555018135 0.14814814814814814
0 0.8440145102781137 0.7532407407407408 0.04353083434099154 0.15833333333333333
0 0.8168077388149939 0.8925925925925926 0.05078597339782346 0.1685185185185185
0 0.21281741233373638 0.986574074074074 0.02902055622732769 0.028703703703703703
0 0.16928657799274485 0.9708333333333333 0.03990326481257558 0.058333333333333334
0 0.8403869407496977 0.37962962962962965 0.037484885126964934 0.13518518518518519
0 0.8636638452237001 0.37592592592592594 0.035671100362756954 0.1259259259259259
0 0.2953446191051995 0.6685185185185185 0.04534461910519952 0.15925925925925927
0 0.3545949214026602 0.6277777777777778 0.046553808948004836 0.15925925925925927
0 0.3766626360338573 0.6546296296296297 0.036275695284159616 0.13148148148148148
0 0.500906892382104 0.9305555555555556 0.047762998790810154 0.14074074074074075
0 0.870918984280532 0.8685185185185185 0.05380894800483676 0.1685185185185185
0 0.23397823458282951 0.6 0.036275695284159616 0.1537037037037037
0 0.23760580411124546 0.5712962962962963 0.03385731559854897 0.14814814814814814
0 0.187726723095526 0.5837962962962963 0.04171704957678356 0.1398148148148148
0 0.19860943168077388 0.5467592592592593 0.044135429262394194 0.14537037037037037
0 0.16656590084643288 0.5587962962962963 0.04534461910519952 0.14907407407407408
0 0.02750906892382104 0.7638888888888888 0.05380894800483676 0.16111111111111112
0 0.37968561064087064 0.2449074074074074 0.03143893591293833 0.13240740740740742
0 0.40477629987908104 0.24953703703703703 0.03204353083434099 0.13240740740740742
0 0.014207980652962516 0.7245370370370371 0.02720677146311971 0.1287037037037037
0 0.7128174123337364 0.9606481481481481 0.044740024183796856 0.0787037037037037
0 0.7122128174123338 0.39861111111111114 0.03990326481257558 0.1287037037037037
0 0.7506045949214026 0.4101851851851852 0.039298669891172915 0.13333333333333333
0 0.2666263603385732 0.39166666666666666 0.03506650544135429 0.1425925925925926
0 0.24667472793228537 0.4050925925925926 0.03506650544135429 0.1398148148148148
0 0.9334945586457074 0.7050925925925926 0.036275695284159616 0.1361111111111111
0 0.3080411124546554 0.9722222222222222 0.04171704957678356 0.05740740740740741
0 0.5296251511487303 0.48703703703703705 0.041112454655380895 0.14074074074074075
0 0.3180169286577993 0.7861111111111111 0.045949214026602174 0.16296296296296298
0 0.9177750906892382 0.7384259259259259 0.03869407496977025 0.14722222222222223
0 0.5662031438935913 0.48148148148148145 0.039298669891172915 0.1537037037037037
0 0.35006045949214026 0.49212962962962964 0.03869407496977025 0.125
0 0.28960096735187424 0.5365740740740741 0.044740024183796856 0.14907407407407408
0 0.4758162031438936 0.45092592592592595 0.02781136638452237 0.13518518518518519
0 0.3597339782345828 0.7171296296296297 0.036275695284159616 0.15833333333333333
0 0.37938331318016927 0.7486111111111111 0.044135429262394194 0.16944444444444445
0 0.440447400241838 0.799537037037037 0.05380894800483676 0.175
0 0.5187424425634825 0.8157407407407408 0.05078597339782346 0.1574074074074074
0 0.5060459492140266 0.7842592592592592 0.037484885126964934 0.1425925925925926
0 0.43742442563482464 0.7481481481481481 0.04534461910519952 0.14814814814814814
0 0.6786577992744861 0.7314814814814815 0.046553808948004836 0.15185185185185185
0 0.3863361547762999 0.45925925925925926 0.03506650544135429 0.1111111111111111
0 0.4649334945586457 0.549074074074074 0.03506650544135429 0.13518518518518519
0 0.45133010882708585 0.5115740740740741 0.046553808948004836 0.10648148148148148
0 0.4622128174123337 0.42407407407407405 0.03325272067714631 0.1425925925925926
0 0.5030229746070133 0.4546296296296296 0.03869407496977025 0.1425925925925926
0 0.17412333736396615 0.7865740740740741 0.049576783555018135 0.16574074074074074
0 0.43500604594921405 0.4398148148148148 0.028415961305925032 0.12407407407407407
0 0.5120918984280532 0.6138888888888889 0.037484885126964934 0.12407407407407407
0 0.5305320435308344 0.22083333333333333 0.034461910519951636 0.10092592592592593
0 0.5066505441354293 0.19722222222222222 0.03990326481257558 0.13333333333333333
0 0.7847642079806529 0.45740740740740743 0.05078597339782346 0.14814814814814814
0 0.7333736396614269 0.2935185185185185 0.04836759371221282 0.1259259259259259
0 0.814993954050786 0.4773148148148148 0.032648125755743655 0.1175925925925926
0 0.530229746070133 0.9689814814814814 0.03869407496977025 0.062037037037037036
0 0.7424425634824667 0.25925925925925924 0.03506650544135429 0.12962962962962962
0 0.6233373639661427 0.26296296296296295 0.03385731559854897 0.1259259259259259
0 0.6517533252720678 0.2828703703703704 0.03506650544135429 0.13796296296296295
0 0.7119105199516325 0.24953703703703703 0.03688029020556227 0.12129629629629629
0 0.6399637243047158 0.3337962962962963 0.03325272067714631 0.13796296296296295
0 0.5807134220072552 0.3453703703703704 0.039298669891172915 0.13703703703703704
0 0.8183192261185006 0.15231481481481482 0.04171704957678356 0.1361111111111111
0 0.6665659008464329 0.38657407407407407 0.0501813784764208 0.14907407407407408
0 0.6768440145102781 0.4217592592592593 0.04050785973397823 0.13240740740740742
0 0.8334340991535671 0.5050925925925925 0.039298669891172915 0.1398148148148148
0 0.7010278113663845 0.5222222222222223 0.047762998790810154 0.15185185185185185
0 0.6683796856106409 0.5513888888888889 0.046553808948004836 0.14907407407407408
0 0.721584038694075 0.562962962962963 0.044135429262394194 0.14629629629629629
0 0.5979443772672309 0.4166666666666667 0.03506650544135429 0.13703703703703704
0 0.5761789600967352 0.43194444444444446 0.03385731559854897 0.13240740740740742
0 0.5655985489721886 0.27361111111111114 0.03688029020556227 0.14351851851851852
0 0.5426239419588875 0.2722222222222222 0.02720677146311971 0.12037037037037036
0 0.7986698911729141 0.5337962962962963 0.044740024183796856 0.16018518518518518
0 0.5402055622732769 0.5569444444444445 0.044135429262394194 0.13796296296296295
0 0.5764812575574365 0.5907407407407408 0.034461910519951636 0.1537037037037037
0 0.6426844014510278 0.5777777777777777 0.044740024183796856 0.1574074074074074
0 0.3186215235792019 0.2833333333333333 0.036275695284159616 0.1259259259259259
0 0.21916565900846433 0.3888888888888889 0.03688029020556227 0.1425925925925926
0 0.5281136638452237 0.3421296296296296 0.04171704957678356 0.14351851851851852
0 0.4954655380894801 0.2902777777777778 0.039298669891172915 0.13796296296296295
0 0.29171704957678357 0.275 0.034461910519951636 0.12962962962962962
0 0.03506650544135429 0.41898148148148145 0.04232164449818621 0.15092592592592594
0 0.06922611850060459 0.44722222222222224 0.046553808948004836 0.1425925925925926
0 0.3935912938331318 0.9291666666666667 0.05441354292623942 0.1398148148148148
0 0.7995767835550182 0.7662037037037037 0.04050785973397823 0.16203703703703703
0 0.9658403869407497 0.47314814814814815 0.04171704957678356 0.13518518518518519
0 0.9461910519951633 0.5138888888888888 0.04836759371221282 0.14444444444444443
0 0.018137847642079808 0.2689814814814815 0.03506650544135429 0.14351851851851852
0 0.10278113663845223 0.24027777777777778 0.04232164449818621 0.13425925925925927
0 0.09613059250302297 0.26342592592592595 0.037484885126964934 0.1287037037037037
0 0.2330713422007255 0.20833333333333334 0.0380894800483676 0.1259259259259259
0 0.2756952841596131 0.17962962962962964 0.03385731559854897 0.11296296296296296
0 0.08796856106408706 0.19074074074074074 0.034461910519951636 0.14814814814814814
0 0.010278113663845224 0.17777777777777778 0.019347037484885126 0.15555555555555556
0 0.07799274486094317 0.4013888888888889 0.04232164449818621 0.16574074074074074
0 0.8029020556227328 0.16712962962962963 0.03385731559854897 0.125
0 0.751813784764208 0.1486111111111111 0.03204353083434099 0.13425925925925927
0 0.6910519951632407 0.11435185185185186 0.030229746070133012 0.13240740740740742
0 0.13452237001209189 0.5370370370370371 0.0380894800483676 0.15925925925925927
0 0.022974607013301087 0.512962962962963 0.041112454655380895 0.15925925925925927
0 0.004534461910519952 0.5018518518518519 0.007859733978234583 0.1537037037037037
0 0.7164449818621523 0.4273148148148148 0.03869407496977025 0.14537037037037037
0 0.6970979443772672 0.4671296296296296 0.044740024183796856 0.14537037037037037
0 0.08827085852478839 0.5263888888888889 0.04353083434099154 0.16944444444444445
0 0.1457073760580411 0.4976851851851852 0.041112454655380895 0.14907407407407408
0 0.27055622732769047 0.7185185185185186 0.04171704957678356 0.19074074074074074
0 0.2512091898428053 0.7578703703703704 0.04050785973397823 0.1712962962962963
0 0.869105199516324 0.4888888888888889 0.04897218863361548 0.17037037037037037
0 0.022370012091898428 0.9569444444444445 0.04353083434099154 0.08611111111111111
0 0.035671100362756954 0.937962962962963 0.05441354292623942 0.1259259259259259
0 0.3128778718258767 0.8791666666666667 0.06106408706166868 0.1527777777777778
0 0.2929262394195889 0.825 0.05985489721886336 0.1648148148148148
0 0.9903264812575574 0.3731481481481482 0.018137847642079808 0.12037037037037036
0 0.9555622732769045 0.35185185185185186 0.03688029020556227 0.1574074074074074
0 0.9694679564691656 0.18055555555555555 0.039298669891172915 0.1425925925925926
0 0.9452841596130592 0.17824074074074073 0.03688029020556227 0.13055555555555556
0 0.9691656590084643 0.10740740740740741 0.030229746070133012 0.12407407407407407
0 0.9474002418379686 0.10277777777777777 0.03506650544135429 0.12407407407407407
0 0.8107617896009673 0.2865740740740741 0.03869407496977025 0.14351851851851852
0 0.008162031438935914 0.7129629629629629 0.015114873035066506 0.14074074074074075
0 0.012696493349455865 0.6504629629629629 0.02418379685610641 0.16203703703703703
0 0.14389359129383314 0.6652777777777777 0.056831922611850064 0.15833333333333333
0 0.016928657799274487 0.21342592592592594 0.032648125755743655 0.14537037037037037
0 0.2620918984280532 0.3074074074074074 0.03204353083434099 0.1425925925925926
0 0.6432889963724304 0.4125 0.037484885126964934 0.13425925925925927
0 0.12243047158403869 0.2013888888888889 0.03204353083434099 0.15092592592592594
0 0.6045949214026602 0.3574074074074074 0.03990326481257558 0.13518518518518519
0 0.6753325272067715 0.3388888888888889 0.03869407496977025 0.13518518518518519
0 0.24758162031438935 0.2712962962962963 0.03688029020556227 0.14444444444444443
0 0.6100362756952842 0.30416666666666664 0.03990326481257558 0.1361111111111111
0 0.2750906892382104 0.22685185185185186 0.036275695284159616 0.1425925925925926
0 0.6837968561064087 0.23287037037037037 0.04232164449818621 0.14907407407407408
0 0.6680773881499396 0.027777777777777776 0.02902055622732769 0.053703703703703705
0 0.6432889963724304 0.029166666666666667 0.02781136638452237 0.05648148148148148
0 0.6266626360338573 0.020833333333333332 0.01995163240628779 0.03981481481481482
0 0.6571946795646917 0.16342592592592592 0.036275695284159616 0.13796296296296295
0 0.6188029020556227 0.1712962962962963 0.044135429262394194 0.12962962962962962
0 0.5767835550181378 0.09259259259259259 0.03869407496977025 0.12407407407407407
0 0.5480652962515115 0.08055555555555556 0.042926239419588876 0.12962962962962962
0 0.46825876662636035 0.18287037037037038 0.04171704957678356 0.13796296296296295
0 0.4480048367593712 0.041666666666666664 0.030229746070133012 0.08148148148148149
0 0.48035066505441354 0.07407407407407407 0.03325272067714631 0.11851851851851852
0 0.3975211608222491 0.04722222222222222 0.03204353083434099 0.09259259259259259
0 0.3545949214026602 0.03981481481481482 0.03688029020556227 0.07777777777777778
0 0.3258766626360339 0.03888888888888889 0.03506650544135429 0.07592592592592592
0 0.08464328899637243 0.17592592592592593 0.03385731559854897 0.13148148148148148
0 0.10640870616686819 0.11064814814814815 0.032648125755743655 0.12129629629629629
0 0.18802902055622733 0.15231481481481482 0.03385731559854897 0.13796296296296295
0 0.15175332527206772 0.08194444444444444 0.032648125755743655 0.12129629629629629
0 0.16142684401451027 0.10833333333333334 0.03506650544135429 0.12407407407407407
0 0.18621523579201935 0.12268518518518519 0.03385731559854897 0.13240740740740742
0 0.14268440145102781 0.031018518518518518 0.032648125755743655 0.06018518518518518
0 0.18137847642079807 0.033796296296296297 0.03385731559854897 0.06574074074074074
0 0.3041112454655381 0.18611111111111112 0.03990326481257558 0.12407407407407407
0 0.22249093107617895 0.16944444444444445 0.030229746070133012 0.13518518518518519
0 0.250906892382104 0.16018518518518518 0.036275695284159616 0.13148148148148148
0 0.248186215235792 0.1259259259259259 0.03204353083434099 0.11851851851851852
0 0.24153567110036275 0.0712962962962963 0.03204353083434099 0.11481481481481481
0 0.3654776299879081 0.2263888888888889 0.03204353083434099 0.13425925925925927
0 0.3585247883917775 0.20185185185185187 0.037484885126964934 0.14074074074074075
0 0.4410519951632406 0.18611111111111112 0.034461910519951636 0.0962962962962963
0 0.4207980652962515 0.15601851851851853 0.02781136638452237 0.125
0 0.39933494558645705 0.1597222222222222 0.034461910519951636 0.13240740740740742
0 0.2841596130592503 0.13842592592592592 0.032648125755743655 0.11574074074074074
0 0.3733373639661427 0.16064814814814815 0.02962515114873035 0.11203703703703703
0 0.3688029020556227 0.12962962962962962 0.032648125755743655 0.11296296296296296
0 0.3715235792019347 0.11435185185185186 0.039298669891172915 0.1398148148148148
0 0.33313180169286577 0.17777777777777778 0.03506650544135429 0.12962962962962962
0 0.32436517533252723 0.1597222222222222 0.034461910519951636 0.12129629629629629
0 0.015417170495767836 0.19212962962962962 0.02962515114873035 0.13240740740740742
0 0.34794437726723093 0.15925925925925927 0.03204353083434099 0.12962962962962962
0 0.2584643288996372 0.06018518518518518 0.03083434099153567 0.10740740740740741
0 0.12454655380894801 0.08333333333333333 0.03506650544135429 0.14629629629629629
0 0.12333736396614269 0.10972222222222222 0.03506650544135429 0.1287037037037037
0 0.14419588875453446 0.21851851851851853 0.034461910519951636 0.14814814814814814
0 0.5169286577992744 0.06296296296296296 0.03506650544135429 0.12407407407407407
