0 0.08610400682011936 0.6164772727272727 0.04603580562659847 0.14659090909090908
0 0.06905370843989769 0.5988636363636364 0.04603580562659847 0.1409090909090909
0 0.5733162830349531 0.675 0.06223358908780904 0.13636363636363635
0 0.3537936913895993 0.31079545454545454 0.042625745950554135 0.11022727272727273
0 0.8802216538789429 0.5539772727272727 0.041773231031543054 0.13522727272727272
0 0.7868712702472294 0.5607954545454545 0.0392156862745098 0.14204545454545456
0 0.7902813299232737 0.5772727272727273 0.042625745950554135 0.1318181818181818
0 0.8422847399829497 0.5556818181818182 0.042625745950554135 0.13863636363636364
0 0.8380221653878943 0.5744318181818182 0.04774083546462063 0.14886363636363636
0 0.8205456095481671 0.6034090909090909 0.045183290707587385 0.1340909090909091
0 0.7139812446717817 0.7767045454545455 0.05370843989769821 0.14431818181818182
0 0.9305200341005968 0.7988636363636363 0.041773231031543054 0.13863636363636364
0 0.6760443307757886 0.9613636363636363 0.04092071611253197 0.07727272727272727
0 0.9774083546462063 0.031818181818181815 0.03154305200341006 0.06136363636363636
0 0.907075873827792 0.23920454545454545 0.03751065643648764 0.10340909090909091
0 0.8917306052855924 0.036931818181818184 0.03410059676044331 0.0715909090909091
0 0.9343563512361467 0.040340909090909094 0.030690537084398978 0.07840909090909091
0 0.8516624040920716 0.026136363636363635 0.027280477408354646 0.05
0 0.0959079283887468 0.18409090909090908 0.03665814151747655 0.11136363636363636
0 0.5115089514066496 0.18636363636363637 0.03410059676044331 0.09545454545454546
0 0.4011082693947144 0.18863636363636363 0.03665814151747655 0.08409090909090909
0 0.386615515771526 0.1653409090909091 0.03324808184143223 0.10113636363636364
0 0.5085251491901108 0.14431818181818182 0.03495311167945439 0.09090909090909091
0 0.10571184995737426 0.09090909090909091 0.03239556692242114 0.09772727272727273
0 0.43350383631713557 0.19204545454545455 0.03836317135549872 0.10227272727272728
0 0.4539641943734015 0.2034090909090909 0.0247229326513214 0.06136363636363636
0 0.1265984654731458 0.09943181818181818 0.03154305200341006 0.10113636363636364
0 0.15089514066496162 0.1 0.028985507246376812 0.09318181818181819
0 0.26001705029838024 0.15113636363636362 0.03580562659846547 0.10454545454545454
0 0.3205456095481671 0.15227272727272728 0.03239556692242114 0.09772727272727273
0 0.3414322250639386 0.16022727272727272 0.03324808184143223 0.09318181818181819
0 0.20161977834612105 0.07443181818181818 0.03495311167945439 0.09431818181818181
0 0.1474850809889173 0.024431818181818183 0.027280477408354646 0.04659090909090909
0 0.16112531969309463 0.03068181818181818 0.023870417732310314 0.05909090909090909
0 0.26001705029838024 0.04772727272727273 0.028985507246376812 0.09318181818181819
0 0.48081841432225064 0.13465909090909092 0.03751065643648764 0.09659090909090909
0 0.4254049445865303 0.10454545454545454 0.03410059676044331 0.09545454545454546
0 0.473998294970162 0.1 0.03239556692242114 0.09772727272727273
0 0.3124467178175618 0.04090909090909091 0.03324808184143223 0.07954545454545454
0 0.2898550724637681 0.035227272727272725 0.028985507246376812 0.06818181818181818
0 0.5093776641091219 0.022727272727272728 0.03154305200341006 0.04318181818181818
0 0.34654731457800514 0.03125 0.03324808184143223 0.060227272727272727
0 0.39215686274509803 0.031818181818181815 0.028985507246376812 0.06136363636363636
0 0.41815856777493604 0.036931818181818184 0.03154305200341006 0.0715909090909091
0 0.43052003410059675 0.031818181818181815 0.028985507246376812 0.06136363636363636
0 0.45652173913043476 0.03579545454545455 0.028132992327365727 0.06931818181818182
0 0.5 0.09886363636363636 0.028132992327365727 0.09545454545454546
0 0.5349531116794544 0.02159090909090909 0.03154305200341006 0.04090909090909091
0 0.5583972719522592 0.3795454545454545 0.03580562659846547 0.1159090909090909
0 0.6636828644501279 0.727840909090909 0.04859335038363171 0.13522727272727272
0 0.86615515771526 0.031818181818181815 0.028985507246376812 0.06136363636363636
0 0.19863597612958228 0.038636363636363635 0.028985507246376812 0.075
0 0.21312872975277067 0.04431818181818182 0.028985507246376812 0.08181818181818182
0 0.36615515771526 0.03295454545454545 0.028132992327365727 0.06363636363636363
0 0.489769820971867 0.040340909090909094 0.03324808184143223 0.07840909090909091
0 0.5234441602728048 0.058522727272727275 0.03580562659846547 0.08295454545454546
0 0.06180733162830349 0.5130681818181818 0.045183290707587385 0.1375
0 0.437766410912191 0.34545454545454546 0.03665814151747655 0.125
0 0.31287297527706737 0.7732954545454546 0.05285592497868713 0.1625
0 0.7595907928388747 0.6306818181818182 0.042625745950554135 0.1340909090909091
0 0.24296675191815856 0.990909090909091 0.03239556692242114 0.01818181818181818
0 0.12190963341858482 0.9630681818181818 0.04092071611253197 0.07613636363636364
0 0.16453537936913895 0.9613636363636363 0.0443307757885763 0.07954545454545454
0 0.407075873827792 0.6034090909090909 0.03154305200341006 0.11363636363636363
0 0.722080136402387 0.4823863636363636 0.03751065643648764 0.11704545454545455
0 0.38704177323103156 0.5875 0.0392156862745098 0.12045454545454545
0 0.30605285592497866 0.49318181818181817 0.0443307757885763 0.12727272727272726
0 0.8073316283034954 0.7232954545454545 0.04092071611253197 0.11704545454545455
0 0.8022165387894288 0.6375 0.0443307757885763 0.1318181818181818
0 0.7566069906223359 0.8096590909090909 0.040068201193520885 0.13068181818181818
0 0.2958226768968457 0.6380681818181818 0.0494458653026428 0.13068181818181818
0 0.35848252344416026 0.5732954545454545 0.041773231031543054 0.11477272727272728
0 0.7911338448422848 0.8102272727272727 0.04092071611253197 0.14545454545454545
0 0.01875532821824382 0.3255681818181818 0.03410059676044331 0.09431818181818181
0 0.7634271099744245 0.740909090909091 0.045183290707587385 0.15
0 0.5643648763853367 0.7261363636363637 0.05285592497868713 0.1318181818181818
0 0.6048593350383632 0.7323863636363637 0.045183290707587385 0.12386363636363637
0 0.017050298380221655 0.4346590909090909 0.03239556692242114 0.11704545454545455
0 0.34398976982097185 0.9318181818181818 0.05200341005967604 0.13863636363636364
0 0.28218243819266836 0.4596590909090909 0.0443307757885763 0.12613636363636363
0 0.4057971014492754 0.34545454545454546 0.02557544757033248 0.11136363636363636
0 0.216538789428815 0.29147727272727275 0.03410059676044331 0.08295454545454546
0 0.0370843989769821 0.325 0.03665814151747655 0.11363636363636363
0 0.06905370843989769 0.3306818181818182 0.03410059676044331 0.09545454545454546
0 0.44799658994032393 0.31931818181818183 0.03495311167945439 0.10681818181818181
0 0.4782608695652174 0.32897727272727273 0.03410059676044331 0.10568181818181818
0 0.045183290707587385 0.14147727272727273 0.0392156862745098 0.08977272727272727
0 0.1837169650468883 0.2681818181818182 0.03495311167945439 0.10454545454545454
0 0.19607843137254902 0.28806818181818183 0.023870417732310314 0.07386363636363637
0 0.4539641943734015 0.9414772727272728 0.05029838022165388 0.11477272727272728
0 0.8934356351236147 0.9323863636363636 0.0494458653026428 0.1375
0 0.7493606138107417 0.95625 0.042625745950554135 0.0875
0 0.8482523444160273 0.9460227272727273 0.05115089514066496 0.11022727272727273
0 0.236999147485081 0.5880681818181818 0.0392156862745098 0.09431818181818181
0 0.20460358056265984 0.5727272727272728 0.042625745950554135 0.12045454545454545
0 0.15089514066496162 0.5494318181818182 0.04774083546462063 0.13977272727272727
0 0.8508098891730606 0.22897727272727272 0.03239556692242114 0.09431818181818181
0 0.7289002557544757 0.6573863636363636 0.03239556692242114 0.09431818181818181
0 0.7169650468883205 0.9573863636363636 0.04092071611253197 0.0875
0 0.10230179028132992 0.2727272727272727 0.0392156862745098 0.10681818181818181
0 0.37595907928388744 0.89375 0.05115089514066496 0.1625
0 0.34271099744245526 0.7892045454545454 0.0494458653026428 0.13522727272727272
0 0.34867860187553285 0.6380681818181818 0.04603580562659847 0.13068181818181818
0 0.45439045183290705 0.6443181818181818 0.0494458653026428 0.1318181818181818
0 0.479539641943734 0.9789772727272728 0.040068201193520885 0.03977272727272727
0 0.4288150042625746 0.9732954545454545 0.0443307757885763 0.05568181818181818
0 0.43478260869565216 0.8073863636363636 0.0443307757885763 0.13522727272727272
