0 0.7715260017050298 0.42727272727272725 0.042625745950554135 0.11136363636363636
0 0.16325660699062233 0.11761363636363636 0.03324808184143223 0.09431818181818181
0 0.09718670076726342 0.11477272727272728 0.03239556692242114 0.09090909090909091
0 0.01278772378516624 0.35795454545454547 0.023870417732310314 0.10681818181818181
0 0.5302642796248934 0.14602272727272728 0.02557544757033248 0.0875
0 0.36231884057971014 0.14659090909090908 0.03239556692242114 0.08636363636363636
0 0.5127877237851662 0.14431818181818182 0.03154305200341006 0.08409090909090909
0 0.32225063938618925 0.13125 0.028985507246376812 0.08068181818181819
0 0.3034953111679454 0.11988636363636364 0.028985507246376812 0.0875
0 0.2796248934356351 0.11818181818181818 0.028985507246376812 0.09318181818181819
0 0.4803921568627451 0.15 0.03154305200341006 0.1
0 0.34398976982097185 0.11193181818181819 0.03154305200341006 0.09431818181818181
0 0.25404944586530265 0.060227272727272727 0.03239556692242114 0.08409090909090909
0 0.2864450127877238 0.05568181818181818 0.028985507246376812 0.07045454545454545
0 0.30988917306052854 0.045454545454545456 0.03154305200341006 0.08409090909090909
0 0.3589087809036658 0.05227272727272727 0.028985507246376812 0.08409090909090909
0 0.3887468030690537 0.05625 0.03239556692242114 0.0875
0 0.4134697357203751 0.05625 0.03239556692242114 0.0875
0 0.4381926683716965 0.03806818181818182 0.028985507246376812 0.07386363636363637
0 0.4825234441602728 0.07954545454545454 0.03239556692242114 0.08409090909090909
0 0.5123614663256607 0.07897727272727273 0.03239556692242114 0.08068181818181819
0 0.49445865302642794 0.04090909090909091 0.03239556692242114 0.07727272727272727
0 0.9454390451832907 0.023295454545454546 0.03239556692242114 0.04431818181818182
0 0.8627450980392157 0.08295454545454546 0.03580562659846547 0.1
0 0.5609548167092924 0.11306818181818182 0.03410059676044331 0.10113636363636364
0 0.7046035805626598 0.2897727272727273 0.03665814151747655 0.10681818181818181
0 0.7412617220801364 0.4011363636363636 0.03665814151747655 0.09772727272727273
0 0.6965046888320545 0.4102272727272727 0.03410059676044331 0.09772727272727273
0 0.5788576300085252 0.3039772727272727 0.03751065643648764 0.09886363636363636
0 0.38022165387894286 0.14488636363636365 0.03239556692242114 0.0875
0 0.21014492753623187 0.5460227272727273 0.045183290707587385 0.1215909090909091
0 0.9705882352941176 0.8761363636363636 0.03154305200341006 0.12045454545454545
0 0.9062233589087809 0.9079545454545455 0.0443307757885763 0.14545454545454545
0 0.9121909633418585 0.9369318181818181 0.0443307757885763 0.12840909090909092
0 0.953537936913896 0.9073863636363636 0.041773231031543054 0.14431818181818182
0 0.9654731457800512 0.9414772727272728 0.05029838022165388 0.11931818181818182
0 0.5225916453537937 0.37329545454545454 0.04092071611253197 0.10795454545454546
0 0.38405797101449274 0.3755681818181818 0.03836317135549872 0.10568181818181818
0 0.3998294970161978 0.3380681818181818 0.03580562659846547 0.11022727272727273
0 0.5345268542199488 0.35625 0.03580562659846547 0.10795454545454546
0 0.42327365728900257 0.38636363636363635 0.04688832054560955 0.1159090909090909
0 0.4514066496163683 0.40511363636363634 0.0247229326513214 0.0715909090909091
0 0.18073316283034954 0.3977272727272727 0.042625745950554135 0.11818181818181818
0 0.30179028132992325 0.3488636363636364 0.03410059676044331 0.1159090909090909
0 0.3294970161977835 0.35625 0.03324808184143223 0.10795454545454546
0 0.12020460358056266 0.20795454545454545 0.028985507246376812 0.09772727272727273
0 0.49744245524296676 0.34147727272727274 0.03324808184143223 0.11931818181818182
0 0.38704177323103156 0.29659090909090907 0.03751065643648764 0.11136363636363636
0 0.4761295822676897 0.2715909090909091 0.03324808184143223 0.10681818181818181
0 0.056265984654731455 0.18181818181818182 0.03239556692242114 0.09772727272727273
0 0.16666666666666666 0.18522727272727274 0.03324808184143223 0.09772727272727273
0 0.13682864450127877 0.18863636363636363 0.028132992327365727 0.10227272727272728
0 0.22549019607843138 0.1215909090909091 0.03154305200341006 0.08636363636363636
0 0.5532821824381927 0.14659090909090908 0.03239556692242114 0.09772727272727273
0 0.25404944586530265 0.1943181818181818 0.03751065643648764 0.10227272727272728
0 0.3452685421994885 0.17045454545454544 0.03410059676044331 0.09318181818181819
0 0.38618925831202044 0.1693181818181818 0.03239556692242114 0.10454545454545454
0 0.4156010230179028 0.1693181818181818 0.03495311167945439 0.09772727272727273
0 0.3772378516624041 0.22954545454545455 0.03665814151747655 0.09318181818181819
0 0.5046888320545609 0.26647727272727273 0.028985507246376812 0.10568181818181818
0 0.29752770673486784 0.08636363636363636 0.027280477408354646 0.07727272727272727
0 0.49104859335038364 0.17386363636363636 0.03239556692242114 0.09090909090909091
0 0.4151747655583973 0.6460227272727272 0.042625745950554135 0.13522727272727272
0 0.008525149190110827 0.1125 0.015345268542199489 0.08409090909090909
0 0.45481670929241264 0.13068181818181818 0.03495311167945439 0.09090909090909091
0 0.3132992327365729 0.09545454545454546 0.028132992327365727 0.08409090909090909
0 0.289002557544757 0.20227272727272727 0.028985507246376812 0.08863636363636364
0 0.4011082693947144 0.21931818181818183 0.03324808184143223 0.11136363636363636
0 0.2506393861892583 0.12102272727272727 0.03239556692242114 0.08295454545454546
0 0.3742540494458653 0.11420454545454546 0.03239556692242114 0.0875
0 0.49019607843137253 0.5829545454545455 0.0443307757885763 0.13636363636363635
0 0.7139812446717817 0.9414772727272728 0.045183290707587385 0.11704545454545455
0 0.11167945439045183 0.977840909090909 0.03580562659846547 0.04659090909090909
0 0.15899403239556692 0.9795454545454545 0.041773231031543054 0.04318181818181818
0 0.5234441602728048 0.9193181818181818 0.03751065643648764 0.12727272727272726
0 0.7911338448422848 0.7869318181818182 0.0494458653026428 0.14659090909090908
0 0.5046888320545609 0.9278409090909091 0.03751065643648764 0.11931818181818182
0 0.3307757885763001 0.7914772727272728 0.05115089514066496 0.14204545454545456
0 0.8972719522591646 0.9681818181818181 0.05541346973572037 0.06363636363636363
0 0.7971014492753623 0.9090909090909091 0.05456095481670929 0.13863636363636364
0 0.340153452685422 0.959659090909091 0.0494458653026428 0.07840909090909091
0 0.47144075021312876 0.9017045454545455 0.0443307757885763 0.12840909090909092
0 0.8482523444160273 0.9636363636363636 0.05115089514066496 0.07045454545454545
0 0.11722080136402387 0.8045454545454546 0.05711849957374254 0.15
0 0.4360613810741688 0.5857954545454546 0.03495311167945439 0.13068181818181818
0 0.09505541346973571 0.4943181818181818 0.026427962489343565 0.09545454545454546
0 0.46078431372549017 0.55 0.04688832054560955 0.12272727272727273
0 0.5076726342710998 0.5431818181818182 0.03665814151747655 0.11818181818181818
0 0.4663256606990622 0.1693181818181818 0.03580562659846547 0.09090909090909091
0 0.05924978687127025 0.4721590909090909 0.03665814151747655 0.11704545454545455
0 0.08184143222506395 0.48579545454545453 0.02557544757033248 0.07840909090909091
0 0.0038363171355498722 0.90625 0.005967604433077579 0.10340909090909091
0 0.8175618073316283 0.4505681818181818 0.03580562659846547 0.11477272727272728
0 0.6879795396419437 0.9738636363636364 0.03751065643648764 0.05454545454545454
0 0.011082693947144074 0.5204545454545455 0.020460358056265986 0.12727272727272726
0 0.3989769820971867 0.9573863636363636 0.05285592497868713 0.0875
0 0.5063938618925832 0.9761363636363637 0.056265984654731455 0.05
0 0.8239556692242114 0.08806818181818182 0.03154305200341006 0.09431818181818181
