0 0.5006045949214026 0.6023148148148149 0.041112454655380895 0.15648148148148147
0 0.5317412333736397 0.5856481481481481 0.03688029020556227 0.13796296296296295
0 0.5272067714631197 0.7541666666666667 0.04836759371221282 0.1712962962962963
0 0.5030229746070133 0.7958333333333333 0.0592503022974607 0.16203703703703703
0 0.5480652962515115 0.7194444444444444 0.03688029020556227 0.1425925925925926
0 0.5816203143893591 0.5888888888888889 0.049576783555018135 0.17037037037037037
0 0.45435308343409914 0.3189814814814815 0.039298669891172915 0.16018518518518518
0 0.5846432889963724 0.7393518518518518 0.04836759371221282 0.16018518518518518
0 0.5867593712212817 0.7069444444444445 0.039298669891172915 0.14537037037037037
0 0.5519951632406288 0.8597222222222223 0.045949214026602174 0.17314814814814813
0 0.496372430471584 0.6912037037037037 0.05078597339782346 0.16018518518518518
0 0.37908101571946795 0.8935185185185185 0.053204353083434096 0.1814814814814815
0 0.5166263603385731 0.8805555555555555 0.044135429262394194 0.17037037037037037
0 0.20858524788391777 0.9277777777777778 0.049576783555018135 0.14629629629629629
0 0.6562877871825876 0.8902777777777777 0.058645707376058044 0.17685185185185184
0 0.4785368802902056 0.3699074074074074 0.044135429262394194 0.16203703703703703
0 0.6862152357920194 0.674537037037037 0.05804111245465538 0.17314814814814813
0 0.6166868198307134 0.8930555555555556 0.04353083434099154 0.18425925925925926
0 0.3585247883917775 0.8759259259259259 0.053204353083434096 0.17407407407407408
0 0.6650544135429263 0.725462962962963 0.053204353083434096 0.1712962962962963
0 0.5991535671100363 0.6597222222222222 0.045949214026602174 0.1527777777777778
0 0.25181378476420796 0.9203703703703704 0.05501813784764208 0.15925925925925927
0 0.47158403869407495 0.674074074074074 0.03990326481257558 0.1537037037037037
0 0.10701330108827085 0.9800925925925926 0.04353083434099154 0.03981481481481482
0 0.6408706166868199 0.3662037037037037 0.041112454655380895 0.13796296296296295
0 0.6707980652962515 0.37037037037037035 0.04171704957678356 0.15555555555555556
0 0.044135429262394194 0.7351851851851852 0.0471584038694075 0.18333333333333332
0 0.7107013301088271 0.5638888888888889 0.042926239419588876 0.1685185185185185
0 0.5900846432889963 0.3560185185185185 0.049576783555018135 0.16574074074074074
0 0.5012091898428053 0.44212962962962965 0.04232164449818621 0.15648148148148147
0 0.6747279322853688 0.4962962962962963 0.03990326481257558 0.1537037037037037
0 0.7309552599758162 0.49537037037037035 0.04353083434099154 0.1685185185185185
0 0.5529020556227328 0.4439814814814815 0.04171704957678356 0.16018518518518518
0 0.5828295042321644 0.45416666666666666 0.04232164449818621 0.13796296296296295
0 0.5269044740024184 0.23796296296296296 0.03325272067714631 0.15185185185185185
0 0.7808343409915357 0.6699074074074074 0.05501813784764208 0.1787037037037037
0 0.8343409915356711 0.6606481481481481 0.05078597339782346 0.18055555555555555
0 0.5148125755743652 0.26666666666666666 0.034461910519951636 0.14814814814814814
0 0.5117896009673518 0.3648148148148148 0.04171704957678356 0.15925925925925927
0 0.5344619105199516 0.3560185185185185 0.041112454655380895 0.14351851851851852
0 0.5126964933494559 0.4875 0.03990326481257558 0.16574074074074074
0 0.5574365175332527 0.48148148148148145 0.04232164449818621 0.13703703703703704
0 0.5758766626360339 0.5310185185185186 0.046553808948004836 0.1712962962962963
0 0.6039903264812576 0.5513888888888889 0.03506650544135429 0.1398148148148148
0 0.6311970979443773 0.55 0.04232164449818621 0.1537037037037037
0 0.9144498186215235 0.787962962962963 0.05743651753325272 0.18333333333333332
0 0.6738210399032648 0.5782407407407407 0.0501813784764208 0.15648148148148147
0 0.6045949214026602 0.7777777777777778 0.03990326481257558 0.16666666666666666
0 0.6756348246674728 0.7916666666666666 0.07557436517533253 0.16296296296296298
0 0.5580411124546554 0.6842592592592592 0.0471584038694075 0.17407407407407408
0 0.7660217654171705 0.41944444444444445 0.03990326481257558 0.14814814814814814
0 0.7853688029020556 0.41712962962962963 0.03990326481257558 0.12129629629629629
0 0.7944377267230955 0.9439814814814815 0.06650544135429262 0.11388888888888889
0 0.7357920193470375 0.937962962962963 0.05441354292623942 0.12222222222222222
0 0.7847642079806529 0.3800925925925926 0.049576783555018135 0.15462962962962962
0 0.8207376058041113 0.3712962962962963 0.03688029020556227 0.12962962962962962
0 0.9135429262394196 0.37916666666666665 0.041112454655380895 0.14351851851851852
0 0.7681378476420798 0.3037037037037037 0.04171704957678356 0.14814814814814814
0 0.7370012091898428 0.3226851851851852 0.0471584038694075 0.13425925925925927
0 0.7424425634824667 0.39490740740740743 0.03143893591293833 0.09907407407407408
0 0.8119709794437727 0.3912037037037037 0.03506650544135429 0.12129629629629629
0 0.8418984280532044 0.37037037037037035 0.03688029020556227 0.12962962962962962
0 0.6387545344619106 0.8277777777777777 0.0380894800483676 0.17037037037037037
0 0.6318016928657799 0.7893518518518519 0.04353083434099154 0.1675925925925926
0 0.12333736396614269 0.7916666666666666 0.05562273276904474 0.16111111111111112
0 0.093409915356711 0.7597222222222222 0.047762998790810154 0.15833333333333333
0 0.08766626360338574 0.549537037037037 0.049576783555018135 0.17685185185185184
0 0.7847642079806529 0.5828703703703704 0.053204353083434096 0.17685185185185184
0 0.7230955259975816 0.4263888888888889 0.03506650544135429 0.1287037037037037
0 0.8881499395405078 0.3685185185185185 0.03385731559854897 0.14814814814814814
0 0.9613059250302297 0.3300925925925926 0.03990326481257558 0.14907407407407408
0 0.9882103990326482 0.3212962962962963 0.022370012091898428 0.11481481481481481
0 0.8896614268440145 0.2569444444444444 0.04534461910519952 0.15648148148148147
0 0.8966142684401451 0.22777777777777777 0.03990326481257558 0.14074074074074075
0 0.9313784764207981 0.20694444444444443 0.042926239419588876 0.14537037037037037
0 0.9800483675937122 0.1050925925925926 0.037484885126964934 0.12685185185185185
0 0.8530834340991535 0.20416666666666666 0.03990326481257558 0.1361111111111111
0 0.7880894800483675 0.13935185185185187 0.03688029020556227 0.1287037037037037
0 0.8168077388149939 0.1597222222222222 0.03990326481257558 0.13425925925925927
0 0.8582224909310762 0.1736111111111111 0.039298669891172915 0.13425925925925927
0 0.9150544135429263 0.15833333333333333 0.0380894800483676 0.13703703703703704
0 0.880894800483676 0.17083333333333334 0.036275695284159616 0.13240740740740742
0 0.8561064087061668 0.12222222222222222 0.03506650544135429 0.13148148148148148
0 0.880894800483676 0.12638888888888888 0.037484885126964934 0.13240740740740742
0 0.932285368802902 0.0875 0.03869407496977025 0.12685185185185185
0 0.9165659008464329 0.05185185185185185 0.037484885126964934 0.10185185185185185
0 0.06952841596130592 0.25925925925925924 0.044740024183796856 0.1425925925925926
0 0.0371825876662636 0.2662037037037037 0.044135429262394194 0.1398148148148148
0 0.02357920193470375 0.22407407407407406 0.03506650544135429 0.13333333333333333
0 0.003022974607013301 0.15694444444444444 0.0048367593712212815 0.13796296296296295
0 0.09159613059250302 0.15833333333333333 0.03688029020556227 0.14074074074074075
0 0.12394195888754535 0.18009259259259258 0.02902055622732769 0.10833333333333334
0 0.10217654171704958 0.13055555555555556 0.030229746070133012 0.11296296296296296
0 0.13301088270858524 0.11342592592592593 0.036275695284159616 0.13796296296296295
0 0.21009673518742442 0.2310185185185185 0.04171704957678356 0.13240740740740742
0 0.14631197097944376 0.20185185185185187 0.032648125755743655 0.10740740740740741
0 0.15538089480048367 0.2796296296296296 0.03990326481257558 0.1537037037037037
0 0.16384522370012092 0.19537037037037036 0.036275695284159616 0.14629629629629629
0 0.186819830713422 0.21296296296296297 0.02781136638452237 0.12407407407407407
0 0.19044740024183796 0.2412037037037037 0.02418379685610641 0.09351851851851851
0 0.5737605804111245 0.3912037037037037 0.0471584038694075 0.15092592592592594
0 0.6974002418379686 0.43472222222222223 0.044135429262394194 0.1675925925925926
0 0.7100967351874244 0.39814814814814814 0.04534461910519952 0.14814814814814814
0 0.5544135429262395 0.3435185185185185 0.044740024183796856 0.15185185185185185
0 0.6287787182587666 0.31157407407407406 0.041112454655380895 0.14537037037037037
0 0.6747279322853688 0.28055555555555556 0.044740024183796856 0.13148148148148148
0 0.6626360338573156 0.3 0.04232164449818621 0.14629629629629629
0 0.7484885126964933 0.23564814814814813 0.03506650544135429 0.1398148148148148
0 0.7276299879081015 0.25416666666666665 0.039298669891172915 0.13240740740740742
0 0.6967956469165659 0.25787037037037036 0.0380894800483676 0.14537037037037037
0 0.722490931076179 0.1712962962962963 0.032648125755743655 0.1037037037037037
0 0.6444981862152358 0.23425925925925925 0.044740024183796856 0.14074074074074075
0 0.6747279322853688 0.1824074074074074 0.044740024183796856 0.1425925925925926
0 0.6372430471584039 0.15648148148148147 0.030229746070133012 0.14074074074074075
0 0.620918984280532 0.17407407407407408 0.037484885126964934 0.14074074074074075
0 0.5849455864570737 0.30324074074074076 0.04171704957678356 0.14351851851851852
0 0.5030229746070133 0.2796296296296296 0.04232164449818621 0.1425925925925926
0 0.5646916565900847 0.26296296296296295 0.037484885126964934 0.15925925925925927
0 0.5592503022974608 0.2064814814814815 0.04353083434099154 0.13148148148148148
0 0.6036880290205562 0.2152777777777778 0.03688029020556227 0.14537037037037037
0 0.5468561064087062 0.18009259259259258 0.046553808948004836 0.16018518518518518
0 0.5918984280532044 0.11296296296296296 0.037484885126964934 0.12037037037037036
0 0.3231559854897219 0.05092592592592592 0.039298669891172915 0.1
0 0.2914147521160822 0.04814814814814815 0.03143893591293833 0.09444444444444444
0 0.6816807738814994 0.06018518518518518 0.0380894800483676 0.11851851851851852
0 0.6998186215235792 0.05277777777777778 0.034461910519951636 0.10185185185185185
0 0.975211608222491 0.2662037037037037 0.036275695284159616 0.15648148148148147
0 0.932285368802902 0.33055555555555555 0.037484885126964934 0.11296296296296296
0 0.9486094316807738 0.043055555555555555 0.036275695284159616 0.08425925925925926
0 0.5532043530834341 0.11481481481481481 0.03385731559854897 0.13148148148148148
0 0.6082224909310762 0.06157407407407407 0.03506650544135429 0.12129629629629629
0 0.5798065296251511 0.06388888888888888 0.03143893591293833 0.12407407407407407
0 0.5507859733978234 0.062037037037037036 0.030229746070133012 0.12222222222222222
0 0.2478839177750907 0.05 0.03506650544135429 0.09814814814814815
0 0.871825876662636 0.03194444444444444 0.02781136638452237 0.062037037037037036
0 0.3567110036275695 0.47962962962962963 0.03506650544135429 0.1574074074074074
0 0.2998790810157195 0.24814814814814815 0.03506650544135429 0.13703703703703704
0 0.1354292623941959 0.7351851851851852 0.0471584038694075 0.16296296296296298
0 0.10399032648125756 0.3597222222222222 0.041112454655380895 0.14907407407407408
0 0.13452237001209189 0.6967592592592593 0.051390568319226115 0.16018518518518518
0 0.8155985489721886 0.29444444444444445 0.03869407496977025 0.13703703703703704
0 0.8337363966142685 0.2884259259259259 0.030229746070133012 0.12314814814814815
0 0.2439540507859734 0.586574074074074 0.04534461910519952 0.1675925925925926
0 0.21039903264812576 0.5675925925925925 0.03869407496977025 0.17592592592592593
0 0.34915356711003626 0.5689814814814815 0.034461910519951636 0.1398148148148148
0 0.20918984280532044 0.4976851851851852 0.04353083434099154 0.14907407407407408
0 0.21342200725513905 0.49444444444444446 0.032648125755743655 0.1574074074074074
0 0.1825876662636034 0.4875 0.03143893591293833 0.12685185185185185
0 0.17472793228536881 0.4444444444444444 0.03990326481257558 0.14629629629629629
0 0.14117291414752117 0.46435185185185185 0.03688029020556227 0.14722222222222223
0 0.35278113663845223 0.14814814814814814 0.03083434099153567 0.13148148148148148
0 0.37605804111245467 0.14444444444444443 0.02781136638452237 0.12962962962962962
0 0.26571946795646917 0.37222222222222223 0.044135429262394194 0.14074074074074075
0 0.2560459492140266 0.3925925925925926 0.034461910519951636 0.14629629629629629
0 0.17623941958887546 0.9027777777777778 0.044135429262394194 0.1574074074074074
0 0.2959492140266022 0.6981481481481482 0.04171704957678356 0.15185185185185185
0 0.4498186215235792 0.537962962962963 0.037484885126964934 0.1537037037037037
0 0.3352478839177751 0.6236111111111111 0.0380894800483676 0.15462962962962962
0 0.33373639661426846 0.6578703703703703 0.03990326481257558 0.1675925925925926
0 0.4111245465538089 0.6601851851851852 0.05078597339782346 0.15185185185185185
0 0.6248488512696493 0.7101851851851851 0.051390568319226115 0.1574074074074074
0 0.42563482466747277 0.45740740740740743 0.03506650544135429 0.12407407407407407
0 0.41324062877871826 0.4166666666666667 0.03688029020556227 0.10740740740740741
0 0.40840386940749696 0.5115740740740741 0.034461910519951636 0.14907407407407408
0 0.41626360338573154 0.4791666666666667 0.02962515114873035 0.14351851851851852
0 0.22611850060459493 0.5421296296296296 0.03506650544135429 0.1398148148148148
0 0.2711608222490931 0.5259259259259259 0.04171704957678356 0.1574074074074074
0 0.2753929866989117 0.5736111111111111 0.039298669891172915 0.1675925925925926
0 0.5126964933494559 0.6569444444444444 0.04836759371221282 0.16018518518518518
0 0.24486094316807738 0.33425925925925926 0.03506650544135429 0.14074074074074075
0 0.6487303506650545 0.5138888888888888 0.032648125755743655 0.13148148148148148
0 0.2762998790810157 0.32731481481481484 0.03990326481257558 0.14907407407407408
0 0.3935912938331318 0.37916666666666665 0.03990326481257558 0.13796296296296295
0 0.31983071342200725 0.28379629629629627 0.03506650544135429 0.1287037037037037
0 0.46795646916565903 0.487962962962963 0.037484885126964934 0.1425925925925926
0 0.2617896009673519 0.2935185185185185 0.037484885126964934 0.13518518518518519
0 0.2850665054413543 0.3111111111111111 0.034461910519951636 0.11851851851851852
