0 0.7783461210571185 0.8886363636363637 0.0392156862745098 0.15
0 0.008525149190110827 0.7340909090909091 0.015345268542199489 0.1318181818181818
0 0.7391304347826086 0.9011363636363636 0.056265984654731455 0.16363636363636364
0 0.1423699914748508 0.6227272727272727 0.04603580562659847 0.14545454545454545
0 0.13895993179880647 0.5 0.04603580562659847 0.1340909090909091
0 0.18286445012787725 0.4715909090909091 0.04688832054560955 0.13863636363636364
0 0.23017902813299232 0.4693181818181818 0.04774083546462063 0.12727272727272726
0 0.11125319693094629 0.5721590909090909 0.045183290707587385 0.12840909090909092
0 0.5298380221653879 0.8153409090909091 0.041773231031543054 0.15795454545454546
0 0.551150895140665 0.790340909090909 0.03495311167945439 0.14431818181818182
0 0.530690537084399 0.5630681818181819 0.045183290707587385 0.13068181818181818
0 0.34398976982097185 0.41363636363636364 0.040068201193520885 0.125
0 0.45268542199488493 0.5198863636363636 0.04774083546462063 0.14431818181818182
0 0.38832054560954815 0.5096590909090909 0.041773231031543054 0.13977272727272727
0 0.3009377664109122 0.23352272727272727 0.028985507246376812 0.09659090909090909
0 0.8103154305200341 0.27329545454545456 0.03324808184143223 0.10113636363636364
0 0.7745098039215687 0.24829545454545454 0.03324808184143223 0.10795454545454546
0 0.8363171355498721 0.2806818181818182 0.0392156862745098 0.10227272727272728
0 0.8286445012787724 0.43920454545454546 0.04603580562659847 0.12840909090909092
0 0.7864450127877238 0.45397727272727273 0.041773231031543054 0.10568181818181818
0 0.577152600170503 0.21704545454545454 0.027280477408354646 0.10454545454545454
0 0.8090366581415175 0.5528409090909091 0.04092071611253197 0.13522727272727272
0 0.907928388746803 0.8857954545454545 0.06820119352088662 0.1625
0 0.014919011082693947 0.7778409090909091 0.028132992327365727 0.13295454545454546
0 0.236999147485081 0.6778409090909091 0.04092071611253197 0.13295454545454546
0 0.06905370843989769 0.8857954545454545 0.04603580562659847 0.14659090909090908
0 0.6726342710997443 0.7971590909090909 0.05115089514066496 0.13295454545454546
0 0.7067348678601876 0.7954545454545454 0.0392156862745098 0.1318181818181818
0 0.8563512361466326 0.8630681818181818 0.07075873827791987 0.17386363636363636
0 0.7949701619778347 0.6892045454545455 0.045183290707587385 0.14886363636363636
0 0.6786018755328218 0.740909090909091 0.04092071611253197 0.1431818181818182
0 0.7821824381926684 0.55625 0.040068201193520885 0.11931818181818182
0 0.7378516624040921 0.44545454545454544 0.03324808184143223 0.12727272727272726
0 0.7578857630008525 0.44772727272727275 0.03239556692242114 0.12045454545454545
0 0.829070758738278 0.10227272727272728 0.03154305200341006 0.09090909090909091
0 0.8069053708439897 0.08409090909090909 0.028132992327365727 0.10227272727272728
0 0.34654731457800514 0.2255681818181818 0.03324808184143223 0.10568181818181818
0 0.3277919863597613 0.24204545454545454 0.040068201193520885 0.09772727272727273
0 0.17604433077578857 0.1715909090909091 0.029838022165387893 0.09772727272727273
0 0.23017902813299232 0.1744318181818182 0.027280477408354646 0.09659090909090909
0 0.23060528559249788 0.15227272727272728 0.026427962489343565 0.1
0 0.3755328218243819 0.19545454545454546 0.028132992327365727 0.10454545454545454
0 0.3938618925831202 0.19943181818181818 0.028985507246376812 0.08295454545454546
0 0.4680306905370844 0.33579545454545456 0.04092071611253197 0.11931818181818182
0 0.4236999147485081 0.21818181818181817 0.03410059676044331 0.09318181818181819
0 0.46888320545609546 0.22329545454545455 0.03239556692242114 0.10113636363636364
0 0.4782608695652174 0.26875 0.04092071611253197 0.11477272727272728
0 0.4390451832907076 0.2 0.02557544757033248 0.07954545454545454
0 0.4658994032395567 0.1903409090909091 0.03154305200341006 0.10340909090909091
0 0.46930946291560105 0.15113636363636362 0.028132992327365727 0.09318181818181819
0 0.46717817561807334 0.13068181818181818 0.02557544757033248 0.09318181818181819
0 0.4296675191815857 0.1380681818181818 0.03239556692242114 0.09431818181818181
0 0.20119352088661552 0.10852272727272727 0.028985507246376812 0.09659090909090909
0 0.2531969309462916 0.15113636363636362 0.03239556692242114 0.10681818181818181
0 0.27578857630008524 0.15795454545454546 0.03154305200341006 0.09545454545454546
0 0.3132992327365729 0.15738636363636363 0.028132992327365727 0.09204545454545454
0 0.29624893435635125 0.14772727272727273 0.028132992327365727 0.09318181818181819
0 0.3137254901960784 0.13579545454545455 0.0392156862745098 0.09431818181818181
0 0.525149190110827 0.13977272727272727 0.03580562659846547 0.11136363636363636
0 0.4778346121057119 0.10511363636363637 0.03154305200341006 0.10340909090909091
0 0.514919011082694 0.0971590909090909 0.030690537084398978 0.08977272727272727
0 0.4096334185848252 0.12727272727272726 0.03154305200341006 0.09545454545454546
0 0.4578005115089514 0.07272727272727272 0.03239556692242114 0.08409090909090909
0 0.4411764705882353 0.08693181818181818 0.021312872975277068 0.06704545454545455
0 0.3137254901960784 0.05 0.027280477408354646 0.09318181818181819
0 0.5153452685421995 0.18977272727272726 0.03495311167945439 0.10909090909090909
0 0.09462915601023018 0.9693181818181819 0.04774083546462063 0.05909090909090909
0 0.49957374254049447 0.24772727272727274 0.030690537084398978 0.09545454545454546
0 0.21014492753623187 0.66875 0.03495311167945439 0.12840909090909092
0 0.5865302642796248 0.9420454545454545 0.05456095481670929 0.11136363636363636
0 0.020034100596760442 0.4948863636363636 0.03836317135549872 0.11704545454545455
0 0.7442455242966752 0.7 0.04603580562659847 0.13863636363636364
0 0.2625745950554135 0.7318181818181818 0.042625745950554135 0.1431818181818182
0 0.2949701619778346 0.7102272727272727 0.04603580562659847 0.15
0 0.36828644501278773 0.7159090909090909 0.04603580562659847 0.14545454545454545
0 0.6329923273657289 0.9380681818181819 0.040068201193520885 0.11931818181818182
0 0.033674339300937765 0.30625 0.03495311167945439 0.10113636363636364
0 0.2050298380221654 0.8125 0.04688832054560955 0.13863636363636364
0 0.3320545609548167 0.5477272727272727 0.05200341005967604 0.1340909090909091
0 0.06436487638533675 0.3039772727272727 0.03665814151747655 0.10568181818181818
0 0.045183290707587385 0.4903409090909091 0.03580562659846547 0.1215909090909091
0 0.1875532821824382 0.6198863636363636 0.04092071611253197 0.13295454545454546
0 0.10358056265984655 0.9568181818181818 0.03665814151747655 0.08409090909090909
0 0.17433930093776642 0.803409090909091 0.05200341005967604 0.16590909090909092
0 0.35720375106564367 0.19886363636363635 0.02557544757033248 0.09772727272727273
0 0.7028985507246377 0.4551136363636364 0.05200341005967604 0.1215909090909091
0 0.9539641943734015 0.020454545454545454 0.028985507246376812 0.038636363636363635
0 0.8976982097186701 0.017045454545454544 0.028985507246376812 0.031818181818181815
0 0.3657289002557545 0.06420454545454546 0.028985507246376812 0.09431818181818181
0 0.40451832907075874 0.014772727272727272 0.0247229326513214 0.02727272727272727
0 0.38448422847399827 0.01875 0.027280477408354646 0.035227272727272725
0 0.44075021312872975 0.11931818181818182 0.03239556692242114 0.09318181818181819
0 0.473998294970162 0.03125 0.027280477408354646 0.060227272727272727
0 0.4492753623188406 0.022727272727272728 0.030690537084398978 0.04318181818181818
0 0.4884910485933504 0.07386363636363637 0.03239556692242114 0.08636363636363636
0 0.5468883205456095 0.030113636363636363 0.0247229326513214 0.05795454545454545
0 0.3959931798806479 0.0659090909090909 0.028132992327365727 0.08636363636363636
