0 0.4619105199516324 0.8430555555555556 0.03869407496977025 0.17685185185185184
0 0.4573760580411125 0.8833333333333333 0.039298669891172915 0.16296296296296298
0 0.7113059250302297 0.912962962962963 0.051390568319226115 0.17222222222222222
0 0.40054413542926237 0.5814814814814815 0.04171704957678356 0.14629629629629629
0 0.3675937122128174 0.5888888888888889 0.04232164449818621 0.14629629629629629
0 0.05169286577992745 0.8273148148148148 0.05380894800483676 0.16018518518518518
0 0.7146311970979444 0.5986111111111111 0.04232164449818621 0.16018518518518518
0 0.6831922611850061 0.6370370370370371 0.04836759371221282 0.17037037037037037
0 0.7237001209189843 0.6777777777777778 0.04353083434099154 0.17037037037037037
0 0.9292623941958887 0.8958333333333334 0.04353083434099154 0.1712962962962963
0 0.8981257557436517 0.9162037037037037 0.0562273276904474 0.15092592592592594
0 0.35489721886336156 0.29768518518518516 0.036275695284159616 0.13425925925925927
0 0.29020556227327693 0.3300925925925926 0.037484885126964934 0.13240740740740742
0 0.3996372430471584 0.30462962962962964 0.03869407496977025 0.14074074074074075
0 0.39721886336154777 0.3194444444444444 0.036275695284159616 0.14074074074074075
0 0.2941354292623942 0.9694444444444444 0.04050785973397823 0.06111111111111111
0 0.29957678355501816 0.9324074074074075 0.046553808948004836 0.12962962962962962
0 0.3292019347037485 0.9481481481481482 0.047762998790810154 0.1037037037037037
0 0.314087061668682 0.9824074074074074 0.034461910519951636 0.037037037037037035
0 0.31983071342200725 0.3398148148148148 0.04232164449818621 0.14629629629629629
0 0.6408706166868199 0.9629629629629629 0.060459492140266025 0.07592592592592592
0 0.6813784764207981 0.9537037037037037 0.04232164449818621 0.09444444444444444
0 0.6302902055622733 0.9453703703703704 0.03688029020556227 0.1111111111111111
0 0.9809552599758162 0.9541666666666667 0.035671100362756954 0.09166666666666666
0 0.9470979443772672 0.9287037037037037 0.058645707376058044 0.1425925925925926
0 0.9933494558645707 0.9189814814814815 0.010882708585247884 0.08796296296296297
0 0.8307134220072552 0.7018518518518518 0.03506650544135429 0.1537037037037037
0 0.8866384522370012 0.7245370370370371 0.051390568319226115 0.16944444444444445
0 0.8316203143893591 0.6518518518518519 0.03204353083434099 0.11296296296296296
0 0.8657799274486094 0.6578703703703703 0.036275695284159616 0.13240740740740742
0 0.07496977025392987 0.2564814814814815 0.037484885126964934 0.12962962962962962
0 0.10640870616686819 0.2861111111111111 0.04232164449818621 0.12962962962962962
0 0.7977629987908101 0.20416666666666666 0.039298669891172915 0.1287037037037037
0 0.8213422007255139 0.19907407407407407 0.03325272067714631 0.12407407407407407
0 0.27388149939540507 0.2513888888888889 0.030229746070133012 0.12314814814814815
0 0.1777509068923821 0.31712962962962965 0.044740024183796856 0.14351851851851852
0 0.33313180169286577 0.2574074074074074 0.03385731559854897 0.13148148148148148
0 0.5501813784764208 0.3111111111111111 0.037484885126964934 0.1574074074074074
0 0.3612454655380895 0.21712962962962962 0.03204353083434099 0.1287037037037037
0 0.46009673518742444 0.32175925925925924 0.03990326481257558 0.13796296296296295
0 0.6045949214026602 0.2490740740740741 0.037484885126964934 0.13148148148148148
0 0.6378476420798065 0.23564814814814813 0.04353083434099154 0.13425925925925927
0 0.682285368802902 0.2375 0.044135429262394194 0.13425925925925927
0 0.7587666263603385 0.20092592592592592 0.03385731559854897 0.11296296296296296
0 0.7626964933494559 0.22870370370370371 0.03688029020556227 0.12962962962962962
0 0.7935308343409916 0.3787037037037037 0.044135429262394194 0.13518518518518519
0 0.9755139056831923 0.475 0.034461910519951636 0.11296296296296296
0 0.9470979443772672 0.3699074074074074 0.03688029020556227 0.13055555555555556
0 0.9827690447400241 0.3421296296296296 0.03325272067714631 0.125
0 0.9380290205562273 0.4097222222222222 0.03688029020556227 0.14351851851851852
0 0.9794437726723095 0.41805555555555557 0.037484885126964934 0.14351851851851852
0 0.9286577992744861 0.5060185185185185 0.04232164449818621 0.15833333333333333
0 0.8966142684401451 0.5074074074074074 0.044740024183796856 0.1574074074074074
0 0.7983675937122128 0.5111111111111111 0.02962515114873035 0.1037037037037037
0 0.8249697702539298 0.49212962962962964 0.03688029020556227 0.14351851851851852
0 0.845223700120919 0.4981481481481482 0.030229746070133012 0.1111111111111111
0 0.8651753325272068 0.5810185185185185 0.056831922611850064 0.14351851851851852
0 0.9610036275695284 0.5745370370370371 0.04171704957678356 0.1638888888888889
0 0.9827690447400241 0.5675925925925925 0.03325272067714631 0.14814814814814814
0 0.9295646916565901 0.6337962962962963 0.04534461910519952 0.15833333333333333
0 0.9298669891172914 0.7171296296296297 0.04836759371221282 0.15648148148148147
0 0.6339177750906893 0.500462962962963 0.04171704957678356 0.15092592592592594
0 0.6614268440145102 0.5157407407407407 0.03990326481257558 0.1574074074074074
0 0.8213422007255139 0.42453703703703705 0.02962515114873035 0.12685185185185185
0 0.8001813784764208 0.42268518518518516 0.039298669891172915 0.13240740740740742
0 0.6756348246674728 0.5625 0.044135429262394194 0.15648148148148147
0 0.6429866989117291 0.5689814814814815 0.039298669891172915 0.16018518518518518
0 0.6970979443772672 0.5087962962962963 0.032648125755743655 0.11574074074074074
0 0.7167472793228536 0.512962962962963 0.03204353083434099 0.11296296296296296
0 0.7533252720677146 0.5087962962962963 0.04232164449818621 0.15462962962962962
0 0.8530834340991535 0.38981481481481484 0.037484885126964934 0.13148148148148148
0 0.8663845223700121 0.3768518518518518 0.036275695284159616 0.12407407407407407
0 0.81136638452237 0.8037037037037037 0.056831922611850064 0.17407407407407408
0 0.10792019347037485 0.4875 0.04171704957678356 0.15462962962962962
0 0.13996372430471585 0.475462962962963 0.04534461910519952 0.14907407407407408
0 0.1154776299879081 0.5796296296296296 0.04232164449818621 0.16296296296296298
0 0.06952841596130592 0.5930555555555556 0.049576783555018135 0.1527777777777778
0 0.011487303506650543 0.8148148148148148 0.02176541717049577 0.12407407407407407
0 0.29171704957678357 0.8689814814814815 0.051390568319226115 0.1712962962962963
0 0.04050785973397823 0.225 0.037484885126964934 0.1259259259259259
0 0.06741233373639662 0.23981481481481481 0.0380894800483676 0.12037037037037036
0 0.09885126964933495 0.8611111111111112 0.05380894800483676 0.17962962962962964
0 0.3010882708585248 0.6759259259259259 0.04232164449818621 0.1685185185185185
0 0.34522370012091896 0.6393518518518518 0.044740024183796856 0.16018518518518518
0 0.37877871825876663 0.6754629629629629 0.03688029020556227 0.15092592592592594
0 0.9289600967351874 0.8490740740740741 0.034461910519951636 0.14814814814814814
0 0.937726723095526 0.8194444444444444 0.044740024183796856 0.17037037037037037
0 0.9673518742442564 0.8111111111111111 0.041112454655380895 0.14629629629629629
0 0.3811970979443773 0.8694444444444445 0.046553808948004836 0.17037037037037037
0 0.8110640870616687 0.3592592592592593 0.039298669891172915 0.14074074074074075
0 0.29866989117291415 0.25972222222222224 0.037484885126964934 0.14351851851851852
0 0.1523579201934704 0.3111111111111111 0.03869407496977025 0.12777777777777777
0 0.2968561064087062 0.36064814814814816 0.045949214026602174 0.16203703703703703
0 0.23458282950423218 0.6078703703703704 0.04353083434099154 0.15462962962962962
0 0.24032648125755743 0.5805555555555556 0.03688029020556227 0.14629629629629629
0 0.19347037484885127 0.6101851851851852 0.044740024183796856 0.14629629629629629
0 0.20858524788391777 0.5583333333333333 0.04232164449818621 0.15185185185185185
0 0.17684401451027812 0.5708333333333333 0.046553808948004836 0.15462962962962962
0 0.4023579201934704 0.6226851851851852 0.039298669891172915 0.15462962962962962
0 0.3902660217654172 0.25787037037037036 0.03083434099153567 0.1287037037037037
0 0.4111245465538089 0.262037037037037 0.032648125755743655 0.1259259259259259
0 0.4410519951632406 0.612037037037037 0.035671100362756954 0.14814814814814814
0 0.7218863361547763 0.9666666666666667 0.04836759371221282 0.06851851851851852
0 0.9123337363966143 0.9694444444444444 0.04836759371221282 0.06111111111111111
0 0.717956469165659 0.3962962962962963 0.04171704957678356 0.11851851851851852
0 0.7608827085852479 0.4060185185185185 0.04171704957678356 0.13796296296296295
0 0.2759975816203144 0.3976851851851852 0.044135429262394194 0.13796296296296295
0 0.253627569528416 0.41203703703703703 0.035671100362756954 0.14074074074074075
0 0.5858524788391778 0.5152777777777777 0.03506650544135429 0.12685185185185185
0 0.47611850060459493 0.9097222222222222 0.051390568319226115 0.17314814814814813
0 0.3624546553808948 0.9342592592592592 0.044135429262394194 0.13148148148148148
0 0.5362756952841596 0.6046296296296296 0.044740024183796856 0.1574074074074074
0 0.43923821039903266 0.9685185185185186 0.044135429262394194 0.06481481481481481
0 0.3210399032648126 0.7962962962962963 0.05078597339782346 0.17037037037037037
0 0.5583434099153567 0.5370370370370371 0.03688029020556227 0.13148148148148148
0 0.5253929866989118 0.5300925925925926 0.02902055622732769 0.10648148148148148
0 0.5468561064087062 0.6365740740740741 0.04171704957678356 0.14907407407407408
0 0.4150544135429262 0.9222222222222223 0.05380894800483676 0.15555555555555556
0 0.3561064087061669 0.5027777777777778 0.037484885126964934 0.13518518518518519
0 0.3343409915356711 0.4375 0.04232164449818621 0.15092592592592594
0 0.2759975816203144 0.6180555555555556 0.039298669891172915 0.1712962962962963
0 0.3685006045949214 0.7328703703703704 0.03688029020556227 0.15092592592592594
0 0.38210399032648124 0.7976851851851852 0.0471584038694075 0.16574074074074074
0 0.40931076178960096 0.7532407407407408 0.04232164449818621 0.16574074074074074
0 0.3573155985489722 0.7541666666666667 0.03990326481257558 0.17314814814814813
0 0.4625151148730351 0.7587962962962963 0.044740024183796856 0.14907407407407408
0 0.6783555018137848 0.7310185185185185 0.05199516324062878 0.14907407407407408
0 0.3805925030229746 0.4597222222222222 0.04050785973397823 0.13055555555555556
0 0.47339782345828296 0.5569444444444445 0.03990326481257558 0.13796296296296295
0 0.45918984280532044 0.5351851851851852 0.04897218863361548 0.13518518518518519
0 0.27267230955259975 0.7541666666666667 0.041112454655380895 0.16018518518518518
0 0.0973397823458283 0.9444444444444444 0.05078597339782346 0.11296296296296296
0 0.46825876662636035 0.4361111111111111 0.03204353083434099 0.14814814814814814
0 0.5012091898428053 0.41898148148148145 0.037484885126964934 0.1398148148148148
0 0.48155985489721886 0.6430555555555556 0.034461910519951636 0.16018518518518518
0 0.44316807738814995 0.43842592592592594 0.032648125755743655 0.11574074074074074
0 0.4939540507859734 0.48194444444444445 0.032648125755743655 0.1175925925925926
0 0.24153567110036275 0.7953703703703704 0.05380894800483676 0.17407407407407408
0 0.4703748488512696 0.9523148148148148 0.03869407496977025 0.09722222222222222
0 0.4144498186215236 0.9537037037037037 0.04171704957678356 0.09444444444444444
0 0.5782950423216445 0.7865740740740741 0.034461910519951636 0.11574074074074074
0 0.5501813784764208 0.7523148148148148 0.0471584038694075 0.16574074074074074
0 0.9570737605804112 0.02175925925925926 0.02781136638452237 0.041666666666666664
0 0.9794437726723095 0.025925925925925925 0.022974607013301087 0.05
0 0.9860943168077388 0.1824074074074074 0.02539298669891173 0.11481481481481481
0 0.9292623941958887 0.13657407407407407 0.037484885126964934 0.1175925925925926
0 0.9431680773881499 0.15555555555555556 0.03506650544135429 0.11851851851851852
0 0.9833736396614269 0.21157407407407408 0.03204353083434099 0.13796296296296295
0 0.8869407496977025 0.21574074074074073 0.03990326481257558 0.13703703703703704
0 0.9398428053204353 0.23194444444444445 0.04171704957678356 0.14166666666666666
0 0.9646311970979444 0.24444444444444444 0.03688029020556227 0.12962962962962962
0 0.9044740024183797 0.28425925925925927 0.036275695284159616 0.14629629629629629
0 0.9265417170495768 0.29259259259259257 0.044135429262394194 0.15
0 0.8506650544135429 0.24074074074074073 0.036275695284159616 0.13518518518518519
0 0.9189842805320435 0.31805555555555554 0.03869407496977025 0.13796296296296295
0 0.8654776299879081 0.5513888888888889 0.04897218863361548 0.16018518518518518
0 0.6318016928657799 0.04490740740740741 0.030229746070133012 0.08796296296296297
0 0.6079201934703748 0.07222222222222222 0.02962515114873035 0.11296296296296296
0 0.5937122128174124 0.05092592592592592 0.032648125755743655 0.1
0 0.5652962515114873 0.05324074074074074 0.030229746070133012 0.10462962962962963
0 0.5773881499395405 0.07731481481481481 0.03385731559854897 0.11203703703703703
0 0.68863361547763 0.11527777777777778 0.041112454655380895 0.12314814814814815
0 0.6807738814993954 0.1763888888888889 0.037484885126964934 0.11574074074074074
0 0.6844014510278114 0.2050925925925926 0.032648125755743655 0.13425925925925927
0 0.7351874244256348 0.15694444444444444 0.03506650544135429 0.1361111111111111
0 0.46432889963724305 0.02361111111111111 0.02418379685610641 0.04537037037037037
0 0.4416565900846433 0.018055555555555554 0.022370012091898428 0.03425925925925926
0 0.5178355501813785 0.0587962962962963 0.02962515114873035 0.11574074074074074
0 0.5423216444981862 0.0712962962962963 0.032648125755743655 0.11851851851851852
0 0.5946191051995163 0.31203703703703706 0.04534461910519952 0.1425925925925926
0 0.7336759371221282 0.23194444444444445 0.03688029020556227 0.13240740740740742
0 0.0402055622732769 0.49675925925925923 0.05259975816203144 0.14907407407407408
0 0.2639056831922612 0.038425925925925926 0.03204353083434099 0.075
0 0.2503022974607013 0.04675925925925926 0.03506650544135429 0.09166666666666666
0 0.21251511487303507 0.03888888888888889 0.03204353083434099 0.07592592592592592
0 0.11970979443772672 0.03518518518518519 0.03506650544135429 0.06851851851851852
0 0.1695888754534462 0.07361111111111111 0.039298669891172915 0.12314814814814815
0 0.19649334945586458 0.06574074074074074 0.037484885126964934 0.12222222222222222
0 0.24425634824667472 0.06435185185185185 0.036275695284159616 0.125
0 0.5290205562273277 0.16666666666666666 0.03385731559854897 0.12777777777777777
0 0.31166868198307135 0.08287037037037037 0.03204353083434099 0.11574074074074074
0 0.3282950423216445 0.09537037037037037 0.03143893591293833 0.12407407407407407
0 0.3896614268440145 0.09814814814814815 0.02962515114873035 0.12962962962962962
0 0.3636638452237001 0.08981481481481482 0.03325272067714631 0.12777777777777777
0 0.2965538089480048 0.13472222222222222 0.0380894800483676 0.12314814814814815
0 0.253627569528416 0.14027777777777778 0.039298669891172915 0.11944444444444445
0 0.522067714631197 0.12546296296296297 0.03204353083434099 0.12685185185185185
0 0.5643893591293833 0.16805555555555557 0.039298669891172915 0.11944444444444445
0 0.5816203143893591 0.21296296296296297 0.037484885126964934 0.1425925925925926
0 0.5411124546553809 0.21666666666666667 0.036275695284159616 0.13518518518518519
0 0.3083434099153567 0.2125 0.030229746070133012 0.12129629629629629
0 0.3047158403869408 0.18287037037037038 0.03506650544135429 0.13240740740740742
0 0.20133010882708585 0.1574074074074074 0.03506650544135429 0.12407407407407407
0 0.1686819830713422 0.14212962962962963 0.037484885126964934 0.1175925925925926
0 0.2007255139056832 0.11898148148148148 0.03506650544135429 0.12314814814814815
0 0.9610036275695284 0.2162037037037037 0.034461910519951636 0.13425925925925927
0 0.6215235792019347 0.06111111111111111 0.03506650544135429 0.12037037037037036
