0 0.3145833333333333 0.43287037037037035 0.036458333333333336 0.16018518518518518
0 0.5401041666666667 0.4074074074074074 0.03854166666666667 0.1685185185185185
0 0.5067708333333333 0.4101851851851852 0.035416666666666666 0.17037037037037037
0 0.3203125 0.40324074074074073 0.03125 0.15462962962962962
0 0.5643229166666667 0.549537037037037 0.044270833333333336 0.20462962962962963
0 0.5442708333333334 0.37037037037037035 0.03229166666666667 0.12962962962962962
0 0.4921875 0.3087962962962963 0.030208333333333334 0.125
0 0.5098958333333333 0.3106481481481482 0.026041666666666668 0.11018518518518519
0 0.4510416666666667 0.3138888888888889 0.028125 0.11851851851851852
0 0.8078125 0.37175925925925923 0.03333333333333333 0.15648148148148147
0 0.45416666666666666 0.35555555555555557 0.030208333333333334 0.14074074074074075
0 0.41901041666666666 0.2824074074074074 0.03177083333333333 0.11851851851851852
0 0.36276041666666664 0.28564814814814815 0.03177083333333333 0.1398148148148148
0 0.74765625 0.38842592592592595 0.034895833333333334 0.1675925925925926
0 0.8799479166666667 0.9282407407407407 0.07864583333333333 0.14351851851851852
0 0.7731770833333333 0.937962962962963 0.07447916666666667 0.12407407407407407
0 0.10364583333333334 0.5666666666666667 0.04479166666666667 0.1962962962962963
0 0.7580729166666667 0.39537037037037037 0.03177083333333333 0.17407407407407408
0 0.1078125 0.8851851851851852 0.07916666666666666 0.22777777777777777
0 0.221875 0.9574074074074074 0.08333333333333333 0.08518518518518518
0 0.18307291666666667 0.8185185185185185 0.07135416666666666 0.26666666666666666
0 0.24869791666666666 0.8296296296296296 0.06822916666666666 0.2518518518518518
0 0.26640625 0.4041666666666667 0.03802083333333333 0.1638888888888889
0 0.19296875 0.5787037037037037 0.04739583333333333 0.24444444444444444
0 0.10911458333333333 0.8175925925925925 0.058854166666666666 0.23148148148148148
0 0.8497395833333333 0.5412037037037037 0.0609375 0.19537037037037036
0 0.9088541666666666 0.5060185185185185 0.053125 0.1935185185185185
0 0.584375 0.38425925925925924 0.03125 0.17407407407407408
0 0.484375 0.3768518518518518 0.03333333333333333 0.15925925925925927
0 0.59765625 0.37407407407407406 0.033854166666666664 0.1574074074074074
0 0.28958333333333336 0.5222222222222223 0.04791666666666667 0.22962962962962963
0 0.7140625 0.43703703703703706 0.028125 0.15925925925925927
0 0.35546875 0.3912037037037037 0.03177083333333333 0.1398148148148148
0 0.771875 0.7245370370370371 0.06979166666666667 0.2638888888888889
0 0.6390625 0.5439814814814815 0.06041666666666667 0.20092592592592592
0 0.4234375 0.5351851851851852 0.04375 0.20185185185185187
0 0.6018229166666667 0.46296296296296297 0.04010416666666667 0.1814814814814815
0 0.5354166666666667 0.4671296296296296 0.05 0.1935185185185185
0 0.5802083333333333 0.4425925925925926 0.041666666666666664 0.1814814814814815
0 0.36666666666666664 0.4148148148148148 0.03854166666666667 0.1574074074074074
