0 0.47339782345828296 0.27314814814814814 0.037484885126964934 0.14074074074074075
0 0.49848851269649336 0.2490740740740741 0.034461910519951636 0.12407407407407407
0 0.5767835550181378 0.7435185185185185 0.0471584038694075 0.15185185185185185
0 0.538391777509069 0.7509259259259259 0.05380894800483676 0.17222222222222222
0 0.5314389359129383 0.34629629629629627 0.045949214026602174 0.14444444444444443
0 0.5668077388149939 0.4152777777777778 0.04171704957678356 0.14907407407407408
0 0.8978234582829504 0.8092592592592592 0.0471584038694075 0.1574074074074074
0 0.8688029020556227 0.8115740740740741 0.05078597339782346 0.17685185185185184
0 0.8216444981862152 0.8111111111111111 0.04232164449818621 0.14074074074074075
0 0.8960096735187424 0.37777777777777777 0.04353083434099154 0.1574074074074074
0 0.6073155985489722 0.3861111111111111 0.03204353083434099 0.12777777777777777
0 0.9380290205562273 0.4638888888888889 0.044135429262394194 0.16296296296296298
0 0.9866989117291415 0.4462962962962963 0.026602176541717048 0.1574074074074074
0 0.966142684401451 0.4064814814814815 0.03506650544135429 0.13518518518518519
0 0.532950423216445 0.25277777777777777 0.04171704957678356 0.14629629629629629
0 0.4752116082224909 0.19305555555555556 0.04232164449818621 0.15462962962962962
0 0.6042926239419589 0.425 0.039298669891172915 0.1574074074074074
0 0.6411729141475212 0.4217592592592593 0.034461910519951636 0.13796296296296295
0 0.6076178960096735 0.44305555555555554 0.04232164449818621 0.1398148148148148
0 0.6559854897218863 0.3296296296296296 0.04232164449818621 0.14074074074074075
0 0.7886940749697703 0.7333333333333333 0.05501813784764208 0.18703703703703703
0 0.719770253929867 0.5092592592592593 0.046553808948004836 0.1685185185185185
0 0.6732164449818622 0.525 0.047762998790810154 0.17777777777777778
0 0.6704957678355502 0.42314814814814816 0.037484885126964934 0.14629629629629629
0 0.7463724304715841 0.7569444444444444 0.03688029020556227 0.14351851851851852
0 0.5477629987908101 0.44814814814814813 0.044740024183796856 0.15185185185185185
0 0.7004232164449818 0.45694444444444443 0.044135429262394194 0.15648148148148147
0 0.5036275695284159 0.19490740740740742 0.044740024183796856 0.14907407407407408
0 0.685006045949214 0.30972222222222223 0.0471584038694075 0.15462962962962962
0 0.7566505441354293 0.42962962962962964 0.044135429262394194 0.1648148148148148
0 0.9833736396614269 0.7546296296296297 0.03204353083434099 0.15925925925925927
0 0.9416565900846433 0.7356481481481482 0.044135429262394194 0.16203703703703703
0 0.9165659008464329 0.7314814814814815 0.05199516324062878 0.18518518518518517
0 0.7968561064087062 0.5083333333333333 0.041112454655380895 0.1574074074074074
0 0.7841596130592503 0.45046296296296295 0.037484885126964934 0.1398148148148148
0 0.6711003627569528 0.45601851851851855 0.03990326481257558 0.14351851851851852
0 0.9628174123337364 0.44027777777777777 0.044135429262394194 0.15462962962962962
0 0.9171704957678356 0.5087962962962963 0.044740024183796856 0.14351851851851852
0 0.9286577992744861 0.43425925925925923 0.04232164449818621 0.14629629629629629
0 0.8282950423216445 0.43842592592592594 0.0471584038694075 0.14907407407407408
0 0.8307134220072552 0.5023148148148148 0.045949214026602174 0.1638888888888889
0 0.6831922611850061 0.3819444444444444 0.04232164449818621 0.14351851851851852
0 0.9594921402660218 0.6907407407407408 0.044740024183796856 0.15925925925925927
0 0.5157194679564692 0.35 0.02902055622732769 0.10185185185185185
0 0.5698307134220073 0.29583333333333334 0.039298669891172915 0.13425925925925927
0 0.9607013301088271 0.5037037037037037 0.032648125755743655 0.10740740740740741
0 0.9576783555018138 0.8601851851851852 0.06166868198307134 0.1814814814814815
0 0.21493349455864572 0.25324074074074077 0.03688029020556227 0.10648148148148148
0 0.5788996372430472 0.44166666666666665 0.04171704957678356 0.16111111111111112
0 0.5386940749697703 0.39351851851851855 0.03143893591293833 0.11851851851851852
0 0.6384522370012092 0.31666666666666665 0.03506650544135429 0.13518518518518519
0 0.3721281741233374 0.9842592592592593 0.02962515114873035 0.03333333333333333
0 0.013905683192261185 0.7324074074074074 0.026602176541717048 0.17037037037037037
0 0.011789600967351875 0.6916666666666667 0.022370012091898428 0.15925925925925927
0 0.012696493349455865 0.13518518518518519 0.02418379685610641 0.14074074074074075
0 0.04746070133010883 0.34074074074074073 0.039298669891172915 0.13703703703703704
0 0.07587666263603386 0.3384259259259259 0.04171704957678356 0.15092592592592594
0 0.022370012091898428 0.10231481481481482 0.03990326481257558 0.12685185185185185
0 0.07315598548972188 0.1175925925925926 0.03990326481257558 0.12962962962962962
0 0.11819830713422007 0.24444444444444444 0.04171704957678356 0.12407407407407407
0 0.17926239419588874 0.20925925925925926 0.042926239419588876 0.1259259259259259
0 0.10399032648125756 0.18333333333333332 0.036275695284159616 0.12407407407407407
0 0.12243047158403869 0.13240740740740742 0.03688029020556227 0.11851851851851852
0 0.19830713422007254 0.06712962962962964 0.03990326481257558 0.13240740740740742
0 0.1466142684401451 0.18564814814814815 0.04171704957678356 0.13240740740740742
0 0.16928657799274485 0.05694444444444444 0.032648125755743655 0.11203703703703703
0 0.06348246674727932 0.4388888888888889 0.0471584038694075 0.15185185185185185
0 0.28355501813784767 0.0763888888888889 0.04232164449818621 0.1398148148148148
0 0.2920193470374849 0.12685185185185185 0.037484885126964934 0.13518518518518519
0 0.31197097944377267 0.09212962962962963 0.036275695284159616 0.12314814814814815
0 0.42019347037484883 0.18425925925925926 0.03506650544135429 0.13518518518518519
0 0.4498186215235792 0.041666666666666664 0.03990326481257558 0.08148148148148149
0 0.3908706166868198 0.11018518518518519 0.03688029020556227 0.12962962962962962
0 0.4827690447400242 0.11388888888888889 0.034461910519951636 0.12962962962962962
0 0.5447400241837969 0.10925925925925926 0.03990326481257558 0.13518518518518519
0 0.560459492140266 0.07962962962962963 0.037484885126964934 0.12962962962962962
0 0.5795042321644498 0.07546296296296297 0.034461910519951636 0.11944444444444445
0 0.466142684401451 0.14027777777777778 0.032648125755743655 0.12685185185185185
0 0.6227327690447401 0.05416666666666667 0.03385731559854897 0.10648148148148148
0 0.6487303506650545 0.055092592592592596 0.03869407496977025 0.10833333333333334
0 0.49334945586457074 0.15185185185185185 0.03990326481257558 0.13518518518518519
0 0.507255139056832 0.18055555555555555 0.03990326481257558 0.16296296296296298
0 0.5450423216444982 0.17592592592592593 0.03688029020556227 0.12962962962962962
0 0.5731559854897219 0.19074074074074074 0.03869407496977025 0.13148148148148148
0 0.5985489721886336 0.1884259259259259 0.03990326481257558 0.13425925925925927
0 0.6372430471584039 0.15416666666666667 0.04232164449818621 0.13425925925925927
0 0.6608222490931076 0.17546296296296296 0.037484885126964934 0.12129629629629629
0 0.6834945586457074 0.18333333333333332 0.035671100362756954 0.13148148148148148
0 0.7959492140266021 0.15138888888888888 0.03688029020556227 0.13240740740740742
0 0.687726723095526 0.2490740740740741 0.03688029020556227 0.1425925925925926
0 0.725211608222491 0.36527777777777776 0.04171704957678356 0.1398148148148148
0 0.7478839177750907 0.3490740740740741 0.03869407496977025 0.14074074074074075
0 0.7439540507859734 0.29444444444444445 0.03688029020556227 0.1425925925925926
0 0.7705562273276905 0.27546296296296297 0.042926239419588876 0.16018518518518518
0 0.9897218863361548 0.10046296296296296 0.019347037484885126 0.1361111111111111
0 0.9594921402660218 0.10324074074074074 0.041112454655380895 0.1398148148148148
0 0.9504232164449818 0.06574074074074074 0.03990326481257558 0.11666666666666667
0 0.9271463119709794 0.10231481481481482 0.03204353083434099 0.11018518518518519
0 0.9507255139056832 0.13657407407407407 0.03688029020556227 0.13240740740740742
0 0.8627569528415961 0.3962962962962963 0.03506650544135429 0.13518518518518519
0 0.964328899637243 0.3194444444444444 0.03990326481257558 0.14814814814814814
0 0.8555018137847642 0.1837962962962963 0.03385731559854897 0.12685185185185185
0 0.8899637243047158 0.1912037037037037 0.037484885126964934 0.11203703703703703
0 0.9613059250302297 0.27546296296296297 0.03869407496977025 0.14351851851851852
0 0.9474002418379686 0.2449074074074074 0.03990326481257558 0.13796296296296295
0 0.9156590084643289 0.2449074074074074 0.046553808948004836 0.15648148148148147
0 0.870918984280532 0.16064814814814815 0.039298669891172915 0.14351851851851852
0 0.898428053204353 0.49212962962962964 0.030229746070133012 0.09351851851851851
0 0.8929866989117291 0.04212962962962963 0.03506650544135429 0.0824074074074074
0 0.2932285368802902 0.04722222222222222 0.04232164449818621 0.09259259259259259
0 0.2678355501813785 0.04537037037037037 0.032648125755743655 0.08888888888888889
0 0.8458282950423216 0.17685185185185184 0.030229746070133012 0.0962962962962963
0 0.9008464328899637 0.1736111111111111 0.032648125755743655 0.11018518518518519
0 0.9017533252720678 0.14814814814814814 0.03204353083434099 0.11851851851851852
0 0.751813784764208 0.3175925925925926 0.03688029020556227 0.1425925925925926
0 0.9135429262394196 0.3125 0.06529625151148731 0.17314814814814813
0 0.3561064087061669 0.03333333333333333 0.041112454655380895 0.06481481481481481
0 0.5864570737605804 0.03888888888888889 0.03506650544135429 0.07592592592592592
0 0.8603385731559855 0.03611111111111111 0.03506650544135429 0.07037037037037037
0 0.9262394195888755 0.027314814814814816 0.03506650544135429 0.05277777777777778
0 0.5574365175332527 0.023148148148148147 0.037484885126964934 0.044444444444444446
0 0.12031438935912939 0.02546296296296296 0.030229746070133012 0.049074074074074076
0 0.9020556227327691 0.02962962962962963 0.030229746070133012 0.05740740740740741
0 0.36608222490931075 0.5300925925925926 0.039298669891172915 0.14907407407407408
0 0.08585247883917775 0.46620370370370373 0.04232164449818621 0.14907407407407408
0 0.049576783555018135 0.5939814814814814 0.04232164449818621 0.15462962962962962
0 0.024788391777509067 0.5319444444444444 0.0471584038694075 0.16574074074074074
0 0.09401451027811367 0.5888888888888889 0.051390568319226115 0.16296296296296298
0 0.8134824667472793 0.3347222222222222 0.0380894800483676 0.13425925925925927
0 0.8328295042321644 0.3296296296296296 0.034461910519951636 0.12407407407407407
0 0.25151148730350664 0.6444444444444445 0.0471584038694075 0.1685185185185185
0 0.22430471584038694 0.6236111111111111 0.03990326481257558 0.1638888888888889
0 0.35308343409915355 0.6222222222222222 0.03506650544135429 0.14814814814814814
0 0.22370012091898428 0.5578703703703703 0.04232164449818621 0.14907407407407408
0 0.2218863361547763 0.5324074074074074 0.037484885126964934 0.13518518518518519
0 0.18591293833131803 0.5291666666666667 0.04171704957678356 0.1398148148148148
0 0.19226118500604594 0.49537037037037035 0.044740024183796856 0.1425925925925926
0 0.154776299879081 0.5189814814814815 0.03990326481257558 0.14351851851851852
0 0.36275695284159615 0.2037037037037037 0.03506650544135429 0.12777777777777777
0 0.3866384522370012 0.20185185185185187 0.02720677146311971 0.12407407407407407
0 0.27388149939540507 0.42268518518518516 0.05199516324062878 0.14351851851851852
0 0.2681378476420798 0.44305555555555554 0.03688029020556227 0.1398148148148148
0 0.21765417170495768 0.937037037037037 0.0471584038694075 0.12777777777777777
0 0.30683192261185005 0.7532407407407408 0.04171704957678356 0.15462962962962962
0 0.32496977025392987 0.5583333333333333 0.039298669891172915 0.14629629629629629
0 0.34189842805320436 0.6800925925925926 0.039298669891172915 0.15648148148148147
0 0.34945586457073763 0.7138888888888889 0.04232164449818621 0.1648148148148148
0 0.664752116082225 0.8967592592592593 0.05380894800483676 0.18796296296296297
0 0.7303506650544136 0.9217592592592593 0.05078597339782346 0.15648148148148147
0 0.727932285368803 0.8810185185185185 0.03990326481257558 0.13796296296296295
0 0.4229141475211608 0.7129629629629629 0.0501813784764208 0.14814814814814814
0 0.6293833131801693 0.7203703703703703 0.053204353083434096 0.1537037037037037
0 0.43863361547762997 0.5138888888888888 0.034461910519951636 0.14074074074074075
0 0.43047158403869407 0.4837962962962963 0.03506650544135429 0.13240740740740742
0 0.2379081015719468 0.2388888888888889 0.04050785973397823 0.14814814814814814
0 0.4204957678355502 0.5666666666666667 0.03688029020556227 0.14814814814814814
0 0.43349455864570735 0.5361111111111111 0.037484885126964934 0.14814814814814814
0 0.23760580411124546 0.5981481481481481 0.037484885126964934 0.14074074074074075
0 0.28567110036275695 0.575 0.04534461910519952 0.16296296296296298
0 0.28960096735187424 0.6240740740740741 0.03990326481257558 0.1685185185185185
0 0.3053204353083434 0.38333333333333336 0.03869407496977025 0.1425925925925926
0 0.33222490931076176 0.37037037037037035 0.03688029020556227 0.13148148148148148
0 0.3044135429262394 0.35694444444444445 0.03688029020556227 0.15092592592592594
0 0.40477629987908104 0.43842592592592594 0.039298669891172915 0.14351851851851852
0 0.7877871825876662 0.9768518518518519 0.041112454655380895 0.04814814814814815
0 0.7629987908101572 0.17037037037037037 0.03385731559854897 0.1425925925925926
0 0.7312575574365175 0.11805555555555555 0.03204353083434099 0.12314814814814815
0 0.48246674727932287 0.5481481481481482 0.037484885126964934 0.15185185185185185
0 0.9132406287787183 0.9708333333333333 0.04534461910519952 0.058333333333333334
0 0.8527811366384522 0.9546296296296296 0.06590084643288996 0.09074074074074075
0 0.6197097944377267 0.8458333333333333 0.053204353083434096 0.1712962962962963
0 0.8802902055622733 0.7268518518518519 0.041112454655380895 0.1648148148148148
0 0.24425634824667472 0.35324074074074074 0.037484885126964934 0.14351851851851852
0 0.524788391777509 0.5402777777777777 0.04353083434099154 0.15648148148148147
0 0.532950423216445 0.5078703703703704 0.04171704957678356 0.16203703703703703
0 0.25151148730350664 0.3787037037037037 0.032648125755743655 0.1259259259259259
0 0.6714026602176542 0.8314814814814815 0.04897218863361548 0.17407407407407408
