0 0.78828125 0.6768518518518518 0.07135416666666666 0.23148148148148148
0 0.28984375 0.5805555555555556 0.0484375 0.21296296296296297
0 0.8322916666666667 0.5347222222222222 0.051041666666666666 0.2064814814814815
0 0.5270833333333333 0.5175925925925926 0.046875 0.20185185185185187
0 0.2526041666666667 0.5166666666666667 0.04479166666666667 0.1962962962962963
0 0.709375 0.6046296296296296 0.059375 0.23703703703703705
0 0.5625 0.36898148148148147 0.030208333333333334 0.14351851851851852
0 0.5747395833333333 0.38101851851851853 0.027604166666666666 0.13796296296296295
0 0.51015625 0.3731481481481482 0.0296875 0.14074074074074075
0 0.8018229166666667 0.3597222222222222 0.0296875 0.15462962962962962
0 0.4864583333333333 0.4078703703703704 0.034375 0.15648148148148147
0 0.1609375 0.5925925925925926 0.053125 0.22407407407407406
0 0.4036458333333333 0.3384259259259259 0.03125 0.13425925925925927
0 0.371875 0.3277777777777778 0.034375 0.14074074074074075
0 0.3109375 0.3574074074074074 0.035416666666666666 0.14629629629629629
0 0.4203125 0.3148148148148148 0.03125 0.13148148148148148
0 0.4200520833333333 0.27546296296296297 0.027604166666666666 0.11018518518518519
0 0.39765625 0.2777777777777778 0.03177083333333333 0.12037037037037036
0 0.3796875 0.26805555555555555 0.027083333333333334 0.10462962962962963
0 0.35859375 0.2726851851851852 0.027604166666666666 0.13240740740740742
0 0.6291666666666667 0.6828703703703703 0.052083333333333336 0.2916666666666667
0 0.5455729166666666 0.6837962962962963 0.05572916666666667 0.2824074074074074
0 0.5776041666666667 0.8212962962962963 0.07083333333333333 0.28703703703703703
0 0.5177083333333333 0.8106481481481481 0.06979166666666667 0.3175925925925926
0 0.09635416666666667 0.5638888888888889 0.04479166666666667 0.1962962962962963
0 0.3541666666666667 0.41435185185185186 0.035416666666666666 0.16018518518518518
0 0.59765625 0.5324074074074074 0.06614583333333333 0.21481481481481482
0 0.7489583333333333 0.4476851851851852 0.03333333333333333 0.20092592592592592
0 0.5658854166666667 0.4532407407407407 0.0359375 0.18796296296296297
0 0.7752604166666667 0.44166666666666665 0.04010416666666667 0.19444444444444445
0 0.19635416666666666 0.7481481481481481 0.0625 0.32407407407407407
0 0.29739583333333336 0.4671296296296296 0.040625 0.17685185185185184
0 0.35 0.8152777777777778 0.06041666666666667 0.2935185185185185
0 0.6963541666666667 0.4912037037037037 0.065625 0.18425925925925926
