0 0.46484375 0.36944444444444446 0.04010416666666667 0.14814814814814814
0 0.609375 0.25925925925925924 0.035416666666666666 0.12037037037037036
0 0.42291666666666666 0.25925925925925924 0.036458333333333336 0.1259259259259259
0 0.40572916666666664 0.2722222222222222 0.03229166666666667 0.12962962962962962
0 0.55 0.4810185185185185 0.042708333333333334 0.19537037037037036
0 0.46770833333333334 0.28703703703703703 0.028125 0.12407407407407407
0 0.44453125 0.3680555555555556 0.027604166666666666 0.1675925925925926
0 0.1109375 0.5370370370370371 0.03958333333333333 0.1962962962962963
0 0.5622395833333333 0.3194444444444444 0.0296875 0.1388888888888889
0 0.41328125 0.3685185185185185 0.030729166666666665 0.17407407407407408
0 0.2559895833333333 0.4699074074074074 0.059895833333333336 0.20092592592592592
0 0.14114583333333333 0.8712962962962963 0.06979166666666667 0.2574074074074074
0 0.21770833333333334 0.7578703703703704 0.07083333333333333 0.275
0 0.28567708333333336 0.7476851851851852 0.05364583333333333 0.2564814814814815
0 0.33828125 0.8212962962962963 0.0546875 0.2388888888888889
0 0.24114583333333334 0.6680555555555555 0.06145833333333333 0.28425925925925927
0 0.28489583333333335 0.5314814814814814 0.046875 0.21296296296296297
0 0.3703125 0.5583333333333333 0.05625 0.24814814814814815
0 0.34479166666666666 0.5097222222222222 0.04583333333333333 0.18425925925925926
0 0.38697916666666665 0.5106481481481482 0.03854166666666667 0.1712962962962963
0 0.6083333333333333 0.46435185185185185 0.04375 0.19166666666666668
0 0.19140625 0.5273148148148148 0.05260416666666667 0.2101851851851852
0 0.30364583333333334 0.48564814814814816 0.036458333333333336 0.18425925925925926
0 0.8291666666666667 0.44583333333333336 0.046875 0.2064814814814815
0 0.7721354166666666 0.42314814814814816 0.033854166666666664 0.1574074074074074
0 0.7541666666666667 0.4263888888888889 0.05 0.18425925925925926
0 0.48880208333333336 0.3800925925925926 0.03802083333333333 0.15648148148148147
0 0.6010416666666667 0.3574074074074074 0.03854166666666667 0.1425925925925926
0 0.5333333333333333 0.41388888888888886 0.036458333333333336 0.17777777777777778
0 0.56875 0.35694444444444445 0.03125 0.14351851851851852
0 0.5083333333333333 0.41712962962962963 0.04583333333333333 0.18425925925925926
0 0.5825520833333333 0.38055555555555554 0.034895833333333334 0.1537037037037037
0 0.5036458333333333 0.27824074074074073 0.028125 0.1398148148148148
0 0.45625 0.26944444444444443 0.03125 0.12962962962962962
0 0.5231770833333333 0.25925925925925924 0.03177083333333333 0.13518518518518519
0 0.3880208333333333 0.33796296296296297 0.030208333333333334 0.13703703703703704
0 0.7307291666666667 0.4699074074074074 0.041666666666666664 0.1712962962962963
0 0.33046875 0.3300925925925926 0.03177083333333333 0.1398148148148148
0 0.34401041666666665 0.2935185185185185 0.030729166666666665 0.1425925925925926
0 0.64921875 0.46296296296296297 0.033854166666666664 0.1814814814814815
