0 0.4204957678355502 0.7384259259259259 0.04171704957678356 0.1712962962962963
0 0.4576783555018138 0.7412037037037037 0.04232164449818621 0.15648148148148147
0 0.46523579201934706 0.9032407407407408 0.047762998790810154 0.17685185185185184
0 0.49455864570737607 0.9041666666666667 0.036275695284159616 0.16018518518518518
0 0.5042321644498187 0.7407407407407407 0.05441354292623942 0.1814814814814815
0 0.4588875453446191 0.30277777777777776 0.03869407496977025 0.15555555555555556
0 0.5462515114873036 0.9157407407407407 0.05380894800483676 0.17037037037037037
0 0.5598548972188634 0.8587962962962963 0.03869407496977025 0.16018518518518518
0 0.3403869407496977 0.8333333333333334 0.05562273276904474 0.17407407407407408
0 0.47158403869407495 0.3347222222222222 0.04353083434099154 0.16203703703703703
0 0.7103990326481258 0.8537037037037037 0.06166868198307134 0.18888888888888888
0 0.6045949214026602 0.9060185185185186 0.05562273276904474 0.17314814814814813
0 0.4437726723095526 0.9074074074074074 0.030229746070133012 0.12407407407407407
0 0.5272067714631197 0.8560185185185185 0.0471584038694075 0.14537037037037037
0 0.40084643288996374 0.9097222222222222 0.03869407496977025 0.15092592592592594
0 0.32043530834340994 0.8138888888888889 0.0471584038694075 0.1648148148148148
0 0.6692865779927448 0.5226851851851851 0.045949214026602174 0.14537037037037037
0 0.7164449818621523 0.5199074074074074 0.0471584038694075 0.16018518518518518
0 0.8334340991535671 0.8236111111111111 0.05259975816203144 0.17685185185185184
0 0.5894800483675937 0.5087962962962963 0.05441354292623942 0.17314814814814813
0 0.4198911729141475 0.5569444444444445 0.03204353083434099 0.15648148148148147
0 0.8310157194679565 0.7291666666666666 0.046553808948004836 0.17314814814814813
0 0.8675937122128174 0.687037037037037 0.04836759371221282 0.17777777777777778
0 0.5102781136638452 0.5699074074074074 0.04232164449818621 0.15833333333333333
0 0.5350665054413543 0.5953703703703703 0.044740024183796856 0.14814814814814814
0 0.5870616686819831 0.2916666666666667 0.03506650544135429 0.1574074074074074
0 0.9607013301088271 0.9768518518518519 0.03506650544135429 0.04814814814814815
0 0.5652962515114873 0.3101851851851852 0.044740024183796856 0.14814814814814814
0 0.5305320435308344 0.36064814814814816 0.044135429262394194 0.16018518518518518
0 0.45163240628778717 0.6171296296296296 0.041112454655380895 0.15092592592592594
0 0.48065296251511486 0.625 0.041112454655380895 0.16296296296296298
0 0.4860943168077388 0.6652777777777777 0.045949214026602174 0.1712962962962963
0 0.5175332527206772 0.687962962962963 0.037484885126964934 0.15185185185185185
0 0.5519951632406288 0.6949074074074074 0.04836759371221282 0.15462962962962962
0 0.7282345828295043 0.7046296296296296 0.04050785973397823 0.1648148148148148
0 0.5344619105199516 0.950925925925926 0.04353083434099154 0.09814814814814815
0 0.56136638452237 0.9810185185185185 0.042926239419588876 0.03796296296296296
0 0.44740024183796856 0.8541666666666666 0.049576783555018135 0.17314814814814813
0 0.8107617896009673 0.5148148148148148 0.03990326481257558 0.14814814814814814
0 0.8494558645707376 0.5217592592592593 0.04353083434099154 0.1398148148148148
0 0.814993954050786 0.4837962962962963 0.05199516324062878 0.15462962962962962
0 0.907496977025393 0.5791666666666667 0.044740024183796856 0.15648148148148147
0 0.971584038694075 0.4263888888888889 0.04353083434099154 0.1675925925925926
0 0.9280532043530835 0.4393518518518518 0.049576783555018135 0.14907407407407408
0 0.7826481257557436 0.5152777777777777 0.035671100362756954 0.10833333333333334
0 0.8609431680773881 0.4976851851851852 0.03506650544135429 0.12685185185185185
0 0.8455259975816203 0.462037037037037 0.03204353083434099 0.13518518518518519
0 0.4274486094316808 0.8013888888888889 0.0471584038694075 0.1712962962962963
0 0.3561064087061669 0.774074074074074 0.045949214026602174 0.16111111111111112
0 0.0752720677146312 0.9106481481481481 0.051390568319226115 0.1712962962962963
0 0.8548972188633616 0.9208333333333333 0.06166868198307134 0.15648148148148147
0 0.8083434099153567 0.612037037037037 0.037484885126964934 0.15
0 0.8724304715840387 0.5611111111111111 0.03990326481257558 0.1537037037037037
0 0.7732769044740024 0.4388888888888889 0.053204353083434096 0.17037037037037037
0 0.9344014510278114 0.3523148148148148 0.03688029020556227 0.14537037037037037
0 0.9646311970979444 0.33564814814814814 0.047762998790810154 0.16018518518518518
0 0.9585852478839177 0.2125 0.044135429262394194 0.13240740740740742
0 0.9319830713422007 0.38657407407407407 0.04171704957678356 0.15092592592592594
0 0.74546553808948 0.2537037037037037 0.04353083434099154 0.14629629629629629
0 0.7799274486094316 0.2689814814814815 0.04353083434099154 0.14351851851851852
0 0.8960096735187424 0.36157407407407405 0.045949214026602174 0.14907407407407408
0 0.9247279322853688 0.30462962962962964 0.039298669891172915 0.15185185185185185
0 0.8969165659008465 0.31851851851851853 0.03688029020556227 0.14074074074074075
0 0.9020556227327691 0.24953703703703703 0.037484885126964934 0.13240740740740742
0 0.9344014510278114 0.25601851851851853 0.04171704957678356 0.13240740740740742
0 0.903869407496977 0.1925925925925926 0.037484885126964934 0.14074074074074075
0 0.9132406287787183 0.15 0.039298669891172915 0.13703703703703704
0 0.008162031438935914 0.3162037037037037 0.015114873035066506 0.15462962962962962
0 0.0250906892382104 0.2833333333333333 0.03688029020556227 0.12407407407407407
0 0.049576783555018135 0.26157407407407407 0.04232164449818621 0.14907407407407408
0 0.06529625151148731 0.39861111111111114 0.04232164449818621 0.15462962962962962
0 0.11215235792019347 0.3587962962962963 0.044135429262394194 0.14907407407407408
0 0.03536880290205562 0.34675925925925927 0.03688029020556227 0.12129629629629629
0 0.002116082224909311 0.5518518518518518 0.003022974607013301 0.1962962962962963
0 0.04897218863361548 0.3375 0.044740024183796856 0.15462962962962962
0 0.08192261185006046 0.34444444444444444 0.034461910519951636 0.13518518518518519
0 0.0912938331318017 0.37407407407407406 0.02539298669891173 0.0962962962962963
0 0.5181378476420798 0.4981481481481482 0.056831922611850064 0.1685185185185185
0 0.7539298669891172 0.6111111111111112 0.05804111245465538 0.17962962962962964
0 0.7769044740024184 0.562037037037037 0.045949214026602174 0.1537037037037037
0 0.5516928657799275 0.48842592592592593 0.046553808948004836 0.16203703703703703
0 0.6423821039903265 0.46435185185185185 0.046553808948004836 0.17314814814814813
0 0.7430471584038694 0.4027777777777778 0.0471584038694075 0.14074074074074075
0 0.5577388149939541 0.40694444444444444 0.04171704957678356 0.14537037037037037
0 0.8195284159613059 0.3587962962962963 0.039298669891172915 0.14907407407407408
0 0.7971584038694075 0.3773148148148148 0.044135429262394194 0.14907407407407408
0 0.7626964933494559 0.36342592592592593 0.039298669891172915 0.14537037037037037
0 0.7932285368802902 0.3125 0.03385731559854897 0.12314814814814815
0 0.6831922611850061 0.39166666666666666 0.05078597339782346 0.15185185185185185
0 0.7512091898428053 0.30462962962962964 0.046553808948004836 0.1425925925925926
0 0.6644498186215235 0.2967592592592593 0.03869407496977025 0.1398148148148148
0 0.6986094316807738 0.30925925925925923 0.035671100362756954 0.14074074074074075
0 0.5946191051995163 0.4583333333333333 0.044135429262394194 0.1574074074074074
0 0.5544135429262395 0.4305555555555556 0.04232164449818621 0.1425925925925926
0 0.620918984280532 0.37037037037037035 0.03990326481257558 0.15925925925925927
0 0.5743651753325272 0.3648148148148148 0.036275695284159616 0.14629629629629629
0 0.5979443772672309 0.3416666666666667 0.037484885126964934 0.1574074074074074
0 0.6466142684401451 0.350462962962963 0.04171704957678356 0.16018518518518518
0 0.7536275695284159 0.22314814814814815 0.04050785973397823 0.13333333333333333
0 0.23397823458282951 0.12268518518518519 0.03869407496977025 0.175
0 0.20556227327690446 0.13287037037037036 0.03385731559854897 0.13240740740740742
0 0.7218863361547763 0.17175925925925925 0.04232164449818621 0.14351851851851852
0 0.7530229746070133 0.1675925925925926 0.042926239419588876 0.12962962962962962
0 0.9873035066505441 0.5277777777777778 0.02539298669891173 0.11296296296296296
0 0.9830713422007256 0.08148148148148149 0.032648125755743655 0.12407407407407407
0 0.9474002418379686 0.15833333333333333 0.037484885126964934 0.1259259259259259
0 0.9477025392986699 0.08287037037037037 0.039298669891172915 0.14166666666666666
0 0.8551995163240629 0.13055555555555556 0.034461910519951636 0.14074074074074075
0 0.9214026602176542 0.052314814814814814 0.03506650544135429 0.10277777777777777
0 0.9241233373639661 0.10138888888888889 0.039298669891172915 0.12685185185185185
0 0.8784764207980653 0.07407407407407407 0.037484885126964934 0.12962962962962962
0 0.9177750906892382 0.028703703703703703 0.037484885126964934 0.05555555555555555
0 0.8730350665054414 0.040740740740740744 0.036275695284159616 0.07962962962962963
0 0.8391777509068924 0.059722222222222225 0.03506650544135429 0.1175925925925926
0 0.6224304715840387 0.2902777777777778 0.039298669891172915 0.14537037037037037
0 0.6683796856106409 0.14444444444444443 0.04171704957678356 0.14444444444444443
0 0.6387545344619106 0.1537037037037037 0.03688029020556227 0.13518518518518519
0 0.6181983071342201 0.13518518518518519 0.02962515114873035 0.12407407407407407
0 0.5900846432889963 0.1300925925925926 0.037484885126964934 0.1361111111111111
0 0.567714631197098 0.13055555555555556 0.03506650544135429 0.1425925925925926
0 0.6178960096735188 0.05 0.030229746070133012 0.09814814814814815
0 0.13482466747279323 0.12129629629629629 0.03869407496977025 0.13518518518518519
0 0.15356711003627568 0.1412037037037037 0.03990326481257558 0.1361111111111111
0 0.2067714631197098 0.075 0.03990326481257558 0.13148148148148148
0 0.06922611850060459 0.043055555555555555 0.03688029020556227 0.08425925925925926
0 0.12333736396614269 0.06481481481481481 0.02902055622732769 0.1259259259259259
0 0.2666263603385732 0.04259259259259259 0.030229746070133012 0.08333333333333333
0 0.28234582829504234 0.05 0.030229746070133012 0.09814814814814815
0 0.3213422007255139 0.0763888888888889 0.039298669891172915 0.1287037037037037
0 0.31680773881499397 0.049074074074074076 0.03506650544135429 0.08703703703703704
0 0.5090689238210399 0.04861111111111111 0.03990326481257558 0.09537037037037037
0 0.34945586457073763 0.05138888888888889 0.037484885126964934 0.10092592592592593
0 0.5480652962515115 0.046296296296296294 0.039298669891172915 0.09074074074074075
0 0.5937122128174124 0.04861111111111111 0.04232164449818621 0.09537037037037037
0 0.4900241837968561 0.031018518518518518 0.034461910519951636 0.06018518518518518
0 0.6692865779927448 0.024074074074074074 0.032648125755743655 0.046296296296296294
0 0.8083434099153567 0.07222222222222222 0.03990326481257558 0.13148148148148148
0 0.1414752116082225 0.05787037037037037 0.037484885126964934 0.11388888888888889
0 0.3545949214026602 0.4537037037037037 0.035671100362756954 0.1574074074074074
0 0.35096735187424427 0.2037037037037037 0.028415961305925032 0.11851851851851852
0 0.1354292623941959 0.7041666666666667 0.049576783555018135 0.16018518518518518
0 0.3349455864570738 0.2324074074074074 0.03506650544135429 0.13518518518518519
0 0.1296856106408706 0.6699074074074074 0.05259975816203144 0.16203703703703703
0 0.8279927448609432 0.3101851851851852 0.03688029020556227 0.13148148148148148
0 0.8579201934703748 0.30416666666666664 0.03385731559854897 0.12314814814814815
0 0.23730350665054414 0.5592592592592592 0.042926239419588876 0.1685185185185185
0 0.21160822249093109 0.538425925925926 0.03506650544135429 0.17685185185185184
0 0.34582829504232165 0.5430555555555555 0.032648125755743655 0.1398148148148148
0 0.20405078597339782 0.48518518518518516 0.03688029020556227 0.14814814814814814
0 0.2119105199516324 0.46944444444444444 0.03204353083434099 0.1574074074074074
0 0.17835550181378476 0.45601851851851855 0.03143893591293833 0.12685185185185185
0 0.17261185006045948 0.41574074074074074 0.039298669891172915 0.14629629629629629
0 0.13270858524788393 0.4361111111111111 0.04050785973397823 0.14814814814814814
0 0.35368802902055624 0.11342592592592593 0.032648125755743655 0.12685185185185185
0 0.37424425634824665 0.11342592592592593 0.032648125755743655 0.1287037037037037
0 0.2642079806529625 0.3476851851851852 0.044740024183796856 0.1398148148148148
0 0.2548367593712213 0.3597222222222222 0.034461910519951636 0.14537037037037037
0 0.17714631197097944 0.8666666666666667 0.044740024183796856 0.16666666666666666
0 0.2929262394195889 0.674537037037037 0.04534461910519952 0.15648148148148147
0 0.4235187424425635 0.5226851851851851 0.04171704957678356 0.15462962962962962
0 0.3313180169286578 0.5958333333333333 0.03506650544135429 0.15462962962962962
0 0.3310157194679565 0.6296296296296297 0.044135429262394194 0.1685185185185185
0 0.40598548972188636 0.6388888888888888 0.051390568319226115 0.15185185185185185
0 0.6115477629987908 0.6736111111111112 0.046553808948004836 0.15648148148148147
0 0.42321644498186217 0.42407407407407405 0.03506650544135429 0.12407407407407407
0 0.4156590084643289 0.3925925925925926 0.039298669891172915 0.10740740740740741
0 0.4062877871825877 0.47685185185185186 0.03385731559854897 0.14444444444444443
0 0.41747279322853686 0.45046296296296295 0.02962515114873035 0.13240740740740742
0 0.22370012091898428 0.5148148148148148 0.037484885126964934 0.14629629629629629
0 0.2747883917775091 0.5069444444444444 0.05501813784764208 0.15648148148148147
0 0.27237001209189843 0.549074074074074 0.039298669891172915 0.17407407407407408
0 0.6094316807738815 0.8277777777777777 0.05078597339782346 0.17222222222222222
0 0.2400241837968561 0.30648148148148147 0.03506650544135429 0.14074074074074075
0 0.7799274486094316 0.8013888888888889 0.045949214026602174 0.16203703703703703
0 0.281136638452237 0.29814814814814816 0.037484885126964934 0.14814814814814814
0 0.39238210399032647 0.3486111111111111 0.03990326481257558 0.13796296296296295
0 0.20435308343409916 0.26990740740740743 0.03385731559854897 0.12685185185185185
0 0.46432889963724305 0.4666666666666667 0.03869407496977025 0.14444444444444443
0 0.1475211608222491 0.28564814814814815 0.03506650544135429 0.13796296296296295
0 0.16142684401451027 0.31203703703703706 0.03506650544135429 0.12407407407407407
