0 0.7638533674339301 0.8613636363636363 0.04603580562659847 0.14545454545454545
0 0.014919011082693947 0.7147727272727272 0.028132992327365727 0.1318181818181818
0 0.7237851662404092 0.8715909090909091 0.056265984654731455 0.1590909090909091
0 0.15601023017902813 0.6034090909090909 0.04603580562659847 0.14545454545454545
0 0.14066496163682865 0.4863636363636364 0.04603580562659847 0.1318181818181818
0 0.19053708439897699 0.45852272727272725 0.043478260869565216 0.1375
0 0.23742540494458653 0.4556818181818182 0.04688832054560955 0.12727272727272726
0 0.12830349531116794 0.553409090909091 0.045183290707587385 0.12727272727272726
0 0.5093776641091219 0.7840909090909091 0.040068201193520885 0.14772727272727273
0 0.5370843989769821 0.7664772727272727 0.03751065643648764 0.14431818181818182
0 0.5319693094629157 0.5420454545454545 0.05285592497868713 0.12727272727272726
0 0.3431372549019608 0.39886363636363636 0.040068201193520885 0.12272727272727273
0 0.4492753623188406 0.4994318181818182 0.04774083546462063 0.14431818181818182
0 0.3895993179880648 0.4903409090909091 0.04092071611253197 0.13977272727272727
0 0.29923273657289 0.22670454545454546 0.028985507246376812 0.09659090909090909
0 0.8205456095481671 0.26534090909090907 0.03324808184143223 0.10113636363636364
0 0.7847399829497016 0.23920454545454545 0.03324808184143223 0.10568181818181818
0 0.8469735720375107 0.27386363636363636 0.03665814151747655 0.10227272727272728
0 0.8282182438192668 0.4284090909090909 0.045183290707587385 0.125
0 0.783461210571185 0.4414772727272727 0.042625745950554135 0.10568181818181818
0 0.577152600170503 0.20795454545454545 0.027280477408354646 0.10227272727272728
0 0.8069053708439897 0.5363636363636364 0.040068201193520885 0.1340909090909091
0 0.8840579710144928 0.8522727272727273 0.059676044330775786 0.15454545454545454
0 0.6517476555839727 0.9875 0.028132992327365727 0.020454545454545454
0 0.023017902813299233 0.7585227272727273 0.0443307757885763 0.13295454545454546
0 0.24381926683716965 0.6585227272727273 0.04092071611253197 0.13295454545454546
0 0.6986359761295823 0.977840909090909 0.03665814151747655 0.042045454545454546
0 0.09462915601023018 0.8653409090909091 0.0494458653026428 0.15113636363636362
0 0.6726342710997443 0.7710227272727272 0.04774083546462063 0.13295454545454546
0 0.7071611253196931 0.7755681818181818 0.03836317135549872 0.13068181818181818
0 0.8363171355498721 0.8323863636363636 0.06308610400682012 0.1715909090909091
0 0.7979539641943734 0.6681818181818182 0.04603580562659847 0.1431818181818182
0 0.6820119352088662 0.7136363636363636 0.03751065643648764 0.12954545454545455
0 0.7787723785166241 0.5392045454545454 0.040068201193520885 0.11704545454545455
0 0.7344416027280477 0.4323863636363636 0.03324808184143223 0.12386363636363637
0 0.7544757033248082 0.43522727272727274 0.03239556692242114 0.12045454545454545
0 0.8256606990622336 0.09602272727272727 0.029838022165387893 0.08977272727272727
0 0.8060528559249787 0.08068181818181819 0.028132992327365727 0.10227272727272728
0 0.3452685421994885 0.21647727272727274 0.03239556692242114 0.10568181818181818
0 0.3269394714407502 0.23295454545454544 0.03836317135549872 0.09772727272727273
0 0.18030690537084398 0.16704545454545455 0.029838022165387893 0.09772727272727273
0 0.23870417732310314 0.16875 0.027280477408354646 0.09659090909090909
0 0.23017902813299232 0.14545454545454545 0.023870417732310314 0.1
0 0.37809036658141515 0.1875 0.028132992327365727 0.10454545454545454
0 0.39641943734015345 0.19090909090909092 0.028985507246376812 0.08181818181818182
0 0.4680306905370844 0.32045454545454544 0.0392156862745098 0.12045454545454545
0 0.4254049445865303 0.21022727272727273 0.03410059676044331 0.09318181818181819
0 0.46717817561807334 0.2159090909090909 0.03239556692242114 0.1
0 0.48294970161977835 0.25738636363636364 0.040068201193520885 0.10795454545454546
0 0.43861892583120204 0.1965909090909091 0.0247229326513214 0.07954545454545454
0 0.46121057118499575 0.18125 0.030690537084398978 0.10340909090909091
0 0.4680306905370844 0.1431818181818182 0.028985507246376812 0.09318181818181819
0 0.46888320545609546 0.125 0.02557544757033248 0.09318181818181819
0 0.43307757885763 0.13125 0.03239556692242114 0.09431818181818181
0 0.20630861040068202 0.10511363636363637 0.028985507246376812 0.09659090909090909
0 0.25404944586530265 0.14431818181818182 0.03239556692242114 0.10681818181818181
0 0.27408354646206307 0.15 0.03154305200341006 0.09090909090909091
0 0.3137254901960784 0.15170454545454545 0.027280477408354646 0.09204545454545454
0 0.29411764705882354 0.14204545454545456 0.028985507246376812 0.09318181818181819
0 0.3175618073316283 0.13125 0.03836317135549872 0.09431818181818181
0 0.5272804774083546 0.13011363636363638 0.03324808184143223 0.10568181818181818
0 0.4812446717817562 0.0971590909090909 0.03154305200341006 0.10340909090909091
0 0.5230179028132992 0.09261363636363637 0.03154305200341006 0.08977272727272727
0 0.4134697357203751 0.11875 0.030690537084398978 0.09204545454545454
0 0.45652173913043476 0.06647727272727273 0.03154305200341006 0.08295454545454546
0 0.4394714407502131 0.08125 0.021312872975277068 0.06704545454545455
0 0.30861040068201195 0.04715909090909091 0.027280477408354646 0.09204545454545454
0 0.5196078431372549 0.17897727272727273 0.03495311167945439 0.10568181818181818
0 0.10315430520034101 0.9670454545454545 0.04774083546462063 0.06363636363636363
0 0.5072463768115942 0.23806818181818182 0.030690537084398978 0.09204545454545454
0 0.21696504688832055 0.6517045454545455 0.03495311167945439 0.12840909090909092
0 0.572463768115942 0.9306818181818182 0.05541346973572037 0.1340909090909091
0 0.02216538789428815 0.48409090909090907 0.042625745950554135 0.1159090909090909
0 0.7450980392156863 0.6806818181818182 0.04603580562659847 0.13863636363636364
0 0.2668371696504689 0.7113636363636363 0.042625745950554135 0.13863636363636364
0 0.29624893435635125 0.6948863636363637 0.043478260869565216 0.14886363636363636
0 0.37084398976982097 0.6977272727272728 0.04603580562659847 0.14545454545454545
0 0.6176470588235294 0.9289772727272727 0.040068201193520885 0.1375
0 0.033674339300937765 0.3085227272727273 0.03495311167945439 0.10568181818181818
0 0.22037510656436488 0.7920454545454545 0.04688832054560955 0.13863636363636364
0 0.34057971014492755 0.5357954545454545 0.05200341005967604 0.13068181818181818
0 0.06564364876385337 0.3039772727272727 0.03580562659846547 0.10568181818181818
0 0.050724637681159424 0.47897727272727275 0.03495311167945439 0.1215909090909091
0 0.20076726342711 0.6039772727272728 0.041773231031543054 0.13295454545454546
0 0.12276214833759591 0.9556818181818182 0.03751065643648764 0.08636363636363636
0 0.19053708439897699 0.78125 0.05029838022165388 0.16477272727272727
0 0.3593350383631714 0.19147727272727272 0.0247229326513214 0.09659090909090909
0 0.7007672634271099 0.43522727272727274 0.04774083546462063 0.12045454545454545
0 0.9641943734015346 0.01818181818181818 0.028985507246376812 0.03409090909090909
0 0.9160272804774083 0.01534090909090909 0.028132992327365727 0.028409090909090908
0 0.36658141517476556 0.058522727272727275 0.028985507246376812 0.09431818181818181
0 0.41091219096334186 0.013636363636363636 0.02557544757033248 0.025
0 0.4462915601023018 0.1125 0.03324808184143223 0.09318181818181819
0 0.4731457800511509 0.028977272727272727 0.027280477408354646 0.05568181818181818
0 0.49104859335038364 0.06818181818181818 0.03239556692242114 0.08636363636363636
0 0.39514066496163686 0.05909090909090909 0.028132992327365727 0.08636363636363636
