0 0.03410059676044331 0.80625 0.0443307757885763 0.15113636363636362
0 0.0370843989769821 0.8965909090909091 0.05029838022165388 0.15454545454545454
0 0.10400682011935208 0.8653409090909091 0.0392156862745098 0.14886363636363636
0 0.7208013640238704 0.9426136363636364 0.05541346973572037 0.11704545454545455
0 0.45865302642796246 0.94375 0.0443307757885763 0.11477272727272728
0 0.5098039215686274 0.9323863636363636 0.0494458653026428 0.13295454545454546
0 0.3516624040920716 0.7954545454545454 0.041773231031543054 0.15227272727272728
0 0.3154305200341006 0.7698863636363636 0.04774083546462063 0.14431818181818182
0 0.2813299232736573 0.8056818181818182 0.05115089514066496 0.1409090909090909
0 0.5161977834612106 0.7960227272727273 0.041773231031543054 0.15113636363636362
0 0.546462063086104 0.7977272727272727 0.04603580562659847 0.15227272727272728
0 0.41091219096334186 0.9681818181818181 0.0443307757885763 0.06363636363636363
0 0.3976982097186701 0.6380681818181818 0.03836317135549872 0.1375
0 0.11082693947144075 0.6244318181818181 0.0443307757885763 0.14204545454545456
0 0.13640238704177324 0.6244318181818181 0.0443307757885763 0.12840909090909092
0 0.7553282182438192 0.6636363636363637 0.04774083546462063 0.15227272727272728
0 0.763000852514919 0.9522727272727273 0.0443307757885763 0.09318181818181819
0 0.3307757885763001 0.5744318181818182 0.03751065643648764 0.12840909090909092
0 0.31628303495311166 0.5971590909090909 0.04092071611253197 0.1375
0 0.15942028985507245 0.540340909090909 0.0443307757885763 0.14204545454545456
0 0.8478260869565217 0.030113636363636363 0.0247229326513214 0.05795454545454545
0 0.8836317135549873 0.8931818181818182 0.043478260869565216 0.14772727272727273
0 0.4833759590792839 0.5494318181818182 0.04092071611253197 0.13068181818181818
0 0.4539641943734015 0.6414772727272727 0.043478260869565216 0.1375
0 0.48891730605285594 0.6448863636363636 0.041773231031543054 0.14431818181818182
0 0.5694799658994032 0.7505681818181819 0.04603580562659847 0.1215909090909091
0 0.3052003410059676 0.10056818181818182 0.03239556692242114 0.10795454545454546
0 0.8226768968456948 0.42727272727272725 0.04092071611253197 0.10454545454545454
0 0.10230179028132992 0.9869318181818182 0.03580562659846547 0.028409090909090908
0 0.2796248934356351 0.9710227272727273 0.0443307757885763 0.060227272727272727
0 0.20460358056265984 0.977840909090909 0.0443307757885763 0.04431818181818182
0 0.23444160272804773 0.9590909090909091 0.04774083546462063 0.08409090909090909
0 0.1432225063938619 0.928409090909091 0.0494458653026428 0.14545454545454545
0 0.18073316283034954 0.9289772727272727 0.042625745950554135 0.14431818181818182
0 0.43137254901960786 0.03806818181818182 0.02557544757033248 0.06477272727272727
0 0.41602728047740833 0.03806818181818182 0.028985507246376812 0.07386363636363637
0 0.38832054560954815 0.013636363636363636 0.028132992327365727 0.025
0 0.32821824381926684 0.026704545454545453 0.028985507246376812 0.05113636363636364
0 0.2186700767263427 0.0715909090909091 0.028132992327365727 0.09318181818181819
0 0.7988064791133845 0.34602272727272726 0.03580562659846547 0.10795454545454546
0 0.8064791133844842 0.23295454545454544 0.0392156862745098 0.11818181818181818
0 0.8537936913895993 0.24772727272727274 0.03495311167945439 0.11818181818181818
0 0.8056265984654731 0.24375 0.03239556692242114 0.11477272727272728
0 0.83461210571185 0.07386363636363637 0.03580562659846547 0.09772727272727273
0 0.73231031543052 0.42045454545454547 0.0392156862745098 0.125
0 0.4961636828644501 0.325 0.03580562659846547 0.11136363636363636
0 0.5353793691389599 0.3221590909090909 0.0392156862745098 0.12840909090909092
0 0.8201193520886616 0.39431818181818185 0.03751065643648764 0.10454545454545454
0 0.7757885763000852 0.42556818181818185 0.04092071611253197 0.1215909090909091
0 0.7229326513213982 0.6068181818181818 0.0392156862745098 0.15227272727272728
0 0.8358908780903666 0.5590909090909091 0.03154305200341006 0.12045454545454545
0 0.8124467178175618 0.6636363636363637 0.03410059676044331 0.10454545454545454
0 0.875532821824382 0.6511363636363636 0.042625745950554135 0.1318181818181818
0 0.8098891730605285 0.5857954545454546 0.0392156862745098 0.13522727272727272
0 0.5545609548167093 0.4596590909090909 0.045183290707587385 0.13068181818181818
0 0.5400682011935208 0.46079545454545456 0.041773231031543054 0.13522727272727272
0 0.2898550724637681 0.2903409090909091 0.03580562659846547 0.11477272727272728
0 0.4957374254049446 0.13068181818181818 0.028132992327365727 0.09090909090909091
0 0.2246376811594203 0.028409090909090908 0.0247229326513214 0.05454545454545454
0 0.3554987212276215 0.04659090909090909 0.02557544757033248 0.08863636363636364
0 0.8145780051150895 0.33693181818181817 0.03836317135549872 0.10340909090909091
0 0.855072463768116 0.7 0.02557544757033248 0.10454545454545454
0 0.2412617220801364 0.07102272727272728 0.027280477408354646 0.08295454545454546
0 0.7088661551577152 0.3261363636363636 0.05200341005967604 0.12272727272727273
0 0.8456947996589941 0.39090909090909093 0.042625745950554135 0.125
0 0.5413469735720375 0.39943181818181817 0.03410059676044331 0.11477272727272728
0 0.793691389599318 0.55625 0.04092071611253197 0.1215909090909091
0 0.5272804774083546 0.1318181818181818 0.03324808184143223 0.09318181818181819
0 0.526001705029838 0.5448863636363637 0.0392156862745098 0.14204545454545456
0 0.572463768115942 0.3886363636363636 0.03836317135549872 0.12727272727272726
0 0.013213981244671782 0.5232954545454546 0.0247229326513214 0.11704545454545455
0 0.7399829497016198 0.44829545454545455 0.0392156862745098 0.13068181818181818
0 0.7374254049445865 0.2340909090909091 0.03410059676044331 0.11363636363636363
0 0.5191815856777494 0.06818181818181818 0.028985507246376812 0.09090909090909091
0 0.5404944586530265 0.07045454545454545 0.023870417732310314 0.09772727272727273
0 0.5417732310315431 0.0903409090909091 0.028132992327365727 0.09431818181818181
0 0.6419437340153452 0.8994318181818182 0.0494458653026428 0.15568181818181817
0 0.6820119352088662 0.9017045454545455 0.0443307757885763 0.16477272727272727
0 0.8162830349531117 0.8011363636363636 0.04859335038363171 0.16590909090909092
0 0.8380221653878943 0.7022727272727273 0.04774083546462063 0.15454545454545454
0 0.8887468030690537 0.7153409090909091 0.03836317135549872 0.1375
0 0.690537084398977 0.5772727272727273 0.042625745950554135 0.1409090909090909
0 0.23870417732310314 0.19318181818181818 0.030690537084398978 0.1
0 0.46547314578005117 0.4005681818181818 0.04092071611253197 0.12840909090909092
0 0.1896845694799659 0.4409090909090909 0.03154305200341006 0.10454545454545454
0 0.21696504688832055 0.4329545454545455 0.03495311167945439 0.12045454545454545
0 0.24381926683716965 0.45170454545454547 0.03580562659846547 0.09659090909090909
0 0.2531969309462916 0.28920454545454544 0.03580562659846547 0.11477272727272728
0 0.4219948849104859 0.3715909090909091 0.03580562659846547 0.125
0 0.3030690537084399 0.17954545454545454 0.03495311167945439 0.10681818181818181
0 0.17391304347826086 0.09431818181818181 0.028985507246376812 0.09772727272727273
0 0.3495311167945439 0.18181818181818182 0.028985507246376812 0.08409090909090909
0 0.5332480818414322 0.04772727272727273 0.03154305200341006 0.09318181818181819
0 0.4484228473998295 0.1375 0.03239556692242114 0.10454545454545454
0 0.4722932651321398 0.14488636363636365 0.03239556692242114 0.08977272727272727
0 0.19138959931798807 0.05454545454545454 0.028132992327365727 0.1
0 0.1423699914748508 0.019886363636363636 0.03751065643648764 0.0375
0 0.3290707587382779 0.10738636363636364 0.030690537084398978 0.0875
0 0.49701619778346123 0.16363636363636364 0.03580562659846547 0.10454545454545454
0 0.763000852514919 0.32670454545454547 0.042625745950554135 0.1215909090909091
0 0.391304347826087 0.04715909090909091 0.028985507246376812 0.08522727272727272
0 0.4731457800511509 0.04602272727272727 0.028985507246376812 0.08295454545454546
0 0.5089514066496164 0.4056818181818182 0.03751065643648764 0.11363636363636363
0 0.21057118499573743 0.033522727272727273 0.02557544757033248 0.06477272727272727
0 0.04816709292412617 0.9653409090909091 0.03836317135549872 0.06931818181818182
0 0.8124467178175618 0.9539772727272727 0.05285592497868713 0.09431818181818181
0 0.26427962489343565 0.7346590909090909 0.0443307757885763 0.13522727272727272
0 0.8482523444160273 0.9005681818181818 0.04603580562659847 0.16704545454545455
0 0.947996589940324 0.9210227272727273 0.04092071611253197 0.1534090909090909
0 0.9680306905370843 0.9227272727272727 0.03495311167945439 0.15681818181818183
0 0.9705882352941176 0.8647727272727272 0.04688832054560955 0.14772727272727273
0 0.8917306052855924 0.6113636363636363 0.03751065643648764 0.13863636363636364
0 0.23273657289002558 0.019318181818181818 0.03239556692242114 0.03636363636363636
0 0.014492753623188406 0.5869318181818182 0.027280477408354646 0.12386363636363637
0 0.014066496163682864 0.5590909090909091 0.026427962489343565 0.12045454545454545
0 0.6061381074168798 0.7414772727272727 0.04774083546462063 0.14204545454545456
0 0.05541346973572037 0.36875 0.03751065643648764 0.12840909090909092
0 0.2412617220801364 0.6181818181818182 0.03751065643648764 0.14545454545454545
0 0.5694799658994032 0.6034090909090909 0.042625745950554135 0.125
0 0.4676044330775789 0.47670454545454544 0.03495311167945439 0.10795454545454546
0 0.3137254901960784 0.35852272727272727 0.03580562659846547 0.12386363636363637
0 0.03410059676044331 0.4625 0.0443307757885763 0.125
0 0.07161125319693094 0.38920454545454547 0.042625745950554135 0.11704545454545455
0 0.3034953111679454 0.6556818181818181 0.042625745950554135 0.13863636363636364
0 0.10912190963341858 0.38522727272727275 0.04092071611253197 0.11818181818181818
0 0.4492753623188406 0.2215909090909091 0.03239556692242114 0.11136363636363636
0 0.5187553282182438 0.5664772727272728 0.03495311167945439 0.1215909090909091
0 0.4360613810741688 0.4659090909090909 0.03836317135549872 0.1318181818181818
0 0.19522591645353793 0.07840909090909091 0.023870417732310314 0.08409090909090909
0 0.47698209718670076 0.4426136363636364 0.03495311167945439 0.1215909090909091
0 0.5336743393009378 0.5107954545454545 0.04092071611253197 0.13522727272727272
0 0.3491048593350384 0.3573863636363636 0.03154305200341006 0.12840909090909092
0 0.13256606990622335 0.25 0.041773231031543054 0.10454545454545454
0 0.41304347826086957 0.3079545454545455 0.03495311167945439 0.10454545454545454
0 0.1636828644501279 0.36420454545454545 0.03751065643648764 0.11931818181818182
0 0.3307757885763001 0.3073863636363636 0.03580562659846547 0.1215909090909091
0 0.3452685421994885 0.22329545454545455 0.03239556692242114 0.10340909090909091
0 0.37638533674339303 0.22840909090909092 0.03495311167945439 0.11136363636363636
0 0.4556692242114237 0.29318181818181815 0.03836317135549872 0.11818181818181818
0 0.3895993179880648 0.3039772727272727 0.03410059676044331 0.1215909090909091
0 0.42625745950554134 0.21022727272727273 0.030690537084398978 0.10681818181818181
0 0.3998294970161978 0.23125 0.03239556692242114 0.10340909090909091
0 0.29838022165387895 0.21988636363636363 0.03410059676044331 0.11477272727272728
0 0.5319693094629157 0.16363636363636364 0.03239556692242114 0.10454545454545454
0 0.7442455242966752 0.3664772727272727 0.0392156862745098 0.11022727272727273
0 0.8695652173913043 0.26193181818181815 0.030690537084398978 0.10795454545454546
0 0.8601875532821824 0.45454545454545453 0.04092071611253197 0.11818181818181818
0 0.8491048593350383 0.2551136363636364 0.03580562659846547 0.10795454545454546
0 0.8597612958226769 0.43125 0.041773231031543054 0.12386363636363637
0 0.8158567774936062 0.45284090909090907 0.03751065643648764 0.1215909090909091
0 0.8047740835464621 0.9261363636363636 0.05285592497868713 0.14545454545454545
0 0.057971014492753624 0.4948863636363636 0.04603580562659847 0.13522727272727272
0 0.5008525149190111 0.4642045454545455 0.03154305200341006 0.1215909090909091
0 0.37681159420289856 0.5625 0.0443307757885763 0.12045454545454545
0 0.5123614663256607 0.4403409090909091 0.03239556692242114 0.11022727272727273
0 0.43648763853367434 0.5494318181818182 0.03751065643648764 0.13068181818181818
0 0.43350383631713557 0.16704545454545455 0.0247229326513214 0.08636363636363636
