0 0.5308343409915357 0.47962962962962963 0.03990326481257558 0.14074074074074075
0 0.5858524788391778 0.6393518518518518 0.05078597339782346 0.16574074074074074
0 0.5583434099153567 0.6699074074074074 0.0380894800483676 0.13796296296296295
0 0.9797460701330108 0.8675925925925926 0.039298669891172915 0.1685185185185185
0 0.6021765417170496 0.5995370370370371 0.03506650544135429 0.14537037037037037
0 0.5834340991535671 0.4722222222222222 0.0471584038694075 0.1648148148148148
0 0.4458887545344619 0.3138888888888889 0.04171704957678356 0.17037037037037037
0 0.6227327690447401 0.6509259259259259 0.03990326481257558 0.16296296296296298
0 0.5979443772672309 0.7175925925925926 0.044740024183796856 0.15185185185185185
0 0.5728536880290206 0.5856481481481481 0.044135429262394194 0.15462962962962962
0 0.5610640870616687 0.7546296296296297 0.049576783555018135 0.17962962962962964
0 0.37061668681983073 0.8574074074074074 0.049576783555018135 0.19074074074074074
0 0.6460096735187424 0.6476851851851851 0.03688029020556227 0.15092592592592594
0 0.43530834340991537 0.7541666666666667 0.04353083434099154 0.16018518518518518
0 0.6889359129383313 0.7287037037037037 0.0501813784764208 0.17407407407407408
0 0.47339782345828296 0.3287037037037037 0.044740024183796856 0.1574074074074074
0 0.6919588875453446 0.5537037037037037 0.0562273276904474 0.17592592592592593
0 0.7923216444981862 0.924537037037037 0.0562273276904474 0.1527777777777778
0 0.8282950423216445 0.9356481481481481 0.053204353083434096 0.12685185185185185
0 0.6581015719467956 0.7402777777777778 0.039298669891172915 0.16018518518518518
0 0.5287182587666264 0.7148148148148148 0.051390568319226115 0.1648148148148148
0 0.8639661426844014 0.8240740740740741 0.045949214026602174 0.15925925925925927
0 0.6701934703748489 0.6259259259259259 0.044135429262394194 0.1574074074074074
0 0.6221281741233373 0.537962962962963 0.041112454655380895 0.1648148148148148
0 0.47702539298669894 0.7625 0.049576783555018135 0.1787037037037037
0 0.5507859733978234 0.5736111111111111 0.037484885126964934 0.15092592592592594
0 0.8307134220072552 0.8333333333333334 0.044740024183796856 0.12962962962962962
0 0.045949214026602174 0.7870370370370371 0.049576783555018135 0.1685185185185185
0 0.07708585247883917 0.7685185185185185 0.04897218863361548 0.17407407407407408
0 0.5571342200725514 0.28888888888888886 0.03204353083434099 0.12962962962962962
0 0.6012696493349455 0.2652777777777778 0.034461910519951636 0.12129629629629629
0 0.009975816203143894 0.3055555555555556 0.018742442563482467 0.14629629629629629
0 0.03990326481257558 0.24722222222222223 0.04232164449818621 0.15185185185185185
0 0.08524788391777509 0.4638888888888889 0.0471584038694075 0.16296296296296298
0 0.08343409915356712 0.2708333333333333 0.03990326481257558 0.13425925925925927
0 0.6535671100362757 0.38425925925925924 0.041112454655380895 0.14444444444444443
0 0.5562273276904474 0.22361111111111112 0.04353083434099154 0.13796296296296295
0 0.4268440145102781 0.35 0.04232164449818621 0.15185185185185185
0 0.6130592503022975 0.362962962962963 0.03990326481257558 0.1574074074074074
0 0.6402660217654171 0.3486111111111111 0.03869407496977025 0.16018518518518518
0 0.560459492140266 0.33611111111111114 0.037484885126964934 0.15185185185185185
0 0.5849455864570737 0.3435185185185185 0.03688029020556227 0.13518518518518519
0 0.4821644498186215 0.2490740740740741 0.03204353083434099 0.12407407407407407
0 0.7394195888754534 0.4111111111111111 0.0471584038694075 0.1685185185185185
0 0.7675332527206772 0.4111111111111111 0.04171704957678356 0.16296296296296298
0 0.4948609431680774 0.274537037037037 0.039298669891172915 0.13425925925925927
0 0.4954655380894801 0.3111111111111111 0.04171704957678356 0.16296296296296298
0 0.5353688029020556 0.31712962962962965 0.03688029020556227 0.13796296296296295
0 0.5163240628778718 0.37222222222222223 0.04232164449818621 0.14074074074074075
0 0.5423216444981862 0.3819444444444444 0.03990326481257558 0.13240740740740742
0 0.6188029020556227 0.4356481481481482 0.044135429262394194 0.1638888888888889
0 0.6426844014510278 0.45740740740740743 0.03990326481257558 0.14074074074074075
0 0.6723095525997581 0.45601851851851855 0.04232164449818621 0.14351851851851852
0 0.8851269649334945 0.5143518518518518 0.04353083434099154 0.16574074074074074
0 0.7013301088270859 0.4685185185185185 0.04353083434099154 0.14629629629629629
0 0.6336154776299879 0.8958333333333334 0.045949214026602174 0.17685185185185184
0 0.6692865779927448 0.8717592592592592 0.053204353083434096 0.18425925925925926
0 0.7303506650544136 0.6013888888888889 0.037484885126964934 0.15648148148148147
0 0.7914147521160823 0.6296296296296297 0.049576783555018135 0.1685185185185185
0 0.6807738814993954 0.5944444444444444 0.03990326481257558 0.16296296296296298
0 0.9818621523579202 0.3861111111111111 0.036275695284159616 0.1537037037037037
0 0.9489117291414753 0.38796296296296295 0.039298669891172915 0.12037037037037036
0 0.9543530834340992 0.8800925925925925 0.04171704957678356 0.16018518518518518
0 0.9770253929866989 0.7597222222222222 0.044740024183796856 0.1787037037037037
0 0.8412938331318017 0.3402777777777778 0.039298669891172915 0.13796296296296295
0 0.8727327690447401 0.34953703703703703 0.03688029020556227 0.12314814814814815
0 0.9392382103990327 0.7708333333333334 0.0562273276904474 0.14907407407407408
0 0.8694074969770254 0.687962962962963 0.04836759371221282 0.1574074074074074
0 0.8258766626360339 0.6875 0.05441354292623942 0.1787037037037037
0 0.8766626360338573 0.3106481481481482 0.03990326481257558 0.14537037037037037
0 0.9111245465538089 0.3199074074074074 0.04232164449818621 0.13425925925925927
0 0.8990326481257558 0.24074074074074073 0.04232164449818621 0.13703703703703704
0 0.585247883917775 0.2 0.044740024183796856 0.15185185185185185
0 0.9135429262394196 0.350462962962963 0.037484885126964934 0.12129629629629629
0 0.9331922611850061 0.3212962962962963 0.034461910519951636 0.12407407407407407
0 0.7614873035066505 0.6217592592592592 0.04171704957678356 0.16203703703703703
0 0.7119105199516325 0.6351851851851852 0.04171704957678356 0.1574074074074074
0 0.9785368802902056 0.7800925925925926 0.04171704957678356 0.1638888888888889
0 0.3805925030229746 0.9162037037037037 0.05259975816203144 0.1675925925925926
0 0.5120918984280532 0.887962962962963 0.06287787182587666 0.15925925925925927
0 0.15900846432889965 0.31574074074074077 0.04232164449818621 0.1574074074074074
0 0.7070737605804112 0.3578703703703704 0.051390568319226115 0.16018518518518518
0 0.7324667472793228 0.2791666666666667 0.03688029020556227 0.12314814814814815
0 0.8814993954050786 0.22037037037037038 0.03990326481257558 0.12962962962962962
0 0.9310761789600968 0.20277777777777778 0.03869407496977025 0.12962962962962962
0 0.9755139056831923 0.18981481481481483 0.044135429262394194 0.1425925925925926
0 0.9866989117291415 0.13564814814814816 0.02539298669891173 0.13240740740740742
0 0.9365175332527207 0.16157407407407406 0.03869407496977025 0.14537037037037037
0 0.9177750906892382 0.1449074074074074 0.037484885126964934 0.12129629629629629
0 0.9365175332527207 0.11666666666666667 0.03869407496977025 0.12962962962962962
0 0.9655380894800484 0.034722222222222224 0.03990326481257558 0.06759259259259259
0 0.8766626360338573 0.12407407407407407 0.037484885126964934 0.11851851851851852
0 0.8561064087061668 0.08657407407407407 0.037484885126964934 0.12129629629629629
0 0.8733373639661427 0.09444444444444444 0.03204353083434099 0.10740740740740741
0 0.8990326481257558 0.09305555555555556 0.03506650544135429 0.10648148148148148
0 0.9304715840386941 0.060648148148148145 0.036275695284159616 0.10648148148148148
0 0.9117291414752116 0.06481481481481481 0.032648125755743655 0.11296296296296296
0 0.879081015719468 0.04351851851851852 0.030229746070133012 0.08518518518518518
0 0.015417170495767836 0.17824074074074073 0.02962515114873035 0.12314814814814815
0 0.13603385731559856 0.17407407407407408 0.045949214026602174 0.12962962962962962
0 0.10308343409915356 0.17037037037037037 0.039298669891172915 0.13518518518518519
0 0.12303506650544135 0.10138888888888889 0.03204353083434099 0.12685185185185185
0 0.0471584038694075 0.18287037037037038 0.037484885126964934 0.13425925925925927
0 0.014812575574365175 0.08611111111111111 0.028415961305925032 0.12407407407407407
0 0.005441354292623942 0.1050925925925926 0.009673518742442563 0.13240740740740742
0 0.0501813784764208 0.1300925925925926 0.04232164449818621 0.1287037037037037
0 0.0813180169286578 0.125 0.04171704957678356 0.13518518518518519
0 0.0813180169286578 0.08842592592592592 0.03688029020556227 0.13425925925925927
0 0.11698911729141476 0.05277777777777778 0.03688029020556227 0.1037037037037037
0 0.08948004836759371 0.05 0.030229746070133012 0.09814814814814815
0 0.154776299879081 0.05462962962962963 0.037484885126964934 0.10740740740740741
0 0.1807738814993954 0.05925925925925926 0.030229746070133012 0.10185185185185185
0 0.18621523579201935 0.04351851851851852 0.037484885126964934 0.08518518518518518
0 0.2756952841596131 0.16435185185185186 0.03990326481257558 0.13240740740740742
0 0.3004836759371221 0.12962962962962962 0.03506650544135429 0.13518518518518519
0 0.24455864570737607 0.10462962962962963 0.02962515114873035 0.11296296296296296
0 0.36094316807738813 0.11851851851851852 0.03869407496977025 0.15
0 0.27750906892382105 0.09444444444444444 0.037484885126964934 0.13148148148148148
0 0.2914147521160822 0.12222222222222222 0.032648125755743655 0.12962962962962962
0 0.5226723095525998 0.25046296296296294 0.03688029020556227 0.14351851851851852
0 0.6771463119709794 0.2763888888888889 0.044740024183796856 0.14907407407407408
0 0.6925634824667473 0.2449074074074074 0.03325272067714631 0.13796296296296295
0 0.5063482466747279 0.2037037037037037 0.039298669891172915 0.12962962962962962
0 0.589782345828295 0.15185185185185185 0.039298669891172915 0.12222222222222222
0 0.6411729141475212 0.1550925925925926 0.039298669891172915 0.13240740740740742
0 0.7726723095525998 0.17175925925925925 0.036275695284159616 0.12685185185185185
0 0.7243047158403869 0.13055555555555556 0.03506650544135429 0.13703703703703704
0 0.6720072551390568 0.16435185185185186 0.034461910519951636 0.1287037037037037
0 0.6955864570737605 0.075 0.03204353083434099 0.1111111111111111
0 0.6372430471584039 0.11064814814814815 0.04232164449818621 0.13240740740740742
0 0.6402660217654171 0.06851851851851852 0.03990326481257558 0.11851851851851852
0 0.5922007255139057 0.06805555555555555 0.03204353083434099 0.12685185185185185
0 0.5628778718258767 0.06481481481481481 0.03385731559854897 0.12222222222222222
0 0.5435308343409916 0.1597222222222222 0.037484885126964934 0.13240740740740742
0 0.45828295042321643 0.13842592592592592 0.04232164449818621 0.13425925925925927
0 0.3978234582829504 0.08287037037037037 0.03143893591293833 0.1361111111111111
0 0.49758162031438935 0.0837962962962963 0.037484885126964934 0.12685185185185185
0 0.49455864570737607 0.1087962962962963 0.03506650544135429 0.11574074074074074
0 0.5229746070133011 0.09490740740740741 0.032648125755743655 0.12685185185185185
0 0.4452841596130592 0.05925925925925926 0.034461910519951636 0.11666666666666667
0 0.9603990326481258 0.1425925925925926 0.039298669891172915 0.14629629629629629
0 0.27327690447400244 0.044444444444444446 0.02539298669891173 0.06296296296296296
0 0.36094316807738813 0.5037037037037037 0.04232164449818621 0.14814814814814814
0 0.22460701330108826 0.29814814814814816 0.034461910519951636 0.14074074074074075
0 0.14026602176541716 0.7666666666666667 0.049576783555018135 0.16296296296296298
0 0.05471584038694075 0.6662037037037037 0.04897218863361548 0.16574074074074074
0 0.14207980652962515 0.7300925925925926 0.049576783555018135 0.16018518518518518
0 0.8089480048367593 0.3111111111111111 0.04232164449818621 0.13518518518518519
0 0.839782345828295 0.2972222222222222 0.032648125755743655 0.1111111111111111
0 0.24758162031438935 0.6162037037037037 0.04897218863361548 0.1675925925925926
0 0.218863361547763 0.5990740740740741 0.04232164449818621 0.1685185185185185
0 0.35822249093107617 0.5986111111111111 0.034461910519951636 0.15092592592592594
0 0.21523579201934703 0.5291666666666667 0.044740024183796856 0.14907407407407408
0 0.18137847642079807 0.5023148148148148 0.04232164449818621 0.1398148148148148
0 0.19437726723095525 0.46620370370370373 0.04171704957678356 0.14351851851851852
0 0.1414752116082225 0.4976851851851852 0.03990326481257558 0.14351851851851852
0 0.36094316807738813 0.18055555555555555 0.032648125755743655 0.12962962962962962
0 0.38391777509068925 0.17407407407407408 0.02902055622732769 0.12962962962962962
0 0.27388149939540507 0.40555555555555556 0.044740024183796856 0.1425925925925926
0 0.2666263603385732 0.4199074074074074 0.036275695284159616 0.1398148148148148
0 0.18984280532043532 0.9254629629629629 0.056831922611850064 0.14907407407407408
0 0.30259975816203144 0.7305555555555555 0.04171704957678356 0.15185185185185185
0 0.41777509068923824 0.5875 0.03506650544135429 0.1398148148148148
0 0.342503022974607 0.6537037037037037 0.039298669891172915 0.15925925925925927
0 0.343409915356711 0.6898148148148148 0.04232164449818621 0.1685185185185185
0 0.41384522370012095 0.6893518518518519 0.04897218863361548 0.14907407407407408
0 0.6305925030229746 0.7328703703703704 0.04232164449818621 0.16018518518518518
0 0.43500604594921405 0.4898148148148148 0.034461910519951636 0.14074074074074075
0 0.4229141475211608 0.46064814814814814 0.034461910519951636 0.13240740740740742
0 0.4159613059250302 0.538425925925926 0.03869407496977025 0.1527777777777778
0 0.42563482466747277 0.5120370370370371 0.03143893591293833 0.14629629629629629
0 0.2351874244256348 0.5740740740740741 0.037484885126964934 0.14074074074074075
0 0.2762998790810157 0.5518518518518518 0.03990326481257558 0.16296296296296298
0 0.2799274486094317 0.6 0.03990326481257558 0.1685185185185185
0 0.5486698911729141 0.524074074074074 0.044135429262394194 0.14629629629629629
0 0.2530229746070133 0.3699074074074074 0.039298669891172915 0.14907407407407408
0 0.5296251511487303 0.43472222222222223 0.03990326481257558 0.14351851851851852
0 0.281136638452237 0.35 0.04232164449818621 0.15185185185185185
0 0.40024183796856105 0.41064814814814815 0.04232164449818621 0.14351851851851852
0 0.42593712212817414 0.3925925925925926 0.034461910519951636 0.12962962962962962
0 0.4782345828295042 0.5296296296296297 0.03506650544135429 0.15185185185185185
0 0.27327690447400244 0.3125 0.037484885126964934 0.14351851851851852
0 0.6774486094316807 0.9305555555555556 0.058645707376058044 0.1388888888888889
0 0.6493349455864571 0.9365740740740741 0.045949214026602174 0.1287037037037037
