0 0.4870012091898428 0.32592592592592595 0.039298669891172915 0.14074074074074075
0 0.5015114873035067 0.3023148148148148 0.034461910519951636 0.12685185185185185
0 0.6311970979443773 0.8532407407407407 0.049576783555018135 0.15092592592592594
0 0.5749697702539298 0.8592592592592593 0.05562273276904474 0.17037037037037037
0 0.5495767835550182 0.4300925925925926 0.05199516324062878 0.1527777777777778
0 0.5819226118500604 0.4912037037037037 0.042926239419588876 0.14907407407407408
0 0.9664449818621523 0.9495370370370371 0.04171704957678356 0.10092592592592593
0 0.9286577992744861 0.9486111111111111 0.05078597339782346 0.10462962962962963
0 0.8784764207980653 0.9527777777777777 0.04232164449818621 0.09444444444444444
0 0.9062877871825876 0.49722222222222223 0.04836759371221282 0.1648148148148148
0 0.6266626360338573 0.45925925925925926 0.034461910519951636 0.12962962962962962
0 0.9685610640870617 0.5574074074074075 0.0471584038694075 0.1574074074074074
0 0.5547158403869408 0.30324074074074076 0.039298669891172915 0.15648148148148147
0 0.45646916565900847 0.21157407407407408 0.04232164449818621 0.15462962962962962
0 0.625453446191052 0.5092592592592593 0.039298669891172915 0.17037037037037037
0 0.654776299879081 0.48194444444444445 0.03506650544135429 0.1398148148148148
0 0.6269649334945586 0.5287037037037037 0.04232164449818621 0.15185185185185185
0 0.6759371221281741 0.4013888888888889 0.04232164449818621 0.14351851851851852
0 0.8343409915356711 0.9064814814814814 0.05562273276904474 0.17777777777777778
0 0.7031438935912938 0.5791666666666667 0.049576783555018135 0.16574074074074074
0 0.6493349455864571 0.5884259259259259 0.04836759371221282 0.1787037037037037
0 0.6804715840386941 0.47962962962962963 0.03688029020556227 0.15185185185185185
0 0.7986698911729141 0.9324074074074075 0.04353083434099154 0.13703703703703704
0 0.5429262394195888 0.5199074074074074 0.044740024183796856 0.15462962962962962
0 0.7255139056831923 0.5375 0.044740024183796856 0.15648148148148147
0 0.4915356711003628 0.2310185185185185 0.04353083434099154 0.15462962962962962
0 0.6967956469165659 0.3736111111111111 0.0501813784764208 0.16203703703703703
0 0.7702539298669892 0.5541666666666667 0.05078597339782346 0.1638888888888889
0 0.9812575574365175 0.8726851851851852 0.037484885126964934 0.1787037037037037
0 0.8089480048367593 0.6194444444444445 0.045949214026602174 0.15925925925925927
0 0.7986698911729141 0.5694444444444444 0.04232164449818621 0.14629629629629629
0 0.6919588875453446 0.5393518518518519 0.039298669891172915 0.15462962962962962
0 0.9773276904474002 0.5203703703703704 0.044135429262394194 0.1537037037037037
0 0.9610036275695284 0.6208333333333333 0.044135429262394194 0.14351851851851852
0 0.9437726723095526 0.524074074074074 0.04232164449818621 0.14629629629629629
0 0.6707980652962515 0.562037037037037 0.044135429262394194 0.15185185185185185
0 0.8545949214026602 0.5273148148148148 0.046553808948004836 0.14907407407407408
0 0.8518742442563483 0.6203703703703703 0.04836759371221282 0.1648148148148148
0 0.7079806529625151 0.4648148148148148 0.041112454655380895 0.1537037037037037
0 0.5193470374848851 0.44583333333333336 0.030229746070133012 0.11388888888888889
0 0.5994558645707376 0.37222222222222223 0.039298669891172915 0.14074074074074075
0 0.1154776299879081 0.30787037037037035 0.037484885126964934 0.11018518518518519
0 0.5737605804111245 0.5226851851851851 0.04232164449818621 0.1712962962962963
0 0.5547158403869408 0.475 0.03204353083434099 0.12407407407407407
0 0.6475211608222491 0.3587962962962963 0.03506650544135429 0.13425925925925927
0 0.8282950423216445 0.525 0.037484885126964934 0.11296296296296296
0 0.29564691656590086 0.787962962962963 0.06650544135429262 0.1814814814814815
0 0.25211608222490933 0.763425925925926 0.056831922611850064 0.1712962962962963
0 0.02418379685610641 0.449537037037037 0.041112454655380895 0.14537037037037037
0 0.05199516324062878 0.4444444444444444 0.041112454655380895 0.15925925925925927
0 0.019347037484885126 0.1814814814814815 0.037484885126964934 0.12962962962962962
0 0.25060459492140263 0.22685185185185186 0.03083434099153567 0.12407407407407407
0 0.3152962515114873 0.18009259259259258 0.04050785973397823 0.12314814814814815
0 0.02357920193470375 0.2490740740740741 0.03990326481257558 0.13148148148148148
0 0.053204353083434096 0.19814814814814816 0.03990326481257558 0.12962962962962962
0 0.1505441354292624 0.1310185185185185 0.04836759371221282 0.13240740740740742
0 0.06257557436517533 0.24027777777777778 0.042926239419588876 0.13240740740740742
0 0.12877871825876663 0.11018518518518519 0.03506650544135429 0.12962962962962962
0 0.008464328899637243 0.5782407407407407 0.015719467956469165 0.16203703703703703
0 0.2370012091898428 0.13657407407407407 0.04232164449818621 0.14537037037037037
0 0.22370012091898428 0.19398148148148148 0.04232164449818621 0.13796296296296295
0 0.2889963724304716 0.1574074074074074 0.037484885126964934 0.13518518518518519
0 0.46523579201934706 0.25925925925925924 0.0380894800483676 0.14074074074074075
0 0.43440145102781136 0.08472222222222223 0.039298669891172915 0.12685185185185185
0 0.4111245465538089 0.17037037037037037 0.037484885126964934 0.12962962962962962
0 0.5668077388149939 0.20555555555555555 0.034461910519951636 0.13703703703703704
0 0.5764812575574365 0.18287037037037038 0.044135429262394194 0.14537037037037037
0 0.5610640870616687 0.14953703703703702 0.037484885126964934 0.13425925925925927
0 0.585247883917775 0.12638888888888888 0.03506650544135429 0.12685185185185185
0 0.46765417170495766 0.17407407407407408 0.03204353083434099 0.12407407407407407
0 0.6321039903264812 0.11805555555555555 0.04050785973397823 0.14907407407407408
0 0.656590084643289 0.12546296296296297 0.036275695284159616 0.1398148148148148
0 0.6460096735187424 0.05462962962962963 0.03204353083434099 0.10740740740740741
0 0.4957678355501814 0.18796296296296297 0.03990326481257558 0.13518518518518519
0 0.5108827085852479 0.21666666666666667 0.03990326481257558 0.16296296296296298
0 0.5459492140266021 0.20925925925925926 0.036275695284159616 0.12962962962962962
0 0.5547158403869408 0.23472222222222222 0.04050785973397823 0.1398148148148148
0 0.5792019347037485 0.25324074074074077 0.03869407496977025 0.1398148148148148
0 0.656590084643289 0.22870370370370371 0.04353083434099154 0.1388888888888889
0 0.6819830713422007 0.24537037037037038 0.036275695284159616 0.12037037037037036
0 0.7164449818621523 0.2537037037037037 0.03869407496977025 0.13518518518518519
0 0.8642684401451027 0.2523148148148148 0.0380894800483676 0.1527777777777778
0 0.7091898428053204 0.3013888888888889 0.04232164449818621 0.14351851851851852
0 0.7611850060459492 0.4601851851851852 0.041112454655380895 0.14074074074074075
0 0.7808343409915357 0.45231481481481484 0.04171704957678356 0.16203703703703703
0 0.75453446191052 0.3314814814814815 0.037484885126964934 0.1425925925925926
0 0.8270858524788391 0.4125 0.03990326481257558 0.15092592592592594
0 0.7835550181378477 0.3736111111111111 0.044740024183796856 0.16574074074074074
0 0.975211608222491 0.17824074074074073 0.03869407496977025 0.14351851851851852
0 0.944074969770254 0.13333333333333333 0.044135429262394194 0.13148148148148148
0 0.939540507859734 0.175 0.03143893591293833 0.11296296296296296
0 0.9824667472793228 0.20185185185185187 0.03385731559854897 0.13148148148148148
0 0.8893591293833132 0.5180555555555556 0.03506650544135429 0.14351851851851852
0 0.9800483675937122 0.4166666666666667 0.03869407496977025 0.1537037037037037
0 0.8742442563482467 0.22175925925925927 0.03506650544135429 0.1287037037037037
0 0.9068923821039904 0.23194444444444445 0.037484885126964934 0.11574074074074074
0 0.9776299879081015 0.36342592592592593 0.04353083434099154 0.14351851851851852
0 0.9268440145102781 0.35555555555555557 0.04836759371221282 0.16296296296296298
0 0.880894800483676 0.20185185185185187 0.03990326481257558 0.14629629629629629
0 0.9344014510278114 0.5921296296296297 0.03204353083434099 0.09537037037037037
0 0.8993349455864571 0.0787037037037037 0.034461910519951636 0.11481481481481481
0 0.40477629987908104 0.06435185185185185 0.04171704957678356 0.12685185185185185
0 0.3899637243047158 0.07453703703703704 0.032648125755743655 0.11018518518518519
0 0.8533857315598549 0.19305555555555556 0.02962515114873035 0.11574074074074074
0 0.9171704957678356 0.21666666666666667 0.03143893591293833 0.12037037037037036
0 0.9062877871825876 0.19398148148148148 0.03143893591293833 0.12129629629629629
0 0.8216444981862152 0.4050925925925926 0.04232164449818621 0.14907407407407408
0 0.782950423216445 0.4064814814814815 0.036275695284159616 0.15
0 0.9192865779927448 0.40925925925925927 0.0804111245465538 0.2
0 0.3210399032648126 0.07268518518518519 0.041112454655380895 0.13425925925925927
0 0.5486698911729141 0.0824074074074074 0.046553808948004836 0.1425925925925926
0 0.8766626360338573 0.06851851851851852 0.03506650544135429 0.11666666666666667
0 0.9280532043530835 0.05462962962962963 0.03506650544135429 0.10740740740740741
0 0.9588875453446191 0.06712962962962964 0.04232164449818621 0.13240740740740742
0 0.9806529625151149 0.04212962962962963 0.037484885126964934 0.0824074074074074
0 0.1587061668681983 0.04583333333333333 0.03688029020556227 0.08981481481481482
0 0.2681378476420798 0.05138888888888889 0.04171704957678356 0.10092592592592593
0 0.23941958887545345 0.04259259259259259 0.03506650544135429 0.08333333333333333
0 0.19316807738814995 0.049074074074074076 0.034461910519951636 0.0962962962962963
0 0.5792019347037485 0.07407407407407407 0.036275695284159616 0.13333333333333333
0 0.6009673518742442 0.0763888888888889 0.03385731559854897 0.13425925925925927
0 0.4528415961305925 0.043055555555555555 0.03990326481257558 0.08425925925925926
0 0.628174123337364 0.043055555555555555 0.03506650544135429 0.08425925925925926
0 0.09975816203143893 0.05787037037037037 0.03990326481257558 0.11388888888888889
0 0.06408706166868199 0.05740740740740741 0.03506650544135429 0.11296296296296296
0 0.04232164449818621 0.05555555555555555 0.03506650544135429 0.10925925925925926
0 0.03325272067714631 0.03796296296296296 0.03506650544135429 0.07407407407407407
0 0.9096130592503023 0.05787037037037037 0.02962515114873035 0.10277777777777777
0 0.3675937122128174 0.5226851851851851 0.03990326481257558 0.14907407407407408
0 0.1215235792019347 0.40555555555555556 0.04232164449818621 0.14814814814814814
0 0.07285368802902055 0.6962962962962963 0.046553808948004836 0.1574074074074074
0 0.0471584038694075 0.6347222222222222 0.045949214026602174 0.17685185185185184
0 0.11517533252720677 0.6828703703703703 0.0501813784764208 0.16574074074074074
0 0.813180169286578 0.32546296296296295 0.04232164449818621 0.13425925925925927
0 0.8361547762998791 0.32222222222222224 0.03385731559854897 0.12407407407407407
0 0.25634824667472794 0.6324074074074074 0.0471584038694075 0.1685185185185185
0 0.23004836759371222 0.6101851851851852 0.039298669891172915 0.1685185185185185
0 0.3542926239419589 0.6175925925925926 0.03506650544135429 0.14814814814814814
0 0.22853688029020555 0.5467592592592593 0.04232164449818621 0.14907407407407408
0 0.2267230955259976 0.5185185185185185 0.037484885126964934 0.13518518518518519
0 0.18833131801692865 0.5217592592592593 0.04171704957678356 0.1398148148148148
0 0.19407496977025393 0.48703703703703705 0.045949214026602174 0.1425925925925926
0 0.15417170495767835 0.513425925925926 0.03990326481257558 0.14351851851851852
0 0.36698911729141476 0.19907407407407407 0.03143893591293833 0.13148148148148148
0 0.3866384522370012 0.1935185185185185 0.02720677146311971 0.12407407407407407
0 0.2796251511487304 0.4217592592592593 0.044135429262394194 0.14351851851851852
0 0.2699516324062878 0.43657407407407406 0.03688029020556227 0.1398148148148148
0 0.18621523579201935 0.9365740740740741 0.05441354292623942 0.1287037037037037
0 0.31076178960096734 0.7467592592592592 0.04232164449818621 0.15462962962962962
0 0.3273881499395405 0.5555555555555556 0.039298669891172915 0.14629629629629629
0 0.34068923821039904 0.6726851851851852 0.04897218863361548 0.15648148148148147
0 0.3512696493349456 0.7050925925925926 0.04232164449818621 0.17314814814814813
0 0.6949818621523579 0.9375 0.05380894800483676 0.125
0 0.7563482466747279 0.9421296296296297 0.03869407496977025 0.11388888888888889
0 0.42140266021765416 0.7060185185185185 0.049576783555018135 0.14907407407407408
0 0.6360338573155986 0.7435185185185185 0.041112454655380895 0.15185185185185185
0 0.4416565900846433 0.5092592592592593 0.034461910519951636 0.14074074074074075
0 0.4337968561064087 0.4773148148148148 0.034461910519951636 0.13240740740740742
0 0.1487303506650544 0.29305555555555557 0.04232164449818621 0.14537037037037037
0 0.4189842805320435 0.5564814814814815 0.037484885126964934 0.14814814814814814
0 0.4347037484885127 0.5282407407407408 0.03385731559854897 0.14537037037037037
0 0.2874848851269649 0.5685185185185185 0.044135429262394194 0.16296296296296298
0 0.28960096735187424 0.6185185185185185 0.03990326481257558 0.1685185185185185
0 0.3512696493349456 0.3337962962962963 0.04353083434099154 0.13240740740740742
0 0.31559854897218864 0.37592592592592594 0.05078597339782346 0.1425925925925926
0 0.34159613059250304 0.36944444444444446 0.03990326481257558 0.13148148148148148
0 0.3083434099153567 0.34814814814814815 0.04232164449818621 0.15185185185185185
0 0.406590084643289 0.4300925925925926 0.039298669891172915 0.14351851851851852
0 0.6922611850060459 0.1050925925925926 0.03506650544135429 0.1287037037037037
0 0.6611245465538089 0.07546296296296297 0.03204353083434099 0.1175925925925926
0 0.48246674727932287 0.5398148148148149 0.037484885126964934 0.15185185185185185
0 0.6384522370012092 0.961574074074074 0.04353083434099154 0.07685185185185185
0 0.9443772672309553 0.8634259259259259 0.04232164449818621 0.16574074074074074
0 0.2593712212817412 0.3402777777777778 0.037484885126964934 0.14351851851851852
0 0.5441354292623942 0.6162037037037037 0.049576783555018135 0.15648148148148147
0 0.5223700120918985 0.5976851851851852 0.04232164449818621 0.1638888888888889
0 0.26481257557436516 0.37546296296296294 0.032648125755743655 0.12685185185185185
0 0.6523579201934704 0.9430555555555555 0.05078597339782346 0.11203703703703703
