0 0.9182291666666667 0.9324074074074075 0.084375 0.13703703703703704
0 0.18229166666666666 0.7240740740740741 0.06770833333333333 0.26851851851851855
0 0.32109375 0.7439814814814815 0.04739583333333333 0.22314814814814815
0 0.28515625 0.7134259259259259 0.0671875 0.27870370370370373
0 0.22916666666666666 0.6833333333333333 0.05520833333333333 0.25555555555555554
0 0.64765625 0.6935185185185185 0.0734375 0.25
0 0.5872395833333334 0.6907407407407408 0.050520833333333334 0.26296296296296295
0 0.35 0.5745370370370371 0.05 0.21574074074074073
0 0.24244791666666668 0.5638888888888889 0.04114583333333333 0.18518518518518517
0 0.6575520833333334 0.47129629629629627 0.04635416666666667 0.18703703703703703
0 0.28151041666666665 0.5527777777777778 0.050520833333333334 0.2
0 0.4934895833333333 0.45 0.04010416666666667 0.1925925925925926
0 0.165625 0.662962962962963 0.06041666666666667 0.25
0 0.77109375 0.513425925925926 0.050520833333333334 0.1935185185185185
0 0.465625 0.47638888888888886 0.03125 0.16574074074074074
0 0.6200520833333333 0.49722222222222223 0.0609375 0.20925925925925926
0 0.7296875 0.5273148148148148 0.05625 0.19907407407407407
0 0.5513020833333333 0.49444444444444446 0.0359375 0.17592592592592593
0 0.46640625 0.36157407407407405 0.0359375 0.16203703703703703
0 0.3203125 0.3787037037037037 0.03333333333333333 0.1648148148148148
0 0.36223958333333334 0.40185185185185185 0.03697916666666667 0.13518518518518519
0 0.584375 0.4824074074074074 0.04479166666666667 0.20185185185185187
0 0.5109375 0.49398148148148147 0.041666666666666664 0.21203703703703702
0 0.5263020833333333 0.5388888888888889 0.0484375 0.1962962962962963
0 0.40989583333333335 0.5421296296296296 0.051041666666666666 0.20462962962962963
0 0.3328125 0.5287037037037037 0.053125 0.20925925925925926
0 0.30234375 0.5092592592592593 0.04635416666666667 0.2037037037037037
0 0.353125 0.4703703703703704 0.03229166666666667 0.17407407407407408
0 0.3919270833333333 0.45694444444444443 0.04010416666666667 0.18425925925925926
0 0.5364583333333334 0.45416666666666666 0.034375 0.16574074074074074
0 0.3296875 0.4398148148148148 0.036458333333333336 0.15555555555555556
0 0.43515625 0.4166666666666667 0.0359375 0.16111111111111112
0 0.5604166666666667 0.4634259259259259 0.036458333333333336 0.18796296296296297
0 0.48828125 0.4083333333333333 0.0359375 0.14074074074074075
0 0.4161458333333333 0.3773148148148148 0.040625 0.15648148148148147
0 0.4440104166666667 0.3726851851851852 0.033854166666666664 0.14166666666666666
0 0.37890625 0.34953703703703703 0.03802083333333333 0.15462962962962962
0 0.37838541666666664 0.38425925925925924 0.025520833333333333 0.14074074074074075
0 0.35572916666666665 0.37175925925925923 0.0375 0.1398148148148148
0 0.40208333333333335 0.3375 0.028125 0.1361111111111111
0 0.11354166666666667 0.5569444444444445 0.035416666666666666 0.1935185185185185
0 0.47369791666666666 0.34953703703703703 0.03177083333333333 0.15462962962962962
0 0.5002604166666667 0.34444444444444444 0.03177083333333333 0.13703703703703704
0 0.34270833333333334 0.32731481481481484 0.028125 0.13240740740740742
0 0.14635416666666667 0.6180555555555556 0.06354166666666666 0.24351851851851852
0 0.9432291666666667 0.47638888888888886 0.040625 0.18425925925925926
0 0.36796875 0.2708333333333333 0.03177083333333333 0.1287037037037037
0 0.25755208333333335 0.4462962962962963 0.0421875 0.18333333333333332
0 0.55859375 0.3416666666666667 0.0296875 0.13703703703703704
0 0.5059895833333333 0.33240740740740743 0.0296875 0.14629629629629629
0 0.43072916666666666 0.26342592592592595 0.03125 0.1175925925925926
0 0.4674479166666667 0.2763888888888889 0.0296875 0.11018518518518519
0 0.33645833333333336 0.25277777777777777 0.022916666666666665 0.10555555555555556
0 0.3958333333333333 0.24027777777777778 0.023958333333333335 0.11018518518518519
0 0.47161458333333334 0.29305555555555557 0.025520833333333333 0.09351851851851851
0 0.7833333333333333 0.3638888888888889 0.030208333333333334 0.1685185185185185
0 0.47760416666666666 0.2523148148148148 0.025 0.09907407407407408
0 0.53828125 0.3416666666666667 0.03177083333333333 0.12037037037037036
