0 0.08515625 0.4740740740740741 0.0390625 0.19074074074074074
0 0.7549479166666667 0.37777777777777777 0.04010416666666667 0.1685185185185185
0 0.07083333333333333 0.8106481481481481 0.058333333333333334 0.29907407407407405
0 0.15651041666666668 0.8342592592592593 0.09322916666666667 0.2962962962962963
0 0.16328125 0.711574074074074 0.0546875 0.27314814814814814
0 0.2630208333333333 0.7736111111111111 0.075 0.3287037037037037
0 0.6716145833333333 0.500462962962963 0.04635416666666667 0.2064814814814815
0 0.27760416666666665 0.5569444444444445 0.053125 0.21574074074074073
0 0.40572916666666664 0.6037037037037037 0.051041666666666666 0.2462962962962963
0 0.28098958333333335 0.6337962962962963 0.06302083333333333 0.2675925925925926
0 0.32395833333333335 0.6560185185185186 0.05 0.25092592592592594
0 0.8010416666666667 0.5300925925925926 0.0625 0.2064814814814815
0 0.7307291666666667 0.47962962962962963 0.052083333333333336 0.20925925925925926
0 0.3684895833333333 0.5087962962962963 0.0546875 0.23055555555555557
0 0.6098958333333333 0.42916666666666664 0.052083333333333336 0.20092592592592592
0 0.26145833333333335 0.4236111111111111 0.04479166666666667 0.1935185185185185
0 0.5604166666666667 0.39166666666666666 0.0375 0.17592592592592593
0 0.584375 0.4 0.030208333333333334 0.1425925925925926
0 0.5067708333333333 0.38101851851851853 0.035416666666666666 0.11018518518518519
0 0.5369791666666667 0.3523148148148148 0.03958333333333333 0.16018518518518518
0 0.359375 0.3597222222222222 0.042708333333333334 0.1712962962962963
0 0.49192708333333335 0.36712962962962964 0.03697916666666667 0.16574074074074074
0 0.5674479166666667 0.1550925925925926 0.0234375 0.10462962962962963
0 0.49114583333333334 0.23842592592592593 0.029166666666666667 0.12129629629629629
0 0.45026041666666666 0.24259259259259258 0.027604166666666666 0.12962962962962962
0 0.3203125 0.49907407407407406 0.052083333333333336 0.22962962962962963
0 0.3932291666666667 0.2851851851851852 0.040625 0.19814814814814816
0 0.5161458333333333 0.2828703703703704 0.03125 0.15462962962962962
0 0.42083333333333334 0.2875 0.026041666666666668 0.11944444444444445
0 0.3697916666666667 0.29305555555555557 0.021875 0.09351851851851851
0 0.29635416666666664 0.26342592592592595 0.03229166666666667 0.13796296296296295
0 0.4205729166666667 0.2125 0.0296875 0.11574074074074074
0 0.44635416666666666 0.21157407407407408 0.022916666666666665 0.09537037037037037
0 0.38046875 0.18333333333333332 0.0328125 0.12407407407407407
0 0.51484375 0.20324074074074075 0.027604166666666666 0.125
