0 0.08515625 0.4476851851851852 0.044270833333333336 0.18796296296296297
0 0.6026041666666667 0.2574074074074074 0.030208333333333334 0.11851851851851852
0 0.7921875 0.38055555555555554 0.041666666666666664 0.17962962962962964
0 0.13307291666666668 0.6652777777777777 0.0515625 0.2638888888888889
0 0.21432291666666667 0.6837962962962963 0.08385416666666666 0.2675925925925926
0 0.20416666666666666 0.5944444444444444 0.051041666666666666 0.25925925925925924
0 0.3111979166666667 0.624537037037037 0.07239583333333334 0.287962962962963
0 0.5080729166666667 0.43796296296296294 0.05364583333333333 0.1962962962962963
0 0.30885416666666665 0.45787037037037037 0.046875 0.2101851851851852
0 0.4427083333333333 0.4912037037037037 0.042708333333333334 0.21388888888888888
0 0.3341145833333333 0.524074074074074 0.0640625 0.24259259259259258
0 0.3859375 0.5444444444444444 0.04583333333333333 0.2351851851851852
0 0.6080729166666666 0.47638888888888886 0.049479166666666664 0.2064814814814815
0 0.5947916666666667 0.4324074074074074 0.053125 0.2
0 0.40677083333333336 0.41388888888888886 0.04791666666666667 0.2037037037037037
0 0.8658854166666666 0.4217592592592593 0.059895833333333336 0.18981481481481483
0 0.9658854166666667 0.40879629629629627 0.049479166666666664 0.19907407407407407
0 0.7731770833333333 0.38981481481481484 0.04739583333333333 0.2037037037037037
0 0.7330729166666666 0.425462962962963 0.059895833333333336 0.18981481481481483
0 0.6963541666666667 0.44907407407407407 0.04791666666666667 0.22407407407407406
0 0.2526041666666667 0.3597222222222222 0.04375 0.18055555555555555
0 0.5015625 0.3212962962962963 0.036458333333333336 0.16111111111111112
0 0.52890625 0.3347222222222222 0.0328125 0.13796296296296295
0 0.4908854166666667 0.31666666666666665 0.025520833333333333 0.0962962962962963
0 0.52421875 0.2884259259259259 0.033854166666666664 0.14351851851851852
0 0.35546875 0.32731481481481484 0.0421875 0.1712962962962963
0 0.4322916666666667 0.3 0.03333333333333333 0.15
0 0.5559895833333334 0.13657407407407407 0.0234375 0.10462962962962963
0 0.46536458333333336 0.19398148148148148 0.027604166666666666 0.1175925925925926
0 0.42942708333333335 0.19398148148148148 0.0265625 0.1287037037037037
0 0.3645833333333333 0.40879629629629627 0.04583333333333333 0.21203703703703702
0 0.37552083333333336 0.225 0.034375 0.18703703703703703
0 0.49270833333333336 0.22824074074074074 0.03229166666666667 0.13796296296296295
0 0.42473958333333334 0.23472222222222222 0.027604166666666666 0.11574074074074074
0 0.39869791666666665 0.2337962962962963 0.033854166666666664 0.1398148148148148
0 0.37135416666666665 0.16712962962962963 0.029166666666666667 0.11203703703703703
0 0.3875 0.1648148148148148 0.021875 0.08703703703703704
0 0.44036458333333334 0.18564814814814815 0.021354166666666667 0.0824074074074074
0 0.4479166666666667 0.16064814814814815 0.029166666666666667 0.1287037037037037
