0 0.46856106408706166 0.674537037037037 0.03990326481257558 0.15648148148148147
0 0.49818621523579204 0.6611111111111111 0.036275695284159616 0.1425925925925926
0 0.4930471584038694 0.8333333333333334 0.04897218863361548 0.17592592592592593
0 0.48035066505441354 0.9083333333333333 0.06106408706166868 0.17037037037037037
0 0.5193470374848851 0.799074074074074 0.041112454655380895 0.1425925925925926
0 0.5538089480048367 0.6643518518518519 0.05441354292623942 0.1824074074074074
0 0.45949214026602175 0.33055555555555555 0.04232164449818621 0.15555555555555556
0 0.5680169286577993 0.8263888888888888 0.04897218863361548 0.17314814814814813
0 0.5761789600967352 0.7888888888888889 0.03506650544135429 0.14629629629629629
0 0.5459492140266021 0.9555555555555556 0.049576783555018135 0.08888888888888889
0 0.44740024183796856 0.7666666666666667 0.05199516324062878 0.1685185185185185
0 0.2929262394195889 0.9629629629629629 0.042926239419588876 0.07407407407407407
0 0.6626360338573156 0.961574074074074 0.05441354292623942 0.0787037037037037
0 0.47702539298669894 0.36527777777777776 0.04232164449818621 0.16203703703703703
0 0.6983071342200725 0.7601851851851852 0.060459492140266025 0.18333333333333332
0 0.6106408706166868 0.961574074074074 0.044740024183796856 0.07685185185185185
0 0.2623941958887545 0.9537037037037037 0.05441354292623942 0.09444444444444444
0 0.6136638452237001 0.8046296296296296 0.06287787182587666 0.17592592592592593
0 0.560459492140266 0.7638888888888888 0.045949214026602174 0.1574074074074074
0 0.4489117291414752 0.8703703703703703 0.039298669891172915 0.15185185185185185
0 0.4235187424425635 0.75 0.046553808948004836 0.15925925925925927
0 0.6457073760580411 0.4356481481481482 0.041112454655380895 0.14537037037037037
0 0.6961910519951633 0.4337962962962963 0.046553808948004836 0.14907407407407408
0 0.06287787182587666 0.9115740740740741 0.06166868198307134 0.1787037037037037
0 0.7726723095525998 0.6921296296296297 0.05078597339782346 0.1675925925925926
0 0.6079201934703748 0.4310185185185185 0.04897218863361548 0.17314814814814813
0 0.5003022974607013 0.5152777777777777 0.0380894800483676 0.15648148148148147
0 0.7460701330108828 0.6074074074074074 0.04353083434099154 0.15925925925925927
0 0.7920193470374849 0.5828703703703704 0.049576783555018135 0.175
0 0.5423216444981862 0.5050925925925925 0.04232164449818621 0.16018518518518518
0 0.5646916565900847 0.5212962962962963 0.04232164449818621 0.13703703703703704
0 0.564993954050786 0.26666666666666666 0.034461910519951636 0.1574074074074074
0 0.8288996372430472 0.8476851851851852 0.05562273276904474 0.21203703703703702
0 0.880894800483676 0.8305555555555556 0.05078597339782346 0.18888888888888888
0 0.5399032648125756 0.2851851851851852 0.037484885126964934 0.14814814814814814
0 0.5142079806529625 0.37083333333333335 0.04050785973397823 0.16018518518518518
0 0.5380894800483675 0.35185185185185186 0.037484885126964934 0.1425925925925926
0 0.4957678355501814 0.5634259259259259 0.03990326481257558 0.16574074074074074
0 0.5235792019347038 0.5541666666666667 0.04232164449818621 0.14907407407407408
0 0.5386940749697703 0.5902777777777778 0.045949214026602174 0.1712962962962963
0 0.5689238210399032 0.6203703703703703 0.036275695284159616 0.1425925925925926
0 0.599758162031439 0.6152777777777778 0.044740024183796856 0.15833333333333333
0 0.9830713422007256 0.9472222222222222 0.032648125755743655 0.10740740740740741
0 0.6759371221281741 0.6444444444444445 0.045949214026602174 0.17037037037037037
0 0.5683192261185006 0.8699074074074075 0.04836759371221282 0.15462962962962962
0 0.6076178960096735 0.8972222222222223 0.08948004836759371 0.16666666666666666
0 0.5136033857315598 0.7532407407407408 0.046553808948004836 0.17314814814814813
0 0.782043530834341 0.48564814814814816 0.039298669891172915 0.14722222222222223
0 0.8074365175332527 0.47638888888888886 0.039298669891172915 0.13240740740740742
0 0.7841596130592503 0.44305555555555554 0.049576783555018135 0.15462962962962962
0 0.8098548972188634 0.42407407407407405 0.03688029020556227 0.12962962962962962
0 0.9114268440145102 0.47314814814814815 0.044135429262394194 0.14629629629629629
0 0.876360338573156 0.36666666666666664 0.042926239419588876 0.15925925925925927
0 0.8476420798065296 0.3814814814814815 0.041112454655380895 0.14444444444444443
0 0.8243651753325272 0.45740740740740743 0.034461910519951636 0.13148148148148148
0 0.8418984280532044 0.42777777777777776 0.03325272067714631 0.13148148148148148
0 0.5686215235792019 0.8953703703703704 0.0380894800483676 0.15555555555555556
0 0.5940145102781137 0.8791666666666667 0.042926239419588876 0.1675925925925926
0 0.2717654171704958 0.7569444444444444 0.062273276904474005 0.1527777777777778
0 0.19649334945586458 0.7759259259259259 0.056831922611850064 0.1574074074074074
0 0.0743651753325272 0.7175925925925926 0.05078597339782346 0.18703703703703703
0 0.8270858524788391 0.7453703703703703 0.05804111245465538 0.19074074074074074
0 0.7584643288996372 0.5009259259259259 0.034461910519951636 0.12962962962962962
0 0.878174123337364 0.4666666666666667 0.039298669891172915 0.1537037037037037
0 0.9794437726723095 0.42453703703703705 0.03869407496977025 0.14907407407407408
0 0.8428053204353083 0.3527777777777778 0.0471584038694075 0.17037037037037037
0 0.909310761789601 0.2986111111111111 0.03869407496977025 0.14166666666666666
0 0.944074969770254 0.2773148148148148 0.04171704957678356 0.15462962962962962
0 0.9631197097944377 0.16296296296296298 0.03869407496977025 0.13148148148148148
0 0.871825876662636 0.29768518518518516 0.03990326481257558 0.15092592592592594
0 0.7457678355501813 0.19537037037037036 0.04050785973397823 0.14629629629629629
0 0.7696493349455864 0.20925925925925926 0.037484885126964934 0.1425925925925926
0 0.8766626360338573 0.2564814814814815 0.041112454655380895 0.13518518518518519
0 0.9265417170495768 0.22916666666666666 0.039298669891172915 0.13796296296296295
0 0.9005441354292624 0.2375 0.034461910519951636 0.13240740740740742
0 0.8724304715840387 0.18333333333333332 0.03869407496977025 0.13148148148148148
0 0.9044740024183797 0.19583333333333333 0.04232164449818621 0.13240740740740742
0 0.9298669891172914 0.1486111111111111 0.03990326481257558 0.1361111111111111
0 0.910217654171705 0.08981481481481482 0.0380894800483676 0.13703703703703704
0 0.029322853688029022 0.30925925925925923 0.05259975816203144 0.1425925925925926
0 0.0048367593712212815 0.33101851851851855 0.008464328899637243 0.15462962962962962
0 0.004232164449818622 0.2657407407407407 0.007255139056831923 0.1425925925925926
0 0.062273276904474005 0.2351851851851852 0.037484885126964934 0.14444444444444443
0 0.08403869407496976 0.21388888888888888 0.036275695284159616 0.12407407407407407
0 0.10610640870616687 0.1837962962962963 0.04171704957678356 0.14907407407407408
0 0.1003627569528416 0.3282407407407407 0.041112454655380895 0.14351851851851852
0 0.15628778718258768 0.2953703703703704 0.04171704957678356 0.14629629629629629
0 0.0773881499395405 0.2708333333333333 0.03506650544135429 0.11018518518518519
0 0.05985489721886336 0.38981481481481484 0.03990326481257558 0.1814814814814815
0 0.1003627569528416 0.2574074074074074 0.03869407496977025 0.15
0 0.13119709794437726 0.27685185185185185 0.03143893591293833 0.12407407407407407
0 0.12998790810157196 0.30972222222222223 0.02539298669891173 0.09907407407407408
0 0.5308343409915357 0.44027777777777777 0.049576783555018135 0.1675925925925926
0 0.7291414752116082 0.5152777777777777 0.05441354292623942 0.1675925925925926
0 0.7285368802902056 0.4773148148148148 0.0471584038694075 0.1527777777777778
0 0.5583434099153567 0.4203703703703704 0.046553808948004836 0.15185185185185185
0 0.6490326481257558 0.38425925925925924 0.044135429262394194 0.1574074074074074
0 0.7088875453446191 0.34629629629629627 0.042926239419588876 0.13148148148148148
0 0.6360338573155986 0.35324074074074074 0.04232164449818621 0.14537037037037037
0 0.780229746070133 0.2986111111111111 0.034461910519951636 0.1398148148148148
0 0.7566505441354293 0.3189814814814815 0.039298669891172915 0.14907407407407408
0 0.7227932285368803 0.30972222222222223 0.044135429262394194 0.14537037037037037
0 0.7391172914147521 0.23935185185185184 0.03204353083434099 0.10462962962962963
0 0.6629383313180169 0.3074074074074074 0.047762998790810154 0.14074074074074075
0 0.7031438935912938 0.2462962962962963 0.044740024183796856 0.1425925925925926
0 0.6526602176541717 0.22685185185185186 0.03204353083434099 0.14074074074074075
0 0.6726118500604595 0.25555555555555554 0.03688029020556227 0.14074074074074075
0 0.6000604594921403 0.37824074074074077 0.042926239419588876 0.15462962962962962
0 0.5646916565900847 0.36018518518518516 0.04232164449818621 0.1425925925925926
0 0.599758162031439 0.3212962962962963 0.03990326481257558 0.15925925925925927
0 0.5728536880290206 0.2875 0.039298669891172915 0.13240740740740742
0 0.5652962515114873 0.30787037037037035 0.032648125755743655 0.12685185185185185
0 0.601571946795647 0.29444444444444445 0.03143893591293833 0.1574074074074074
0 0.6067110036275696 0.26342592592592595 0.04171704957678356 0.16018518518518518
0 0.6463119709794438 0.16574074074074074 0.049576783555018135 0.12037037037037036
0 0.28234582829504234 0.08981481481481482 0.03869407496977025 0.14074074074074075
0 0.250906892382104 0.08842592592592592 0.03506650544135429 0.13240740740740742
0 0.7200725513905684 0.11388888888888889 0.03990326481257558 0.14074074074074075
0 0.7475816203143894 0.10416666666666667 0.0380894800483676 0.1287037037037037
0 0.7043530834340992 0.48564814814814816 0.03506650544135429 0.11018518518518519
0 0.9449818621523579 0.4300925925925926 0.037484885126964934 0.12314814814814815
0 0.9718863361547763 0.04861111111111111 0.035671100362756954 0.09537037037037037
0 0.9389359129383313 0.10648148148148148 0.037484885126964934 0.1259259259259259
0 0.8685006045949214 0.07685185185185185 0.034461910519951636 0.14074074074074075
0 0.9244256348246674 0.05555555555555555 0.037484885126964934 0.10925925925925926
0 0.8923821039903265 0.05138888888888889 0.03385731559854897 0.10092592592592593
0 0.5810157194679565 0.19953703703703704 0.03385731559854897 0.13425925925925927
0 0.6363361547762999 0.10462962962962963 0.039298669891172915 0.13148148148148148
0 0.6064087061668681 0.11805555555555555 0.036275695284159616 0.1361111111111111
0 0.5773881499395405 0.11712962962962963 0.036275695284159616 0.12314814814814815
0 0.5994558645707376 0.06712962962962964 0.03688029020556227 0.13240740740740742
0 0.5746674727932285 0.06712962962962964 0.034461910519951636 0.13240740740740742
0 0.19740024183796856 0.07916666666666666 0.03204353083434099 0.12685185185185185
0 0.217956469165659 0.09583333333333334 0.03688029020556227 0.1398148148148148
0 0.1293833131801693 0.03935185185185185 0.02781136638452237 0.07685185185185185
0 0.3600362756952842 0.04675925925925926 0.04171704957678356 0.09166666666666666
0 0.37938331318016927 0.02546296296296296 0.03204353083434099 0.049074074074074076
0 0.8446191051995163 0.05092592592592592 0.036275695284159616 0.09814814814814815
0 0.16293833131801694 0.03981481481481482 0.035671100362756954 0.07777777777777778
0 0.35489721886336156 0.4740740740740741 0.03506650544135429 0.1574074074074074
0 0.3177146311970979 0.24259259259259258 0.0380894800483676 0.13703703703703704
0 0.1354292623941959 0.7296296296296296 0.044740024183796856 0.16296296296296298
0 0.22309552599758162 0.25462962962962965 0.04232164449818621 0.1425925925925926
0 0.12817412333736397 0.6935185185185185 0.056831922611850064 0.16296296296296298
0 0.8192261185006046 0.3074074074074074 0.041112454655380895 0.13148148148148148
0 0.8373639661426844 0.29953703703703705 0.02902055622732769 0.12314814814814815
0 0.24153567110036275 0.5787037037037037 0.044135429262394194 0.1685185185185185
0 0.2067714631197098 0.5671296296296297 0.03385731559854897 0.17685185185185184
0 0.34885126964933494 0.562037037037037 0.032648125755743655 0.14074074074074075
0 0.2067714631197098 0.49398148148148147 0.03869407496977025 0.14907407407407408
0 0.21432889963724305 0.48055555555555557 0.03204353083434099 0.1574074074074074
0 0.1807738814993954 0.47824074074074074 0.03143893591293833 0.12685185185185185
0 0.17503022974607013 0.43425925925925923 0.039298669891172915 0.14629629629629629
0 0.13270858524788393 0.45925925925925926 0.03688029020556227 0.14814814814814814
0 0.35399032648125756 0.1425925925925926 0.02962515114873035 0.12962962962962962
0 0.37605804111245467 0.1388888888888889 0.02781136638452237 0.12962962962962962
0 0.26571946795646917 0.3578703703703704 0.044135429262394194 0.1398148148148148
0 0.25332527206771466 0.387037037037037 0.03506650544135429 0.14629629629629629
0 0.17623941958887546 0.8935185185185185 0.044135429262394194 0.1574074074074074
0 0.29474002418379686 0.6981481481481482 0.04171704957678356 0.15185185185185185
0 0.4576783555018138 0.5356481481481481 0.04232164449818621 0.15462962962962962
0 0.3307134220072551 0.6180555555555556 0.03506650544135429 0.15462962962962962
0 0.3352478839177751 0.6513888888888889 0.039298669891172915 0.1675925925925926
0 0.4096130592503023 0.6555555555555556 0.051390568319226115 0.15185185185185185
0 0.6215235792019347 0.7027777777777777 0.05078597339782346 0.1574074074074074
0 0.42503022974607013 0.44814814814814813 0.03506650544135429 0.12407407407407407
0 0.41414752116082226 0.412962962962963 0.037484885126964934 0.10740740740740741
0 0.4105199516324063 0.5060185185185185 0.03506650544135429 0.14907407407407408
0 0.4186819830713422 0.4726851851851852 0.02962515114873035 0.13425925925925927
0 0.2240024183796856 0.5388888888888889 0.03688029020556227 0.14074074074074075
0 0.27660217654171704 0.5222222222222223 0.047762998790810154 0.1574074074074074
0 0.2747883917775091 0.5569444444444445 0.039298669891172915 0.1712962962962963
0 0.5344619105199516 0.7203703703703703 0.0471584038694075 0.15925925925925927
0 0.24032648125755743 0.3333333333333333 0.034461910519951636 0.14074074074074075
0 0.7218863361547763 0.6453703703703704 0.041112454655380895 0.1574074074074074
0 0.27781136638452236 0.3212962962962963 0.039298669891172915 0.14814814814814814
0 0.39298669891172916 0.37546296296296294 0.03990326481257558 0.13796296296296295
0 0.2620918984280532 0.28703703703703703 0.03204353083434099 0.1259259259259259
0 0.46795646916565903 0.48333333333333334 0.037484885126964934 0.1425925925925926
0 0.20858524788391777 0.2986111111111111 0.03506650544135429 0.1361111111111111
