0 0.06771463119709795 0.18101851851851852 0.037484885126964934 0.11574074074074074
0 0.08857315598548972 0.17731481481481481 0.039298669891172915 0.13425925925925927
0 0.11970979443772672 0.1550925925925926 0.037484885126964934 0.13240740740740742
0 0.16021765417170497 0.1537037037037037 0.04232164449818621 0.12407407407407407
0 0.20737605804111245 0.12546296296296297 0.04232164449818621 0.13240740740740742
0 0.2747883917775091 0.053703703703703705 0.034461910519951636 0.10555555555555556
0 0.18712212817412333 0.03657407407407407 0.034461910519951636 0.0712962962962963
0 0.20858524788391777 0.03194444444444444 0.03506650544135429 0.062037037037037036
0 0.4900241837968561 0.2222222222222222 0.03204353083434099 0.11481481481481481
0 0.39691656590084645 0.058333333333333334 0.034461910519951636 0.10925925925925926
0 0.2587666263603386 0.2212962962962963 0.037484885126964934 0.13518518518518519
0 0.4607013301088271 0.20324074074074075 0.041112454655380895 0.12685185185185185
0 0.45828295042321643 0.1037037037037037 0.03143893591293833 0.11481481481481481
0 0.42110036275695284 0.10092592592592593 0.03688029020556227 0.12037037037037036
0 0.42926239419588874 0.17175925925925925 0.032648125755743655 0.12685185185185185
0 0.469770253929867 0.1787037037037037 0.032648125755743655 0.12037037037037036
0 0.5420193470374849 0.013888888888888888 0.024788391777509067 0.025925925925925925
0 0.6027811366384522 0.08009259259259259 0.02781136638452237 0.11574074074074074
0 0.5728536880290206 0.07407407407407407 0.034461910519951636 0.12962962962962962
0 0.5456469165659008 0.08287037037037037 0.02962515114873035 0.10462962962962963
0 0.9486094316807738 0.1625 0.03506650544135429 0.125
0 0.9652357920193471 0.15231481481481482 0.02962515114873035 0.11574074074074074
0 0.9873035066505441 0.06018518518518518 0.022974607013301087 0.11851851851851852
0 0.9195888754534461 0.14583333333333334 0.032648125755743655 0.11388888888888889
0 0.9020556227327691 0.1375 0.03506650544135429 0.13240740740740742
0 0.6487303506650545 0.17916666666666667 0.032648125755743655 0.12314814814814815
0 0.6674727932285369 0.20601851851851852 0.03990326481257558 0.14537037037037037
0 0.6898428053204353 0.2175925925925926 0.02902055622732769 0.12407407407407407
0 0.6275695284159613 0.040740740740740744 0.032648125755743655 0.07962962962962963
0 0.9501209189842805 0.13055555555555556 0.04171704957678356 0.14629629629629629
0 0.9262394195888755 0.09675925925925925 0.032648125755743655 0.12685185185185185
0 0.8896614268440145 0.11296296296296296 0.034461910519951636 0.13518518518518519
0 0.847037484885127 0.16018518518518518 0.03385731559854897 0.12962962962962962
0 0.8370616686819831 0.1625 0.03083434099153567 0.13425925925925927
0 0.8186215235792019 0.15601851851851853 0.032648125755743655 0.1398148148148148
0 0.6738210399032648 0.17546296296296296 0.03688029020556227 0.13425925925925927
0 0.6505441354292624 0.04027777777777778 0.032648125755743655 0.0787037037037037
0 0.9498186215235792 0.08472222222222223 0.037484885126964934 0.1287037037037037
0 0.9776299879081015 0.10833333333333334 0.036275695284159616 0.11851851851851852
0 0.9637243047158404 0.21712962962962962 0.037484885126964934 0.14351851851851852
0 0.9918379685610641 0.22777777777777777 0.013905683192261185 0.13518518518518519
0 0.6859129383313181 0.05555555555555555 0.03204353083434099 0.10555555555555556
0 0.7300483675937122 0.018055555555555554 0.02720677146311971 0.03425925925925926
0 0.8633615477629988 0.15046296296296297 0.03143893591293833 0.11018518518518519
0 0.31952841596130593 0.11851851851851852 0.039298669891172915 0.12962962962962962
0 0.34915356711003626 0.11157407407407408 0.034461910519951636 0.11574074074074074
0 0.41717049576783555 0.025 0.02176541717049577 0.04814814814814815
0 0.5734582829504232 0.034722222222222224 0.02599758162031439 0.06759259259259259
0 0.9244256348246674 0.020370370370370372 0.032648125755743655 0.03888888888888889
0 0.6704957678355502 0.056018518518518516 0.02539298669891173 0.08796296296296297
0 0.6798669891172914 0.06018518518518518 0.02720677146311971 0.09074074074074075
0 0.37817412333736394 0.5736111111111111 0.03688029020556227 0.15462962962962962
0 0.06438935912938332 0.4787037037037037 0.034461910519951636 0.1425925925925926
0 0.05955259975816203 0.525 0.03688029020556227 0.14444444444444443
0 0.03355501813784764 0.49953703703703706 0.03688029020556227 0.15648148148148147
0 0.10126964933494559 0.49074074074074076 0.03688029020556227 0.1537037037037037
0 0.8258766626360339 0.3819444444444444 0.037484885126964934 0.13240740740740742
0 0.8412938331318017 0.36203703703703705 0.035671100362756954 0.12037037037037036
0 0.26571946795646917 0.6902777777777778 0.044135429262394194 0.1712962962962963
0 0.2351874244256348 0.6685185185185185 0.04836759371221282 0.1685185185185185
0 0.3730350665054414 0.6680555555555555 0.03506650544135429 0.14537037037037037
0 0.23004836759371222 0.5976851851851852 0.034461910519951636 0.14907407407407408
0 0.2348851269649335 0.5699074074074074 0.02962515114873035 0.1398148148148148
0 0.19226118500604594 0.5699074074074074 0.04232164449818621 0.13425925925925927
0 0.19860943168077388 0.5337962962962963 0.04534461910519952 0.15648148148148147
0 0.14993954050785974 0.5523148148148148 0.04353083434099154 0.14907407407407408
0 0.375453446191052 0.2439814814814815 0.03385731559854897 0.1287037037037037
0 0.3954050785973398 0.2518518518518518 0.032648125755743655 0.12962962962962962
0 0.6136638452237001 0.4486111111111111 0.044740024183796856 0.1287037037037037
0 0.7058645707376058 0.4736111111111111 0.044135429262394194 0.1398148148148148
0 0.2400241837968561 0.3907407407407407 0.03990326481257558 0.1425925925925926
0 0.24727932285368803 0.40694444444444444 0.03506650544135429 0.14537037037037037
0 0.26844014510278114 0.9472222222222222 0.04353083434099154 0.10740740740740741
0 0.2642079806529625 0.4981481481481482 0.03869407496977025 0.1574074074074074
0 0.3083434099153567 0.7870370370370371 0.05199516324062878 0.1648148148148148
0 0.15175332527206772 0.4532407407407407 0.037484885126964934 0.15648148148148147
0 0.3391777509068924 0.4912037037037037 0.037484885126964934 0.13796296296296295
0 0.22581620314389358 0.712037037037037 0.03688029020556227 0.17037037037037037
0 0.5157194679564692 0.662962962962963 0.037484885126964934 0.13518518518518519
0 0.3573155985489722 0.7203703703703703 0.03990326481257558 0.1574074074074074
0 0.35822249093107617 0.7537037037037037 0.039298669891172915 0.1685185185185185
0 0.5819226118500604 0.6310185185185185 0.04534461910519952 0.16018518518518518
0 0.6203143893591294 0.6564814814814814 0.044740024183796856 0.16296296296296298
0 0.6363361547762999 0.6337962962962963 0.02962515114873035 0.13425925925925927
0 0.42956469165659006 0.7560185185185185 0.046553808948004836 0.14907407407407408
0 0.6834945586457074 0.6990740740740741 0.051390568319226115 0.14814814814814814
0 0.4229141475211608 0.6722222222222223 0.044135429262394194 0.1574074074074074
0 0.4567714631197098 0.5518518518518518 0.039298669891172915 0.13703703703703704
0 0.44649334945586455 0.5157407407407407 0.044135429262394194 0.10740740740740741
0 0.4930471584038694 0.6347222222222222 0.04534461910519952 0.15462962962962962
0 0.5486698911729141 0.6555555555555556 0.04171704957678356 0.1685185185185185
0 0.40931076178960096 0.02962962962962963 0.03143893591293833 0.05740740740740741
0 0.9848851269649335 0.30833333333333335 0.02781136638452237 0.1037037037037037
0 0.7551390568319226 0.8305555555555556 0.044740024183796856 0.1648148148148148
0 0.7914147521160823 0.8546296296296296 0.04232164449818621 0.15185185185185185
0 0.4268440145102781 0.6041666666666666 0.044740024183796856 0.14907407407407408
0 0.4625151148730351 0.5972222222222222 0.037484885126964934 0.13703703703703704
0 0.08192261185006046 0.7486111111111111 0.04534461910519952 0.15462962962962962
0 0.5359733978234583 0.7217592592592592 0.044135429262394194 0.16574074074074074
0 0.5652962515114873 0.7305555555555555 0.0471584038694075 0.1537037037037037
0 0.0380894800483676 0.7444444444444445 0.04232164449818621 0.14629629629629629
0 0.04232164449818621 0.3439814814814815 0.03990326481257558 0.1287037037037037
0 0.08071342200725513 0.34305555555555556 0.04171704957678356 0.14351851851851852
0 0.967956469165659 0.27361111111111114 0.032648125755743655 0.12685185185185185
0 0.9446795646916566 0.30833333333333335 0.039298669891172915 0.14074074074074075
0 0.9492140266021766 0.27361111111111114 0.036275695284159616 0.12314814814814815
0 0.6278718258766627 0.7462962962962963 0.044135429262394194 0.16296296296296298
0 0.590689238210399 0.7592592592592593 0.04232164449818621 0.15925925925925927
0 0.24637243047158403 0.6527777777777778 0.04171704957678356 0.1685185185185185
0 0.2911124546553809 0.6106481481481482 0.051390568319226115 0.16574074074074074
0 0.2914147521160822 0.6689814814814815 0.037484885126964934 0.16574074074074074
0 0.3373639661426844 0.3907407407407407 0.03506650544135429 0.12407407407407407
0 0.3137847642079806 0.43148148148148147 0.04232164449818621 0.15
0 0.344316807738815 0.41898148148148145 0.039298669891172915 0.13425925925925927
0 0.3010882708585248 0.39351851851851855 0.032648125755743655 0.1425925925925926
0 0.8304111245465539 0.26666666666666666 0.03204353083434099 0.13148148148148148
0 0.849758162031439 0.2675925925925926 0.039298669891172915 0.14814814814814814
0 0.11789600967351874 0.8171296296296297 0.041112454655380895 0.16203703703703703
0 0.08524788391777509 0.8 0.0471584038694075 0.1814814814814815
0 0.4528415961305925 0.46111111111111114 0.041112454655380895 0.14814814814814814
0 0.4280532043530834 0.43472222222222223 0.03385731559854897 0.13796296296296295
0 0.9135429262394196 0.8449074074074074 0.044740024183796856 0.1787037037037037
0 0.8775695284159613 0.8560185185185185 0.05501813784764208 0.16203703703703703
0 0.9691656590084643 0.7393518518518518 0.05199516324062878 0.16574074074074074
0 0.912031438935913 0.7171296296296297 0.05380894800483676 0.16203703703703703
0 0.6030834340991535 0.8379629629629629 0.05380894800483676 0.17592592592592593
0 0.5217654171704957 0.34953703703703703 0.03869407496977025 0.1287037037037037
0 0.11608222490931076 0.6087962962962963 0.0471584038694075 0.18796296296296297
0 0.007255139056831923 0.700462962962963 0.013301088270858524 0.14351851851851852
0 0.8685006045949214 0.5726851851851852 0.044135429262394194 0.1675925925925926
0 0.8981257557436517 0.5597222222222222 0.042926239419588876 0.15092592592592594
0 0.24244256348246676 0.24444444444444444 0.03869407496977025 0.11481481481481481
0 0.2119105199516324 0.23703703703703705 0.03688029020556227 0.13703703703703704
0 0.13724304715840388 0.19814814814814816 0.037484885126964934 0.14074074074074075
0 0.6463119709794438 0.4388888888888889 0.04353083434099154 0.14074074074074075
0 0.005139056831922612 0.7657407407407407 0.009068923821039904 0.15925925925925927
0 0.5640870616686819 0.8342592592592593 0.04232164449818621 0.12962962962962962
0 0.7626964933494559 0.7185185185185186 0.04171704957678356 0.13333333333333333
0 0.7333736396614269 0.7134259259259259 0.0471584038694075 0.16018518518518518
0 0.14993954050785974 0.21805555555555556 0.03506650544135429 0.12129629629629629
0 0.7094921402660218 0.6685185185185185 0.03688029020556227 0.1425925925925926
0 0.7409310761789601 0.6611111111111111 0.044135429262394194 0.1685185185185185
0 0.09492140266021766 0.6796296296296296 0.0471584038694075 0.1425925925925926
0 0.12273276904474002 0.6875 0.04353083434099154 0.16018518518518518
0 0.047762998790810154 0.6875 0.037484885126964934 0.1527777777777778
0 0.660217654171705 0.7416666666666667 0.03506650544135429 0.12037037037037036
0 0.6692865779927448 0.4412037037037037 0.036275695284159616 0.13240740740740742
0 0.7902055622732769 0.7939814814814815 0.04353083434099154 0.1787037037037037
0 0.6390568319226119 0.9532407407407407 0.045949214026602174 0.09537037037037037
0 0.8385731559854898 0.7490740740740741 0.044740024183796856 0.17407407407407408
0 0.8071342200725514 0.7314814814814815 0.044740024183796856 0.15925925925925927
0 0.8446191051995163 0.774074074074074 0.04353083434099154 0.17962962962962964
0 0.8706166868198307 0.6486111111111111 0.03990326481257558 0.16944444444444445
0 0.3343409915356711 0.9421296296296297 0.056831922611850064 0.1175925925925926
0 0.805925030229746 0.24305555555555555 0.041112454655380895 0.14537037037037037
0 0.8364570737605804 0.225 0.03204353083434099 0.12407407407407407
0 0.8881499395405078 0.38842592592592595 0.044740024183796856 0.14907407407407408
0 0.6916565900846433 0.4083333333333333 0.03990326481257558 0.14629629629629629
0 0.7037484885126964 0.37777777777777777 0.03869407496977025 0.1388888888888889
0 0.9410519951632407 0.5467592592592593 0.051390568319226115 0.15833333333333333
0 0.4280532043530834 0.27361111111111114 0.03506650544135429 0.1287037037037037
0 0.4540507859733978 0.2824074074074074 0.032648125755743655 0.13518518518518519
0 0.6577992744860943 0.30277777777777776 0.037484885126964934 0.14814814814814814
0 0.6124546553808948 0.21296296296296297 0.03506650544135429 0.13333333333333333
0 0.5831318016928658 0.19537037037037036 0.044135429262394194 0.1425925925925926
0 0.005441354292623942 0.5416666666666666 0.009673518742442563 0.1425925925925926
0 0.21463119709794437 0.3199074074074074 0.04232164449818621 0.14351851851851852
0 0.19226118500604594 0.3453703703703704 0.04232164449818621 0.14074074074074075
0 0.008766626360338573 0.38333333333333336 0.016324062877871828 0.1574074074074074
0 0.02357920193470375 0.3736111111111111 0.03385731559854897 0.1398148148148148
0 0.154776299879081 0.27685185185185185 0.03990326481257558 0.12407407407407407
0 0.011185006045949214 0.475462962962963 0.021160822249093107 0.14907407407407408
0 0.13996372430471585 0.2574074074074074 0.03204353083434099 0.14074074074074075
0 0.032648125755743655 0.26805555555555555 0.044740024183796856 0.15462962962962962
0 0.0782950423216445 0.24259259259259258 0.03688029020556227 0.1425925925925926
0 0.8527811366384522 0.39351851851851855 0.04050785973397823 0.1388888888888889
0 0.9383313180169287 0.3680555555555556 0.03385731559854897 0.11574074074074074
0 0.9588875453446191 0.3611111111111111 0.037484885126964934 0.13518518518518519
0 0.8878476420798065 0.32685185185185184 0.03688029020556227 0.14074074074074075
0 0.7902055622732769 0.15601851851851853 0.030229746070133012 0.1287037037037037
0 0.9280532043530835 0.32175925925925924 0.037484885126964934 0.15092592592592594
0 0.0722490931076179 0.3875 0.034461910519951636 0.1361111111111111
0 0.11064087061668681 0.3851851851851852 0.03506650544135429 0.14629629629629629
0 0.10157194679564692 0.37222222222222223 0.032648125755743655 0.14074074074074075
0 0.9876058041112454 0.4162037037037037 0.02357920193470375 0.13796296296296295
0 0.9141475211608222 0.2199074074074074 0.032648125755743655 0.1287037037037037
0 0.08948004836759371 0.41435185185185186 0.03385731559854897 0.12129629629629629
0 0.2781136638452237 0.20046296296296295 0.03506650544135429 0.13796296296296295
0 0.9229141475211609 0.24212962962962964 0.0380894800483676 0.12314814814814815
0 0.975211608222491 0.35694444444444445 0.03385731559854897 0.12685185185185185
0 0.909310761789601 0.3699074074074074 0.03990326481257558 0.13796296296296295
0 0.6995163240628779 0.7333333333333333 0.044740024183796856 0.15185185185185185
0 0.18863361547763 0.9458333333333333 0.04353083434099154 0.11018518518518519
0 0.6275695284159613 0.3037037037037037 0.03385731559854897 0.12962962962962962
0 0.13301088270858524 0.9634259259259259 0.04232164449818621 0.07314814814814814
0 0.05501813784764208 0.9731481481481481 0.044740024183796856 0.053703703703703705
0 0.005441354292623942 0.8523148148148149 0.009673518742442563 0.19166666666666668
0 0.025695284159613058 0.8231481481481482 0.044135429262394194 0.1648148148148148
0 0.002116082224909311 0.4625 0.003022974607013301 0.15462962962962962
