0 0.0984375 0.3907407407407407 0.03958333333333333 0.18703703703703703
0 0.20260416666666667 0.5101851851851852 0.046875 0.23333333333333334
0 0.28177083333333336 0.5268518518518519 0.07083333333333333 0.22407407407407406
0 0.24947916666666667 0.45740740740740743 0.04479166666666667 0.23333333333333334
0 0.3606770833333333 0.46574074074074073 0.05572916666666667 0.2388888888888889
0 0.3854166666666667 0.3490740740740741 0.035416666666666666 0.19074074074074074
0 0.3109375 0.35462962962962963 0.03958333333333333 0.20555555555555555
0 0.45338541666666665 0.3699074074074074 0.04010416666666667 0.19537037037037036
0 0.40572916666666664 0.40370370370370373 0.04791666666666667 0.22037037037037038
0 0.46458333333333335 0.4166666666666667 0.04895833333333333 0.20925925925925926
0 0.8255208333333334 0.40555555555555556 0.057291666666666664 0.18888888888888888
0 0.4244791666666667 0.3861111111111111 0.04895833333333333 0.19074074074074074
0 0.4200520833333333 0.3574074074074074 0.0546875 0.1962962962962963
0 0.43020833333333336 0.3055555555555556 0.042708333333333334 0.17962962962962964
0 0.7723958333333333 0.3337962962962963 0.04583333333333333 0.1787037037037037
0 0.7265625 0.3837962962962963 0.041666666666666664 0.19722222222222222
0 0.7880208333333333 0.3476851851851852 0.05520833333333333 0.2064814814814815
0 0.703125 0.28564814814814815 0.040625 0.1824074074074074
0 0.6057291666666667 0.33055555555555555 0.042708333333333334 0.18703703703703703
0 0.8721354166666667 0.4300925925925926 0.05677083333333333 0.2324074074074074
0 0.26875 0.2652777777777778 0.03958333333333333 0.16574074074074074
0 0.46927083333333336 0.23333333333333334 0.034375 0.14814814814814814
0 0.4903645833333333 0.24444444444444444 0.03177083333333333 0.1259259259259259
0 0.49635416666666665 0.2074074074074074 0.03125 0.1425925925925926
0 0.3536458333333333 0.2361111111111111 0.041666666666666664 0.16666666666666666
0 0.38177083333333334 0.20787037037037037 0.030208333333333334 0.13796296296296295
0 0.5471354166666667 0.09907407407407408 0.0234375 0.11296296296296296
0 0.40963541666666664 0.12037037037037036 0.030729166666666665 0.12037037037037036
0 0.38828125 0.12314814814814815 0.025520833333333333 0.12962962962962962
0 0.3921875 0.30324074074074076 0.0375 0.1824074074074074
0 0.35963541666666665 0.13842592592592592 0.030729166666666665 0.16944444444444445
0 0.4713541666666667 0.1449074074074074 0.03229166666666667 0.1287037037037037
0 0.4200520833333333 0.1587962962962963 0.025520833333333333 0.11018518518518519
0 0.39088541666666665 0.15231481481481482 0.03177083333333333 0.13240740740740742
0 0.35885416666666664 0.09398148148148149 0.026041666666666668 0.1287037037037037
