0 0.053125 0.8828703703703704 0.09166666666666666 0.23055555555555557
0 0.21796875 0.9199074074074074 0.0609375 0.16018518518518518
0 0.16328125 0.875462962962963 0.0796875 0.24722222222222223
0 0.1296875 0.8574074074074074 0.071875 0.28703703703703703
0 0.78203125 0.8643518518518518 0.06927083333333334 0.27314814814814814
0 0.70390625 0.8657407407407407 0.0671875 0.27037037037037037
0 0.3151041666666667 0.7486111111111111 0.0625 0.26944444444444443
0 0.12578125 0.7523148148148148 0.0546875 0.23796296296296296
0 0.21979166666666666 0.7152777777777778 0.0625 0.25277777777777777
0 0.7486979166666666 0.4791666666666667 0.058854166666666666 0.19907407407407407
0 0.19557291666666668 0.712037037037037 0.044270833333333336 0.21481481481481482
0 0.24010416666666667 0.8361111111111111 0.07083333333333333 0.30925925925925923
0 0.7375 0.5097222222222222 0.04791666666666667 0.16944444444444445
0 0.5557291666666667 0.425462962962963 0.0375 0.18981481481481483
0 0.5307291666666667 0.43703703703703706 0.03229166666666667 0.1648148148148148
0 0.48072916666666665 0.45046296296296295 0.04583333333333333 0.1935185185185185
0 0.8744791666666667 0.4949074074074074 0.041666666666666664 0.16203703703703703
0 0.77109375 0.2671296296296296 0.024479166666666666 0.10462962962962963
0 0.5338541666666666 0.6282407407407408 0.05416666666666667 0.27314814814814814
0 0.4822916666666667 0.6328703703703704 0.04791666666666667 0.262037037037037
0 0.43723958333333335 0.6837962962962963 0.059895833333333336 0.23425925925925925
0 0.31145833333333334 0.6787037037037037 0.053125 0.25555555555555554
0 0.26119791666666664 0.6712962962962963 0.0546875 0.2537037037037037
0 0.23671875 0.6314814814814815 0.05364583333333333 0.24814814814814815
0 0.2955729166666667 0.5884259259259259 0.0359375 0.21203703703703702
0 0.35052083333333334 0.5745370370370371 0.05 0.23055555555555557
0 0.4744791666666667 0.5601851851851852 0.040625 0.19074074074074074
0 0.2635416666666667 0.5370370370370371 0.04583333333333333 0.19814814814814816
0 0.4 0.5222222222222223 0.041666666666666664 0.1962962962962963
0 0.5166666666666667 0.5648148148148148 0.04583333333333333 0.22407407407407406
0 0.5018229166666667 0.49444444444444446 0.0421875 0.16296296296296298
0 0.41067708333333336 0.43148148148148147 0.03802083333333333 0.17407407407407408
0 0.44140625 0.4351851851851852 0.04010416666666667 0.1685185185185185
0 0.50390625 0.3962962962962963 0.0359375 0.17037037037037037
0 0.5859375 0.37453703703703706 0.03229166666666667 0.15462962962962962
0 0.4705729166666667 0.39675925925925926 0.034895833333333334 0.15462962962962962
0 0.4002604166666667 0.42314814814814816 0.03697916666666667 0.17037037037037037
0 0.4322916666666667 0.3736111111111111 0.028125 0.13796296296296295
0 0.38125 0.4064814814814815 0.036458333333333336 0.18703703703703703
0 0.1953125 0.524537037037037 0.035416666666666666 0.18981481481481483
0 0.34479166666666666 0.36157407407407405 0.03854166666666667 0.15648148148148147
0 0.453125 0.3888888888888889 0.034375 0.15925925925925927
0 0.13697916666666668 0.5060185185185185 0.041666666666666664 0.19537037037037036
0 0.2890625 0.3648148148148148 0.03229166666666667 0.1574074074074074
0 0.8216145833333334 0.5425925925925926 0.0578125 0.21481481481481482
0 0.9268229166666667 0.5578703703703703 0.0546875 0.18981481481481483
0 0.3484375 0.3921296296296296 0.035416666666666666 0.15648148148148147
0 0.30703125 0.42083333333333334 0.03177083333333333 0.15833333333333333
0 0.24479166666666666 0.5013888888888889 0.059375 0.22685185185185186
0 0.34661458333333334 0.30185185185185187 0.030729166666666665 0.11481481481481481
0 0.42239583333333336 0.30185185185185187 0.03854166666666667 0.1388888888888889
0 0.55859375 0.3939814814814815 0.0296875 0.16574074074074074
0 0.36640625 0.2657407407407407 0.0234375 0.12037037037037036
0 0.3697916666666667 0.29398148148148145 0.027083333333333334 0.12314814814814815
0 0.5247395833333334 0.3685185185185185 0.03177083333333333 0.14629629629629629
0 0.48046875 0.30185185185185187 0.03177083333333333 0.13703703703703704
0 0.49973958333333335 0.29305555555555557 0.03177083333333333 0.13055555555555556
0 0.55703125 0.33796296296296297 0.03177083333333333 0.1574074074074074
0 0.5807291666666666 0.3263888888888889 0.0375 0.15462962962962962
0 0.3580729166666667 0.2449074074074074 0.0234375 0.12314814814814815
0 0.4393229166666667 0.2513888888888889 0.027604166666666666 0.11203703703703703
0 0.3971354166666667 0.25277777777777777 0.0296875 0.1111111111111111
0 0.48020833333333335 0.25046296296296294 0.023958333333333335 0.10462962962962963
0 0.5192708333333333 0.32175925925925924 0.021875 0.08796296296296297
0 0.31875 0.40370370370370373 0.035416666666666666 0.16296296296296298
0 0.7833333333333333 0.36018518518518516 0.030208333333333334 0.1685185185185185
0 0.5486979166666667 0.2953703703703704 0.027604166666666666 0.12407407407407407
