0 0.5244791666666667 0.20092592592592592 0.028125 0.12407407407407407
0 0.36380208333333336 0.21342592592592594 0.03177083333333333 0.1287037037037037
0 0.11145833333333334 0.47824074074074074 0.034375 0.18981481481481483
0 0.5973958333333333 0.300462962962963 0.03229166666666667 0.16018518518518518
0 0.346875 0.2125 0.027083333333333334 0.1398148148148148
0 0.057291666666666664 0.8773148148148148 0.075 0.24722222222222223
0 0.08385416666666666 0.924074074074074 0.071875 0.1537037037037037
0 0.24010416666666667 0.836574074074074 0.084375 0.32314814814814813
0 0.33567708333333335 0.30324074074074076 0.03802083333333333 0.1675925925925926
0 0.3578125 0.6546296296296297 0.058333333333333334 0.26851851851851855
0 0.6625 0.4527777777777778 0.06354166666666666 0.2037037037037037
0 0.5671875 0.31342592592592594 0.035416666666666666 0.14907407407407408
0 0.16744791666666667 0.8282407407407407 0.08177083333333333 0.3435185185185185
0 0.40677083333333336 0.4166666666666667 0.05 0.27037037037037037
0 0.546875 0.37824074074074077 0.0375 0.19166666666666668
0 0.4666666666666667 0.3902777777777778 0.03229166666666667 0.16018518518518518
0 0.434375 0.3699074074074074 0.042708333333333334 0.1712962962962963
0 0.3109375 0.36203703703703705 0.035416666666666666 0.1685185185185185
0 0.25026041666666665 0.3023148148148148 0.0390625 0.15648148148148147
0 0.42135416666666664 0.2773148148148148 0.03125 0.13796296296296295
0 0.44453125 0.2662037037037037 0.0296875 0.12314814814814815
0 0.3921875 0.2824074074074074 0.027083333333333334 0.10740740740740741
0 0.46432291666666664 0.24027777777777778 0.0328125 0.14722222222222223
0 0.484375 0.25925925925925924 0.026041666666666668 0.09814814814814815
0 0.4049479166666667 0.21851851851851853 0.0296875 0.11851851851851852
0 0.434375 0.21296296296296297 0.028125 0.10185185185185185
0 0.39375 0.2013888888888889 0.030208333333333334 0.12129629629629629
0 0.5390625 0.287962962962963 0.021875 0.09444444444444444
0 0.55546875 0.2564814814814815 0.033854166666666664 0.13518518518518519
0 0.48333333333333334 0.20462962962962963 0.035416666666666666 0.13518518518518519
0 0.40078125 0.18981481481481483 0.03177083333333333 0.1259259259259259
0 0.41692708333333334 0.20324074074074075 0.025520833333333333 0.12129629629629629
