0 0.007246376811594203 0.8846590909090909 0.01278772378516624 0.15795454545454546
0 0.02557544757033248 0.9619318181818182 0.04774083546462063 0.07840909090909091
0 0.3981244671781756 0.9005681818181818 0.04092071611253197 0.15113636363636362
0 0.3256606990622336 0.88125 0.0494458653026428 0.15795454545454546
0 0.30775788576300084 0.9164772727272728 0.05285592497868713 0.14431818181818182
0 0.5792838874680307 0.915340909090909 0.045183290707587385 0.14659090909090908
0 0.6146632566069906 0.91875 0.0443307757885763 0.1625
0 0.4219948849104859 0.7443181818181818 0.0443307757885763 0.14545454545454545
0 0.07161125319693094 0.7130681818181818 0.04603580562659847 0.14886363636363636
0 0.1082693947144075 0.7295454545454545 0.056265984654731455 0.15227272727272728
0 0.7591645353793691 0.7659090909090909 0.04859335038363171 0.16136363636363638
0 0.3256606990622336 0.6755681818181818 0.0392156862745098 0.13522727272727272
0 0.3537936913895993 0.6988636363636364 0.04603580562659847 0.14545454545454545
0 0.007246376811594203 0.3392045454545455 0.01278772378516624 0.10340909090909091
0 0.29965899403239554 0.6176136363636363 0.04688832054560955 0.14204545454545456
0 0.8546462063086104 0.013636363636363636 0.028132992327365727 0.025
0 0.959079283887468 0.975 0.042625745950554135 0.045454545454545456
0 0.4185848252344416 0.6022727272727273 0.04092071611253197 0.1318181818181818
0 0.4838022165387894 0.7448863636363636 0.04859335038363171 0.14431818181818182
0 0.5268542199488491 0.7426136363636363 0.04092071611253197 0.15568181818181817
0 0.6112531969309463 0.8477272727272728 0.04603580562659847 0.1409090909090909
0 0.2988064791133845 0.14829545454545454 0.03154305200341006 0.10795454545454546
0 0.8115942028985508 0.11931818181818182 0.028985507246376812 0.09318181818181819
0 0.8380221653878943 0.5051136363636364 0.042625745950554135 0.12840909090909092
0 0.28218243819266836 0.96875 0.0392156862745098 0.06477272727272727
0 0.20460358056265984 0.9784090909090909 0.04092071611253197 0.045454545454545456
0 0.2310315430520034 0.9573863636363636 0.04774083546462063 0.08522727272727272
0 0.14066496163682865 0.9261363636363636 0.04774083546462063 0.15
0 0.18030690537084398 0.925 0.043478260869565216 0.15
0 0.43052003410059675 0.07272727272727272 0.02557544757033248 0.07727272727272727
0 0.5345268542199488 0.028977272727272727 0.02557544757033248 0.05568181818181818
0 0.4096334185848252 0.0715909090909091 0.028132992327365727 0.08636363636363636
0 0.38192668371696503 0.03125 0.028985507246376812 0.060227272727272727
0 0.293691389599318 0.05454545454545454 0.028132992327365727 0.09090909090909091
0 0.1977834612105712 0.12386363636363637 0.028985507246376812 0.09772727272727273
0 0.7740835464620631 0.43920454545454546 0.03410059676044331 0.13522727272727272
0 0.8013640238704177 0.275 0.03751065643648764 0.11818181818181818
0 0.7996589940323956 0.3039772727272727 0.03239556692242114 0.11477272727272728
0 0.8380221653878943 0.11363636363636363 0.03580562659846547 0.09772727272727273
0 0.49232736572890023 0.39886363636363636 0.03495311167945439 0.11136363636363636
0 0.5319693094629157 0.39602272727272725 0.0392156862745098 0.12840909090909092
0 0.8324808184143222 0.475 0.03836317135549872 0.12272727272727273
0 0.7911338448422848 0.49772727272727274 0.042625745950554135 0.1318181818181818
0 0.7289002557544757 0.6914772727272728 0.04603580562659847 0.15113636363636362
0 0.8682864450127877 0.6772727272727272 0.045183290707587385 0.1340909090909091
0 0.8678601875532822 0.7971590909090909 0.03580562659846547 0.14431818181818182
0 0.9475703324808185 0.7727272727272727 0.045183290707587385 0.12954545454545455
0 0.8508098891730606 0.7005681818181818 0.0392156862745098 0.13522727272727272
0 0.5652173913043478 0.5488636363636363 0.05115089514066496 0.1431818181818182
0 0.5370843989769821 0.5596590909090909 0.04092071611253197 0.13522727272727272
0 0.2361466325660699 0.3568181818181818 0.03410059676044331 0.12045454545454545
0 0.49445865302642794 0.18409090909090908 0.030690537084398978 0.09090909090909091
0 0.1466325660699062 0.06534090909090909 0.03239556692242114 0.0875
0 0.3589087809036658 0.08693181818181818 0.02557544757033248 0.08977272727272727
0 0.3878942881500426 0.06647727272727273 0.02557544757033248 0.0875
0 0.8184143222506394 0.4005681818181818 0.0392156862745098 0.11931818181818182
0 0.21824381926683717 0.12329545454545454 0.027280477408354646 0.08977272727272727
0 0.722080136402387 0.4011363636363636 0.05115089514066496 0.1318181818181818
0 0.8729752770673487 0.45 0.042625745950554135 0.125
0 0.5068201193520887 0.47897727272727275 0.03495311167945439 0.11931818181818182
0 0.8158567774936062 0.6744318181818182 0.042625745950554135 0.1375
0 0.525149190110827 0.17954545454545454 0.03239556692242114 0.09318181818181819
0 0.4816709292412617 0.61875 0.0392156862745098 0.14204545454545456
0 0.5443307757885762 0.4778409090909091 0.041773231031543054 0.12840909090909092
0 0.22335890878090367 0.5318181818181819 0.03410059676044331 0.11818181818181818
0 0.5814151747655584 0.46875 0.03751065643648764 0.11022727272727273
0 0.7455242966751918 0.5176136363636363 0.03836317135549872 0.13068181818181818
0 0.7715260017050298 0.5363636363636364 0.04092071611253197 0.13863636363636364
0 0.7485080988917306 0.26590909090909093 0.03410059676044331 0.11363636363636363
0 0.45524296675191817 0.10909090909090909 0.028985507246376812 0.09090909090909091
0 0.4803921568627451 0.10625 0.0247229326513214 0.10113636363636364
0 0.5242966751918159 0.13522727272727272 0.028985507246376812 0.09318181818181819
0 0.5477408354646206 0.14886363636363636 0.03154305200341006 0.1
0 0.28218243819266836 0.009659090909090909 0.023870417732310314 0.017045454545454544
0 0.31798806479113384 0.009659090909090909 0.028985507246376812 0.017045454545454544
0 0.7028985507246377 0.3079545454545455 0.03495311167945439 0.125
0 0.5562659846547314 0.3721590909090909 0.041773231031543054 0.1215909090909091
0 0.5605285592497868 0.048863636363636366 0.03154305200341006 0.09545454545454546
0 0.7860187553282183 0.13238636363636364 0.027280477408354646 0.060227272727272727
0 0.7348678601875532 0.28295454545454546 0.0392156862745098 0.12045454545454545
0 0.8525149190110827 0.9170454545454545 0.05456095481670929 0.15454545454545454
0 0.9121909633418585 0.8329545454545455 0.04774083546462063 0.16136363636363638
0 0.9462915601023018 0.8420454545454545 0.03751065643648764 0.125
0 0.6901108269394715 0.6795454545454546 0.04859335038363171 0.14545454545454545
0 0.2237851662404092 0.25625 0.03495311167945439 0.11022727272727273
0 0.4560954816709292 0.46704545454545454 0.042625745950554135 0.1318181818181818
0 0.10485933503836317 0.5170454545454546 0.03239556692242114 0.10454545454545454
0 0.13725490196078433 0.5181818181818182 0.03751065643648764 0.1318181818181818
0 0.16624040920716113 0.5272727272727272 0.03580562659846547 0.09772727272727273
0 0.20119352088661552 0.3534090909090909 0.03580562659846547 0.11818181818181818
0 0.4194373401534527 0.45795454545454545 0.03580562659846547 0.125
0 0.2753623188405797 0.23806818181818182 0.03751065643648764 0.11704545454545455
0 0.1483375959079284 0.15454545454545454 0.03239556692242114 0.09772727272727273
0 0.4560954816709292 0.14488636363636365 0.03239556692242114 0.08295454545454546
0 0.5127877237851662 0.09602272727272727 0.03154305200341006 0.10113636363636364
0 0.45012787723785164 0.19943181818181818 0.030690537084398978 0.10340909090909091
0 0.47485080988917305 0.20909090909090908 0.03239556692242114 0.09772727272727273
0 0.15217391304347827 0.09204545454545454 0.028132992327365727 0.10227272727272728
0 0.033674339300937765 0.04431818181818182 0.03836317135549872 0.08636363636363636
0 0.32395566922421143 0.15284090909090908 0.030690537084398978 0.0875
0 0.4919011082693947 0.21931818181818183 0.03410059676044331 0.10454545454545454
0 0.7723785166240409 0.40852272727272726 0.042625745950554135 0.12613636363636363
0 0.3878942881500426 0.08522727272727272 0.028985507246376812 0.09545454545454546
0 0.4838022165387894 0.0875 0.03154305200341006 0.09318181818181819
0 0.47570332480818417 0.4971590909090909 0.0392156862745098 0.13522727272727272
0 0.1278772378516624 0.056818181818181816 0.02557544757033248 0.09318181818181819
0 0.2928388746803069 0.8414772727272727 0.04688832054560955 0.14886363636363636
0 0.9066496163682864 0.9755681818181818 0.040068201193520885 0.048863636363636366
0 0.9143222506393862 0.7318181818181818 0.040068201193520885 0.1431818181818182
0 0.8124467178175618 0.20113636363636364 0.030690537084398978 0.09772727272727273
0 0.3593350383631714 0.017045454545454544 0.03154305200341006 0.031818181818181815
0 0.649616368286445 0.8352272727272727 0.04774083546462063 0.15681818181818183
0 0.00980392156862745 0.44375 0.017902813299232736 0.12840909090909092
0 0.2907075873827792 0.7505681818181819 0.04603580562659847 0.15568181818181817
0 0.6317135549872123 0.70625 0.03580562659846547 0.1375
0 0.4722932651321398 0.5579545454545455 0.03410059676044331 0.10454545454545454
0 0.2911338448422847 0.41818181818181815 0.03495311167945439 0.125
0 0.005967604433077579 0.55625 0.010230179028132993 0.13295454545454546
0 0.03964194373401535 0.47102272727272726 0.041773231031543054 0.12840909090909092
0 0.355924978687127 0.79375 0.043478260869565216 0.14431818181818182
0 0.08184143222506395 0.4602272727272727 0.04092071611253197 0.11818181818181818
0 0.4373401534526854 0.2715909090909091 0.03239556692242114 0.11136363636363636
0 0.5882352941176471 0.6835227272727272 0.0443307757885763 0.13522727272727272
0 0.4492753623188406 0.5545454545454546 0.03751065643648764 0.13863636363636364
0 0.1474850809889173 0.11818181818181818 0.023870417732310314 0.08409090909090909
0 0.4940323955669224 0.5267045454545455 0.03495311167945439 0.1215909090909091
0 0.5703324808184144 0.602840909090909 0.042625745950554135 0.14886363636363636
0 0.3256606990622336 0.41875 0.03239556692242114 0.12840909090909092
0 0.08610400682011936 0.32329545454545455 0.04092071611253197 0.11477272727272728
0 0.3917306052855925 0.36704545454545456 0.03495311167945439 0.11136363636363636
0 0.13043478260869565 0.4346590909090909 0.03751065643648764 0.12386363636363637
0 0.2847399829497016 0.3744318181818182 0.03580562659846547 0.1215909090909091
0 0.33034953111679455 0.2840909090909091 0.03154305200341006 0.1159090909090909
0 0.36061381074168797 0.2806818181818182 0.03751065643648764 0.11136363636363636
0 0.43478260869565216 0.3659090909090909 0.0392156862745098 0.11818181818181818
0 0.3691389599317988 0.3619318181818182 0.03410059676044331 0.1215909090909091
0 0.407075873827792 0.2630681818181818 0.03154305200341006 0.10340909090909091
0 0.38917306052855927 0.2897727272727273 0.03154305200341006 0.10681818181818181
0 0.2958226768968457 0.29715909090909093 0.03751065643648764 0.12386363636363637
0 0.5255754475703325 0.21534090909090908 0.03495311167945439 0.10340909090909091
0 0.7450980392156863 0.45454545454545453 0.0392156862745098 0.11136363636363636
0 0.8554987212276215 0.3125 0.03154305200341006 0.11818181818181818
0 0.8704177323103154 0.5340909090909091 0.042625745950554135 0.1340909090909091
0 0.8324808184143222 0.31022727272727274 0.03495311167945439 0.12272727272727273
0 0.8678601875532822 0.4994318181818182 0.04092071611253197 0.12386363636363637
0 0.8201193520886616 0.53125 0.0392156862745098 0.12840909090909092
0 0.01577152600170503 0.5863636363636363 0.029838022165387893 0.13863636363636364
0 0.5191815856777494 0.5329545454545455 0.0392156862745098 0.1318181818181818
0 0.40494458653026427 0.6755681818181818 0.04603580562659847 0.1375
0 0.5336743393009378 0.5130681818181818 0.03239556692242114 0.11022727272727273
0 0.4620630861040068 0.6431818181818182 0.03751065643648764 0.1318181818181818
0 0.42071611253196933 0.2119318181818182 0.026427962489343565 0.0875
