0 0.10741687979539642 0.5835227272727272 0.04603580562659847 0.13522727272727272
0 0.9049445865302643 0.3130681818181818 0.03495311167945439 0.10113636363636364
0 0.10017050298380221 0.55625 0.045183290707587385 0.14204545454545456
0 0.5200341005967605 0.6335227272727273 0.059676044330775786 0.13068181818181818
0 0.3648763853367434 0.2840909090909091 0.042625745950554135 0.10454545454545454
0 0.8687127024722933 0.5244318181818182 0.042625745950554135 0.13522727272727272
0 0.7843137254901961 0.5227272727272727 0.0392156862745098 0.1409090909090909
0 0.7843137254901961 0.5363636363636364 0.042625745950554135 0.1318181818181818
0 0.829070758738278 0.5397727272727273 0.04859335038363171 0.14545454545454545
0 0.8124467178175618 0.5693181818181818 0.04603580562659847 0.1340909090909091
0 0.7058823529411765 0.73125 0.05285592497868713 0.14204545454545456
0 0.9305200341005968 0.7681818181818182 0.041773231031543054 0.13863636363636364
0 0.6581415174765558 0.9335227272727272 0.04092071611253197 0.13522727272727272
0 0.948849104859335 0.035227272727272725 0.030690537084398978 0.06818181818181818
0 0.8891730605285593 0.225 0.03239556692242114 0.10454545454545454
0 0.9326513213981245 0.03465909090909091 0.03410059676044331 0.06704545454545455
0 0.9036658141517476 0.04261363636363636 0.02557544757033248 0.08068181818181819
0 0.8853367433930094 0.020454545454545454 0.0247229326513214 0.038636363636363635
0 0.011935208866155157 0.1431818181818182 0.02216538789428815 0.1
0 0.1184995737425405 0.15681818181818183 0.03410059676044331 0.10227272727272728
0 0.5144927536231884 0.17556818181818182 0.03495311167945439 0.09431818181818181
0 0.4011082693947144 0.17045454545454544 0.03665814151747655 0.08409090909090909
0 0.38917306052855927 0.14602272727272728 0.03324808184143223 0.09886363636363636
0 0.5093776641091219 0.12443181818181819 0.03495311167945439 0.08977272727272727
0 0.1423699914748508 0.07613636363636364 0.03239556692242114 0.09772727272727273
0 0.43435635123614663 0.17386363636363636 0.03836317135549872 0.10227272727272728
0 0.45481670929241264 0.18522727272727274 0.0247229326513214 0.06136363636363636
0 0.16155157715260018 0.07954545454545454 0.028132992327365727 0.1
0 0.19096334185848252 0.08863636363636364 0.028985507246376812 0.09318181818181819
0 0.27450980392156865 0.12386363636363637 0.03410059676044331 0.1
0 0.3209718670076726 0.1340909090909091 0.03324808184143223 0.09772727272727273
0 0.3388746803069054 0.13977272727272727 0.03324808184143223 0.09318181818181819
0 0.2318840579710145 0.05397727272727273 0.030690537084398978 0.0875
0 0.1794543904518329 0.01818181818181818 0.0247229326513214 0.03409090909090909
0 0.19138959931798807 0.023295454545454546 0.0247229326513214 0.04431818181818182
0 0.28601875532821824 0.040340909090909094 0.028132992327365727 0.07840909090909091
0 0.4799658994032396 0.11875 0.03751065643648764 0.09659090909090909
0 0.42242114236999145 0.08636363636363636 0.03324808184143223 0.09318181818181819
0 0.46888320545609546 0.08238636363636363 0.030690537084398978 0.09431818181818181
0 0.28388746803069054 0.019886363636363636 0.03239556692242114 0.0375
0 0.3290707587382779 0.03068181818181818 0.03239556692242114 0.05909090909090909
0 0.309462915601023 0.028409090909090908 0.028985507246376812 0.05454545454545454
0 0.3635976129582268 0.02215909090909091 0.03324808184143223 0.042045454545454546
0 0.3998294970161978 0.022727272727272728 0.028985507246376812 0.04318181818181818
0 0.4215686274509804 0.026136363636363635 0.03154305200341006 0.05
0 0.4360613810741688 0.024431818181818183 0.028132992327365727 0.04659090909090909
0 0.46845694799658993 0.028977272727272727 0.028132992327365727 0.05568181818181818
0 0.49872122762148335 0.08125 0.027280477408354646 0.08977272727272727
0 0.5332480818414322 0.013068181818181817 0.03154305200341006 0.023863636363636365
0 0.489769820971867 0.019886363636363636 0.0247229326513214 0.0375
0 0.5728900255754475 0.3568181818181818 0.03580562659846547 0.1159090909090909
0 0.6329923273657289 0.6869318181818181 0.04859335038363171 0.13295454545454546
0 0.8934356351236147 0.023295454545454546 0.028985507246376812 0.04431818181818182
0 0.24552429667519182 0.03465909090909091 0.028985507246376812 0.06704545454545455
0 0.45481670929241264 0.013636363636363636 0.03154305200341006 0.025
0 0.3815004262574595 0.024431818181818183 0.028132992327365727 0.04659090909090909
0 0.5068201193520887 0.031818181818181815 0.03324808184143223 0.06136363636363636
0 0.5098039215686274 0.04659090909090909 0.030690537084398978 0.08409090909090909
0 0.08482523444160273 0.47045454545454546 0.045183290707587385 0.125
0 0.42455242966751916 0.3176136363636364 0.03580562659846547 0.12386363636363637
0 0.30008525149190113 0.7323863636363637 0.0494458653026428 0.15568181818181817
0 0.7659846547314578 0.6034090909090909 0.040068201193520885 0.1340909090909091
0 0.23955669224211423 0.9926136363636363 0.03239556692242114 0.017045454545454544
0 0.12276214833759591 0.9636363636363636 0.04092071611253197 0.075
0 0.1658141517476556 0.9630681818181818 0.043478260869565216 0.07613636363636364
0 0.4117647058823529 0.5693181818181818 0.030690537084398978 0.11363636363636363
0 0.7088661551577152 0.45284090909090907 0.03836317135549872 0.11704545454545455
0 0.39215686274509803 0.553409090909091 0.0392156862745098 0.12045454545454545
0 0.30605285592497866 0.45852272727272725 0.0443307757885763 0.12386363636363637
0 0.8052003410059676 0.70625 0.041773231031543054 0.12840909090909092
0 0.8115942028985508 0.6022727272727273 0.04603580562659847 0.1318181818181818
0 0.7331628303495311 0.7698863636363636 0.0392156862745098 0.13068181818181818
0 0.30605285592497866 0.5954545454545455 0.04774083546462063 0.12272727272727273
0 0.3597612958226769 0.5426136363636364 0.04092071611253197 0.11477272727272728
0 0.7689684569479965 0.772159090909091 0.04092071611253197 0.13522727272727272
0 0.04560954816709292 0.3028409090909091 0.03495311167945439 0.09204545454545454
0 0.7561807331628303 0.7102272727272727 0.0443307757885763 0.14545454545454545
0 0.5494458653026428 0.6857954545454545 0.05200341005967604 0.13295454545454546
0 0.5797101449275363 0.7005681818181818 0.04603580562659847 0.12386363636363637
0 0.0034100596760443308 0.42613636363636365 0.005115089514066497 0.11136363636363636
0 0.030264279624893437 0.4125 0.040068201193520885 0.125
0 0.263000852514919 0.8948863636363636 0.06223358908780904 0.15113636363636362
0 0.2928388746803069 0.4244318181818182 0.045183290707587385 0.12613636363636363
0 0.3976982097186701 0.32272727272727275 0.0247229326513214 0.10681818181818181
0 0.23060528559249788 0.26931818181818185 0.0247229326513214 0.08181818181818182
0 0.06820119352088662 0.29545454545454547 0.03580562659846547 0.10909090909090909
0 0.09676044330775789 0.3028409090909091 0.03154305200341006 0.09431818181818181
0 0.4505541346973572 0.29545454545454547 0.03495311167945439 0.10681818181818181
0 0.47868712702472294 0.30170454545454545 0.03324808184143223 0.10340909090909091
0 0.06649616368286446 0.12727272727272726 0.03580562659846547 0.09090909090909091
0 0.19735720375106564 0.25170454545454546 0.03495311167945439 0.10340909090909091
0 0.20886615515771526 0.27102272727272725 0.023870417732310314 0.07386363636363637
0 0.5046888320545609 0.9045454545454545 0.05115089514066496 0.1409090909090909
0 0.870843989769821 0.9005681818181818 0.04859335038363171 0.16477272727272727
0 0.8520886615515771 0.977840909090909 0.041773231031543054 0.04659090909090909
0 0.7229326513213982 0.9261363636363636 0.04092071611253197 0.1340909090909091
0 0.83461210571185 0.9136363636363637 0.0494458653026428 0.15227272727272728
0 0.2608695652173913 0.5494318181818182 0.0392156862745098 0.09431818181818181
0 0.22762148337595908 0.5340909090909091 0.042625745950554135 0.12045454545454545
0 0.17774936061381075 0.5113636363636364 0.045183290707587385 0.1340909090909091
0 0.8635976129582268 0.21079545454545454 0.03410059676044331 0.09431818181818181
0 0.7429667519181585 0.61875 0.03154305200341006 0.08522727272727272
0 0.6990622335890878 0.9295454545454546 0.042625745950554135 0.1409090909090909
0 0.11082693947144075 0.24659090909090908 0.0392156862745098 0.10227272727272728
0 0.38618925831202044 0.8340909090909091 0.05285592497868713 0.16136363636363638
0 0.3290707587382779 0.7443181818181818 0.042625745950554135 0.1340909090909091
0 0.618925831202046 0.9647727272727272 0.0443307757885763 0.06818181818181818
0 0.35208866155157714 0.5971590909090909 0.04603580562659847 0.12840909090909092
0 0.45268542199488493 0.6051136363636364 0.0494458653026428 0.12840909090909092
0 0.47570332480818417 0.9539772727272727 0.05115089514066496 0.09431818181818181
0 0.43265132139812446 0.9494318181818182 0.05541346973572037 0.10340909090909091
0 0.43052003410059675 0.7670454545454546 0.04603580562659847 0.1318181818181818
