0 0.11722080136402387 0.17670454545454545 0.03495311167945439 0.11022727272727273
0 0.01278772378516624 0.9806818181818182 0.023870417732310314 0.04090909090909091
0 0.34271099744245526 0.9653409090909091 0.042625745950554135 0.06931818181818182
0 0.37382779198635974 0.9789772727272728 0.040068201193520885 0.04431818181818182
0 0.38064791133844844 0.29659090909090907 0.03836317135549872 0.10227272727272728
0 0.7412617220801364 0.9125 0.06905370843989769 0.15454545454545454
0 0.07502131287297528 0.1721590909090909 0.03239556692242114 0.10795454545454546
0 0.26641091219096336 0.7875 0.04688832054560955 0.1409090909090909
0 0.7122762148337596 0.16363636363636364 0.03495311167945439 0.10681818181818181
0 0.5532821824381927 0.4590909090909091 0.04092071611253197 0.11136363636363636
0 0.30818414322250637 0.07272727272727272 0.029838022165387893 0.09318181818181819
0 0.43478260869565216 0.048295454545454544 0.028985507246376812 0.08977272727272727
0 0.2595907928388747 0.3034090909090909 0.03665814151747655 0.12045454545454545
0 0.7800511508951407 0.2551136363636364 0.03751065643648764 0.10113636363636364
0 0.8665814151747656 0.73125 0.04688832054560955 0.14204545454545456
0 0.2612958226768968 0.9886363636363636 0.026427962489343565 0.025
0 0.2259164535379369 0.96875 0.05456095481670929 0.0625
0 0.12958226768968456 0.9403409090909091 0.0494458653026428 0.1215909090909091
0 0.16709292412617222 0.9392045454545455 0.04603580562659847 0.1215909090909091
0 0.4036658141517477 0.20738636363636365 0.028132992327365727 0.0875
0 0.5528559249786871 0.12727272727272726 0.03324808184143223 0.10454545454545454
0 0.3895993179880648 0.20738636363636365 0.03239556692242114 0.09431818181818181
0 0.34825234441602726 0.14375 0.03495311167945439 0.09886363636363636
0 0.17902813299232737 0.21079545454545454 0.04092071611253197 0.11704545454545455
0 0.07885763000852515 0.27102272727272725 0.029838022165387893 0.09886363636363636
0 0.6918158567774936 0.6710227272727273 0.04688832054560955 0.14204545454545456
0 0.7924126172208014 0.39829545454545456 0.041773231031543054 0.11477272727272728
0 0.8584825234441603 0.47897727272727275 0.04774083546462063 0.12386363636363637
0 0.8324808184143222 0.48863636363636365 0.041773231031543054 0.125
0 0.8209718670076727 0.24886363636363637 0.03751065643648764 0.10681818181818181
0 0.7762148337595908 0.7204545454545455 0.041773231031543054 0.1409090909090909
0 0.5541346973572038 0.6431818181818182 0.04603580562659847 0.125
0 0.5805626598465473 0.6323863636363637 0.04603580562659847 0.15113636363636362
0 0.8653026427962489 0.66875 0.0443307757885763 0.14886363636363636
0 0.8137254901960784 0.7221590909090909 0.03324808184143223 0.13522727272727272
0 0.66538789428815 0.8176136363636364 0.04859335038363171 0.16022727272727272
0 0.6372549019607843 0.8278409090909091 0.05541346973572037 0.15568181818181817
0 0.09846547314578005 0.5772727272727273 0.040068201193520885 0.13863636363636364
0 0.5127877237851662 0.3568181818181818 0.03324808184143223 0.11136363636363636
0 0.3380221653878943 0.22215909090909092 0.029838022165387893 0.09886363636363636
0 0.3691389599317988 0.2 0.027280477408354646 0.09318181818181819
0 0.8154305200341005 0.6295454545454545 0.03836317135549872 0.1340909090909091
0 0.1082693947144075 0.27954545454545454 0.028985507246376812 0.09772727272727273
0 0.7271952259164536 0.6369318181818182 0.05456095481670929 0.14204545454545456
0 0.9011082693947144 0.6568181818181819 0.04774083546462063 0.14545454545454545
0 0.5098039215686274 0.7443181818181818 0.04603580562659847 0.15
0 0.8358908780903666 0.6590909090909091 0.04688832054560955 0.13863636363636364
0 0.5358056265984654 0.3619318181818182 0.03324808184143223 0.11704545454545455
0 0.1977834612105712 0.01875 0.028985507246376812 0.035227272727272725
0 0.29923273657289 0.019886363636363636 0.028985507246376812 0.0375
0 0.2971014492753623 0.8096590909090909 0.05200341005967604 0.15795454545454546
0 0.5592497868712702 0.7454545454545455 0.04603580562659847 0.1590909090909091
0 0.5558397271952259 0.6806818181818182 0.04092071611253197 0.12954545454545455
0 0.5861040068201193 0.7295454545454545 0.03665814151747655 0.1340909090909091
0 0.7242114236999148 0.8090909090909091 0.05200341005967604 0.1431818181818182
0 0.789002557544757 0.8397727272727272 0.05200341005967604 0.16136363636363638
0 0.768542199488491 0.3965909090909091 0.03324808184143223 0.12045454545454545
0 0.30605285592497866 0.25170454545454546 0.03239556692242114 0.09886363636363636
0 0.3307757885763001 0.2545454545454545 0.03410059676044331 0.10454545454545454
0 0.5230179028132992 0.2903409090909091 0.03836317135549872 0.10568181818181818
0 0.5524296675191815 0.3 0.03751065643648764 0.10227272727272728
0 0.1329923273657289 0.09829545454545455 0.03239556692242114 0.10113636363636364
0 0.19138959931798807 0.11647727272727272 0.029838022165387893 0.09886363636363636
0 0.2297527706734868 0.08181818181818182 0.028132992327365727 0.08181818181818182
0 0.1104006820119352 0.09147727272727273 0.03154305200341006 0.10340909090909091
0 0.252770673486786 0.07954545454545454 0.028132992327365727 0.09090909090909091
0 0.40068201193520886 0.08011363636363636 0.0392156862745098 0.09431818181818181
0 0.4092071611253197 0.05113636363636364 0.023870417732310314 0.08863636363636364
0 0.38107416879795397 0.03920454545454546 0.023870417732310314 0.06931818181818182
0 0.30861040068201195 0.019318181818181818 0.027280477408354646 0.03636363636363636
0 0.3320545609548167 0.019886363636363636 0.0247229326513214 0.0375
0 0.5017050298380221 0.04772727272727273 0.028132992327365727 0.08409090909090909
0 0.5234441602728048 0.05227272727272727 0.023870417732310314 0.08409090909090909
0 0.8439897698209718 0.035227272727272725 0.028985507246376812 0.06818181818181818
0 0.3388746803069054 0.028977272727272727 0.028132992327365727 0.05568181818181818
0 0.35805626598465473 0.03636363636363636 0.023870417732310314 0.056818181818181816
0 0.710997442455243 0.3715909090909091 0.042625745950554135 0.1159090909090909
0 0.7595907928388747 0.4278409090909091 0.042625745950554135 0.13295454545454546
0 0.7634271099744245 0.5039772727272728 0.04688832054560955 0.14886363636363636
0 0.4641943734015345 0.5619318181818181 0.04688832054560955 0.12840909090909092
0 0.7378516624040921 0.45681818181818185 0.03836317135549872 0.125
0 0.7293265132139812 0.5164772727272727 0.03324808184143223 0.12386363636363637
0 0.7229326513213982 0.42670454545454545 0.03751065643648764 0.1125
0 0.4752770673486786 0.1903409090909091 0.029838022165387893 0.06931818181818182
0 0.45225916453537934 0.1806818181818182 0.029838022165387893 0.09772727272727273
0 0.39727195225916456 0.1534090909090909 0.03751065643648764 0.10227272727272728
0 0.9322250639386189 0.008522727272727272 0.03154305200341006 0.014772727272727272
0 0.7519181585677749 0.27329545454545456 0.03239556692242114 0.07386363636363637
0 0.7719522591645354 0.45852272727272725 0.041773231031543054 0.13522727272727272
0 0.1555839727195226 0.4647727272727273 0.03836317135549872 0.125
0 0.4859335038363171 0.6943181818181818 0.05115089514066496 0.15681818181818183
0 0.008525149190110827 0.7784090909090909 0.015345268542199489 0.15227272727272728
0 0.023017902813299233 0.7892045454545454 0.03751065643648764 0.11704545454545455
0 0.05924978687127025 0.5744318181818182 0.040068201193520885 0.13068181818181818
0 0.4411764705882353 0.725 0.04688832054560955 0.1431818181818182
0 0.21568627450980393 0.4625 0.042625745950554135 0.1340909090909091
0 0.017050298380221655 0.3522727272727273 0.03239556692242114 0.10681818181818181
0 0.4697357203751066 0.27897727272727274 0.03751065643648764 0.11477272727272728
0 0.42242114236999145 0.42727272727272725 0.03665814151747655 0.11818181818181818
0 0.45225916453537934 0.4465909090909091 0.03665814151747655 0.11136363636363636
0 0.04092071611253197 0.22897727272727272 0.03580562659846547 0.11022727272727273
0 0.28218243819266836 0.3153409090909091 0.03751065643648764 0.10340909090909091
0 0.48294970161977835 0.42045454545454547 0.03665814151747655 0.12045454545454545
0 0.7847399829497016 0.6420454545454546 0.04859335038363171 0.1431818181818182
0 0.3670076726342711 0.21988636363636363 0.03495311167945439 0.10340909090909091
0 0.47911338448422847 0.22954545454545455 0.03751065643648764 0.10227272727272728
0 0.46888320545609546 0.75625 0.05115089514066496 0.15568181818181817
0 0.5404944586530265 0.8556818181818182 0.04092071611253197 0.1340909090909091
0 0.27408354646206307 0.6403409090909091 0.04688832054560955 0.14659090909090908
0 0.013640238704177323 0.7102272727272727 0.02557544757033248 0.15227272727272728
0 0.40451832907075874 0.4647727272727273 0.04688832054560955 0.1159090909090909
0 0.7357203751065644 0.9755681818181818 0.05285592497868713 0.05113636363636364
0 0.5 0.85625 0.060528559249786874 0.16704545454545455
0 0.057971014492753624 0.27443181818181817 0.03410059676044331 0.09886363636363636
0 0.5839727195225917 0.790340909090909 0.042625745950554135 0.14659090909090908
0 0.6977834612105712 0.8653409090909091 0.060528559249786874 0.16022727272727272
0 0.30605285592497866 0.6267045454545455 0.04092071611253197 0.14431818181818182
0 0.3751065643648764 0.5840909090909091 0.042625745950554135 0.1159090909090909
0 0.04049445865302643 0.6522727272727272 0.05029838022165388 0.13636363636363635
0 0.1636828644501279 0.6153409090909091 0.05115089514066496 0.1375
0 0.29923273657289 0.4818181818181818 0.03239556692242114 0.12045454545454545
0 0.3422847399829497 0.48977272727272725 0.03836317135549872 0.1340909090909091
0 0.3793691389599318 0.6136363636363636 0.04603580562659847 0.14772727272727273
0 0.3512361466325661 0.5704545454545454 0.042625745950554135 0.12954545454545455
0 0.3755328218243819 0.45625 0.04688832054560955 0.12386363636363637
0 0.37851662404092073 0.49318181818181817 0.042625745950554135 0.125
0 0.16666666666666666 0.5681818181818182 0.041773231031543054 0.14545454545454545
0 0.5132139812446718 0.41363636363636364 0.03751065643648764 0.1159090909090909
0 0.7348678601875532 0.75 0.042625745950554135 0.1431818181818182
0 0.8623188405797102 0.5193181818181818 0.03324808184143223 0.12045454545454545
0 0.9224211423699915 0.7573863636363637 0.0443307757885763 0.14204545454545456
0 0.8405797101449275 0.509090909090909 0.042625745950554135 0.12954545454545455
0 0.9083546462063086 0.7215909090909091 0.04688832054560955 0.14772727272727273
0 0.8716965046888321 0.7659090909090909 0.058823529411764705 0.13863636363636364
0 0.6146632566069906 0.7994318181818182 0.04092071611253197 0.13295454545454546
0 0.41091219096334186 0.9613636363636363 0.05285592497868713 0.07727272727272727
0 0.6265984654731458 0.78125 0.03751065643648764 0.1375
0 0.5545609548167093 0.9409090909090909 0.060528559249786874 0.1159090909090909
0 0.3734015345268542 0.3704545454545455 0.03751065643648764 0.10227272727272728
