0 0.08619791666666667 0.47129629629629627 0.04114583333333333 0.19074074074074074
0 0.7229166666666667 0.3541666666666667 0.040625 0.1675925925925926
0 0.030729166666666665 0.8675925925925926 0.06041666666666667 0.26666666666666666
0 0.11223958333333334 0.8833333333333333 0.09635416666666667 0.23333333333333334
0 0.13567708333333334 0.7828703703703703 0.06302083333333333 0.2972222222222222
0 0.22291666666666668 0.8324074074074074 0.07395833333333333 0.3333333333333333
0 0.7955729166666666 0.5050925925925925 0.06510416666666667 0.2101851851851852
0 0.24088541666666666 0.5962962962962963 0.05677083333333333 0.23148148148148148
0 0.36328125 0.6546296296296297 0.0546875 0.25925925925925924
0 0.23463541666666668 0.6810185185185185 0.06927083333333334 0.2916666666666667
0 0.29322916666666665 0.712037037037037 0.05416666666666667 0.2759259259259259
0 0.8481770833333333 0.48009259259259257 0.06614583333333333 0.21203703703703702
0 0.3463541666666667 0.5453703703703704 0.057291666666666664 0.24814814814814815
0 0.51953125 0.3925925925925926 0.0546875 0.19074074074074074
0 0.2875 0.4462962962962963 0.04375 0.20185185185185187
0 0.6372395833333333 0.40185185185185185 0.050520833333333334 0.17962962962962964
0 0.5786458333333333 0.3699074074074074 0.03958333333333333 0.17314814814814813
0 0.3609375 0.3523148148148148 0.042708333333333334 0.1712962962962963
0 0.5559895833333334 0.3837962962962963 0.0390625 0.1712962962962963
0 0.5841145833333333 0.1375 0.0234375 0.09907407407407408
0 0.509375 0.2449074074074074 0.028125 0.13240740740740742
0 0.46927083333333336 0.24537037037037038 0.03333333333333333 0.12962962962962962
0 0.2916666666666667 0.5310185185185186 0.057291666666666664 0.23796296296296296
0 0.4192708333333333 0.29305555555555557 0.04583333333333333 0.20833333333333334
0 0.5317708333333333 0.2865740740740741 0.03229166666666667 0.15462962962962962
0 0.43411458333333336 0.29768518518518516 0.03177083333333333 0.12314814814814815
0 0.4010416666666667 0.2884259259259259 0.035416666666666666 0.14537037037037037
0 0.3703125 0.300462962962963 0.022916666666666665 0.09351851851851851
0 0.3078125 0.26805555555555555 0.034375 0.1398148148148148
0 0.43307291666666664 0.21712962962962962 0.0296875 0.11574074074074074
0 0.4578125 0.21296296296296297 0.026041666666666668 0.11851851851851852
0 0.4747395833333333 0.20972222222222223 0.0234375 0.09537037037037037
0 0.41901041666666666 0.18564814814814815 0.0296875 0.12314814814814815
0 0.53203125 0.22962962962962963 0.021354166666666667 0.08148148148148149
0 0.5536458333333333 0.20787037037037037 0.028125 0.13425925925925927
0 0.32734375 0.16620370370370371 0.027604166666666666 0.12685185185185185
