0 0.08653026427962489 0.8397727272727272 0.05200341005967604 0.1590909090909091
0 0.011082693947144074 0.7573863636363637 0.020460358056265986 0.1625
0 0.06606990622335891 0.7636363636363637 0.05200341005967604 0.15227272727272728
0 0.824381926683717 0.9607954545454546 0.05115089514066496 0.07840909090909091
0 0.35720375106564367 0.7272727272727273 0.042625745950554135 0.15
0 0.5532821824381927 0.9857954545454546 0.03239556692242114 0.03068181818181818
0 0.5017050298380221 0.9857954545454546 0.023017902813299233 0.03068181818181818
0 0.2770673486786019 0.42215909090909093 0.042625745950554135 0.11704545454545455
0 0.8610400682011935 0.6886363636363636 0.0733162830349531 0.14545454545454545
0 0.8350383631713555 0.7068181818181818 0.045183290707587385 0.1318181818181818
0 0.5319693094629157 0.3977272727272727 0.03580562659846547 0.12272727272727273
0 0.9710144927536232 0.90625 0.04774083546462063 0.16477272727272727
0 0.9424552429667519 0.9159090909090909 0.05029838022165388 0.15227272727272728
0 0.7544757033248082 0.6829545454545455 0.04774083546462063 0.15227272727272728
0 0.8060528559249787 0.6840909090909091 0.041773231031543054 0.1340909090909091
0 0.8542199488491049 0.2369318181818182 0.0443307757885763 0.11022727272727273
0 0.8294970161977835 0.22954545454545455 0.03580562659846547 0.11818181818181818
0 0.3371696504688832 0.41875 0.045183290707587385 0.12613636363636363
0 0.309462915601023 0.43068181818181817 0.04774083546462063 0.12727272727272726
0 0.0319693094629156 0.36079545454545453 0.041773231031543054 0.1215909090909091
0 0.12105711849957375 0.31079545454545454 0.03410059676044331 0.11704545454545455
0 0.3320545609548167 0.37670454545454546 0.03665814151747655 0.12386363636363637
0 0.3473998294970162 0.39147727272727273 0.03495311167945439 0.11477272727272728
0 0.4194373401534527 0.7681818181818182 0.04774083546462063 0.15681818181818183
0 0.3955669224211424 0.3931818181818182 0.042625745950554135 0.11136363636363636
0 0.4373401534526854 0.3977272727272727 0.04092071611253197 0.1318181818181818
0 0.42028985507246375 0.5164772727272727 0.042625745950554135 0.13068181818181818
0 0.4697357203751066 0.4028409090909091 0.0443307757885763 0.11477272727272728
0 0.4663256606990622 0.35795454545454547 0.042625745950554135 0.125
0 0.37254901960784315 0.29829545454545453 0.04092071611253197 0.10795454545454546
0 0.3410059676044331 0.3 0.0392156862745098 0.11363636363636363
0 0.13640238704177324 0.23352272727272727 0.03580562659846547 0.10795454545454546
0 0.1483375959079284 0.29147727272727275 0.03580562659846547 0.11477272727272728
0 0.16197783461210571 0.325 0.042625745950554135 0.12045454545454545
0 0.1969309462915601 0.3261363636363636 0.0392156862745098 0.11818181818181818
0 0.1888320545609548 0.30511363636363636 0.03495311167945439 0.1215909090909091
0 0.23572037510656438 0.26420454545454547 0.041773231031543054 0.10795454545454546
0 0.49957374254049447 0.3079545454545455 0.042625745950554135 0.125
0 0.3832054560954817 0.26477272727272727 0.041773231031543054 0.11818181818181818
0 0.4373401534526854 0.24602272727272728 0.0392156862745098 0.11477272727272728
0 0.3175618073316283 0.28863636363636364 0.03495311167945439 0.11818181818181818
0 0.38491048593350385 0.1806818181818182 0.03154305200341006 0.07954545454545454
0 0.42625745950554134 0.1784090909090909 0.0392156862745098 0.09318181818181819
0 0.4053708439897698 0.18806818181818183 0.0247229326513214 0.08068181818181819
0 0.2693947144075021 0.17102272727272727 0.03751065643648764 0.10795454545454546
0 0.5200341005967605 0.46136363636363636 0.0443307757885763 0.1340909090909091
0 0.0123614663256607 0.9681818181818181 0.023017902813299233 0.06363636363636363
0 0.0639386189258312 0.9852272727272727 0.028985507246376812 0.031818181818181815
0 0.42838874680306904 0.29602272727272727 0.045183290707587385 0.1215909090909091
0 0.4599317988064791 0.48977272727272725 0.06223358908780904 0.11818181818181818
0 0.21014492753623187 0.27102272727272725 0.03154305200341006 0.09431818181818181
0 0.008951406649616368 0.33238636363636365 0.01619778346121057 0.11477272727272728
0 0.1679454390451833 0.8238636363636364 0.05285592497868713 0.1590909090909091
0 0.03495311167945439 0.33295454545454545 0.03580562659846547 0.11136363636363636
0 0.30434782608695654 0.3846590909090909 0.03239556692242114 0.1215909090909091
0 0.8495311167945439 0.8727272727272727 0.06223358908780904 0.15227272727272728
0 0.8226768968456948 0.43011363636363636 0.0392156862745098 0.13068181818181818
0 0.7766410912190963 0.425 0.042625745950554135 0.12272727272727273
0 0.7996589940323956 0.39147727272727273 0.04603580562659847 0.13068181818181818
0 0.7617220801364024 0.38238636363636364 0.045183290707587385 0.11704545454545455
0 0.814151747655584 0.08806818181818182 0.03751065643648764 0.09659090909090909
0 0.04092071611253197 0.008522727272727272 0.03239556692242114 0.014772727272727272
0 0.1679454390451833 0.026136363636363635 0.03580562659846547 0.05
0 0.13512361466325662 0.09261363636363637 0.03495311167945439 0.10113636363636364
0 0.5609548167092924 0.4034090909090909 0.03580562659846547 0.1340909090909091
0 0.16155157715260018 0.10056818181818182 0.03324808184143223 0.10795454545454546
0 0.24595055413469735 0.042045454545454546 0.03495311167945439 0.08181818181818182
0 0.29454390451832907 0.07670454545454546 0.028132992327365727 0.10340909090909091
0 0.345694799658994 0.21875 0.03836317135549872 0.11931818181818182
0 0.33034953111679455 0.07897727272727273 0.028132992327365727 0.0875
0 0.3631713554987212 0.11988636363636364 0.03580562659846547 0.10340909090909091
0 0.3495311167945439 0.2784090909090909 0.042625745950554135 0.11818181818181818
0 0.4863597612958227 0.14375 0.040068201193520885 0.10113636363636364
0 0.5200341005967605 0.1471590909090909 0.03751065643648764 0.10568181818181818
0 0.4134697357203751 0.0846590909090909 0.030690537084398978 0.09431818181818181
0 0.4394714407502131 0.08977272727272727 0.03836317135549872 0.1
0 0.3546462063086104 0.02556818181818182 0.03239556692242114 0.048863636363636366
0 0.4855072463768116 0.009659090909090909 0.028132992327365727 0.017045454545454544
0 0.453537936913896 0.17329545454545456 0.03751065643648764 0.10113636363636364
0 0.3989769820971867 0.023863636363636365 0.028985507246376812 0.045454545454545456
0 0.4595055413469736 0.007386363636363636 0.03239556692242114 0.0125
0 0.7084398976982097 0.42045454545454547 0.042625745950554135 0.125
0 0.5532821824381927 0.32727272727272727 0.03751065643648764 0.12045454545454545
0 0.3188405797101449 0.010227272727272727 0.030690537084398978 0.01818181818181818
0 0.5554134697357204 0.4329545454545455 0.03836317135549872 0.11818181818181818
0 0.39045183290707586 0.2119318181818182 0.0392156862745098 0.11477272727272728
