0 0.08541666666666667 0.3425925925925926 0.06145833333333333 0.18703703703703703
0 0.6026041666666667 0.1550925925925926 0.029166666666666667 0.1175925925925926
0 0.04348958333333333 0.8555555555555555 0.07447916666666667 0.29074074074074074
0 0.16692708333333334 0.6865740740740741 0.07239583333333334 0.3416666666666667
0 0.15859375 0.5731481481481482 0.06197916666666667 0.29259259259259257
0 0.38619791666666664 0.6435185185185185 0.08385416666666666 0.32222222222222224
0 0.3372395833333333 0.2962962962962963 0.03802083333333333 0.17962962962962964
0 0.3809895833333333 0.300462962962963 0.05260416666666667 0.17685185185185184
0 0.31354166666666666 0.25046296296296294 0.036458333333333336 0.1787037037037037
0 0.41458333333333336 0.2337962962962963 0.03854166666666667 0.18611111111111112
0 0.31796875 0.22453703703703703 0.0328125 0.16203703703703703
0 0.28880208333333335 0.2263888888888889 0.0359375 0.1824074074074074
0 0.38255208333333335 0.19907407407407407 0.03177083333333333 0.16111111111111112
0 0.5005208333333333 0.24351851851851852 0.042708333333333334 0.18518518518518517
0 0.5263020833333333 0.2337962962962963 0.0359375 0.16574074074074074
0 0.48854166666666665 0.26296296296296295 0.04479166666666667 0.17407407407407408
0 0.6515625 0.31666666666666665 0.05 0.19074074074074074
0 0.24479166666666666 0.2796296296296296 0.03958333333333333 0.18703703703703703
0 0.2140625 0.26851851851851855 0.0375 0.1925925925925926
0 0.8015625 0.3074074074074074 0.05 0.1814814814814815
0 0.6033854166666667 0.2675925925925926 0.034895833333333334 0.1648148148148148
0 0.4317708333333333 0.1597222222222222 0.036458333333333336 0.15462962962962962
0 0.5604166666666667 0.19166666666666668 0.0375 0.1537037037037037
0 0.7125 0.24259259259259258 0.03958333333333333 0.16111111111111112
0 0.4734375 0.14351851851851852 0.03854166666666667 0.15925925925925927
0 0.5111979166666667 0.18101851851851852 0.0359375 0.16203703703703703
0 0.534375 0.15138888888888888 0.026041666666666668 0.08796296296296297
0 0.5080729166666667 0.12453703703703704 0.027604166666666666 0.1287037037037037
0 0.44609375 0.07962962962962963 0.025520833333333333 0.11851851851851852
0 0.40546875 0.1574074074074074 0.0359375 0.15555555555555556
