0 0.8294970161977835 0.31022727272727274 0.042625745950554135 0.10454545454545454
0 0.2331628303495311 0.044886363636363634 0.03324808184143223 0.08295454545454546
0 0.18797953964194372 0.04659090909090909 0.03154305200341006 0.09090909090909091
0 0.4812446717817562 0.035227272727272725 0.0247229326513214 0.06818181818181818
0 0.40068201193520886 0.06818181818181818 0.023870417732310314 0.08409090909090909
0 0.5063938618925832 0.06704545454545455 0.03239556692242114 0.08409090909090909
0 0.35805626598465473 0.061931818181818185 0.028985507246376812 0.08068181818181819
0 0.3111679454390452 0.04659090909090909 0.028985507246376812 0.08181818181818182
0 0.30179028132992325 0.05227272727272727 0.028985507246376812 0.09090909090909091
0 0.49019607843137253 0.06420454545454546 0.03239556692242114 0.0875
0 0.37894288150042627 0.04772727272727273 0.03154305200341006 0.09090909090909091
0 0.4394714407502131 0.019318181818181818 0.03154305200341006 0.03636363636363636
0 0.5115089514066496 0.021022727272727273 0.03239556692242114 0.03977272727272727
0 0.9403239556692242 0.04375 0.03580562659846547 0.08522727272727272
0 0.5213128729752771 0.036931818181818184 0.03154305200341006 0.0715909090909091
0 0.8789428815004262 0.03636363636363636 0.030690537084398978 0.07045454545454545
0 0.8542199488491049 0.03295454545454545 0.027280477408354646 0.06363636363636363
0 0.7075873827791986 0.29659090909090907 0.03751065643648764 0.09772727272727273
0 0.4151747655583973 0.06306818181818181 0.03239556692242114 0.08068181818181819
0 0.09121909633418585 0.8653409090909091 0.05285592497868713 0.16477272727272727
0 0.06095481670929241 0.8210227272727273 0.045183290707587385 0.15795454545454546
0 0.8009377664109122 0.9204545454545454 0.06223358908780904 0.13863636363636364
0 0.27450980392156865 0.43863636363636366 0.0392156862745098 0.12045454545454545
0 0.9185848252344416 0.73125 0.041773231031543054 0.14204545454545456
0 0.8269394714407502 0.7431818181818182 0.04603580562659847 0.14545454545454545
0 0.8265132139812447 0.7732954545454546 0.045183290707587385 0.14204545454545456
0 0.8823529411764706 0.7443181818181818 0.042625745950554135 0.14545454545454545
0 0.9138959931798807 0.759090909090909 0.0494458653026428 0.1590909090909091
0 0.8746803069053708 0.7971590909090909 0.04603580562659847 0.15795454545454546
0 0.7988064791133845 0.9551136363636363 0.06479113384484228 0.09204545454545454
0 0.014492753623188406 0.30568181818181817 0.027280477408354646 0.11363636363636363
0 0.5174765558397272 0.2857954545454545 0.03580562659846547 0.10795454545454546
0 0.3917306052855925 0.2869318181818182 0.03665814151747655 0.09659090909090909
0 0.39428815004262574 0.26931818181818185 0.03324808184143223 0.11136363636363636
0 0.5166240409207161 0.2585227272727273 0.03580562659846547 0.10113636363636364
0 0.4279624893435635 0.29204545454545455 0.04603580562659847 0.11136363636363636
0 0.4492753623188406 0.3090909090909091 0.023870417732310314 0.06818181818181818
0 0.21568627450980393 0.27954545454545454 0.03751065643648764 0.10454545454545454
0 0.30861040068201195 0.25625 0.03239556692242114 0.1125
0 0.3371696504688832 0.26193181818181815 0.03324808184143223 0.10795454545454546
0 0.057971014492753624 0.16079545454545455 0.03410059676044331 0.10113636363636364
0 0.014066496163682864 0.07954545454545454 0.026427962489343565 0.08409090909090909
0 0.16325660699062233 0.13977272727272727 0.028132992327365727 0.09772727272727273
0 0.4863597612958227 0.24375 0.03665814151747655 0.10568181818181818
0 0.41261722080136404 0.2 0.03751065643648764 0.09772727272727273
0 0.479539641943734 0.19204545454545455 0.03324808184143223 0.10681818181818181
0 0.1504688832054561 0.10227272727272728 0.03154305200341006 0.09772727272727273
0 0.21526001705029837 0.1125 0.03324808184143223 0.09772727272727273
0 0.19309462915601022 0.10852272727272727 0.028132992327365727 0.09431818181818181
0 0.26001705029838024 0.06477272727272727 0.030690537084398978 0.07727272727272727
0 0.5379369138959932 0.07386363636363637 0.03239556692242114 0.09772727272727273
0 0.28431372549019607 0.10397727272727272 0.03665814151747655 0.09659090909090909
0 0.35421994884910485 0.10056818181818182 0.03495311167945439 0.08977272727272727
0 0.37638533674339303 0.09488636363636363 0.03154305200341006 0.09659090909090909
0 0.4381926683716965 0.10170454545454545 0.03239556692242114 0.0875
0 0.4117647058823529 0.13920454545454544 0.03239556692242114 0.0875
0 0.5059676044330775 0.18409090909090908 0.028132992327365727 0.10681818181818181
0 0.5656436487638533 0.08068181818181819 0.03324808184143223 0.09318181818181819
0 0.49872122762148335 0.10568181818181818 0.03239556692242114 0.09090909090909091
0 0.4820971867007673 0.5244318181818182 0.03665814151747655 0.12613636363636363
0 0.8448422847399829 0.9551136363636363 0.04092071611253197 0.09204545454545454
0 0.8883205456095482 0.9363636363636364 0.05456095481670929 0.12727272727272726
0 0.07502131287297528 0.0659090909090909 0.03239556692242114 0.08409090909090909
0 0.033674339300937765 0.12670454545454546 0.03495311167945439 0.10568181818181818
0 0.049872122762148335 0.13068181818181818 0.03154305200341006 0.09318181818181819
0 0.45907928388746805 0.06875 0.03495311167945439 0.0875
0 0.3410059676044331 0.04318181818181818 0.028985507246376812 0.08181818181818182
0 0.3124467178175618 0.11647727272727272 0.028132992327365727 0.0875
0 0.44288150042625746 0.13125 0.03324808184143223 0.10568181818181818
0 0.2864450127877238 0.061931818181818185 0.028985507246376812 0.07613636363636364
0 0.4100596760443308 0.04943181818181818 0.030690537084398978 0.07386363636363637
0 0.46504688832054564 0.4647727272727273 0.03665814151747655 0.125
0 0.3213981244671782 0.9647727272727272 0.05285592497868713 0.07272727272727272
0 0.6999147485080989 0.8022727272727272 0.04603580562659847 0.1431818181818182
0 0.11508951406649616 0.9659090909090909 0.042625745950554135 0.06363636363636363
0 0.15899403239556692 0.9681818181818181 0.041773231031543054 0.06363636363636363
0 0.45098039215686275 0.7755681818181818 0.030690537084398978 0.1215909090909091
0 0.7872975277067349 0.6488636363636363 0.04688832054560955 0.14545454545454545
0 0.42497868712702475 0.7789772727272727 0.03836317135549872 0.12840909090909092
0 0.30264279624893436 0.6545454545454545 0.05285592497868713 0.14545454545454545
0 0.8414322250639387 0.8784090909090909 0.05115089514066496 0.13863636363636364
0 0.7612958226768969 0.7784090909090909 0.04774083546462063 0.15
0 0.31628303495311166 0.8329545454545455 0.0494458653026428 0.13863636363636364
0 0.3853367433930094 0.7715909090909091 0.042625745950554135 0.13863636363636364
0 0.8132992327365729 0.8914772727272727 0.0494458653026428 0.15113636363636362
0 0.6726342710997443 0.9301136363636363 0.05456095481670929 0.14204545454545456
0 0.717391304347826 0.9375 0.04859335038363171 0.12727272727272726
0 0.16879795396419436 0.6386363636363637 0.05456095481670929 0.13636363636363635
0 0.4339300937766411 0.475 0.03410059676044331 0.12045454545454545
0 0.15132139812446718 0.3977272727272727 0.026427962489343565 0.09318181818181819
0 0.443307757885763 0.43920454545454546 0.03580562659846547 0.10795454545454546
0 0.49531116794543906 0.4414772727272727 0.03410059676044331 0.1125
0 0.4722932651321398 0.09772727272727273 0.03580562659846547 0.09090909090909091
0 0.11295822676896845 0.3721590909090909 0.03665814151747655 0.11477272727272728
0 0.13384484228473997 0.39034090909090907 0.023870417732310314 0.07613636363636364
0 0.10699062233589088 0.7642045454545454 0.03836317135549872 0.10340909090909091
0 0.07757885763000852 0.7460227272727272 0.042625745950554135 0.13295454545454546
0 0.020886615515771527 0.7227272727272728 0.040068201193520885 0.15
0 0.8273657289002557 0.34147727272727274 0.03324808184143223 0.10340909090909091
0 0.6696504688832055 0.8238636363636364 0.03154305200341006 0.10681818181818181
0 0.023017902813299233 0.4017045454545455 0.0443307757885763 0.11022727272727273
0 0.3674339300937766 0.9801136363636364 0.04603580562659847 0.03977272727272727
0 0.36231884057971014 0.8301136363636363 0.04774083546462063 0.14886363636363636
0 0.4803921568627451 0.8511363636363637 0.05541346973572037 0.1409090909090909
0 0.49232736572890023 0.9818181818181818 0.043478260869565216 0.038636363636363635
0 0.9057971014492754 0.04318181818181818 0.03154305200341006 0.08409090909090909
0 0.5507246376811594 0.040340909090909094 0.03239556692242114 0.07840909090909091
