0 0.14194373401534527 0.3409090909090909 0.03665814151747655 0.12272727272727273
0 0.7591645353793691 0.24545454545454545 0.03324808184143223 0.09318181818181819
0 0.10144927536231885 0.3340909090909091 0.03751065643648764 0.12045454545454545
0 0.0038363171355498722 0.9607954545454546 0.005967604433077579 0.07840909090909091
0 0.5630861040068201 0.3801136363636364 0.04688832054560955 0.12386363636363637
0 0.4731457800511509 0.12556818181818183 0.03239556692242114 0.09659090909090909
0 0.8179880647911338 0.32386363636363635 0.03836317135549872 0.1159090909090909
0 0.7421142369991475 0.30454545454545456 0.03324808184143223 0.10681818181818181
0 0.7442455242966752 0.3221590909090909 0.03580562659846547 0.1125
0 0.7710997442455243 0.3119318181818182 0.03665814151747655 0.11704545454545455
0 0.763000852514919 0.3488636363636364 0.03751065643648764 0.11818181818181818
0 0.736999147485081 0.49772727272727274 0.041773231031543054 0.12045454545454545
0 0.8776641091219096 0.5193181818181818 0.05200341005967604 0.125
0 0.5784313725490197 0.6477272727272727 0.03665814151747655 0.1340909090909091
0 0.7932651321398124 0.12045454545454545 0.03154305200341006 0.10454545454545454
0 0.18797953964194372 0.024431818181818183 0.026427962489343565 0.04659090909090909
0 0.24808184143222506 0.028409090909090908 0.02557544757033248 0.05454545454545454
0 0.4957374254049446 0.048295454545454544 0.03836317135549872 0.08295454545454546
0 0.40153452685422 0.03920454545454546 0.030690537084398978 0.07613636363636364
0 0.37809036658141515 0.035227272727272725 0.026427962489343565 0.06818181818181818
0 0.47485080988917305 0.016477272727272726 0.028985507246376812 0.03068181818181818
0 0.4398976982097187 0.04602272727272727 0.03410059676044331 0.08977272727272727
0 0.45737425404944587 0.051704545454545454 0.0247229326513214 0.053409090909090906
0 0.3495311167945439 0.006818181818181818 0.028985507246376812 0.011363636363636364
0 0.3610400682011935 0.011363636363636364 0.028132992327365727 0.020454545454545454
0 0.3657289002557545 0.02215909090909091 0.028985507246376812 0.042045454545454546
0 0.5703324808184144 0.44829545454545455 0.04092071611253197 0.1215909090909091
0 0.6086956521739131 0.75625 0.042625745950554135 0.1375
0 0.2144075021312873 0.23806818181818182 0.03154305200341006 0.10340909090909091
0 0.42114236999147486 0.15738636363636363 0.03239556692242114 0.10340909090909091
0 0.25831202046035806 0.48295454545454547 0.03751065643648764 0.13863636363636364
0 0.7702472293265132 0.4034090909090909 0.03495311167945439 0.11136363636363636
0 0.22122762148337596 0.9715909090909091 0.05200341005967604 0.056818181818181816
0 0.1287297527706735 0.9426136363636364 0.04774083546462063 0.11704545454545455
0 0.16709292412617222 0.9431818181818182 0.0443307757885763 0.11363636363636363
0 0.4322250639386189 0.34261363636363634 0.028985507246376812 0.09659090909090909
0 0.4096334185848252 0.34204545454545454 0.03324808184143223 0.10681818181818181
0 0.3132992327365729 0.27045454545454545 0.040068201193520885 0.10681818181818181
0 0.03751065643648764 0.4113636363636364 0.04774083546462063 0.1318181818181818
0 0.803921568627451 0.5227272727272727 0.042625745950554135 0.12954545454545455
0 0.9083546462063086 0.6806818181818182 0.05541346973572037 0.12954545454545455
0 0.8623188405797102 0.7079545454545455 0.04688832054560955 0.14772727272727273
0 0.808610400682012 0.40397727272727274 0.03836317135549872 0.11477272727272728
0 0.9185848252344416 0.9676136363636364 0.05029838022165388 0.06477272727272727
0 0.6926683716965046 0.9471590909090909 0.05200341005967604 0.10568181818181818
0 0.7468030690537084 0.9346590909090909 0.059676044330775786 0.13068181818181818
0 0.9816709292412618 0.9210227272727273 0.03154305200341006 0.16022727272727272
0 0.9646206308610401 0.9676136363636364 0.03665814151747655 0.06477272727272727
0 0.5375106564364877 0.54375 0.03324808184143223 0.11704545454545455
0 0.33674339300937767 0.3744318181818182 0.04092071611253197 0.11022727272727273
0 0.3908780903665814 0.34204545454545454 0.03324808184143223 0.10681818181818181
0 0.8640238704177323 0.8931818181818182 0.05200341005967604 0.1431818181818182
0 0.829923273657289 0.9352272727272727 0.058823529411764705 0.1318181818181818
0 0.9518329070758739 0.9181818181818182 0.05200341005967604 0.1431818181818182
0 0.5630861040068201 0.5744318181818182 0.04688832054560955 0.13295454545454546
0 0.07502131287297528 0.07102272727272728 0.03580562659846547 0.08295454545454546
0 0.16624040920716113 0.12556818181818183 0.028985507246376812 0.0875
0 0.04475703324808184 0.977840909090909 0.05029838022165388 0.04659090909090909
0 0.7740835464620631 0.5363636363636364 0.042625745950554135 0.12954545454545455
0 0.11764705882352941 0.42159090909090907 0.03239556692242114 0.11136363636363636
0 0.1526001705029838 0.42272727272727273 0.03580562659846547 0.1159090909090909
0 0.5051150895140665 0.4590909090909091 0.040068201193520885 0.12272727272727273
0 0.5413469735720375 0.47045454545454546 0.042625745950554135 0.1159090909090909
0 0.04816709292412617 0.26590909090909093 0.029838022165387893 0.10454545454545454
0 0.14194373401534527 0.225 0.029838022165387893 0.08863636363636364
0 0.17391304347826086 0.22272727272727272 0.03239556692242114 0.10227272727272728
0 0.3516624040920716 0.21931818181818183 0.041773231031543054 0.10909090909090909
0 0.3976982097186701 0.16022727272727272 0.023017902813299233 0.09318181818181819
0 0.3030690537084399 0.13863636363636364 0.0247229326513214 0.075
0 0.19053708439897699 0.12613636363636363 0.028132992327365727 0.10227272727272728
0 0.21994884910485935 0.13068181818181818 0.028985507246376812 0.09318181818181819
0 0.46504688832054564 0.15 0.03324808184143223 0.09318181818181819
0 0.5051150895140665 0.15681818181818183 0.028132992327365727 0.08863636363636364
0 0.912617220801364 0.1806818181818182 0.03154305200341006 0.10227272727272728
0 0.16751918158567775 0.04318181818181818 0.03324808184143223 0.08181818181818182
0 0.21312872975277067 0.028409090909090908 0.030690537084398978 0.05227272727272727
0 0.28005115089514065 0.12272727272727273 0.028132992327365727 0.09318181818181819
0 0.7378516624040921 0.6039772727272728 0.04688832054560955 0.1375
0 0.8162830349531117 0.6215909090909091 0.041773231031543054 0.13863636363636364
0 0.7088661551577152 0.7153409090909091 0.041773231031543054 0.14431818181818182
0 0.7416879795396419 0.70625 0.042625745950554135 0.15568181818181817
0 0.4484228473998295 0.7761363636363636 0.04603580562659847 0.15227272727272728
0 0.7033248081841432 0.6465909090909091 0.042625745950554135 0.125
0 0.6734867860187553 0.7159090909090909 0.04603580562659847 0.1318181818181818
0 0.7868712702472294 0.6403409090909091 0.042625745950554135 0.13068181818181818
0 0.35720375106564367 0.32670454545454547 0.03410059676044331 0.10795454545454546
0 0.3294970161977835 0.3125 0.040068201193520885 0.12045454545454545
0 0.8397271952259164 0.06818181818181818 0.03239556692242114 0.09318181818181819
0 0.7438192668371697 0.41704545454545455 0.03324808184143223 0.07954545454545454
0 0.7412617220801364 0.665340909090909 0.041773231031543054 0.14204545454545456
0 0.20375106564364875 0.08693181818181818 0.030690537084398978 0.0875
0 0.02855924978687127 0.7460227272727272 0.041773231031543054 0.15113636363636362
0 0.6095481670929241 0.9397727272727273 0.059676044330775786 0.11818181818181818
0 0.021312872975277068 0.8380681818181818 0.04092071611253197 0.16022727272727272
0 0.4514066496163683 0.5306818181818181 0.041773231031543054 0.13863636363636364
0 0.47911338448422847 0.7045454545454546 0.04774083546462063 0.14545454545454545
0 0.5255754475703325 0.7102272727272727 0.03836317135549872 0.1318181818181818
0 0.2868712702472293 0.49318181818181817 0.041773231031543054 0.1159090909090909
0 0.47101449275362317 0.6545454545454545 0.04688832054560955 0.13863636363636364
0 0.8823529411764706 0.9227272727272727 0.042625745950554135 0.1340909090909091
0 0.37169650468883203 0.37727272727272726 0.03410059676044331 0.11363636363636363
0 0.44671781756180734 0.3835227272727273 0.0392156862745098 0.10568181818181818
0 0.293691389599318 0.89375 0.05200341005967604 0.1715909090909091
0 0.41304347826086957 0.6926136363636364 0.04688832054560955 0.14204545454545456
0 0.33972719522591643 0.9051136363636364 0.04688832054560955 0.16704545454545455
0 0.453537936913896 0.8170454545454545 0.04603580562659847 0.1340909090909091
0 0.0814151747655584 0.9238636363636363 0.05541346973572037 0.15
0 0.340153452685422 0.7170454545454545 0.04092071611253197 0.13863636363636364
0 0.37169650468883203 0.7301136363636364 0.04774083546462063 0.15568181818181817
0 0.4057971014492754 0.8806818181818182 0.05115089514066496 0.16136363636363638
0 0.40878090366581415 0.8119318181818181 0.04688832054560955 0.14204545454545456
0 0.38405797101449274 0.6755681818181818 0.05029838022165388 0.14431818181818182
0 0.4156010230179028 0.7386363636363636 0.05029838022165388 0.14772727272727273
0 0.5485933503836317 0.6585227272727273 0.03836317135549872 0.1375
0 0.8456947996589941 0.7664772727272727 0.04092071611253197 0.14431818181818182
0 0.8184143222506394 0.7556818181818182 0.05115089514066496 0.15227272727272728
0 0.40664961636828645 0.5392045454545454 0.0392156862745098 0.11931818181818182
