0 0.9088541666666666 0.8666666666666667 0.09166666666666666 0.26666666666666666
0 0.22447916666666667 0.7967592592592593 0.059375 0.28055555555555556
0 0.5966145833333333 0.7310185185185185 0.07552083333333333 0.2898148148148148
0 0.45625 0.6657407407407407 0.06875 0.2722222222222222
0 0.39036458333333335 0.6907407407407408 0.06510416666666667 0.2722222222222222
0 0.19244791666666666 0.6763888888888889 0.0546875 0.25092592592592594
0 0.8494791666666667 0.6578703703703703 0.051041666666666666 0.2564814814814815
0 0.7890625 0.4652777777777778 0.046875 0.17314814814814813
0 0.7411458333333333 0.4537037037037037 0.03854166666666667 0.1574074074074074
0 0.7270833333333333 0.4310185185185185 0.03229166666666667 0.17685185185185184
0 0.7502604166666667 0.43287037037037035 0.028645833333333332 0.13796296296296295
0 0.6807291666666667 0.42777777777777776 0.034375 0.14629629629629629
0 0.79765625 0.36342592592592593 0.0296875 0.15462962962962962
0 0.5458333333333333 0.46574074074074073 0.035416666666666666 0.17037037037037037
0 0.13333333333333333 0.8032407407407407 0.07395833333333333 0.262037037037037
0 0.08229166666666667 0.7907407407407407 0.06041666666666667 0.27037037037037037
0 0.23697916666666666 0.4597222222222222 0.03854166666666667 0.17685185185185184
0 0.20208333333333334 0.4875 0.03854166666666667 0.18425925925925926
0 0.4041666666666667 0.3990740740740741 0.035416666666666666 0.15185185185185185
0 0.35989583333333336 0.38842592592592595 0.0375 0.16018518518518518
0 0.3138020833333333 0.41064814814814815 0.0390625 0.16203703703703703
0 0.4588541666666667 0.36712962962962964 0.03854166666666667 0.14907407407407408
0 0.40572916666666664 0.35694444444444445 0.030208333333333334 0.1175925925925926
0 0.37864583333333335 0.350462962962963 0.0375 0.14907407407407408
0 0.4786458333333333 0.3175925925925926 0.03229166666666667 0.12407407407407407
0 0.46015625 0.28425925925925927 0.0296875 0.11296296296296296
0 0.44453125 0.31296296296296294 0.027604166666666666 0.13148148148148148
0 0.43385416666666665 0.2912037037037037 0.030208333333333334 0.12129629629629629
0 0.3997395833333333 0.29814814814814816 0.0296875 0.1259259259259259
0 0.3625 0.30416666666666664 0.029166666666666667 0.125
0 0.33932291666666664 0.31157407407407406 0.0296875 0.13240740740740742
0 0.4466145833333333 0.20972222222222223 0.025520833333333333 0.09907407407407408
0 0.35130208333333335 0.2611111111111111 0.025520833333333333 0.11481481481481481
0 0.553125 0.5152777777777777 0.042708333333333334 0.22685185185185186
0 0.49635416666666665 0.5199074074074074 0.04583333333333333 0.22870370370370371
0 0.40390625 0.28703703703703703 0.025520833333333333 0.12407407407407407
0 0.37552083333333336 0.2763888888888889 0.029166666666666667 0.11944444444444445
0 0.5354166666666667 0.5916666666666667 0.059375 0.21296296296296297
0 0.4908854166666667 0.5875 0.0546875 0.23055555555555557
0 0.09270833333333334 0.5574074074074075 0.04479166666666667 0.1962962962962963
0 0.265625 0.4861111111111111 0.04791666666666667 0.1814814814814815
0 0.6075520833333333 0.3814814814814815 0.033854166666666664 0.1425925925925926
0 0.7747395833333334 0.38981481481481484 0.033854166666666664 0.17407407407407408
0 0.82265625 0.525 0.05677083333333333 0.20555555555555555
0 0.0609375 0.9291666666666667 0.08020833333333334 0.14351851851851852
