0 0.5465538089480049 0.9273148148148148 0.049576783555018135 0.14722222222222223
0 0.4951632406287787 0.9342592592592592 0.041112454655380895 0.13333333333333333
0 0.07013301088270858 0.9171296296296296 0.04836759371221282 0.1675925925925926
0 0.06529625151148731 0.6337962962962963 0.049576783555018135 0.15833333333333333
0 0.02599758162031439 0.6685185185185185 0.04232164449818621 0.15185185185185185
0 0.5792019347037485 0.42083333333333334 0.04353083434099154 0.13796296296296295
0 0.21614268440145104 0.5097222222222222 0.034461910519951636 0.14537037037037037
0 0.16928657799274485 0.5013888888888889 0.044740024183796856 0.14537037037037037
0 0.11366384522370013 0.26851851851851855 0.041112454655380895 0.13703703703703704
0 0.03295042321644498 0.2972222222222222 0.034461910519951636 0.14629629629629629
0 0.08192261185006046 0.3101851851851852 0.044135429262394194 0.1425925925925926
0 0.14268440145102781 0.35185185185185186 0.04353083434099154 0.15185185185185185
0 0.187726723095526 0.3625 0.04171704957678356 0.17314814814814813
0 0.5535066505441354 0.21481481481481482 0.03688029020556227 0.13703703703703704
0 0.016626360338573155 0.44212962962962965 0.03204353083434099 0.14537037037037037
0 0.012696493349455865 0.4925925925925926 0.02418379685610641 0.14629629629629629
0 0.1523579201934704 0.4013888888888889 0.03990326481257558 0.14907407407407408
0 0.06559854897218863 0.4101851851851852 0.039298669891172915 0.14074074074074075
0 0.5507859733978234 0.25601851851851853 0.041112454655380895 0.14907407407407408
0 0.5861547762998791 0.2611111111111111 0.03204353083434099 0.1388888888888889
0 0.6798669891172914 0.562962962962963 0.04534461910519952 0.15185185185185185
0 0.721584038694075 0.5648148148148148 0.044135429262394194 0.14814814814814814
0 0.39631197097944376 0.25833333333333336 0.03688029020556227 0.12407407407407407
0 0.3887545344619105 0.28055555555555556 0.02781136638452237 0.11296296296296296
0 0.46735187424425634 0.25092592592592594 0.02539298669891173 0.13518518518518519
0 0.47309552599758165 0.2740740740740741 0.034461910519951636 0.1425925925925926
0 0.5550181378476421 0.38055555555555554 0.03869407496977025 0.13518518518518519
0 0.585247883917775 0.3435185185185185 0.032648125755743655 0.13333333333333333
0 0.628174123337364 0.34444444444444444 0.03506650544135429 0.1425925925925926
0 0.533857315598549 0.4546296296296296 0.05078597339782346 0.15925925925925927
0 0.42019347037484883 0.2935185185185185 0.037484885126964934 0.13148148148148148
0 0.7158403869407497 0.7092592592592593 0.04353083434099154 0.17222222222222222
0 0.781136638452237 0.6754629629629629 0.04232164449818621 0.14351851851851852
0 0.778415961305925 0.6305555555555555 0.04050785973397823 0.14074074074074075
0 0.939540507859734 0.6259259259259259 0.03869407496977025 0.14629629629629629
0 0.9050785973397824 0.6074074074074074 0.04836759371221282 0.15925925925925927
0 0.6429866989117291 0.7175925925925926 0.04534461910519952 0.1648148148148148
0 0.8760580411124547 0.4935185185185185 0.03990326481257558 0.13703703703703704
0 0.8331318016928658 0.4550925925925926 0.0471584038694075 0.13240740740740742
0 0.9005441354292624 0.44537037037037036 0.04534461910519952 0.1425925925925926
0 0.8228536880290206 0.5347222222222222 0.04353083434099154 0.14351851851851852
0 0.8485489721886336 0.5518518518518518 0.04050785973397823 0.15185185185185185
0 0.7871825876662636 0.5347222222222222 0.041112454655380895 0.1398148148148148
0 0.7566505441354293 0.4791666666666667 0.05259975816203144 0.15462962962962962
0 0.9087061668681983 0.28425925925925927 0.03143893591293833 0.13518518518518519
0 0.9425634824667473 0.3106481481481482 0.041112454655380895 0.13796296296296295
0 0.9788391777509069 0.5518518518518518 0.041112454655380895 0.14814814814814814
0 0.7581620314389359 0.8240740740740741 0.05199516324062878 0.17407407407407408
0 0.9851874244256348 0.4962962962962963 0.028415961305925032 0.1425925925925926
0 0.9171704957678356 0.750462962962963 0.044740024183796856 0.18425925925925926
0 0.8422007255139057 0.6185185185185185 0.07134220072551391 0.14814814814814814
0 0.869105199516324 0.6652777777777777 0.04171704957678356 0.14907407407407408
0 0.3978234582829504 0.03425925925925926 0.03506650544135429 0.06666666666666667
0 0.24637243047158403 0.053703703703703705 0.042926239419588876 0.10555555555555556
0 0.4625151148730351 0.04814814814814815 0.04353083434099154 0.09444444444444444
0 0.48548972188633616 0.019444444444444445 0.02539298669891173 0.037037037037037035
0 0.5752720677146312 0.060648148148148145 0.03204353083434099 0.11944444444444445
0 0.591596130592503 0.03148148148148148 0.03325272067714631 0.06111111111111111
0 0.694074969770254 0.04953703703703704 0.03506650544135429 0.09722222222222222
0 0.6974002418379686 0.07546296296296297 0.02720677146311971 0.09907407407407408
0 0.7218863361547763 0.06712962962962964 0.032648125755743655 0.11203703703703703
0 0.9328899637243047 0.03009259259259259 0.02539298669891173 0.058333333333333334
0 0.9658403869407497 0.03194444444444444 0.028415961305925032 0.062037037037037036
0 0.975211608222491 0.07222222222222222 0.02902055622732769 0.11666666666666667
0 0.9522370012091899 0.0699074074074074 0.03143893591293833 0.1175925925925926
0 0.9014510278113664 0.1037037037037037 0.02539298669891173 0.08518518518518518
0 0.9183796856106409 0.10138888888888889 0.030229746070133012 0.11574074074074074
0 0.9401451027811366 0.11203703703703703 0.032648125755743655 0.11296296296296296
0 0.9622128174123338 0.10185185185185185 0.028415961305925032 0.09814814814814815
0 0.9232164449818622 0.1398148148148148 0.045949214026602174 0.11851851851851852
0 0.9498186215235792 0.17314814814814813 0.030229746070133012 0.12407407407407407
0 0.9740024183796856 0.15185185185185185 0.03506650544135429 0.1259259259259259
0 0.9882103990326482 0.17916666666666667 0.022370012091898428 0.12129629629629629
0 0.9558645707376058 0.24027777777777778 0.032648125755743655 0.12129629629629629
0 0.9866989117291415 0.25972222222222224 0.02539298669891173 0.1398148148148148
0 0.9543530834340992 0.27037037037037037 0.034461910519951636 0.13148148148148148
0 0.9655380894800484 0.30694444444444446 0.03869407496977025 0.13240740740740742
0 0.6178960096735188 0.05416666666666667 0.03506650544135429 0.10648148148148148
0 0.6444981862152358 0.05462962962962963 0.026602176541717048 0.10740740740740741
0 0.5498790810157195 0.0875 0.02962515114873035 0.11018518518518519
0 0.5314389359129383 0.09027777777777778 0.030229746070133012 0.12129629629629629
0 0.6166868198307134 0.11018518518518519 0.03506650544135429 0.12962962962962962
0 0.5752720677146312 0.12083333333333333 0.03325272067714631 0.13055555555555556
0 0.6438935912938332 0.14907407407407408 0.032648125755743655 0.11481481481481481
0 0.6656590084643289 0.16157407407407406 0.026602176541717048 0.10462962962962963
0 0.6916565900846433 0.15787037037037038 0.03506650544135429 0.1287037037037037
0 0.685006045949214 0.2111111111111111 0.037484885126964934 0.12407407407407407
0 0.7164449818621523 0.20972222222222223 0.02902055622732769 0.11574074074074074
0 0.8246674727932285 0.25 0.03990326481257558 0.1259259259259259
0 0.39117291414752114 0.11481481481481481 0.032648125755743655 0.12407407407407407
0 0.42533252720677145 0.11527777777777778 0.03083434099153567 0.12129629629629629
0 0.5048367593712213 0.1449074074074074 0.030229746070133012 0.13425925925925927
0 0.43833131801692865 0.14722222222222223 0.03143893591293833 0.13333333333333333
0 0.31983071342200725 0.16620370370370371 0.03143893591293833 0.13796296296296295
0 0.36215235792019346 0.17916666666666667 0.030229746070133012 0.13240740740740742
0 0.3908706166868198 0.2111111111111111 0.022370012091898428 0.09259259259259259
0 0.6188029020556227 0.31712962962962965 0.03204353083434099 0.13796296296296295
0 0.14480048367593712 0.1337962962962963 0.03204353083434099 0.1175925925925926
0 0.09250302297460701 0.1638888888888889 0.032648125755743655 0.11296296296296296
0 0.10247883917775091 0.18055555555555555 0.034461910519951636 0.12962962962962962
0 0.1314993954050786 0.2 0.03204353083434099 0.13518518518518519
0 0.1444981862152358 0.2587962962962963 0.03990326481257558 0.12685185185185185
0 0.009975816203143894 0.12222222222222222 0.018742442563482467 0.11851851851851852
0 0.034461910519951636 0.1736111111111111 0.04353083434099154 0.12685185185185185
0 0.012998790810157194 0.2324074074074074 0.024788391777509067 0.09814814814814815
0 0.030229746070133012 0.20833333333333334 0.03506650544135429 0.14074074074074075
0 0.002720677146311971 0.6101851851851852 0.004232164449818622 0.1537037037037037
0 0.0048367593712212815 0.9273148148148148 0.008464328899637243 0.14722222222222223
0 0.02720677146311971 0.9291666666666667 0.049576783555018135 0.14351851851851852
0 0.06862152357920194 0.3199074074074074 0.02962515114873035 0.10648148148148148
0 0.06741233373639662 0.25833333333333336 0.02720677146311971 0.08703703703703704
0 0.5048367593712213 0.026851851851851852 0.02781136638452237 0.05185185185185185
0 0.5471584038694075 0.05324074074074074 0.037484885126964934 0.10462962962962963
0 0.2379081015719468 0.5902777777777778 0.035671100362756954 0.15648148148148147
0 0.24365175332527206 0.5597222222222222 0.03506650544135429 0.1398148148148148
0 0.1587061668681983 0.5828703703703704 0.04534461910519952 0.13796296296296295
0 0.2058645707376058 0.5879629629629629 0.039298669891172915 0.13518518518518519
0 0.2140266021765417 0.538425925925926 0.0471584038694075 0.15092592592592594
0 0.16505441354292624 0.5467592592592593 0.04232164449818621 0.13796296296296295
0 0.6366384522370012 0.5296296296296297 0.03385731559854897 0.14814814814814814
0 0.40114873035066506 0.2351851851851852 0.03204353083434099 0.12407407407407407
0 0.4204957678355502 0.23842592592592593 0.02720677146311971 0.12685185185185185
0 0.6242442563482467 0.5175925925925926 0.0380894800483676 0.14629629629629629
0 0.1396614268440145 0.9657407407407408 0.04836759371221282 0.06851851851851852
0 0.19014510278113664 0.9425925925925925 0.05259975816203144 0.11666666666666667
0 0.10671100362756952 0.9273148148148148 0.058645707376058044 0.14722222222222223
0 0.7566505441354293 0.7203703703703703 0.039298669891172915 0.14074074074074075
0 0.6995163240628779 0.9824074074074074 0.02418379685610641 0.037037037037037035
0 0.6847037484885127 0.9412037037037037 0.0501813784764208 0.11574074074074074
0 0.8588270858524788 0.5263888888888889 0.04050785973397823 0.1398148148148148
0 0.7357920193470375 0.6833333333333333 0.037484885126964934 0.13703703703703704
0 0.725211608222491 0.3787037037037037 0.04171704957678356 0.11851851851851852
0 0.7726723095525998 0.375 0.03990326481257558 0.13703703703703704
0 0.8636638452237001 0.9111111111111111 0.047762998790810154 0.15925925925925927
0 0.28234582829504234 0.3731481481481482 0.03990326481257558 0.13703703703703704
0 0.2633010882708585 0.3773148148148148 0.034461910519951636 0.1287037037037037
0 0.253627569528416 0.9712962962962963 0.044135429262394194 0.05925925925925926
0 0.44256348246674726 0.9537037037037037 0.049576783555018135 0.09444444444444444
0 0.5105804111245466 0.8194444444444444 0.051390568319226115 0.1814814814814815
0 0.4480048367593712 0.8689814814814815 0.0471584038694075 0.16203703703703703
0 0.5374848851269649 0.5856481481481481 0.037484885126964934 0.15462962962962962
0 0.599758162031439 0.6837962962962963 0.049576783555018135 0.16018518518518518
0 0.3385731559854897 0.7842592592592592 0.04353083434099154 0.16296296296296298
0 0.5580411124546554 0.5180555555555556 0.041112454655380895 0.13796296296296295
0 0.5389963724304716 0.4962962962962963 0.022370012091898428 0.07962962962962963
0 0.5634824667472793 0.6166666666666667 0.04353083434099154 0.1574074074074074
0 0.49788391777509067 0.8564814814814815 0.04897218863361548 0.20185185185185187
0 0.36608222490931075 0.4810185185185185 0.03688029020556227 0.13796296296296295
0 0.3062273276904474 0.4810185185185185 0.04171704957678356 0.16018518518518518
0 0.3651753325272068 0.4111111111111111 0.03506650544135429 0.14629629629629629
0 0.4960701330108827 0.42314814814814816 0.03204353083434099 0.12407407407407407
0 0.3808948004836759 0.7111111111111111 0.032648125755743655 0.15185185185185185
0 0.40054413542926237 0.7708333333333334 0.0501813784764208 0.15833333333333333
0 0.42140266021765416 0.7490740740740741 0.04232164449818621 0.17037037037037037
0 0.3721281741233374 0.7324074074074074 0.03688029020556227 0.17592592592592593
0 0.20495767835550183 0.23703703703703705 0.03990326481257558 0.1425925925925926
0 0.14812575574365175 0.16018518518518518 0.02781136638452237 0.11296296296296296
0 0.1795646916565901 0.15046296296296297 0.032648125755743655 0.13240740740740742
0 0.006650544135429262 0.9083333333333333 0.012091898428053204 0.17407407407407408
0 0.003929866989117291 0.21203703703703702 0.006650544135429262 0.12037037037037036
0 0.1626360338573156 0.24675925925925926 0.03385731559854897 0.14907407407407408
0 0.5625755743651754 0.6796296296296296 0.044135429262394194 0.1537037037037037
0 0.26451027811366384 0.7587962962962963 0.039298669891172915 0.17314814814814813
0 0.3092503022974607 0.725462962962963 0.044135429262394194 0.175
0 0.6795646916565901 0.6967592592592593 0.0471584038694075 0.14351851851851852
0 0.2617896009673519 0.4583333333333333 0.037484885126964934 0.14074074074074075
0 0.47702539298669894 0.5375 0.032648125755743655 0.13240740740740742
0 0.47128174123337363 0.5111111111111111 0.046553808948004836 0.12962962962962962
0 0.37515114873035066 0.3699074074074074 0.034461910519951636 0.14351851851851852
0 0.3219467956469166 0.5805555555555556 0.04897218863361548 0.1425925925925926
0 0.470677146311971 0.4046296296296296 0.03083434099153567 0.14074074074074075
0 0.49939540507859737 0.38981481481481484 0.032648125755743655 0.14629629629629629
0 0.4727932285368803 0.6050925925925926 0.03869407496977025 0.16203703703703703
0 0.8270858524788391 0.9185185185185185 0.053204353083434096 0.1648148148148148
0 0.45163240628778717 0.43796296296296294 0.03506650544135429 0.09814814814814815
0 0.49758162031438935 0.45601851851851855 0.030229746070133012 0.1175925925925926
0 0.40084643288996374 0.3787037037037037 0.041112454655380895 0.14814814814814814
