0 0.40870616686819833 0.8240740740740741 0.03990326481257558 0.17407407407407408
0 0.40507859733978235 0.8597222222222223 0.04836759371221282 0.15648148148148147
0 0.685006045949214 0.888425925925926 0.0471584038694075 0.17685185185185184
0 0.3851269649334946 0.5800925925925926 0.0471584038694075 0.1398148148148148
0 0.3542926239419589 0.5898148148148148 0.04232164449818621 0.14629629629629629
0 0.048065296251511486 0.7421296296296296 0.051390568319226115 0.16018518518518518
0 0.07889963724304716 0.9296296296296296 0.058645707376058044 0.14074074074074075
0 0.12726723095525996 0.9305555555555556 0.05743651753325272 0.14074074074074075
0 0.7191656590084643 0.549537037037037 0.04171704957678356 0.1712962962962963
0 0.6819830713422007 0.5805555555555556 0.04836759371221282 0.17037037037037037
0 0.7058645707376058 0.6208333333333333 0.044135429262394194 0.16944444444444445
0 0.873639661426844 0.8379629629629629 0.04232164449818621 0.15925925925925927
0 0.8509673518742442 0.8768518518518519 0.05743651753325272 0.1574074074074074
0 0.3615477629987908 0.2865740740740741 0.037484885126964934 0.13425925925925927
0 0.29836759371221283 0.31527777777777777 0.03688029020556227 0.13055555555555556
0 0.40477629987908104 0.2916666666666667 0.039298669891172915 0.14074074074074075
0 0.39933494558645705 0.30972222222222223 0.05501813784764208 0.14351851851851852
0 0.29050785973397825 0.9185185185185185 0.04171704957678356 0.16296296296296298
0 0.24153567110036275 0.8439814814814814 0.039298669891172915 0.17314814814814813
0 0.2753929866989117 0.8569444444444444 0.046553808948004836 0.15648148148148147
0 0.31106408706166866 0.9277777777777778 0.047762998790810154 0.14629629629629629
0 0.3177146311970979 0.3282407407407407 0.04534461910519952 0.14166666666666666
0 0.6351269649334945 0.9569444444444445 0.051390568319226115 0.08796296296296297
0 0.6774486094316807 0.9453703703703704 0.04534461910519952 0.10925925925925926
0 0.6336154776299879 0.9439814814814815 0.036275695284159616 0.11388888888888889
0 0.9818621523579202 0.9083333333333333 0.03385731559854897 0.17222222222222222
0 0.9480048367593712 0.8569444444444444 0.060459492140266025 0.16018518518518518
0 0.9924425634824667 0.8490740740740741 0.012696493349455865 0.12037037037037036
0 0.8216444981862152 0.6342592592592593 0.037484885126964934 0.15555555555555556
0 0.8796856106408706 0.6587962962962963 0.045949214026602174 0.16574074074074074
0 0.8337363966142685 0.5833333333333334 0.03143893591293833 0.10925925925925926
0 0.8675937122128174 0.5953703703703703 0.036275695284159616 0.1259259259259259
0 0.12091898428053205 0.2125 0.036275695284159616 0.12685185185185185
0 0.0250906892382104 0.3439814814814815 0.042926239419588876 0.16944444444444445
0 0.14812575574365175 0.23935185185185184 0.036275695284159616 0.12685185185185185
0 0.7578597339782346 0.16527777777777777 0.034461910519951636 0.1287037037037037
0 0.7750906892382105 0.1574074074074074 0.030229746070133012 0.12037037037037036
0 0.313180169286578 0.21342592592592594 0.032648125755743655 0.12314814814814815
0 0.23881499395405079 0.28194444444444444 0.037484885126964934 0.1398148148148148
0 0.36608222490931075 0.22083333333333333 0.03204353083434099 0.13240740740740742
0 0.5414147521160823 0.24074074074074073 0.03688029020556227 0.14629629629629629
0 0.39177750906892383 0.19907407407407407 0.032648125755743655 0.12962962962962962
0 0.48548972188633616 0.2587962962962963 0.045949214026602174 0.13425925925925927
0 0.5958282950423216 0.2023148148148148 0.03688029020556227 0.13055555555555556
0 0.6257557436517533 0.19166666666666668 0.04232164449818621 0.13148148148148148
0 0.6720072551390568 0.19398148148148148 0.044135429262394194 0.13055555555555556
0 0.7406287787182587 0.1476851851851852 0.03385731559854897 0.11203703703703703
0 0.7620918984280532 0.18796296296296297 0.034461910519951636 0.12962962962962962
0 0.774788391777509 0.3226851851851852 0.044135429262394194 0.13240740740740742
0 0.9721886336154776 0.399537037037037 0.03506650544135429 0.13425925925925927
0 0.9467956469165659 0.30277777777777776 0.037484885126964934 0.12962962962962962
0 0.9885126964933495 0.2875 0.02176541717049577 0.11944444444444445
0 0.9319830713422007 0.34675925925925927 0.034461910519951636 0.1361111111111111
0 0.9673518742442564 0.3587962962962963 0.03990326481257558 0.14351851851851852
0 0.9380290205562273 0.43657407407407406 0.044135429262394194 0.15462962962962962
0 0.8975211608222491 0.43703703703703706 0.044135429262394194 0.1574074074074074
0 0.7935308343409916 0.43657407407407406 0.03204353083434099 0.09907407407407408
0 0.8165054413542926 0.41574074074074074 0.03688029020556227 0.1388888888888889
0 0.8361547762998791 0.4287037037037037 0.030229746070133012 0.10925925925925926
0 0.9879081015719468 0.33796296296296297 0.022974607013301087 0.14074074074074075
0 0.8932889963724304 0.5106481481481482 0.058645707376058044 0.14166666666666666
0 0.9495163240628779 0.5018518518518519 0.04171704957678356 0.16296296296296298
0 0.968863361547763 0.49444444444444446 0.039298669891172915 0.14814814814814814
0 0.9888149939540508 0.46805555555555556 0.021160822249093107 0.13055555555555556
0 0.9195888754534461 0.5731481481481482 0.0471584038694075 0.1537037037037037
0 0.9241233373639661 0.6449074074074074 0.046553808948004836 0.15462962962962962
0 0.626360338573156 0.4199074074074074 0.045949214026602174 0.1398148148148148
0 0.6532648125755743 0.43287037037037035 0.039298669891172915 0.1527777777777778
0 0.8065296251511487 0.37546296296296294 0.030229746070133012 0.12685185185185185
0 0.7868802902055623 0.36944444444444446 0.03688029020556227 0.12962962962962962
0 0.6756348246674728 0.49212962962962964 0.044135429262394194 0.15648148148148147
0 0.6441958887545345 0.4861111111111111 0.039298669891172915 0.1537037037037037
0 0.6889359129383313 0.44583333333333336 0.03204353083434099 0.11574074074074074
0 0.7040507859733979 0.4527777777777778 0.03204353083434099 0.11296296296296296
0 0.7303506650544136 0.44074074074074077 0.044740024183796856 0.1425925925925926
0 0.8567110036275696 0.3824074074074074 0.037484885126964934 0.13148148148148148
0 0.8678960096735188 0.3675925925925926 0.03688029020556227 0.12407407407407407
0 0.7962515114873036 0.7138888888888889 0.05199516324062878 0.1685185185185185
0 0.11064087061668681 0.42083333333333334 0.03990326481257558 0.14907407407407408
0 0.15296251511487305 0.4101851851851852 0.0471584038694075 0.14074074074074075
0 0.12515114873035066 0.5060185185185185 0.044740024183796856 0.16203703703703703
0 0.08736396614268441 0.5120370370370371 0.046553808948004836 0.15185185185185185
0 0.02690447400241838 0.6763888888888889 0.051390568319226115 0.175
0 0.06590084643288996 0.7050925925925926 0.044740024183796856 0.12314814814814815
0 0.2880894800483676 0.763425925925926 0.046553808948004836 0.16574074074074074
0 0.06136638452237001 0.20092592592592592 0.03688029020556227 0.12407407407407407
0 0.07376058041112454 0.2222222222222222 0.037484885126964934 0.11481481481481481
0 0.11003627569528417 0.7560185185185185 0.05199516324062878 0.1787037037037037
0 0.3004836759371221 0.6657407407407407 0.04232164449818621 0.1685185185185185
0 0.35006045949214026 0.6337962962962963 0.049576783555018135 0.1638888888888889
0 0.37061668681983073 0.6680555555555555 0.037484885126964934 0.14351851851851852
0 0.7989721886336155 0.8074074074074075 0.06106408706166868 0.14814814814814814
0 0.8143893591293833 0.7768518518518519 0.05199516324062878 0.1648148148148148
0 0.835247883917775 0.749537037037037 0.044135429262394194 0.1398148148148148
0 0.36698911729141476 0.3736111111111111 0.04232164449818621 0.12314814814814815
0 0.3567110036275695 0.8495370370370371 0.053204353083434096 0.1675925925925926
0 0.8035066505441354 0.30694444444444446 0.037484885126964934 0.1398148148148148
0 0.33585247883917774 0.22083333333333333 0.03688029020556227 0.1361111111111111
0 0.21493349455864572 0.2759259259259259 0.034461910519951636 0.1259259259259259
0 0.39117291414752114 0.33935185185185185 0.0471584038694075 0.15648148148148147
0 0.23639661426844014 0.6055555555555555 0.04232164449818621 0.1537037037037037
0 0.2400241837968561 0.5712962962962963 0.037484885126964934 0.14629629629629629
0 0.19558645707376057 0.6027777777777777 0.044135429262394194 0.14629629629629629
0 0.21130592503022974 0.5481481481481482 0.04171704957678356 0.15185185185185185
0 0.17654171704957677 0.5615740740740741 0.045949214026602174 0.15462962962962962
0 0.43893591293833134 0.6 0.044740024183796856 0.15555555555555556
0 0.3902660217654172 0.24953703703703703 0.02962515114873035 0.1287037037037037
0 0.41324062877871826 0.2537037037037037 0.03204353083434099 0.1259259259259259
0 0.4818621523579202 0.5949074074074074 0.037484885126964934 0.16018518518518518
0 0.7218863361547763 0.9648148148148148 0.04836759371221282 0.07222222222222222
0 0.9238210399032648 0.9435185185185185 0.049576783555018135 0.11296296296296296
0 0.7194679564691656 0.39166666666666666 0.04232164449818621 0.11851851851851852
0 0.7629987908101572 0.39305555555555555 0.04232164449818621 0.13796296296296295
0 0.27750906892382105 0.38842592592592595 0.044740024183796856 0.13796296296296295
0 0.2530229746070133 0.40185185185185185 0.034461910519951636 0.14074074074074075
0 0.46916565900846435 0.9814814814814815 0.03990326481257558 0.03888888888888889
0 0.4954655380894801 0.8680555555555556 0.051390568319226115 0.19907407407407407
0 0.3987303506650544 0.9157407407407407 0.04534461910519952 0.15925925925925927
0 0.5374848851269649 0.5953703703703703 0.044740024183796856 0.1574074074074074
0 0.4700725513905683 0.9476851851851852 0.05259975816203144 0.10462962962962963
0 0.32466747279322855 0.7870370370370371 0.05199516324062878 0.17407407407407408
0 0.5498790810157195 0.5268518518518519 0.03688029020556227 0.13148148148148148
0 0.5211608222490931 0.5254629629629629 0.02902055622732769 0.10648148148148148
0 0.5471584038694075 0.6273148148148148 0.04232164449818621 0.14907407407407408
0 0.45435308343409914 0.9069444444444444 0.05380894800483676 0.18611111111111112
0 0.35761789600967353 0.4935185185185185 0.03688029020556227 0.13518518518518519
0 0.3355501813784764 0.4166666666666667 0.03990326481257558 0.15185185185185185
0 0.2892986698911729 0.5560185185185185 0.039298669891172915 0.1712962962962963
0 0.48095525997581623 0.4388888888888889 0.02720677146311971 0.12037037037037036
0 0.37122128174123337 0.7226851851851852 0.037484885126964934 0.15092592592592594
0 0.3854292623941959 0.7791666666666667 0.046553808948004836 0.16203703703703703
0 0.4117291414752116 0.7560185185185185 0.04232164449818621 0.1675925925925926
0 0.35792019347037485 0.7435185185185185 0.03506650544135429 0.17962962962962964
0 0.466142684401451 0.7541666666666667 0.044740024183796856 0.15462962962962962
0 0.6786577992744861 0.7175925925925926 0.051390568319226115 0.14814814814814814
0 0.310459492140266 0.45416666666666666 0.046553808948004836 0.14166666666666666
0 0.4749093107617896 0.5467592592592593 0.039298669891172915 0.13796296296296295
0 0.45828295042321643 0.524074074074074 0.04836759371221282 0.13518518518518519
0 0.25544135429262393 0.6800925925925926 0.039298669891172915 0.16018518518518518
0 0.1414752116082225 0.8925925925925926 0.05441354292623942 0.16111111111111112
0 0.46735187424425634 0.42592592592592593 0.032648125755743655 0.14814814814814814
0 0.502720677146312 0.4083333333333333 0.03688029020556227 0.14074074074074075
0 0.48639661426844016 0.6356481481481482 0.039298669891172915 0.16018518518518518
0 0.4407496977025393 0.4412037037037037 0.032648125755743655 0.11574074074074074
0 0.4939540507859734 0.4703703703703704 0.032648125755743655 0.11851851851851852
0 0.2660217654171705 0.7185185185185186 0.049576783555018135 0.1648148148148148
0 0.3866384522370012 0.9518518518518518 0.04171704957678356 0.09814814814814815
0 0.34461910519951633 0.9648148148148148 0.037484885126964934 0.07222222222222222
0 0.5822249093107618 0.8736111111111111 0.036275695284159616 0.12314814814814815
0 0.5477629987908101 0.8532407407407407 0.0471584038694075 0.17685185185185184
0 0.9882103990326482 0.1337962962962963 0.022370012091898428 0.11574074074074074
0 0.9380290205562273 0.0824074074074074 0.03688029020556227 0.12407407407407407
0 0.9685610640870617 0.09583333333333334 0.030229746070133012 0.1175925925925926
0 0.9842805320435308 0.15601851851851853 0.030229746070133012 0.1287037037037037
0 0.9129383313180169 0.1375 0.03869407496977025 0.1287037037037037
0 0.9510278113663845 0.18055555555555555 0.041112454655380895 0.14074074074074075
0 0.9767230955259976 0.18981481481481483 0.03688029020556227 0.12962962962962962
0 0.9053808948004837 0.20601851851851852 0.03688029020556227 0.1398148148148148
0 0.9235187424425635 0.21898148148148147 0.044135429262394194 0.14351851851851852
0 0.8851269649334945 0.17824074074074073 0.036275695284159616 0.13240740740740742
0 0.901148730350665 0.23657407407407408 0.039298669891172915 0.1361111111111111
0 0.8694074969770254 0.46620370370370373 0.049576783555018135 0.13796296296296295
0 0.6242442563482467 0.0375 0.02962515114873035 0.07314814814814814
0 0.6859129383313181 0.06805555555555555 0.0380894800483676 0.12314814814814815
0 0.6795646916565901 0.1300925925925926 0.037484885126964934 0.11574074074074074
0 0.6795646916565901 0.15648148148148147 0.03506650544135429 0.12962962962962962
0 0.7049576783555018 0.10648148148148148 0.03506650544135429 0.13518518518518519
0 0.5232769044740024 0.01898148148148148 0.022370012091898428 0.03611111111111111
0 0.5483675937122128 0.053703703703703705 0.032648125755743655 0.10555555555555556
0 0.5770858524788391 0.06342592592592593 0.03688029020556227 0.1175925925925926
0 0.5776904474002419 0.24675925925925926 0.04171704957678356 0.1398148148148148
0 0.7436517533252721 0.19027777777777777 0.03506650544135429 0.1287037037037037
0 0.25241837968561065 0.03194444444444444 0.03204353083434099 0.062037037037037036
0 0.22370012091898428 0.03425925925925926 0.03506650544135429 0.06666666666666667
0 0.11426844014510278 0.050462962962962966 0.037484885126964934 0.09907407407407408
0 0.1396614268440145 0.04722222222222222 0.036275695284159616 0.09259259259259259
0 0.18500604594921402 0.047685185185185185 0.037484885126964934 0.09351851851851851
0 0.5773881499395405 0.11064814814814815 0.03506650544135429 0.1175925925925926
0 0.3567110036275695 0.055092592592592596 0.032648125755743655 0.10833333333333334
0 0.3766626360338573 0.06481481481481481 0.03143893591293833 0.12407407407407407
0 0.42321644498186217 0.05694444444444444 0.032648125755743655 0.11203703703703703
0 0.3948004836759371 0.05648148148148148 0.03143893591293833 0.1111111111111111
0 0.2599758162031439 0.09861111111111111 0.03385731559854897 0.12314814814814815
0 0.22007255139056833 0.1037037037037037 0.037484885126964934 0.11851851851851852
0 0.5758766626360339 0.08333333333333333 0.03204353083434099 0.12407407407407407
0 0.6148730350665055 0.11342592592592593 0.037484885126964934 0.12129629629629629
0 0.6033857315598549 0.15046296296296297 0.037484885126964934 0.14351851851851852
0 0.562273276904474 0.15462962962962962 0.03506650544135429 0.13518518518518519
0 0.3645707376058041 0.1865740740740741 0.032648125755743655 0.12129629629629629
0 0.3567110036275695 0.1361111111111111 0.03385731559854897 0.13148148148148148
0 0.2439540507859734 0.12314814814814815 0.0380894800483676 0.12222222222222222
0 0.18742442563482467 0.09444444444444444 0.036275695284159616 0.11481481481481481
0 0.23579201934703747 0.07685185185185185 0.03385731559854897 0.11851851851851852
0 0.9628174123337364 0.15833333333333333 0.034461910519951636 0.13518518518518519
0 0.6103385731559855 0.049074074074074076 0.034461910519951636 0.0962962962962963
