0 0.4194373401534527 0.9761363636363637 0.042625745950554135 0.05
0 0.06905370843989769 0.6755681818181818 0.042625745950554135 0.13977272727272727
0 0.47911338448422847 0.9556818181818182 0.04603580562659847 0.08181818181818182
0 0.46675191815856776 0.96875 0.043478260869565216 0.0625
0 0.018329070758738276 0.6857954545454545 0.03495311167945439 0.13977272727272727
0 0.10315430520034101 0.6971590909090909 0.04603580562659847 0.1534090909090909
0 0.13469735720375106 0.647159090909091 0.0392156862745098 0.12840909090909092
0 0.32225063938618925 0.9636363636363636 0.0443307757885763 0.075
0 0.717391304347826 0.9653409090909091 0.05541346973572037 0.0715909090909091
0 0.7774936061381074 0.9636363636363636 0.04774083546462063 0.075
0 0.5890878090366581 0.8727272727272727 0.05115089514066496 0.1590909090909091
0 0.6223358908780904 0.7488636363636364 0.04603580562659847 0.15227272727272728
0 0.4156010230179028 0.7181818181818181 0.03836317135549872 0.1409090909090909
0 0.4629156010230179 0.7142045454545455 0.042625745950554135 0.14431818181818182
0 0.3192668371696505 0.6181818181818182 0.03665814151747655 0.1340909090909091
0 0.28388746803069054 0.5971590909090909 0.04092071611253197 0.13068181818181818
0 0.24680306905370844 0.6255681818181819 0.041773231031543054 0.13068181818181818
0 0.05456095481670929 0.6227272727272727 0.03239556692242114 0.1340909090909091
0 0.4198635976129582 0.6051136363636364 0.03836317135549872 0.13522727272727272
0 0.453537936913896 0.6079545454545454 0.03410059676044331 0.1318181818181818
0 0.37638533674339303 0.7494318181818181 0.045183290707587385 0.14659090909090908
0 0.3751065643648764 0.48011363636363635 0.03751065643648764 0.12613636363636363
0 0.19096334185848252 0.4653409090909091 0.03580562659846547 0.12840909090909092
0 0.21568627450980393 0.48125 0.04603580562659847 0.12840909090909092
0 0.7553282182438192 0.5085227272727273 0.0443307757885763 0.13068181818181818
0 0.6517476555839727 0.7613636363636364 0.043478260869565216 0.1318181818181818
0 0.35635123614663256 0.4153409090909091 0.03751065643648764 0.12840909090909092
0 0.3213981244671782 0.41647727272727275 0.03410059676044331 0.12386363636363637
0 0.9057971014492754 0.08068181818181819 0.03154305200341006 0.09772727272727273
0 0.829923273657289 0.7079545454545455 0.04859335038363171 0.13636363636363635
0 0.9501278772378516 0.8545454545454545 0.05200341005967604 0.14772727272727273
0 0.9526854219948849 0.7193181818181819 0.040068201193520885 0.14772727272727273
0 0.5647911338448423 0.4732954545454545 0.041773231031543054 0.11477272727272728
0 0.43648763853367434 0.4863636363636364 0.03751065643648764 0.11818181818181818
0 0.4697357203751066 0.4909090909090909 0.0392156862745098 0.1340909090909091
0 0.4927536231884058 0.6210227272727272 0.0392156862745098 0.11704545454545455
0 0.3205456095481671 0.038636363636363635 0.03239556692242114 0.075
0 0.8128729752770674 0.3159090909090909 0.041773231031543054 0.10454545454545454
0 0.10784313725490197 0.9818181818181818 0.03665814151747655 0.03636363636363636
0 0.2813299232736573 0.9744318181818182 0.04603580562659847 0.053409090909090906
0 0.21142369991474852 0.9829545454545454 0.04603580562659847 0.03636363636363636
0 0.23742540494458653 0.9607954545454546 0.04859335038363171 0.08068181818181819
0 0.14919011082693948 0.9272727272727272 0.042625745950554135 0.14545454545454545
0 0.18584825234441602 0.9318181818181818 0.042625745950554135 0.13863636363636364
0 0.2813299232736573 0.02159090909090909 0.027280477408354646 0.04090909090909091
0 0.7988064791133845 0.20170454545454544 0.03239556692242114 0.10795454545454546
0 0.80306905370844 0.16988636363636364 0.03751065643648764 0.10795454545454546
0 0.8542199488491049 0.1534090909090909 0.03580562659846547 0.11818181818181818
0 0.8324808184143222 0.16875 0.03154305200341006 0.11477272727272728
0 0.8218243819266837 0.033522727272727273 0.03580562659846547 0.06477272727272727
0 0.7016197783461211 0.3085227272727273 0.03410059676044331 0.11022727272727273
0 0.5494458653026428 0.2159090909090909 0.03154305200341006 0.10681818181818181
0 0.5814151747655584 0.20511363636363636 0.03751065643648764 0.11477272727272728
0 0.7719522591645354 0.30227272727272725 0.03836317135549872 0.10454545454545454
0 0.7331628303495311 0.3176136363636364 0.03410059676044331 0.11477272727272728
0 0.7651321398124468 0.44772727272727275 0.03836317135549872 0.1318181818181818
0 0.7728047740835464 0.38693181818181815 0.03154305200341006 0.11704545454545455
0 0.7647058823529411 0.4818181818181818 0.03410059676044331 0.10454545454545454
0 0.8235294117647058 0.4721590909090909 0.03751065643648764 0.11931818181818182
0 0.7617220801364024 0.4102272727272727 0.03836317135549872 0.11818181818181818
0 0.5750213128729753 0.3130681818181818 0.03836317135549872 0.11931818181818182
0 0.5485933503836317 0.3090909090909091 0.03495311167945439 0.11363636363636363
0 0.39045183290707586 0.18693181818181817 0.030690537084398978 0.10113636363636364
0 0.5004262574595055 0.05 0.027280477408354646 0.07954545454545454
0 0.3742540494458653 0.00909090909090909 0.02557544757033248 0.015909090909090907
0 0.3734015345268542 0.946590909090909 0.05115089514066496 0.10909090909090909
0 0.8448422847399829 0.23863636363636365 0.0392156862745098 0.10454545454545454
0 0.26982097186700765 0.01534090909090909 0.028132992327365727 0.028409090909090908
0 0.7625745950554135 0.2255681818181818 0.045183290707587385 0.11477272727272728
0 0.8363171355498721 0.2869318181818182 0.042625745950554135 0.10795454545454546
0 0.5682011935208866 0.2630681818181818 0.03665814151747655 0.10340909090909091
0 0.7242114236999148 0.3886363636363636 0.041773231031543054 0.11363636363636363
0 0.5183290707587382 0.05397727272727273 0.028985507246376812 0.08522727272727272
0 0.03495311167945439 0.9528409090909091 0.030690537084398978 0.09431818181818181
0 0.056265984654731455 0.9573863636363636 0.04092071611253197 0.0875
0 0.7028985507246377 0.8363636363636363 0.045183290707587385 0.1431818181818182
0 0.7604433077578857 0.8278409090909091 0.0443307757885763 0.14431818181818182
0 0.8158567774936062 0.7994318181818182 0.04092071611253197 0.15568181818181817
0 0.5848252344416027 0.6818181818181818 0.0392156862745098 0.14545454545454545
0 0.6172208013640239 0.6801136363636363 0.0392156862745098 0.13522727272727272
0 0.7587382779198636 0.6102272727272727 0.04092071611253197 0.15227272727272728
0 0.8022165387894288 0.5159090909090909 0.03751065643648764 0.1409090909090909
0 0.8414322250639387 0.5301136363636364 0.03580562659846547 0.11931818181818182
0 0.7229326513213982 0.42215909090909093 0.042625745950554135 0.1125
0 0.2728047740835465 0.10056818181818182 0.030690537084398978 0.10113636363636364
0 0.5021312872975278 0.28806818181818183 0.042625745950554135 0.11704545454545455
0 0.3167092924126172 0.31931818181818183 0.03154305200341006 0.10227272727272728
0 0.3350383631713555 0.31988636363636364 0.03580562659846547 0.11477272727272728
0 0.3554987212276215 0.3261363636363636 0.03580562659846547 0.09090909090909091
0 0.35208866155157714 0.18977272727272726 0.03580562659846547 0.10454545454545454
0 0.47058823529411764 0.25681818181818183 0.03580562659846547 0.11136363636363636
0 0.32651321398124467 0.07840909090909091 0.030690537084398978 0.1
0 0.2259164535379369 0.022727272727272728 0.028985507246376812 0.04318181818181818
0 0.24296675191815856 0.2875 0.03239556692242114 0.10681818181818181
0 0.5353793691389599 0.007386363636363636 0.03239556692242114 0.0125
0 0.4539641943734015 0.04318181818181818 0.03154305200341006 0.08409090909090909
0 0.4752770673486786 0.04431818181818182 0.03154305200341006 0.08409090909090909
0 0.2544757033248082 0.011363636363636364 0.028132992327365727 0.020454545454545454
0 0.3350383631713555 0.03806818181818182 0.03239556692242114 0.07386363636363637
0 0.5089514066496164 0.07727272727272727 0.030690537084398978 0.09772727272727273
0 0.8005115089514067 0.22443181818181818 0.0392156862745098 0.11022727272727273
0 0.39514066496163686 0.010795454545454546 0.028132992327365727 0.019318181818181818
0 0.5362318840579711 0.26477272727272727 0.03580562659846547 0.10454545454545454
0 0.16027280477408354 0.7846590909090909 0.0443307757885763 0.13522727272727272
0 0.48081841432225064 0.8039772727272727 0.042625745950554135 0.15568181818181817
0 0.5238704177323104 0.8176136363636364 0.03836317135549872 0.15795454545454546
0 0.722080136402387 0.75 0.042625745950554135 0.15681818181818183
0 0.01619778346121057 0.6068181818181818 0.030690537084398978 0.125
0 0.22250639386189258 0.5619318181818181 0.04092071611253197 0.1215909090909091
0 0.9130434782608695 0.9301136363636363 0.05456095481670929 0.14204545454545456
0 0.7817561807331628 0.7034090909090909 0.04774083546462063 0.15454545454545454
0 0.8618925831202046 0.6954545454545454 0.04092071611253197 0.15681818181818183
0 0.8878942881500427 0.6880681818181819 0.040068201193520885 0.15113636363636362
0 0.8951406649616368 0.6227272727272727 0.042625745950554135 0.1409090909090909
0 0.8363171355498721 0.42727272727272725 0.03751065643648764 0.12727272727272726
0 0.42838874680306904 0.24545454545454545 0.029838022165387893 0.09772727272727273
0 0.014919011082693947 0.033522727272727273 0.028132992327365727 0.06477272727272727
0 0.07502131287297528 0.46193181818181817 0.042625745950554135 0.11022727272727273
0 0.013640238704177323 0.5414772727272728 0.02557544757033248 0.11477272727272728
0 0.5583972719522592 0.6090909090909091 0.04092071611253197 0.1409090909090909
0 0.1257459505541347 0.2528409090909091 0.03836317135549872 0.11477272727272728
0 0.24467178175618073 0.42954545454545456 0.03751065643648764 0.12954545454545455
0 0.479539641943734 0.45170454545454547 0.03154305200341006 0.1215909090909091
0 0.44075021312872975 0.3488636363636364 0.03410059676044331 0.1
0 0.3533674339300938 0.2551136363636364 0.03495311167945439 0.11477272727272728
0 0.09292412617220801 0.33125 0.03751065643648764 0.11477272727272728
0 0.04774083546462063 0.42670454545454545 0.03751065643648764 0.1215909090909091
0 0.13341858482523444 0.28125 0.041773231031543054 0.11477272727272728
0 0.27578857630008524 0.4590909090909091 0.041773231031543054 0.125
0 0.16751918158567775 0.2818181818181818 0.03495311167945439 0.11818181818181818
0 0.47485080988917305 0.13693181818181818 0.03239556692242114 0.09431818181818181
0 0.44671781756180734 0.42670454545454545 0.03580562659846547 0.1215909090909091
0 0.4117647058823529 0.33295454545454545 0.03751065643648764 0.1159090909090909
0 0.4458653026427962 0.3170454545454545 0.03580562659846547 0.10681818181818181
0 0.5379369138959932 0.3698863636363636 0.04092071611253197 0.12840909090909092
0 0.3793691389599318 0.24886363636363637 0.03239556692242114 0.10681818181818181
0 0.22421142369991476 0.14829545454545454 0.0392156862745098 0.09659090909090909
0 0.44884910485933505 0.2096590909090909 0.028132992327365727 0.09204545454545454
0 0.19948849104859334 0.2636363636363636 0.03239556692242114 0.11363636363636363
0 0.3273657289002558 0.20170454545454544 0.03580562659846547 0.10795454545454546
0 0.37894288150042627 0.1318181818181818 0.03154305200341006 0.1
0 0.04049445865302643 0.0875 0.03495311167945439 0.1
0 0.4096334185848252 0.1340909090909091 0.03495311167945439 0.10227272727272728
0 0.48934356351236147 0.17102272727272727 0.030690537084398978 0.10795454545454546
0 0.4254049445865303 0.21079545454545454 0.03580562659846547 0.10795454545454546
0 0.45524296675191817 0.12556818181818183 0.030690537084398978 0.10113636363636364
0 0.4322250639386189 0.13977272727272727 0.028985507246376812 0.09772727272727273
0 0.36871270247229326 0.10511363636363637 0.03495311167945439 0.10113636363636364
0 0.5298380221653879 0.07954545454545454 0.03154305200341006 0.09772727272727273
0 0.8226768968456948 0.26136363636363635 0.03410059676044331 0.11136363636363636
0 0.8883205456095482 0.16420454545454546 0.030690537084398978 0.09886363636363636
0 0.8533674339300937 0.3477272727272727 0.042625745950554135 0.11818181818181818
0 0.8431372549019608 0.33125 0.042625745950554135 0.12386363636363637
0 0.8167092924126172 0.34204545454545454 0.04092071611253197 0.1159090909090909
0 0.6854219948849105 0.7005681818181818 0.05285592497868713 0.1625
0 0.9671781756180733 0.9318181818181818 0.04859335038363171 0.13863636363636364
0 0.11807331628303495 0.34488636363636366 0.045183290707587385 0.11477272727272728
0 0.4701619778346121 0.32386363636363635 0.03154305200341006 0.11363636363636363
0 0.391304347826087 0.4096590909090909 0.0392156862745098 0.11704545454545455
0 0.6300085251491901 0.8755681818181819 0.0494458653026428 0.1625
0 0.48678601875532823 0.3153409090909091 0.030690537084398978 0.10113636363636364
0 0.4454390451832907 0.38693181818181815 0.03836317135549872 0.11704545454545455
0 0.4416027280477408 0.08693181818181818 0.023870417732310314 0.07386363636363637
0 0.0196078431372549 0.5153409090909091 0.03751065643648764 0.11931818181818182
