0 0.149616368286445 0.5176136363636363 0.041773231031543054 0.13295454545454546
0 0.9151747655583973 0.2772727272727273 0.03324808184143223 0.10681818181818181
0 0.1329923273657289 0.5 0.04774083546462063 0.1340909090909091
0 0.49232736572890023 0.5676136363636364 0.05029838022165388 0.13295454545454546
0 0.38618925831202044 0.24659090909090908 0.03239556692242114 0.10227272727272728
0 0.8537936913895993 0.47670454545454544 0.03836317135549872 0.12840909090909092
0 0.768542199488491 0.45625 0.03324808184143223 0.10568181818181818
0 0.7728047740835464 0.48863636363636365 0.041773231031543054 0.125
0 0.8269394714407502 0.46761363636363634 0.03751065643648764 0.11477272727272728
0 0.80306905370844 0.48011363636363635 0.042625745950554135 0.12386363636363637
0 0.7996589940323956 0.5119318181818182 0.04092071611253197 0.12386363636363637
0 0.7016197783461211 0.675 0.04774083546462063 0.12954545454545455
0 0.9335038363171355 0.7272727272727273 0.042625745950554135 0.13863636363636364
0 0.6359761295822677 0.8681818181818182 0.04092071611253197 0.14772727272727273
0 0.8951406649616368 0.03636363636363636 0.02557544757033248 0.07045454545454545
0 0.8589087809036658 0.20625 0.03154305200341006 0.10340909090909091
0 0.8738277919863597 0.03920454545454546 0.02557544757033248 0.07613636363636364
0 0.03878942881500426 0.11988636363636364 0.028132992327365727 0.09659090909090909
0 0.05839727195225917 0.11420454545454546 0.028132992327365727 0.09204545454545454
0 0.1474850809889173 0.11875 0.028985507246376812 0.09204545454545454
0 0.510230179028133 0.14488636363636365 0.03324808184143223 0.09659090909090909
0 0.4036658141517477 0.1431818181818182 0.03154305200341006 0.08636363636363636
0 0.3908780903665814 0.1215909090909091 0.029838022165387893 0.09772727272727273
0 0.5080988917306053 0.09431818181818181 0.027280477408354646 0.08636363636363636
0 0.19224211423699913 0.04772727272727273 0.028132992327365727 0.09090909090909091
0 0.4360613810741688 0.1403409090909091 0.03495311167945439 0.08977272727272727
0 0.45737425404944587 0.15625 0.0247229326513214 0.0625
0 0.21312872975277067 0.05227272727272727 0.028985507246376812 0.09090909090909091
0 0.236999147485081 0.05568181818181818 0.028985507246376812 0.08636363636363636
0 0.29028132992327366 0.08636363636363636 0.028132992327365727 0.09318181818181819
0 0.32011935208866155 0.10056818181818182 0.029838022165387893 0.09659090909090909
0 0.3422847399829497 0.10909090909090909 0.03154305200341006 0.09090909090909091
0 0.27237851662404094 0.036931818181818184 0.03154305200341006 0.0715909090909091
0 0.2246376811594203 0.009659090909090909 0.026427962489343565 0.017045454545454544
0 0.23870417732310314 0.015909090909090907 0.023870417732310314 0.029545454545454545
0 0.3205456095481671 0.024431818181818183 0.028985507246376812 0.04659090909090909
0 0.46334185848252346 0.0846590909090909 0.03154305200341006 0.08977272727272727
0 0.41901108269394716 0.05113636363636364 0.029838022165387893 0.08863636363636364
0 0.46248934356351235 0.05625 0.028132992327365727 0.09204545454545454
0 0.37681159420289856 0.010795454545454546 0.030690537084398978 0.019318181818181818
0 0.4437340153452685 0.014204545454545454 0.026427962489343565 0.026136363636363635
0 0.49104859335038364 0.05795454545454545 0.028985507246376812 0.08409090909090909
0 0.4859335038363171 0.00909090909090909 0.027280477408354646 0.015909090909090907
0 0.9369138959931799 0.017045454545454544 0.030690537084398978 0.031818181818181815
0 0.29838022165387895 0.020454545454545454 0.030690537084398978 0.038636363636363635
0 0.39300937766410915 0.014204545454545454 0.027280477408354646 0.026136363636363635
0 0.5370843989769821 0.014772727272727272 0.03751065643648764 0.02727272727272727
0 0.5080988917306053 0.03636363636363636 0.028985507246376812 0.07045454545454545
0 0.3576300085251492 0.008522727272727272 0.03154305200341006 0.014772727272727272
0 0.11679454390451834 0.41420454545454544 0.0392156862745098 0.11704545454545455
0 0.41304347826086957 0.2818181818181818 0.029838022165387893 0.11136363636363636
0 0.27791986359761295 0.66875 0.042625745950554135 0.14886363636363636
0 0.7723785166240409 0.5556818181818182 0.042625745950554135 0.11818181818181818
0 0.23785166240409208 0.9875 0.03751065643648764 0.02727272727272727
0 0.12105711849957375 0.9630681818181818 0.04603580562659847 0.07613636363636364
0 0.1628303495311168 0.9613636363636363 0.0443307757885763 0.07954545454545454
0 0.42071611253196933 0.509090909090909 0.03324808184143223 0.10227272727272728
0 0.685848252344416 0.4102272727272727 0.03665814151747655 0.1159090909090909
0 0.3900255754475703 0.5017045454545455 0.03836317135549872 0.11022727272727273
0 0.3090366581415175 0.41704545454545455 0.040068201193520885 0.1159090909090909
0 0.7966751918158568 0.6625 0.04688832054560955 0.12727272727272726
0 0.9688832054560955 0.8960227272727272 0.045183290707587385 0.12840909090909092
0 0.9526854219948849 0.9289772727272727 0.05029838022165388 0.13068181818181818
0 0.8162830349531117 0.5636363636363636 0.03836317135549872 0.12954545454545455
0 0.7071611253196931 0.7136363636363636 0.03665814151747655 0.12954545454545455
0 0.3145780051150895 0.5386363636363637 0.04092071611253197 0.11818181818181818
0 0.36445012787723785 0.49772727272727274 0.03665814151747655 0.1159090909090909
0 0.7387041773231031 0.725 0.040068201193520885 0.13863636363636364
0 0.08056265984654731 0.26477272727272727 0.03154305200341006 0.09318181818181819
0 0.7510656436487638 0.6636363636363637 0.04603580562659847 0.12272727272727273
0 0.020034100596760442 0.6130681818181818 0.03836317135549872 0.13068181818181818
0 0.5106564364876386 0.6306818181818182 0.042625745950554135 0.13863636363636364
0 0.5421994884910486 0.647159090909091 0.042625745950554135 0.1215909090909091
0 0.029411764705882353 0.37613636363636366 0.03495311167945439 0.10227272727272728
0 0.04816709292412617 0.3710227272727273 0.05029838022165388 0.11022727272727273
0 0.03964194373401535 0.9511363636363637 0.05541346973572037 0.1
0 0.1423699914748508 0.8289772727272727 0.05285592497868713 0.15113636363636362
0 0.30392156862745096 0.3721590909090909 0.045183290707587385 0.11931818181818182
0 0.3887468030690537 0.2852272727272727 0.028985507246376812 0.09772727272727273
0 0.2510656436487639 0.2369318181818182 0.03324808184143223 0.07613636363636364
0 0.10485933503836317 0.2505681818181818 0.03239556692242114 0.09886363636363636
0 0.1329923273657289 0.2585227272727273 0.028985507246376812 0.09204545454545454
0 0.4505541346973572 0.26534090909090907 0.03665814151747655 0.10113636363636364
0 0.4812446717817562 0.27045454545454545 0.03324808184143223 0.09772727272727273
0 0.0076726342710997444 0.15568181818181817 0.013640238704177323 0.09772727272727273
0 0.10272804774083547 0.10170454545454545 0.03154305200341006 0.0875
0 0.2195225916453538 0.21818181818181817 0.028132992327365727 0.09318181818181819
0 0.22847399829497017 0.24034090909090908 0.023870417732310314 0.06477272727272727
0 0.571611253196931 0.8329545454545455 0.04688832054560955 0.16136363636363638
0 0.8427109974424553 0.8289772727272727 0.04688832054560955 0.1534090909090909
0 0.7728047740835464 0.9363636363636364 0.05029838022165388 0.125
0 0.8077578857630009 0.9329545454545455 0.04688832054560955 0.1340909090909091
0 0.3797953964194373 0.9613636363636363 0.04688832054560955 0.07727272727272727
0 0.6930946291560103 0.8568181818181818 0.04092071611253197 0.14545454545454545
0 0.7378516624040921 0.9488636363636364 0.05029838022165388 0.10454545454545454
0 0.8137254901960784 0.8409090909090909 0.04688832054560955 0.1431818181818182
0 0.2911338448422847 0.49261363636363636 0.029838022165387893 0.0875
0 0.26001705029838024 0.4818181818181818 0.03580562659846547 0.1159090909090909
0 0.22634271099744246 0.4636363636363636 0.043478260869565216 0.125
0 0.8670076726342711 0.17727272727272728 0.03410059676044331 0.09318181818181819
0 0.7566069906223359 0.5772727272727273 0.03154305200341006 0.08409090909090909
0 0.6807331628303496 0.8715909090909091 0.04688832054560955 0.16590909090909092
0 0.12531969309462915 0.2119318181818182 0.028985507246376812 0.10113636363636364
0 0.3934356351236147 0.7545454545454545 0.05029838022165388 0.15227272727272728
0 0.5332480818414322 0.9477272727272728 0.058823529411764705 0.10227272727272728
0 0.5818414322250639 0.9505681818181818 0.04688832054560955 0.09886363636363636
0 0.31202046035805625 0.6829545454545455 0.042625745950554135 0.12727272727272726
0 0.5835464620630861 0.9045454545454545 0.05541346973572037 0.14772727272727273
0 0.34867860187553285 0.5426136363636364 0.0443307757885763 0.11931818181818182
0 0.4475703324808184 0.5494318181818182 0.042625745950554135 0.11931818181818182
0 0.48081841432225064 0.9056818181818181 0.056265984654731455 0.1431818181818182
0 0.40451832907075874 0.9409090909090909 0.040068201193520885 0.12045454545454545
0 0.45439045183290705 0.9363636363636364 0.056265984654731455 0.12954545454545455
0 0.43350383631713557 0.8960227272727272 0.060528559249786874 0.1534090909090909
0 0.4940323955669224 0.9454545454545454 0.05029838022165388 0.11136363636363636
0 0.6057118499573743 0.90625 0.04688832054560955 0.15568181818181817
0 0.9578005115089514 0.9823863636363637 0.03324808184143223 0.0375
0 0.9198635976129582 0.975 0.0494458653026428 0.05
0 0.40664961636828645 0.7034090909090909 0.042625745950554135 0.12954545454545455
