0 0.35104166666666664 0.28935185185185186 0.023958333333333335 0.11574074074074074
0 0.22317708333333333 0.9277777777777778 0.06822916666666666 0.14444444444444443
0 0.021875 0.9458333333333333 0.042708333333333334 0.11018518518518519
0 0.09375 0.9074074074074074 0.08125 0.18703703703703703
0 0.041666666666666664 0.8935185185185185 0.059375 0.21296296296296297
0 0.8091145833333333 0.49444444444444446 0.0515625 0.1814814814814815
0 0.7020833333333333 0.3736111111111111 0.036458333333333336 0.15648148148148147
0 0.4317708333333333 0.825925925925926 0.06979166666666667 0.3333333333333333
0 0.3575520833333333 0.8236111111111111 0.06302083333333333 0.32314814814814813
0 0.28541666666666665 0.8759259259259259 0.071875 0.24814814814814815
0 0.16692708333333334 0.8634259259259259 0.07447916666666667 0.275
0 0.11666666666666667 0.8393518518518519 0.07291666666666667 0.26944444444444443
0 0.15130208333333334 0.7962962962962963 0.07552083333333333 0.28703703703703703
0 0.23645833333333333 0.763425925925926 0.046875 0.27685185185185185
0 0.2950520833333333 0.7407407407407407 0.050520833333333334 0.29444444444444445
0 0.3697916666666667 0.7300925925925926 0.05416666666666667 0.2361111111111111
0 0.19765625 0.6675925925925926 0.05364583333333333 0.2574074074074074
0 0.19921875 0.586574074074074 0.0609375 0.19907407407407407
0 0.33125 0.6462962962962963 0.051041666666666666 0.23148148148148148
0 0.41041666666666665 0.7097222222222223 0.05625 0.262037037037037
0 0.53515625 0.6361111111111111 0.05572916666666667 0.23148148148148148
0 0.3614583333333333 0.5222222222222223 0.046875 0.2074074074074074
0 0.40338541666666666 0.5296296296296297 0.0421875 0.2111111111111111
0 0.7364583333333333 0.4476851851851852 0.046875 0.2064814814814815
0 0.5122395833333333 0.4527777777777778 0.0484375 0.20185185185185187
0 0.2986979166666667 0.43657407407407406 0.050520833333333334 0.20092592592592592
0 0.328125 0.44907407407407407 0.03229166666666667 0.13148148148148148
0 0.3776041666666667 0.45231481481481484 0.04479166666666667 0.19166666666666668
0 0.24348958333333334 0.5152777777777777 0.058854166666666666 0.19166666666666668
0 0.5822916666666667 0.48703703703703705 0.04375 0.2
0 0.32317708333333334 0.39351851851851855 0.0359375 0.14629629629629629
0 0.3546875 0.3861111111111111 0.03229166666666667 0.1574074074074074
0 0.5489583333333333 0.500462962962963 0.05 0.19537037037037036
0 0.8604166666666667 0.549537037037037 0.06979166666666667 0.21203703703703702
0 0.9138020833333333 0.5851851851851851 0.0453125 0.17037037037037037
0 0.47630208333333335 0.4449074074074074 0.05260416666666667 0.1675925925925926
0 0.6536458333333334 0.5046296296296297 0.04895833333333333 0.1925925925925926
0 0.43463541666666666 0.43703703703703706 0.04010416666666667 0.17777777777777778
0 0.46197916666666666 0.4101851851851852 0.035416666666666666 0.17407407407407408
0 0.48411458333333335 0.39675925925925926 0.033854166666666664 0.1787037037037037
0 0.3580729166666667 0.33796296296296297 0.030729166666666665 0.14074074074074075
0 0.4036458333333333 0.3902777777777778 0.03229166666666667 0.1712962962962963
0 0.44036458333333334 0.3375 0.03177083333333333 0.14351851851851852
0 0.5388020833333333 0.41435185185185186 0.0328125 0.16574074074074074
0 0.4276041666666667 0.3212962962962963 0.027083333333333334 0.12962962962962962
0 0.41171875 0.28935185185185186 0.0265625 0.12129629629629629
0 0.3859375 0.3300925925925926 0.028125 0.13796296296296295
0 0.5559895833333334 0.39675925925925926 0.0359375 0.1824074074074074
0 0.48880208333333336 0.34675925925925927 0.0359375 0.14351851851851852
0 0.51171875 0.3333333333333333 0.03177083333333333 0.14629629629629629
0 0.46848958333333335 0.32083333333333336 0.03177083333333333 0.13796296296296295
0 0.440625 0.2833333333333333 0.026041666666666668 0.11851851851851852
0 0.3854166666666667 0.2462962962962963 0.026041666666666668 0.11851851851851852
0 0.5567708333333333 0.3300925925925926 0.03229166666666667 0.15648148148148147
0 0.5799479166666667 0.32083333333333336 0.0296875 0.15462962962962962
0 0.4973958333333333 0.25462962962962965 0.023958333333333335 0.12407407407407407
0 0.4752604166666667 0.2351851851851852 0.0234375 0.10925925925925926
0 0.3651041666666667 0.25462962962962965 0.028125 0.12962962962962962
0 0.4479166666666667 0.24212962962962964 0.030208333333333334 0.11018518518518519
0 0.4161458333333333 0.2564814814814815 0.021875 0.10185185185185185
0 0.34713541666666664 0.24259259259259258 0.025520833333333333 0.11851851851851852
0 0.5255208333333333 0.2671296296296296 0.021875 0.10462962962962963
0 0.5286458333333334 0.36574074074074076 0.019791666666666666 0.08518518518518518
0 0.7817708333333333 0.35648148148148145 0.030208333333333334 0.1685185185185185
0 0.3770833333333333 0.27824074074074073 0.028125 0.1287037037037037
0 0.5322916666666667 0.3277777777777778 0.030208333333333334 0.1259259259259259
0 0.5635416666666667 0.4236111111111111 0.034375 0.14907407407407408
