0 0.014812575574365175 0.2574074074074074 0.028415961305925032 0.12962962962962962
0 0.03657799274486094 0.25925925925925924 0.039298669891172915 0.14814814814814814
0 0.044135429262394194 0.225 0.036275695284159616 0.13703703703703704
0 0.08555018137847642 0.21342592592592594 0.04171704957678356 0.13240740740740742
0 0.13452237001209189 0.19953703703703704 0.04171704957678356 0.14351851851851852
0 0.07678355501813784 0.056018518518518516 0.032648125755743655 0.11018518518518519
0 0.19347037484885127 0.1439814814814815 0.03506650544135429 0.1398148148148148
0 0.15538089480048367 0.055092592592592596 0.037484885126964934 0.10277777777777777
0 0.19649334945586458 0.06712962962962964 0.03385731559854897 0.12129629629629629
0 0.2249093107617896 0.06435185185185185 0.037484885126964934 0.12685185185185185
0 0.13845223700120918 0.04722222222222222 0.037484885126964934 0.09259259259259259
0 0.18288996372430472 0.040740740740740744 0.03204353083434099 0.07962962962962963
0 0.5241837968561064 0.30277777777777776 0.032648125755743655 0.12037037037037036
0 0.34915356711003626 0.09259259259259259 0.03204353083434099 0.11851851851851852
0 0.34552599758162034 0.2898148148148148 0.03325272067714631 0.13518518518518519
0 0.4821644498186215 0.2791666666666667 0.047762998790810154 0.13425925925925927
0 0.48972188633615477 0.1712962962962963 0.032648125755743655 0.11851851851851852
0 0.44619105199516323 0.17083333333333334 0.03990326481257558 0.13240740740740742
0 0.5290205562273277 0.24259259259259258 0.032648125755743655 0.1259259259259259
0 0.5761789600967352 0.2361111111111111 0.03990326481257558 0.1259259259259259
0 0.5471584038694075 0.040740740740740744 0.032648125755743655 0.07962962962962963
0 0.5816203143893591 0.06851851851851852 0.030229746070133012 0.12777777777777777
0 0.6178960096735188 0.14583333333333334 0.02781136638452237 0.11574074074074074
0 0.585247883917775 0.1398148148148148 0.03506650544135429 0.13148148148148148
0 0.5583434099153567 0.13472222222222222 0.03204353083434099 0.10462962962962963
0 0.5592503022974608 0.046296296296296294 0.030229746070133012 0.09074074074074075
0 0.9543530834340992 0.22361111111111112 0.034461910519951636 0.12314814814814815
0 0.9703748488512697 0.2162037037037037 0.030229746070133012 0.12685185185185185
0 0.9776299879081015 0.12731481481481483 0.04353083434099154 0.13796296296296295
0 0.9353083434099153 0.1962962962962963 0.032648125755743655 0.11296296296296296
0 0.9443772672309553 0.10092592592592593 0.032648125755743655 0.1259259259259259
0 0.909310761789601 0.19212962962962962 0.03506650544135429 0.13425925925925927
0 0.9189842805320435 0.11064814814814815 0.037484885126964934 0.13240740740740742
0 0.6943772672309553 0.26435185185185184 0.034461910519951636 0.12314814814814815
0 0.7182587666263603 0.2962962962962963 0.03990326481257558 0.15185185185185185
0 0.7409310761789601 0.29907407407407405 0.02962515114873035 0.1259259259259259
0 0.6073155985489722 0.06620370370370371 0.02962515114873035 0.10277777777777777
0 0.6227327690447401 0.08657407407407407 0.032648125755743655 0.125
0 0.9316807738814994 0.06527777777777778 0.032648125755743655 0.11944444444444445
0 0.9032648125755743 0.17314814814814813 0.04232164449818621 0.14629629629629629
0 0.9050785973397824 0.1425925925925926 0.037484885126964934 0.1259259259259259
0 0.8966142684401451 0.07777777777777778 0.037484885126964934 0.13518518518518519
0 0.8603385731559855 0.14351851851851852 0.03385731559854897 0.13518518518518519
0 0.6674727932285369 0.06944444444444445 0.036275695284159616 0.11666666666666667
0 0.8234582829504232 0.1935185185185185 0.03506650544135429 0.12962962962962962
0 0.8068319226118501 0.19490740740740742 0.03204353083434099 0.13425925925925927
0 0.782950423216445 0.18518518518518517 0.032648125755743655 0.14074074074074075
0 0.6904474002418379 0.06157407407407407 0.02902055622732769 0.12129629629629629
0 0.7212817412333736 0.2537037037037037 0.037484885126964934 0.13703703703703704
0 0.6493349455864571 0.0787037037037037 0.032648125755743655 0.11851851851851852
0 0.9365175332527207 0.1388888888888889 0.037484885126964934 0.13518518518518519
0 0.9625151148730351 0.16574074074074074 0.036275695284159616 0.11851851851851852
0 0.9876058041112454 0.19722222222222222 0.02357920193470375 0.13333333333333333
0 0.691354292623942 0.09675925925925925 0.03688029020556227 0.11018518518518519
0 0.8279927448609432 0.17824074074074073 0.03204353083434099 0.1175925925925926
0 0.3981257557436518 0.20555555555555555 0.04050785973397823 0.13703703703703704
0 0.44316807738814995 0.20046296296296295 0.03506650544135429 0.12314814814814815
0 0.8833131801692866 0.1361111111111111 0.032648125755743655 0.11296296296296296
0 0.5722490931076178 0.059722222222222225 0.02720677146311971 0.09351851851851851
0 0.6750302297460702 0.10324074074074074 0.024788391777509067 0.08796296296296297
0 0.3769649334945586 0.5791666666666667 0.03688029020556227 0.1527777777777778
0 0.06408706166868199 0.4898148148148148 0.03869407496977025 0.1425925925925926
0 0.06136638452237001 0.5254629629629629 0.04171704957678356 0.14166666666666666
0 0.03174123337363966 0.500462962962963 0.03688029020556227 0.15648148148148147
0 0.09522370012091898 0.49166666666666664 0.03688029020556227 0.14629629629629629
0 0.8367593712212817 0.3824074074074074 0.036275695284159616 0.13518518518518519
0 0.8428053204353083 0.36064814814814816 0.037484885126964934 0.12129629629629629
0 0.2599758162031439 0.6893518518518519 0.044740024183796856 0.16944444444444445
0 0.2391172914147521 0.6731481481481482 0.046553808948004836 0.1685185185185185
0 0.37091898428053205 0.6717592592592593 0.03325272067714631 0.14537037037037037
0 0.23155985489721886 0.600925925925926 0.03506650544135429 0.14814814814814814
0 0.23548972188633616 0.575462962962963 0.02962515114873035 0.1398148148148148
0 0.19165659008464328 0.5736111111111111 0.04232164449818621 0.13425925925925927
0 0.19830713422007254 0.5361111111111111 0.045949214026602174 0.15555555555555556
0 0.15356711003627568 0.5615740740740741 0.04353083434099154 0.14907407407407408
0 0.373639661426844 0.24583333333333332 0.03506650544135429 0.12685185185185185
0 0.3948004836759371 0.2574074074074074 0.032648125755743655 0.12962962962962962
0 0.6036880290205562 0.4949074074074074 0.044135429262394194 0.13240740740740742
0 0.651148730350665 0.5152777777777777 0.044740024183796856 0.14722222222222223
0 0.2457678355501814 0.387037037037037 0.04050785973397823 0.1425925925925926
0 0.25151148730350664 0.4074074074074074 0.03385731559854897 0.14629629629629629
0 0.2708585247883918 0.9486111111111111 0.04232164449818621 0.10462962962962963
0 0.186819830713422 0.5037037037037037 0.03990326481257558 0.13703703703703704
0 0.309552599758162 0.7921296296296296 0.053204353083434096 0.16574074074074074
0 0.11668681983071343 0.5310185185185186 0.04353083434099154 0.15648148148148147
0 0.3382708585247884 0.4962962962962963 0.03688029020556227 0.14074074074074075
0 0.16928657799274485 0.65 0.04232164449818621 0.1537037037037037
0 0.5529020556227328 0.7277777777777777 0.03688029020556227 0.13518518518518519
0 0.35701330108827084 0.7203703703703703 0.04050785973397823 0.1574074074074074
0 0.35822249093107617 0.7546296296296297 0.039298669891172915 0.1685185185185185
0 0.5807134220072552 0.6300925925925925 0.04897218863361548 0.16203703703703703
0 0.6203143893591294 0.6587962962962963 0.044740024183796856 0.16203703703703703
0 0.6390568319226119 0.6439814814814815 0.02902055622732769 0.13425925925925927
0 0.43047158403869407 0.7578703703703704 0.0471584038694075 0.14907407407407408
0 0.6865175332527207 0.6930555555555555 0.051390568319226115 0.14907407407407408
0 0.31590084643288996 0.7171296296296297 0.04171704957678356 0.16018518518518518
0 0.4531438935912938 0.5564814814814815 0.03325272067714631 0.13703703703703704
0 0.44286577992744863 0.5162037037037037 0.044135429262394194 0.10833333333333334
0 0.5102781136638452 0.6875 0.05078597339782346 0.15462962962962962
0 0.590689238210399 0.7152777777777778 0.049576783555018135 0.1675925925925926
0 0.5474607013301088 0.711574074074074 0.034461910519951636 0.14351851851851852
0 0.41233373639661425 0.03287037037037037 0.03143893591293833 0.06388888888888888
0 0.7723700120918985 0.8768518518518519 0.0501813784764208 0.17037037037037037
0 0.8019951632406288 0.8759259259259259 0.04171704957678356 0.1537037037037037
0 0.42563482466747277 0.6111111111111112 0.045949214026602174 0.14814814814814814
0 0.45556227327690446 0.5912037037037037 0.03688029020556227 0.1398148148148148
0 0.11185006045949214 0.8106481481481481 0.044740024183796856 0.16203703703703703
0 0.5556227327690447 0.7814814814814814 0.044740024183796856 0.1685185185185185
0 0.5918984280532044 0.7773148148148148 0.0471584038694075 0.16574074074074074
0 0.061970979443772674 0.8083333333333333 0.044135429262394194 0.1537037037037037
0 0.011185006045949214 0.4185185185185185 0.021160822249093107 0.12962962962962962
0 0.04171704957678356 0.4134259259259259 0.04232164449818621 0.14351851851851852
0 0.9767230955259976 0.30972222222222223 0.03204353083434099 0.12685185185185185
0 0.9591898428053204 0.3472222222222222 0.039298669891172915 0.1425925925925926
0 0.9531438935912938 0.31527777777777777 0.039298669891172915 0.12314814814814815
0 0.5991535671100363 0.8287037037037037 0.04836759371221282 0.17407407407407408
0 0.5625755743651754 0.8231481481481482 0.039298669891172915 0.15925925925925927
0 0.2950423216444982 0.6162037037037037 0.05199516324062878 0.16574074074074074
0 0.2932285368802902 0.662962962962963 0.036275695284159616 0.15925925925925927
0 0.3343409915356711 0.3888888888888889 0.037484885126964934 0.12962962962962962
0 0.32073760580411126 0.43425925925925923 0.042926239419588876 0.1537037037037037
0 0.344316807738815 0.42592592592592593 0.039298669891172915 0.13518518518518519
0 0.3010882708585248 0.4009259259259259 0.032648125755743655 0.1425925925925926
0 0.8857315598548973 0.33240740740740743 0.037484885126964934 0.13148148148148148
0 0.914752116082225 0.3347222222222222 0.03990326481257558 0.14907407407407408
0 0.14812575574365175 0.9101851851851852 0.04353083434099154 0.1685185185185185
0 0.11426844014510278 0.8949074074074074 0.04836759371221282 0.18611111111111112
0 0.4619105199516324 0.47129629629629627 0.049576783555018135 0.15
0 0.4204957678355502 0.4736111111111111 0.039298669891172915 0.14537037037037037
0 0.9404474002418379 0.9175925925925926 0.044135429262394194 0.16666666666666666
0 0.9099153567110037 0.9384259259259259 0.05199516324062878 0.125
0 0.9631197097944377 0.836574074074074 0.05562273276904474 0.18055555555555555
0 0.5834340991535671 0.8976851851851851 0.060459492140266025 0.1787037037037037
0 0.5516928657799275 0.425 0.04050785973397823 0.14629629629629629
0 0.125453446191052 0.7013888888888888 0.046553808948004836 0.1675925925925926
0 0.937726723095526 0.687962962962963 0.045949214026602174 0.17407407407407408
0 0.9773276904474002 0.6888888888888889 0.04171704957678356 0.17777777777777778
0 0.15749697702539298 0.287962962962963 0.034461910519951636 0.12037037037037036
0 0.13180169286577992 0.27685185185185185 0.03385731559854897 0.14074074074074075
0 0.07315598548972188 0.25092592592592594 0.037484885126964934 0.14074074074074075
0 0.6499395405078597 0.4652777777777778 0.0471584038694075 0.14351851851851852
0 0.5399032648125756 0.8962962962962963 0.041112454655380895 0.12962962962962962
0 0.7273276904474002 0.8467592592592592 0.04232164449818621 0.14537037037037037
0 0.6961910519951633 0.8393518518518519 0.051390568319226115 0.175
0 0.09552599758162031 0.2763888888888889 0.03385731559854897 0.13240740740740742
0 0.7125151148730351 0.7699074074074074 0.042926239419588876 0.16018518518518518
0 0.7487908101571947 0.7597222222222222 0.044135429262394194 0.1675925925925926
0 0.0843409915356711 0.7328703703703704 0.047762998790810154 0.14907407407407408
0 0.10822249093107618 0.7513888888888889 0.04353083434099154 0.16574074074074074
0 0.04322853688029021 0.7532407407407408 0.04171704957678356 0.15648148148148147
0 0.6272672309552599 0.8643518518518518 0.03204353083434099 0.13240740740740742
0 0.6768440145102781 0.4638888888888889 0.03688029020556227 0.14444444444444443
0 0.8047158403869408 0.825 0.05078597339782346 0.18518518518518517
0 0.875453446191052 0.774537037037037 0.0471584038694075 0.18796296296296297
0 0.8210399032648126 0.7962962962962963 0.044740024183796856 0.1685185185185185
0 0.8512696493349455 0.7861111111111111 0.03990326481257558 0.1814814814814815
0 0.8881499395405078 0.7222222222222222 0.03990326481257558 0.17407407407407408
0 0.9165659008464329 0.26805555555555555 0.02781136638452237 0.13240740740740742
0 0.8672914147521161 0.2125 0.03325272067714631 0.12314814814814815
0 0.8573155985489722 0.425 0.044740024183796856 0.14074074074074075
0 0.7055622732769045 0.49027777777777776 0.041112454655380895 0.14907407407407408
0 0.7357920193470375 0.46944444444444444 0.044740024183796856 0.14814814814814814
0 0.439540507859734 0.33611111111111114 0.03143893591293833 0.14074074074074075
0 0.7448609431680774 0.4083333333333333 0.037484885126964934 0.1537037037037037
0 0.6354292623941958 0.2777777777777778 0.037484885126964934 0.1388888888888889
0 0.5985489721886336 0.26157407407407407 0.049576783555018135 0.14351851851851852
0 0.1807738814993954 0.37824074074074077 0.045949214026602174 0.13055555555555556
0 0.17200725513905682 0.41944444444444445 0.04171704957678356 0.14629629629629629
0 0.005441354292623942 0.4546296296296296 0.009673518742442563 0.1537037037037037
0 0.07376058041112454 0.34074074074074073 0.03869407496977025 0.14074074074074075
0 0.020253929866989116 0.5638888888888889 0.039298669891172915 0.1648148148148148
0 0.07708585247883917 0.31666666666666665 0.03688029020556227 0.14074074074074075
0 0.035671100362756954 0.3125 0.03990326481257558 0.14351851851851852
0 0.8077388149939541 0.4101851851851852 0.037484885126964934 0.14074074074074075
0 0.9274486094316807 0.43287037037037035 0.03385731559854897 0.11574074074074074
0 0.9552599758162031 0.42685185185185187 0.036275695284159616 0.14074074074074075
0 0.8830108827085853 0.3824074074074074 0.03688029020556227 0.14074074074074075
0 0.7560459492140266 0.17962962962962964 0.03325272067714631 0.12962962962962962
0 0.941354292623942 0.3875 0.037484885126964934 0.15092592592592594
0 0.10217654171704958 0.3662037037037037 0.03506650544135429 0.13240740740740742
0 0.14691656590084642 0.34953703703703703 0.03506650544135429 0.1398148148148148
0 0.12484885126964934 0.33425925925925926 0.03204353083434099 0.14074074074074075
0 0.11910519951632406 0.39351851851851855 0.03385731559854897 0.12222222222222222
0 0.3645707376058041 0.2689814814814815 0.03990326481257558 0.13240740740740742
0 0.9032648125755743 0.3685185185185185 0.03506650544135429 0.13518518518518519
0 0.9353083434099153 0.29074074074074074 0.03869407496977025 0.12407407407407407
0 0.970677146311971 0.3990740740740741 0.034461910519951636 0.1259259259259259
0 0.8905683192261185 0.4115740740740741 0.0471584038694075 0.13796296296296295
0 0.6577992744860943 0.8453703703703703 0.04353083434099154 0.16296296296296298
0 0.10701330108827085 0.9421296296296297 0.053204353083434096 0.11388888888888889
0 0.3851269649334946 0.9773148148148149 0.037484885126964934 0.04722222222222222
0 0.9821644498186215 0.44675925925925924 0.034461910519951636 0.14907407407407408
0 0.7194679564691656 0.4273148148148148 0.03506650544135429 0.14351851851851852
0 0.0761789600967352 0.9731481481481481 0.03506650544135429 0.05555555555555555
0 0.015114873035066506 0.8925925925925926 0.02902055622732769 0.18518518518518517
0 0.06166868198307134 0.8532407407407407 0.06287787182587666 0.1787037037037037
0 0.10519951632406288 0.8449074074074074 0.04353083434099154 0.16018518518518518
