0 0.11167945439045183 0.16647727272727272 0.03410059676044331 0.11022727272727273
0 0.4982949701619778 0.9818181818181818 0.041773231031543054 0.03409090909090909
0 0.023444160272804774 0.9715909090909091 0.045183290707587385 0.05909090909090909
0 0.3375959079283887 0.9522727272727273 0.042625745950554135 0.09545454545454546
0 0.3678601875532822 0.9642045454545455 0.045183290707587385 0.0715909090909091
0 0.34825234441602726 0.30568181818181817 0.03495311167945439 0.10454545454545454
0 0.6999147485080989 0.8926136363636363 0.06990622335890878 0.16022727272727272
0 0.06521739130434782 0.1590909090909091 0.03154305200341006 0.10454545454545454
0 0.2907075873827792 0.7738636363636363 0.0494458653026428 0.1340909090909091
0 0.5532821824381927 0.9829545454545454 0.03410059676044331 0.03636363636363636
0 0.5954816709292413 0.975 0.04688832054560955 0.05
0 0.5605285592497868 0.43863636363636366 0.03836317135549872 0.1159090909090909
0 0.3175618073316283 0.0625 0.029838022165387893 0.09318181818181819
0 0.43648763853367434 0.042045454545454546 0.027280477408354646 0.08181818181818182
0 0.26214833759590794 0.29147727272727275 0.03665814151747655 0.11931818181818182
0 0.788150042625746 0.24772727272727274 0.03665814151747655 0.10227272727272728
0 0.8589087809036658 0.7102272727272727 0.04688832054560955 0.13636363636363635
0 0.26044330775788577 0.9886363636363636 0.026427962489343565 0.025
0 0.2259164535379369 0.9681818181818181 0.05456095481670929 0.06363636363636363
0 0.12958226768968456 0.9403409090909091 0.0494458653026428 0.1215909090909091
0 0.16709292412617222 0.9392045454545455 0.04603580562659847 0.1215909090909091
0 0.3989769820971867 0.2005681818181818 0.028985507246376812 0.0875
0 0.5477408354646206 0.12102272727272727 0.03324808184143223 0.09886363636363636
0 0.38832054560954815 0.19886363636363635 0.03154305200341006 0.09318181818181819
0 0.35294117647058826 0.13352272727272727 0.03580562659846547 0.09886363636363636
0 0.18627450980392157 0.19772727272727272 0.040068201193520885 0.1159090909090909
0 0.08908780903665814 0.26079545454545455 0.029838022165387893 0.09886363636363636
0 0.6977834612105712 0.6488636363636363 0.04688832054560955 0.13863636363636364
0 0.7941176470588235 0.38977272727272727 0.041773231031543054 0.1159090909090909
0 0.8546462063086104 0.4636363636363636 0.04688832054560955 0.12045454545454545
0 0.829923273657289 0.475 0.041773231031543054 0.125
0 0.8252344416027281 0.23806818181818182 0.03751065643648764 0.10340909090909091
0 0.7706734867860188 0.7005681818181818 0.04092071611253197 0.13522727272727272
0 0.5677749360613811 0.6125 0.04603580562659847 0.15227272727272728
0 0.8610400682011935 0.647159090909091 0.042625745950554135 0.14204545454545456
0 0.8090366581415175 0.7005681818181818 0.0392156862745098 0.13068181818181818
0 0.9292412617220801 0.9784090909090909 0.042625745950554135 0.045454545454545456
0 0.6560102301790282 0.7909090909090909 0.04688832054560955 0.16136363636363638
0 0.6300085251491901 0.8022727272727272 0.05456095481670929 0.15227272727272728
0 0.10997442455242967 0.5568181818181818 0.0392156862745098 0.1340909090909091
0 0.5093776641091219 0.3443181818181818 0.03324808184143223 0.11136363636363636
0 0.33972719522591643 0.21306818181818182 0.029838022165387893 0.09886363636363636
0 0.3691389599317988 0.18977272727272726 0.027280477408354646 0.09318181818181819
0 0.8128729752770674 0.6102272727272727 0.03836317135549872 0.1340909090909091
0 0.11935208866155157 0.26875 0.030690537084398978 0.09659090909090909
0 0.7237851662404092 0.6153409090909091 0.05115089514066496 0.13977272727272727
0 0.8959931798806479 0.6397727272727273 0.05285592497868713 0.14545454545454545
0 0.5085251491901108 0.7181818181818181 0.04688832054560955 0.1431818181818182
0 0.8307757885763001 0.6420454545454546 0.04688832054560955 0.1318181818181818
0 0.9833759590792839 0.9801136363636364 0.03495311167945439 0.03977272727272727
0 0.5294117647058824 0.3477272727272727 0.03410059676044331 0.11136363636363636
0 0.21227621483375958 0.014204545454545454 0.028985507246376812 0.026136363636363635
0 0.309462915601023 0.015909090909090907 0.02557544757033248 0.029545454545454545
0 0.3175618073316283 0.7988636363636363 0.04688832054560955 0.16136363636363638
0 0.556692242114237 0.7221590909090909 0.04603580562659847 0.1534090909090909
0 0.5515771526001705 0.6619318181818182 0.0392156862745098 0.12840909090909092
0 0.5822676896845694 0.7045454545454546 0.0392156862745098 0.13636363636363635
0 0.7186700767263428 0.7840909090909091 0.05285592497868713 0.1431818181818182
0 0.7813299232736572 0.8136363636363636 0.05200341005967604 0.16818181818181818
0 0.7693947144075022 0.3886363636363636 0.03324808184143223 0.12045454545454545
0 0.3218243819266837 0.24375 0.03154305200341006 0.09659090909090909
0 0.34271099744245526 0.2431818181818182 0.03410059676044331 0.10454545454545454
0 0.5217391304347826 0.2767045454545455 0.03751065643648764 0.10568181818181818
0 0.5528559249786871 0.2903409090909091 0.03836317135549872 0.10113636363636364
0 0.14492753623188406 0.08806818181818182 0.03239556692242114 0.09886363636363636
0 0.20161977834612105 0.10511363636363637 0.029838022165387893 0.09886363636363636
0 0.23785166240409208 0.07272727272727272 0.028985507246376812 0.08181818181818182
0 0.12276214833759591 0.08238636363636363 0.030690537084398978 0.10113636363636364
0 0.2591645353793691 0.06875 0.028985507246376812 0.09204545454545454
0 0.40238704177323104 0.06931818181818182 0.0392156862745098 0.09318181818181819
0 0.41091219096334186 0.04431818181818182 0.023870417732310314 0.08636363636363636
0 0.3836317135549872 0.033522727272727273 0.023870417732310314 0.06477272727272727
0 0.3213981244671782 0.016477272727272726 0.027280477408354646 0.03068181818181818
0 0.5042625745950554 0.042045454545454546 0.028132992327365727 0.08181818181818182
0 0.5242966751918159 0.04431818181818182 0.023870417732310314 0.08409090909090909
0 0.8597612958226769 0.03238636363636364 0.03154305200341006 0.0625
0 0.34185848252344414 0.026136363636363635 0.028985507246376812 0.05
0 0.3593350383631714 0.028977272727272727 0.0247229326513214 0.05568181818181818
0 0.7084398976982097 0.35568181818181815 0.042625745950554135 0.1159090909090909
0 0.7468030690537084 0.4107954545454545 0.042625745950554135 0.13295454545454546
0 0.7485080988917306 0.5034090909090909 0.03751065643648764 0.1340909090909091
0 0.7621483375959079 0.48920454545454545 0.042625745950554135 0.14431818181818182
0 0.4680306905370844 0.5471590909090909 0.0443307757885763 0.12840909090909092
0 0.7391304347826086 0.44545454545454544 0.03751065643648764 0.125
0 0.7250639386189258 0.5045454545454545 0.03324808184143223 0.125
0 0.7088661551577152 0.4153409090909091 0.03836317135549872 0.1125
0 0.4803921568627451 0.17954545454545454 0.028132992327365727 0.06818181818181818
0 0.45907928388746805 0.16988636363636364 0.029838022165387893 0.09886363636363636
0 0.40451832907075874 0.14772727272727273 0.03495311167945439 0.10227272727272728
0 0.7612958226768969 0.26193181818181815 0.03239556692242114 0.07386363636363637
0 0.7706734867860188 0.4420454545454545 0.04092071611253197 0.12954545454545455
0 0.876385336743393 0.975 0.0443307757885763 0.05
0 0.1636828644501279 0.4511363636363636 0.03751065643648764 0.125
0 0.47570332480818417 0.6772727272727272 0.05115089514066496 0.15681818181818183
0 0.01577152600170503 0.7551136363636364 0.029838022165387893 0.15113636363636362
0 0.03836317135549872 0.7653409090909091 0.03580562659846547 0.1125
0 0.07289002557544758 0.55625 0.041773231031543054 0.12840909090909092
0 0.4309462915601023 0.7022727272727273 0.04688832054560955 0.1431818181818182
0 0.2237851662404092 0.4414772727272727 0.041773231031543054 0.13068181818181818
0 0.030690537084398978 0.33579545454545456 0.04092071611253197 0.11022727272727273
0 0.4697357203751066 0.2676136363636364 0.03751065643648764 0.11477272727272728
0 0.42242114236999145 0.40738636363636366 0.03665814151747655 0.11704545454545455
0 0.4462915601023018 0.42727272727272725 0.03495311167945439 0.11136363636363636
0 0.05200341005967604 0.21818181818181817 0.03580562659846547 0.10909090909090909
0 0.28218243819266836 0.3028409090909091 0.03751065643648764 0.10340909090909091
0 0.4833759590792839 0.4034090909090909 0.03751065643648764 0.12045454545454545
0 0.7860187553282183 0.6244318181818181 0.04774083546462063 0.14204545454545456
0 0.36445012787723785 0.20852272727272728 0.03154305200341006 0.10340909090909091
0 0.4816709292412617 0.21875 0.03751065643648764 0.10113636363636364
0 0.4663256606990622 0.7329545454545454 0.05115089514066496 0.15681818181818183
0 0.9232736572890026 0.23636363636363636 0.030690537084398978 0.05227272727272727
0 0.7924126172208014 0.9744318181818182 0.04688832054560955 0.05113636363636364
0 0.5302642796248934 0.825 0.04092071611253197 0.1340909090909091
0 0.27152600170502983 0.6215909090909091 0.04688832054560955 0.1431818181818182
0 0.018329070758738276 0.6920454545454545 0.03495311167945439 0.15227272727272728
0 0.4053708439897698 0.44545454545454544 0.04688832054560955 0.1159090909090909
0 0.7216538789428815 0.95625 0.05200341005967604 0.08977272727272727
0 0.49317988064791135 0.8335227272727272 0.060528559249786874 0.16704545454545455
0 0.06820119352088662 0.26136363636363635 0.03410059676044331 0.09772727272727273
0 0.577152600170503 0.7653409090909091 0.042625745950554135 0.14204545454545456
0 0.6798806479113384 0.8386363636363636 0.060528559249786874 0.15681818181818183
0 0.30434782608695654 0.6113636363636363 0.04092071611253197 0.1431818181818182
0 0.3742540494458653 0.5659090909090909 0.042625745950554135 0.1159090909090909
0 0.049872122762148335 0.6352272727272728 0.04859335038363171 0.13636363636363635
0 0.17135549872122763 0.5914772727272727 0.0494458653026428 0.1375
0 0.3034953111679454 0.4681818181818182 0.03239556692242114 0.12045454545454545
0 0.34271099744245526 0.47613636363636364 0.03751065643648764 0.1340909090909091
0 0.38192668371696503 0.5965909090909091 0.04603580562659847 0.14772727272727273
0 0.34995737425404944 0.5522727272727272 0.040068201193520885 0.12954545454545455
0 0.3755328218243819 0.4426136363636364 0.04688832054560955 0.12386363636363637
0 0.37851662404092073 0.4818181818181818 0.042625745950554135 0.12272727272727273
0 0.18030690537084398 0.5420454545454545 0.041773231031543054 0.13863636363636364
0 0.5166240409207161 0.3965909090909091 0.0392156862745098 0.1159090909090909
0 0.7254901960784313 0.7181818181818181 0.042625745950554135 0.1431818181818182
0 0.8665814151747656 0.5011363636363636 0.03324808184143223 0.12045454545454545
0 0.9104859335038363 0.7403409090909091 0.042625745950554135 0.14204545454545456
0 0.8439897698209718 0.49204545454545456 0.042625745950554135 0.12954545454545455
0 0.8998294970161977 0.7079545454545455 0.04688832054560955 0.14772727272727273
0 0.8593350383631714 0.7477272727272727 0.056265984654731455 0.13863636363636364
0 0.6069906223358909 0.7778409090909091 0.04092071611253197 0.13295454545454546
0 0.4092071611253197 0.9482954545454545 0.057971014492753624 0.10340909090909091
0 0.6155157715260017 0.7607954545454545 0.03751065643648764 0.1375
0 0.5417732310315431 0.9238636363636363 0.058823529411764705 0.13636363636363635
0 0.3734015345268542 0.3613636363636364 0.0392156862745098 0.10227272727272728
