0 0.5108827085852479 0.874537037037037 0.041112454655380895 0.17685185185185184
0 0.5102781136638452 0.9101851851851852 0.041112454655380895 0.16296296296296298
0 0.7569528415961306 0.9347222222222222 0.05078597339782346 0.13240740740740742
0 0.40507859733978235 0.5833333333333334 0.04232164449818621 0.14629629629629629
0 0.38814993954050786 0.5962962962962963 0.04232164449818621 0.14629629629629629
0 0.05259975816203144 0.8953703703703704 0.05562273276904474 0.1648148148148148
0 0.714328899637243 0.6375 0.04171704957678356 0.16018518518518518
0 0.7040507859733979 0.674074074074074 0.04897218863361548 0.17037037037037037
0 0.7288391777509069 0.7055555555555556 0.044135429262394194 0.1685185185185185
0 0.9740024183796856 0.9291666666666667 0.0471584038694075 0.14166666666666666
0 0.9265417170495768 0.9314814814814815 0.051390568319226115 0.13703703703703704
0 0.35822249093107617 0.3013888888888889 0.034461910519951636 0.13425925925925927
0 0.28476420798065294 0.33935185185185185 0.037484885126964934 0.13796296296296295
0 0.39117291414752114 0.3074074074074074 0.03990326481257558 0.13518518518518519
0 0.41293833131801694 0.324537037037037 0.036275695284159616 0.1398148148148148
0 0.2953446191051995 0.9837962962962963 0.028415961305925032 0.032407407407407406
0 0.30713422007255137 0.3490740740740741 0.041112454655380895 0.14629629629629629
0 0.6420798065296252 0.950462962962963 0.06166868198307134 0.10092592592592593
0 0.6771463119709794 0.9564814814814815 0.03990326481257558 0.08888888888888889
0 0.628174123337364 0.9435185185185185 0.037484885126964934 0.10925925925925926
0 0.9298669891172914 0.950462962962963 0.06166868198307134 0.10092592592592593
0 0.9924425634824667 0.9583333333333334 0.013905683192261185 0.08333333333333333
0 0.8225513905683193 0.75 0.03688029020556227 0.1537037037037037
0 0.8887545344619106 0.7694444444444445 0.05199516324062878 0.16111111111111112
0 0.8295042321644498 0.7064814814814815 0.032648125755743655 0.11296296296296296
0 0.8594316807738815 0.7023148148148148 0.039298669891172915 0.13796296296296295
0 0.04534461910519952 0.2875 0.037484885126964934 0.13425925925925927
0 0.07043530834340991 0.32314814814814813 0.04171704957678356 0.13148148148148148
0 0.8403869407496977 0.23564814814814813 0.037484885126964934 0.13240740740740742
0 0.8688029020556227 0.22870370370370371 0.032648125755743655 0.1259259259259259
0 0.24123337363966144 0.28194444444444444 0.03385731559854897 0.12129629629629629
0 0.1275695284159613 0.3439814814814815 0.03990326481257558 0.14722222222222223
0 0.3041112454655381 0.2828703703703704 0.03506650544135429 0.12314814814814815
0 0.5595525997581621 0.36342592592592593 0.039298669891172915 0.16018518518518518
0 0.3192261185006046 0.23472222222222222 0.03385731559854897 0.12685185185185185
0 0.40386940749697703 0.3486111111111111 0.041112454655380895 0.13796296296296295
0 0.6145707376058042 0.28425925925925927 0.03688029020556227 0.13148148148148148
0 0.6451027811366384 0.26805555555555555 0.04232164449818621 0.13240740740740742
0 0.6934703748488513 0.2671296296296296 0.03990326481257558 0.13425925925925927
0 0.7708585247883918 0.24583333333333332 0.03506650544135429 0.1175925925925926
0 0.7654171704957679 0.26481481481481484 0.037484885126964934 0.12962962962962962
0 0.7935308343409916 0.4162037037037037 0.044135429262394194 0.14351851851851852
0 0.9570737605804112 0.4217592592592593 0.036275695284159616 0.1398148148148148
0 0.9888149939540508 0.38796296296296295 0.022370012091898428 0.12777777777777777
0 0.9428657799274486 0.449537037037037 0.03688029020556227 0.14351851851851852
0 0.9827690447400241 0.46435185185185185 0.03325272067714631 0.15092592592592594
0 0.9316807738814994 0.5634259259259259 0.04232164449818621 0.16203703703703703
0 0.8929866989117291 0.5643518518518519 0.04353083434099154 0.16018518518518518
0 0.8016928657799275 0.5810185185185185 0.030229746070133012 0.10462962962962963
0 0.8307134220072552 0.5560185185185185 0.037484885126964934 0.13796296296296295
0 0.8512696493349455 0.5601851851851852 0.030229746070133012 0.11296296296296296
0 0.840689238210399 0.637962962962963 0.058645707376058044 0.15
0 0.9776299879081015 0.6356481481481482 0.041112454655380895 0.16574074074074074
0 0.9359129383313181 0.6837962962962963 0.04836759371221282 0.16018518518518518
0 0.9344014510278114 0.7712962962962963 0.04897218863361548 0.16111111111111112
0 0.6372430471584039 0.5550925925925926 0.04232164449818621 0.15462962962962962
0 0.6644498186215235 0.5666666666666667 0.03990326481257558 0.1574074074074074
0 0.8316203143893591 0.4550925925925926 0.02962515114873035 0.12685185185185185
0 0.81136638452237 0.45555555555555555 0.03990326481257558 0.13518518518518519
0 0.6653567110036276 0.6208333333333333 0.044135429262394194 0.15648148148148147
0 0.6360338573155986 0.6236111111111111 0.03869407496977025 0.15648148148148147
0 0.7125151148730351 0.5527777777777778 0.03204353083434099 0.11481481481481481
0 0.727932285368803 0.5615740740740741 0.03506650544135429 0.11203703703703703
0 0.7590689238210399 0.5458333333333333 0.04171704957678356 0.15462962962962962
0 0.849758162031439 0.3912037037037037 0.03688029020556227 0.13240740740740742
0 0.8651753325272068 0.38333333333333336 0.036275695284159616 0.12407407407407407
0 0.808645707376058 0.8819444444444444 0.05743651753325272 0.17685185185185184
0 0.08706166868198308 0.5370370370370371 0.044740024183796856 0.1537037037037037
0 0.12696493349455865 0.5185185185185185 0.045949214026602174 0.14814814814814814
0 0.12182587666263603 0.6407407407407407 0.051390568319226115 0.1685185185185185
0 0.07013301088270858 0.6606481481481481 0.049576783555018135 0.15648148148148147
0 0.2998790810157195 0.9407407407407408 0.049576783555018135 0.11666666666666667
0 0.012998790810157194 0.25324074074074077 0.024788391777509067 0.125
0 0.0380894800483676 0.2652777777777778 0.037484885126964934 0.12129629629629629
0 0.07557436517533253 0.9328703703703703 0.056831922611850064 0.1361111111111111
0 0.2998790810157195 0.6824074074074075 0.04232164449818621 0.1685185185185185
0 0.34522370012091896 0.6439814814814815 0.044740024183796856 0.16018518518518518
0 0.38422007255139057 0.6726851851851852 0.046553808948004836 0.15092592592592594
0 0.20223700120918983 0.40694444444444444 0.04171704957678356 0.13240740740740742
0 0.4159613059250302 0.8833333333333333 0.045949214026602174 0.17407407407407408
0 0.8192261185006046 0.3990740740740741 0.044740024183796856 0.14074074074074075
0 0.2660217654171705 0.2884259259259259 0.037484885126964934 0.14351851851851852
0 0.09915356711003627 0.3435185185185185 0.03990326481257558 0.13518518518518519
0 0.21100362756952842 0.37083333333333335 0.04836759371221282 0.16574074074074074
0 0.2370012091898428 0.6129629629629629 0.04232164449818621 0.1574074074074074
0 0.23548972188633616 0.587037037037037 0.03688029020556227 0.14629629629629629
0 0.19347037484885127 0.6111111111111112 0.044740024183796856 0.14629629629629629
0 0.2079806529625151 0.562037037037037 0.04232164449818621 0.15185185185185185
0 0.17503022974607013 0.5763888888888888 0.046553808948004836 0.15648148148148147
0 0.36668681983071344 0.624537037037037 0.039298669891172915 0.15462962962962962
0 0.3875453446191052 0.2638888888888889 0.032648125755743655 0.12962962962962962
0 0.40870616686819833 0.2652777777777778 0.03506650544135429 0.12685185185185185
0 0.405683192261185 0.6240740740740741 0.04232164449818621 0.14814814814814814
0 0.717049576783555 0.9675925925925926 0.049576783555018135 0.06666666666666667
0 0.7152357920193471 0.4027777777777778 0.041112454655380895 0.11851851851851852
0 0.7636033857315598 0.4060185185185185 0.041112454655380895 0.13796296296296295
0 0.2750906892382104 0.4023148148148148 0.044740024183796856 0.13796296296296295
0 0.25211608222490933 0.4148148148148148 0.037484885126964934 0.14074074074074075
0 0.6414752116082225 0.5231481481481481 0.03385731559854897 0.1259259259259259
0 0.250906892382104 0.9856481481481482 0.03869407496977025 0.030555555555555555
0 0.46856106408706166 0.9893518518518518 0.03990326481257558 0.023148148148148147
0 0.4501209189842805 0.9222222222222223 0.051390568319226115 0.1574074074074074
0 0.33706166868198306 0.9462962962962963 0.044135429262394194 0.10925925925925926
0 0.5362756952841596 0.6101851851851852 0.044740024183796856 0.1574074074074074
0 0.3234582829504232 0.8023148148148148 0.05078597339782346 0.1638888888888889
0 0.5873639661426844 0.5412037037037037 0.039298669891172915 0.13240740740740742
0 0.5595525997581621 0.5550925925925926 0.02962515114873035 0.10833333333333334
0 0.5444377267230955 0.6412037037037037 0.04171704957678356 0.14907407407407408
0 0.39933494558645705 0.9361111111111111 0.05380894800483676 0.12962962962962962
0 0.35368802902055624 0.5064814814814815 0.037484885126964934 0.13518518518518519
0 0.3174123337363966 0.45740740740740743 0.032648125755743655 0.1537037037037037
0 0.25634824667472794 0.6662037037037037 0.044740024183796856 0.16574074074074074
0 0.47702539298669894 0.4527777777777778 0.02781136638452237 0.12037037037037036
0 0.3808948004836759 0.7962962962962963 0.0471584038694075 0.1648148148148148
0 0.4017533252720677 0.7671296296296296 0.042926239419588876 0.17314814814814813
0 0.3573155985489722 0.7611111111111111 0.03990326481257558 0.17037037037037037
0 0.4619105199516324 0.7662037037037037 0.044740024183796856 0.14907407407407408
0 0.6750302297460702 0.7351851851851852 0.04897218863361548 0.14814814814814814
0 0.3875453446191052 0.475 0.03385731559854897 0.10925925925925926
0 0.46311970979443773 0.5634259259259259 0.03869407496977025 0.13796296296296295
0 0.4576783555018138 0.5375 0.04836759371221282 0.1361111111111111
0 0.279322853688029 0.8134259259259259 0.04232164449818621 0.16018518518518518
0 0.0501813784764208 0.9717592592592592 0.037484885126964934 0.058333333333333334
0 0.468863361547763 0.43703703703703706 0.03204353083434099 0.14814814814814814
0 0.4987908101571947 0.4217592592592593 0.036275695284159616 0.14166666666666666
0 0.48458282950423215 0.6560185185185186 0.0380894800483676 0.16018518518518518
0 0.4416565900846433 0.44583333333333336 0.03204353083434099 0.11574074074074074
0 0.4915356711003628 0.48564814814814816 0.032648125755743655 0.1175925925925926
0 0.21614268440145104 0.8731481481481481 0.05380894800483676 0.18703703703703703
0 0.529322853688029 0.9740740740740741 0.039298669891172915 0.053703703703703705
0 0.4700725513905683 0.9532407407407407 0.04171704957678356 0.09351851851851851
0 0.5840386940749698 0.7236111111111111 0.032648125755743655 0.11018518518518519
0 0.5683192261185006 0.6773148148148148 0.03869407496977025 0.15462962962962962
0 0.9483071342200725 0.03564814814814815 0.04171704957678356 0.06944444444444445
0 0.9737001209189843 0.043055555555555555 0.02720677146311971 0.08425925925925926
0 0.9866989117291415 0.21203703703703702 0.02418379685610641 0.11481481481481481
0 0.9138452237001209 0.1712962962962963 0.0380894800483676 0.11851851851851852
0 0.9081015719467956 0.19490740740740742 0.03990326481257558 0.1175925925925926
0 0.9824667472793228 0.24768518518518517 0.03385731559854897 0.13796296296296295
0 0.8739419588875453 0.27546296296296297 0.04050785973397823 0.1398148148148148
0 0.9371221281741233 0.27546296296296297 0.04232164449818621 0.14351851851851852
0 0.9625151148730351 0.28194444444444444 0.037484885126964934 0.13055555555555556
0 0.9053808948004837 0.3453703703703704 0.04171704957678356 0.14629629629629629
0 0.9374244256348246 0.3523148148148148 0.044135429262394194 0.15092592592592594
0 0.8237605804111245 0.2851851851851852 0.03688029020556227 0.1388888888888889
0 0.9090084643288996 0.37175925925925923 0.04050785973397823 0.13796296296296295
0 0.8678960096735188 0.6083333333333333 0.051390568319226115 0.15925925925925927
0 0.6989117291414753 0.023148148148148147 0.02781136638452237 0.044444444444444446
0 0.757255139056832 0.032407407407407406 0.02962515114873035 0.06296296296296296
0 0.781136638452237 0.03333333333333333 0.032648125755743655 0.06481481481481481
0 0.6744256348246674 0.020833333333333332 0.02720677146311971 0.03981481481481482
0 0.6067110036275696 0.049074074074074076 0.03204353083434099 0.0962962962962963
0 0.6221281741233373 0.09305555555555556 0.02902055622732769 0.11574074074074074
0 0.5918984280532044 0.0712962962962963 0.036275695284159616 0.1259259259259259
0 0.5655985489721886 0.08796296296296297 0.02720677146311971 0.11481481481481481
0 0.5882708585247884 0.10416666666666667 0.03385731559854897 0.11203703703703703
0 0.5646916565900847 0.04351851851851852 0.030229746070133012 0.08518518518518518
0 0.5368802902055623 0.04814814814814815 0.030229746070133012 0.09444444444444444
0 0.6919588875453446 0.14814814814814814 0.04050785973397823 0.12407407407407407
0 0.6768440145102781 0.20925925925925926 0.03688029020556227 0.11481481481481481
0 0.6801692865779927 0.23657407407407408 0.032648125755743655 0.13425925925925927
0 0.7463724304715841 0.18935185185185185 0.03688029020556227 0.13796296296296295
0 0.46372430471584036 0.03518518518518519 0.032648125755743655 0.06851851851851852
0 0.5133010882708585 0.062037037037037036 0.030229746070133012 0.11851851851851852
0 0.3863361547762999 0.016666666666666666 0.02781136638452237 0.03148148148148148
0 0.435912938331318 0.03333333333333333 0.02781136638452237 0.06481481481481481
0 0.37726723095526 0.031018518518518518 0.032648125755743655 0.06018518518518518
0 0.4957678355501814 0.07268518518518519 0.036275695284159616 0.125
0 0.5202539298669892 0.08981481481481482 0.03204353083434099 0.12037037037037036
0 0.6151753325272068 0.37175925925925923 0.04897218863361548 0.14722222222222223
0 0.7363966142684402 0.2671296296296296 0.037484885126964934 0.13425925925925927
0 0.12001209189842806 0.4675925925925926 0.051390568319226115 0.14074074074074075
0 0.0281136638452237 0.5087962962962963 0.05501813784764208 0.15092592592592594
0 0.0592503022974607 0.028703703703703703 0.030229746070133012 0.05555555555555555
0 0.17140266021765418 0.050462962962962966 0.03204353083434099 0.09907407407407408
0 0.23367593712212817 0.033796296296296297 0.03204353083434099 0.06574074074074074
0 0.26541717049576785 0.0412037037037037 0.032648125755743655 0.08055555555555556
0 0.25574365175332525 0.05555555555555555 0.03506650544135429 0.10925925925925926
0 0.2007255139056832 0.05 0.032648125755743655 0.09814814814814815
0 0.12515114873035066 0.05555555555555555 0.03506650544135429 0.10925925925925926
0 0.21251511487303507 0.09074074074074075 0.051390568319226115 0.12407407407407407
0 0.24879081015719468 0.08101851851851852 0.034461910519951636 0.12129629629629629
0 0.3032043530834341 0.07962962962962963 0.034461910519951636 0.1259259259259259
0 0.4818621523579202 0.20694444444444443 0.03385731559854897 0.1287037037037037
0 0.27750906892382105 0.11018518518518519 0.032648125755743655 0.11851851851851852
0 0.2962515114873035 0.11712962962962963 0.032648125755743655 0.12685185185185185
0 0.3633615477629988 0.13055555555555556 0.03506650544135429 0.12962962962962962
0 0.3364570737605804 0.12175925925925926 0.034461910519951636 0.1287037037037037
0 0.3282950423216445 0.16111111111111112 0.03385731559854897 0.12407407407407407
0 0.283857315598549 0.17083333333333334 0.034461910519951636 0.12129629629629629
0 0.4782345828295042 0.16435185185185186 0.032648125755743655 0.1287037037037037
0 0.5332527206771464 0.21203703703703702 0.03990326481257558 0.11851851851851852
0 0.5553204353083434 0.2574074074074074 0.03688029020556227 0.14629629629629629
0 0.5184401451027811 0.2662037037037037 0.03688029020556227 0.1398148148148148
0 0.27448609431680776 0.24768518518518517 0.030229746070133012 0.12129629629629629
0 0.2629987908101572 0.21805555555555556 0.03506650544135429 0.13240740740740742
0 0.17896009673518742 0.18703703703703703 0.036275695284159616 0.12407407407407407
0 0.15568319226118502 0.17685185185185184 0.03688029020556227 0.12407407407407407
0 0.17835550181378476 0.14953703703703702 0.03506650544135429 0.12314814814814815
0 0.9582829504232164 0.25 0.03869407496977025 0.13518518518518519
0 0.6372430471584039 0.08055555555555556 0.036275695284159616 0.14444444444444443
