0 0.0890625 0.34074074074074073 0.06145833333333333 0.18703703703703703
0 0.09244791666666667 0.7671296296296296 0.08177083333333333 0.36944444444444446
0 0.11953125 0.6157407407407407 0.07135416666666666 0.3074074074074074
0 0.34036458333333336 0.6967592592592593 0.0796875 0.33796296296296297
0 0.33489583333333334 0.30925925925925923 0.0375 0.19074074074074074
0 0.375 0.3194444444444444 0.05625 0.1814814814814815
0 0.30963541666666666 0.2652777777777778 0.0359375 0.18796296296296297
0 0.41328125 0.25555555555555554 0.0484375 0.18703703703703703
0 0.32838541666666665 0.22824074074074074 0.03802083333333333 0.16203703703703703
0 0.3059895833333333 0.22916666666666666 0.0359375 0.1824074074074074
0 0.38333333333333336 0.20324074074074075 0.03229166666666667 0.15648148148148147
0 0.4979166666666667 0.2462962962962963 0.04583333333333333 0.19074074074074074
0 0.5372395833333333 0.27361111111111114 0.05260416666666667 0.17685185185185184
0 0.7427083333333333 0.33611111111111114 0.057291666666666664 0.19814814814814816
0 0.25052083333333336 0.27870370370370373 0.046875 0.18703703703703703
0 0.21927083333333333 0.26990740740740743 0.03854166666666667 0.1935185185185185
0 0.8630208333333333 0.31712962962962965 0.04791666666666667 0.18796296296296297
0 0.6419270833333334 0.2814814814814815 0.03697916666666667 0.17037037037037037
0 0.43723958333333335 0.1675925925925926 0.03697916666666667 0.16296296296296298
0 0.59765625 0.19675925925925927 0.0359375 0.15648148148148147
0 0.7388020833333333 0.25277777777777777 0.03802083333333333 0.16666666666666666
0 0.7059895833333333 0.24351851851851852 0.0359375 0.17407407407407408
0 0.49765625 0.15416666666666667 0.03802083333333333 0.16203703703703703
0 0.5130208333333334 0.1884259259259259 0.036458333333333336 0.16203703703703703
0 0.4864583333333333 0.13240740740740742 0.028125 0.1259259259259259
0 0.5229166666666667 0.15046296296296297 0.025 0.09537037037037037
0 0.5067708333333333 0.11666666666666667 0.028125 0.12962962962962962
0 0.4765625 0.07037037037037037 0.023958333333333335 0.11481481481481481
0 0.40546875 0.1685185185185185 0.0359375 0.16296296296296298
0 0.3692708333333333 0.05740740740740741 0.03333333333333333 0.11296296296296296
0 0.3515625 0.05416666666666667 0.026041666666666668 0.10462962962962963
