0 0.1010230179028133 0.1375 0.028132992327365727 0.10681818181818181
0 0.4676044330775789 0.9534090909090909 0.05200341005967604 0.09090909090909091
0 0.00639386189258312 0.9420454545454545 0.011082693947144074 0.1159090909090909
0 0.03964194373401535 0.9426136363636364 0.05711849957374254 0.11477272727272728
0 0.7868712702472294 0.9647727272727272 0.042625745950554135 0.07045454545454545
0 0.3320545609548167 0.9193181818181818 0.03836317135549872 0.1431818181818182
0 0.3648763853367434 0.9397727272727273 0.0443307757885763 0.12272727272727273
0 0.28388746803069054 0.31022727272727274 0.042625745950554135 0.10454545454545454
0 0.612531969309463 0.8397727272727272 0.05541346973572037 0.16363636363636364
0 0.0443307757885763 0.14204545454545456 0.030690537084398978 0.10681818181818181
0 0.3256606990622336 0.7454545454545455 0.04774083546462063 0.1409090909090909
0 0.5366581415174766 0.9556818181818182 0.05029838022165388 0.09090909090909091
0 0.5805626598465473 0.9511363636363637 0.04603580562659847 0.09772727272727273
0 0.56692242114237 0.39943181818181817 0.03239556692242114 0.10795454545454546
0 0.3290707587382779 0.04318181818181818 0.028985507246376812 0.07727272727272727
0 0.43861892583120204 0.031818181818181815 0.029838022165387893 0.06136363636363636
0 0.2693947144075021 0.26136363636363635 0.03410059676044331 0.1159090909090909
0 0.7992327365728901 0.22386363636363638 0.028132992327365727 0.09318181818181819
0 0.8465473145780051 0.6715909090909091 0.04092071611253197 0.12727272727272726
0 0.26555839727195224 0.9880681818181818 0.026427962489343565 0.026136363636363635
0 0.22506393861892582 0.96875 0.056265984654731455 0.0625
0 0.13171355498721227 0.9375 0.04859335038363171 0.12727272727272726
0 0.16922421142369992 0.9369318181818181 0.04859335038363171 0.12613636363636363
0 0.4036658141517477 0.17784090909090908 0.026427962489343565 0.08977272727272727
0 0.546462063086104 0.10397727272727272 0.028985507246376812 0.09886363636363636
0 0.3853367433930094 0.175 0.028985507246376812 0.09090909090909091
0 0.3597612958226769 0.11079545454545454 0.028985507246376812 0.09431818181818181
0 0.20673486786018755 0.16875 0.03495311167945439 0.11022727272727273
0 0.10997442455242967 0.2346590909090909 0.028985507246376812 0.09886363636363636
0 0.7092924126172208 0.6130681818181818 0.03410059676044331 0.13522727272727272
0 0.7945439045183291 0.36761363636363636 0.0392156862745098 0.11704545454545455
0 0.8469735720375107 0.42727272727272725 0.03836317135549872 0.11818181818181818
0 0.8235294117647058 0.4409090909090909 0.03751065643648764 0.12045454545454545
0 0.8320545609548167 0.2159090909090909 0.03580562659846547 0.1
0 0.7672634271099744 0.65 0.03751065643648764 0.125
0 0.5106564364876386 0.5801136363636363 0.03410059676044331 0.11704545454545455
0 0.5490196078431373 0.56875 0.04603580562659847 0.12840909090909092
0 0.8469735720375107 0.61875 0.040068201193520885 0.14431818181818182
0 0.8017902813299232 0.6659090909090909 0.041773231031543054 0.1409090909090909
0 0.881926683716965 0.9403409090909091 0.045183290707587385 0.11704545454545455
0 0.6372549019607843 0.7426136363636363 0.05200341005967604 0.1534090909090909
0 0.6095481670929241 0.7596590909090909 0.042625745950554135 0.16022727272727272
0 0.13427109974424553 0.5170454545454546 0.03836317135549872 0.1318181818181818
0 0.5 0.31875 0.03154305200341006 0.10795454545454546
0 0.3375959079283887 0.18920454545454546 0.027280477408354646 0.09431818181818181
0 0.3695652173913043 0.16647727272727272 0.026427962489343565 0.0875
0 0.8107416879795396 0.5693181818181818 0.0392156862745098 0.125
0 0.1432225063938619 0.24034090909090908 0.03239556692242114 0.09431818181818181
0 0.7293265132139812 0.5767045454545454 0.05200341005967604 0.13522727272727272
0 0.8925831202046036 0.6096590909090909 0.042625745950554135 0.14204545454545456
0 0.49445865302642794 0.66875 0.042625745950554135 0.12613636363636363
0 0.8252344416027281 0.6 0.0494458653026428 0.12727272727272726
0 0.948849104859335 0.9460227272727273 0.04774083546462063 0.10795454545454546
0 0.5255754475703325 0.31477272727272726 0.03324808184143223 0.10227272727272728
0 0.355924978687127 0.7596590909090909 0.03836317135549872 0.14659090909090908
0 0.5554134697357204 0.675 0.043478260869565216 0.13636363636363635
0 0.5750213128729753 0.6465909090909091 0.03154305200341006 0.11136363636363636
0 0.710997442455243 0.7323863636363637 0.0392156862745098 0.13068181818181818
0 0.7740835464620631 0.7460227272727272 0.04603580562659847 0.1534090909090909
0 0.76768968456948 0.3659090909090909 0.03495311167945439 0.11818181818181818
0 0.34654731457800514 0.2159090909090909 0.029838022165387893 0.09318181818181819
0 0.36658141517476556 0.21477272727272728 0.028985507246376812 0.10454545454545454
0 0.5217391304347826 0.2505681818181818 0.03580562659846547 0.10340909090909091
0 0.5558397271952259 0.26022727272727275 0.0392156862745098 0.09772727272727273
0 0.17050298380221654 0.06761363636363636 0.02557544757033248 0.08068181818181819
0 0.2229326513213981 0.07954545454545454 0.028132992327365727 0.08863636363636364
0 0.2531969309462916 0.05113636363636364 0.023870417732310314 0.07954545454545454
0 0.14791133844842286 0.061931818181818185 0.028132992327365727 0.10568181818181818
0 0.2728047740835465 0.04715909090909091 0.02557544757033248 0.08977272727272727
0 0.4134697357203751 0.05795454545454545 0.030690537084398978 0.08181818181818182
0 0.4177323103154305 0.031818181818181815 0.02216538789428815 0.06136363636363636
0 0.38917306052855927 0.023295454545454546 0.023017902813299233 0.04431818181818182
0 0.5059676044330775 0.03238636363636364 0.029838022165387893 0.0625
0 0.5277067348678602 0.03125 0.02216538789428815 0.060227272727272727
0 0.8955669224211423 0.019886363636363636 0.029838022165387893 0.0375
0 0.577152600170503 0.13863636363636364 0.03580562659846547 0.1
0 0.3491048593350384 0.016477272727272726 0.0196078431372549 0.03068181818181818
0 0.36231884057971014 0.023295454545454546 0.01875532821824382 0.04431818181818182
0 0.7003410059676044 0.3215909090909091 0.041773231031543054 0.11363636363636363
0 0.7216538789428815 0.37727272727272726 0.041773231031543054 0.12045454545454545
0 0.7399829497016198 0.46193181818181817 0.03580562659846547 0.11477272727272728
0 0.7544757033248082 0.45681818181818185 0.03580562659846547 0.1340909090909091
0 0.4820971867007673 0.5170454545454546 0.041773231031543054 0.1318181818181818
0 0.7348678601875532 0.40738636363636366 0.0392156862745098 0.10113636363636364
0 0.7092924126172208 0.4721590909090909 0.042625745950554135 0.11477272727272728
0 0.4957374254049446 0.16079545454545455 0.0247229326513214 0.06704545454545455
0 0.4744245524296675 0.14659090909090908 0.03154305200341006 0.09090909090909091
0 0.4296675191815857 0.13295454545454546 0.03751065643648764 0.10681818181818181
0 0.7745098039215687 0.2431818181818182 0.028132992327365727 0.07045454545454545
0 0.7608695652173914 0.40511363636363634 0.03836317135549872 0.11704545454545455
0 0.8312020460358056 0.9443181818181818 0.04774083546462063 0.11363636363636363
0 0.1824381926683717 0.41647727272727275 0.0392156862745098 0.13068181818181818
0 0.4629156010230179 0.6352272727272728 0.0494458653026428 0.13863636363636364
0 0.008098891730605285 0.7295454545454545 0.014492753623188406 0.11818181818181818
0 0.033674339300937765 0.7125 0.041773231031543054 0.13863636363636364
0 0.06820119352088662 0.7198863636363636 0.03580562659846547 0.10795454545454546
0 0.09718670076726342 0.5142045454545454 0.0392156862745098 0.1215909090909091
0 0.4092071611253197 0.6568181818181819 0.03580562659846547 0.14772727272727273
0 0.23017902813299232 0.39943181818181817 0.04092071611253197 0.12386363636363637
0 0.057971014492753624 0.3090909090909091 0.03580562659846547 0.11136363636363636
0 0.46717817561807334 0.23977272727272728 0.03410059676044331 0.10909090909090909
0 0.42114236999147486 0.3659090909090909 0.03410059676044331 0.11363636363636363
0 0.4424552429667519 0.38181818181818183 0.030690537084398978 0.10909090909090909
0 0.06862745098039216 0.19488636363636364 0.029838022165387893 0.10340909090909091
0 0.2894288150042626 0.2727272727272727 0.03324808184143223 0.1
0 0.48508098891730606 0.36420454545454545 0.03410059676044331 0.11704545454545455
0 0.7817561807331628 0.58125 0.0443307757885763 0.13295454545454546
0 0.3618925831202046 0.19204545454545455 0.026427962489343565 0.10454545454545454
0 0.4820971867007673 0.18920454545454546 0.03324808184143223 0.09431818181818181
0 0.45865302642796246 0.6869318181818181 0.0443307757885763 0.14431818181818182
0 0.9254049445865302 0.21931818181818183 0.029838022165387893 0.05909090909090909
0 0.7468030690537084 0.9426136363636364 0.04092071611253197 0.11477272727272728
0 0.5183290707587382 0.7823863636363636 0.0392156862745098 0.13977272727272727
0 0.2659846547314578 0.5823863636363636 0.0392156862745098 0.13522727272727272
0 0.021312872975277068 0.6335227272727273 0.04092071611253197 0.11704545454545455
0 0.4100596760443308 0.41761363636363635 0.03239556692242114 0.11022727272727273
0 0.6820119352088662 0.9227272727272727 0.0494458653026428 0.1409090909090909
0 0.4778346121057119 0.7767045454545455 0.04859335038363171 0.1625
0 0.0907928388746803 0.23352272727272727 0.026427962489343565 0.09431818181818181
0 0.5652173913043478 0.7227272727272728 0.03580562659846547 0.12045454545454545
0 0.6538789428815004 0.7920454545454545 0.04603580562659847 0.15227272727272728
0 0.2979539641943734 0.5744318181818182 0.03154305200341006 0.14204545454545456
0 0.004262574595055414 0.49772727272727274 0.0068201193520886615 0.12045454545454545
0 0.37595907928388744 0.5215909090909091 0.03410059676044331 0.11136363636363636
0 0.06564364876385337 0.5994318181818182 0.042625745950554135 0.13068181818181818
0 0.18925831202046037 0.5465909090909091 0.03410059676044331 0.1340909090909091
0 0.30562659846547313 0.4335227272727273 0.03154305200341006 0.11704545454545455
0 0.34612105711849955 0.43579545454545454 0.03751065643648764 0.11704545454545455
0 0.39300937766410915 0.55625 0.0392156862745098 0.13522727272727272
0 0.34782608695652173 0.5227272727272727 0.03580562659846547 0.1318181818181818
0 0.38022165387894286 0.4017045454545455 0.0392156862745098 0.09431818181818181
0 0.3815004262574595 0.4409090909090909 0.03665814151747655 0.10909090909090909
0 0.21270247229326514 0.49375 0.03495311167945439 0.12840909090909092
0 0.514919011082694 0.3659090909090909 0.03580562659846547 0.11136363636363636
0 0.7195225916453538 0.6545454545454545 0.03751065643648764 0.11136363636363636
0 0.8721227621483376 0.4659090909090909 0.03239556692242114 0.11818181818181818
0 0.8913043478260869 0.7028409090909091 0.040068201193520885 0.14204545454545456
0 0.8529411764705882 0.4630681818181818 0.03665814151747655 0.12613636363636363
0 0.8887468030690537 0.665340909090909 0.043478260869565216 0.13977272727272727
0 0.8448422847399829 0.7028409090909091 0.0443307757885763 0.1375
0 0.592071611253197 0.7386363636363636 0.03836317135549872 0.1318181818181818
0 0.4092071611253197 0.9170454545454545 0.0494458653026428 0.16136363636363638
0 0.6001705029838023 0.7051136363636363 0.030690537084398978 0.11022727272727273
0 0.5200341005967605 0.8829545454545454 0.05115089514066496 0.15454545454545454
0 0.38277919863597615 0.33125 0.03751065643648764 0.09659090909090909
