0 0.021739130434782608 0.8130681818181819 0.041773231031543054 0.15113636363636362
0 0.12020460358056266 0.6869318181818181 0.04603580562659847 0.14886363636363636
0 0.08738277919863598 0.6306818181818182 0.05029838022165388 0.14545454545454545
0 0.1445012787723785 0.634090909090909 0.05200341005967604 0.1431818181818182
0 0.6722080136402387 0.7971590909090909 0.05029838022165388 0.14886363636363636
0 0.35421994884910485 0.5829545454545455 0.041773231031543054 0.13863636363636364
0 0.5277067348678602 0.7954545454545454 0.057971014492753624 0.16818181818181818
0 0.41901108269394716 0.7835227272727273 0.045183290707587385 0.1625
0 0.2907075873827792 0.34375 0.03410059676044331 0.1125
0 0.691389599317988 0.37727272727272726 0.042625745950554135 0.10909090909090909
0 0.8678601875532822 0.5892045454545455 0.04603580562659847 0.14431818181818182
0 0.8231031543052003 0.6045454545454545 0.041773231031543054 0.12045454545454545
0 0.5404944586530265 0.3181818181818182 0.03580562659846547 0.1159090909090909
0 0.881074168797954 0.7494318181818181 0.041773231031543054 0.1534090909090909
0 0.08226768968456948 0.9142045454545454 0.04688832054560955 0.16022727272727272
0 0.8610400682011935 0.9261363636363636 0.04603580562659847 0.14545454545454545
0 0.80306905370844 0.9556818181818182 0.04603580562659847 0.08181818181818182
0 0.8465473145780051 0.7556818181818182 0.04603580562659847 0.13863636363636364
0 0.7642796248934356 0.5801136363636363 0.040068201193520885 0.13977272727272727
0 0.7949701619778347 0.5903409090909091 0.03665814151747655 0.12613636363636363
0 0.8576300085251491 0.18238636363636362 0.03751065643648764 0.10568181818181818
0 0.8235294117647058 0.17102272727272727 0.03239556692242114 0.10568181818181818
0 0.34825234441602726 0.3403409090909091 0.03324808184143223 0.11704545454545455
0 0.3209718670076726 0.3573863636363636 0.043478260869565216 0.09886363636363636
0 0.030690537084398978 0.28011363636363634 0.028985507246376812 0.10568181818181818
0 0.12404092071611253 0.28238636363636366 0.03324808184143223 0.10568181818181818
0 0.17433930093776642 0.24261363636363636 0.03154305200341006 0.10795454545454546
0 0.3576300085251492 0.2948863636363636 0.029838022165387893 0.10113636363636364
0 0.37681159420289856 0.31136363636363634 0.027280477408354646 0.09545454545454546
0 0.4744245524296675 0.5659090909090909 0.04688832054560955 0.1409090909090909
0 0.42242114236999145 0.3210227272727273 0.03154305200341006 0.10113636363636364
0 0.45439045183290705 0.3261363636363636 0.03410059676044331 0.10227272727272728
0 0.45737425404944587 0.4102272727272727 0.040068201193520885 0.12045454545454545
0 0.4825234441602728 0.30568181818181817 0.03410059676044331 0.1
0 0.46717817561807334 0.2590909090909091 0.03410059676044331 0.1
0 0.41815856777493604 0.225 0.028132992327365727 0.10454545454545454
0 0.3874680306905371 0.23068181818181818 0.03324808184143223 0.08863636363636364
0 0.16965046888320545 0.17727272727272728 0.030690537084398978 0.09090909090909091
0 0.21014492753623187 0.23125 0.03324808184143223 0.11022727272727273
0 0.21696504688832055 0.25170454545454546 0.03324808184143223 0.10568181818181818
0 0.2566069906223359 0.25681818181818183 0.03239556692242114 0.09772727272727273
0 0.23827791986359761 0.2340909090909091 0.03324808184143223 0.10227272727272728
0 0.27621483375959077 0.2096590909090909 0.04092071611253197 0.09659090909090909
0 0.48721227621483376 0.2340909090909091 0.03665814151747655 0.11136363636363636
0 0.4360613810741688 0.19488636363636364 0.03495311167945439 0.10340909090909091
0 0.473998294970162 0.18693181818181817 0.028985507246376812 0.10340909090909091
0 0.3627450980392157 0.22215909090909092 0.03154305200341006 0.10568181818181818
0 0.44714407502131287 0.1375 0.03665814151747655 0.09545454545454546
0 0.4317988064791134 0.15795454545454546 0.028132992327365727 0.08181818181818182
0 0.2966751918158568 0.12386363636363637 0.028985507246376812 0.10454545454545454
0 0.5051150895140665 0.3386363636363636 0.03154305200341006 0.12272727272727273
0 0.00980392156862745 0.8755681818181819 0.017902813299232736 0.14886363636363636
0 0.21270247229326514 0.35397727272727275 0.04859335038363171 0.11931818181818182
0 0.48081841432225064 0.3835227272727273 0.0392156862745098 0.11022727272727273
0 0.04305200341005968 0.9090909090909091 0.041773231031543054 0.14772727272727273
0 0.8239556692242114 0.9346590909090909 0.04688832054560955 0.13068181818181818
0 0.2566069906223359 0.9363636363636364 0.05285592497868713 0.125
0 0.31074168797953966 0.9255681818181818 0.05029838022165388 0.14659090909090908
0 0.3691389599317988 0.9346590909090909 0.04603580562659847 0.12386363636363637
0 0.026427962489343565 0.3079545454545455 0.0392156862745098 0.10909090909090909
0 0.2617220801364024 0.7056818181818182 0.057971014492753624 0.14772727272727273
0 0.06308610400682012 0.3090909090909091 0.03410059676044331 0.10909090909090909
0 0.06862745098039216 0.8204545454545454 0.04859335038363171 0.13863636363636364
0 0.3312020460358056 0.3085227272727273 0.028132992327365727 0.11022727272727273
0 0.8073316283034954 0.6767045454545455 0.057971014492753624 0.13977272727272727
0 0.7860187553282183 0.34261363636363634 0.03751065643648764 0.1215909090909091
0 0.7340153452685422 0.3375 0.03410059676044331 0.11363636363636363
0 0.7497868712702472 0.3073863636363636 0.04688832054560955 0.11022727272727273
0 0.710997442455243 0.30170454545454545 0.03580562659846547 0.11704545454545455
0 0.8231031543052003 0.04943181818181818 0.03154305200341006 0.08977272727272727
0 0.15004262574595056 0.01534090909090909 0.027280477408354646 0.028409090909090908
0 0.16240409207161124 0.009659090909090909 0.0247229326513214 0.017045454545454544
0 0.2331628303495311 0.04318181818181818 0.028132992327365727 0.08409090909090909
0 0.5694799658994032 0.32443181818181815 0.03410059676044331 0.12386363636363637
0 0.2612958226768968 0.045454545454545456 0.028132992327365727 0.08863636363636364
0 0.2872975277067349 0.02727272727272727 0.028985507246376812 0.05227272727272727
0 0.3213981244671782 0.04318181818181818 0.030690537084398978 0.08409090909090909
0 0.37595907928388744 0.15397727272727274 0.028985507246376812 0.10340909090909091
0 0.3495311167945439 0.044886363636363634 0.027280477408354646 0.0875
0 0.3793691389599318 0.07102272727272728 0.03239556692242114 0.09659090909090909
0 0.39727195225916456 0.21477272727272728 0.03239556692242114 0.09772727272727273
0 0.4876385336743393 0.09545454545454546 0.030690537084398978 0.09090909090909091
0 0.5191815856777494 0.09659090909090909 0.03239556692242114 0.09772727272727273
0 0.42497868712702475 0.05568181818181818 0.029838022165387893 0.09090909090909091
0 0.4505541346973572 0.06079545454545455 0.03665814151747655 0.08977272727272727
0 0.47357203751065646 0.1340909090909091 0.03495311167945439 0.09318181818181819
0 0.41687979539641945 0.006818181818181818 0.028985507246376812 0.011363636363636364
0 0.4083546462063086 0.15170454545454545 0.028985507246376812 0.09431818181818181
