0 0.5580411124546554 0.8976851851851851 0.04232164449818621 0.1712962962962963
0 0.5532043530834341 0.9365740740740741 0.041112454655380895 0.1287037037037037
0 0.38905683192261187 0.5638888888888889 0.03688029020556227 0.13518518518518519
0 0.21463119709794437 0.6865740740740741 0.04232164449818621 0.16574074074074074
0 0.7563482466747279 0.8648148148148148 0.04836759371221282 0.1574074074074074
0 0.7487908101571947 0.9032407407407408 0.058645707376058044 0.17685185185185184
0 0.7318621523579202 0.924537037037037 0.046553808948004836 0.14907407407407408
0 0.3316203143893591 0.3523148148148148 0.04171704957678356 0.1527777777777778
0 0.2699516324062878 0.3453703703703704 0.03204353083434099 0.14074074074074075
0 0.3152962515114873 0.4199074074074074 0.04171704957678356 0.14351851851851852
0 0.3636638452237001 0.36157407407407405 0.03688029020556227 0.14907407407407408
0 0.25755743651753327 0.36574074074074076 0.04232164449818621 0.14629629629629629
0 0.6336154776299879 0.9638888888888889 0.05199516324062878 0.07407407407407407
0 0.6735187424425635 0.9541666666666667 0.04232164449818621 0.09351851851851851
0 0.6233373639661427 0.9495370370370371 0.041112454655380895 0.10277777777777777
0 0.024788391777509067 0.4703703703703704 0.037484885126964934 0.13148148148148148
0 0.09250302297460701 0.4888888888888889 0.044740024183796856 0.15925925925925927
0 0.5223700120918985 0.7287037037037037 0.0471584038694075 0.18518518518518517
0 0.049879081015719466 0.4097222222222222 0.03204353083434099 0.15648148148148147
0 0.03385731559854897 0.5435185185185185 0.05199516324062878 0.15925925925925927
0 0.7001209189842805 0.5287037037037037 0.041112454655380895 0.14629629629629629
0 0.7388149939540508 0.5064814814814815 0.05199516324062878 0.1574074074074074
0 0.74546553808948 0.43194444444444446 0.04232164449818621 0.13425925925925927
0 0.842503022974607 0.5208333333333334 0.044135429262394194 0.14537037037037037
0 0.8162031438935913 0.5342592592592592 0.044740024183796856 0.1574074074074074
0 0.7950423216444982 0.6703703703703704 0.045949214026602174 0.1574074074074074
0 0.9625151148730351 0.9490740740740741 0.0471584038694075 0.1037037037037037
0 0.8098548972188634 0.9472222222222222 0.04171704957678356 0.1
0 0.8455259975816203 0.9287037037037037 0.047762998790810154 0.12777777777777777
0 0.871825876662636 0.95 0.036275695284159616 0.09074074074074075
0 0.779322853688029 0.9643518518518519 0.053204353083434096 0.07314814814814814
0 0.6148730350665055 0.8930555555555556 0.0471584038694075 0.15833333333333333
0 0.5894800483675937 0.9356481481481481 0.04353083434099154 0.13055555555555556
0 0.9755139056831923 0.7458333333333333 0.044135429262394194 0.14537037037037037
0 0.2714631197097944 0.9097222222222222 0.045949214026602174 0.1787037037037037
0 0.2672309552599758 0.8958333333333334 0.04353083434099154 0.18425925925925926
0 0.8449214026602176 0.8388888888888889 0.03688029020556227 0.1537037037037037
0 0.8866384522370012 0.8736111111111111 0.04171704957678356 0.13796296296296295
0 0.9304715840386941 0.8824074074074074 0.049576783555018135 0.17962962962962964
0 0.842503022974607 0.38425925925925924 0.035671100362756954 0.13518518518518519
0 0.8633615477629988 0.3787037037037037 0.04232164449818621 0.11851851851851852
0 0.08464328899637243 0.9162037037037037 0.05078597339782346 0.15648148148148147
0 0.12636033857315598 0.9041666666666667 0.0471584038694075 0.1787037037037037
0 0.05955259975816203 0.9782407407407407 0.04050785973397823 0.04537037037037037
0 0.022067714631197097 0.9745370370370371 0.0380894800483676 0.05277777777777778
0 0.29443772672309554 0.6703703703703704 0.049576783555018135 0.15925925925925927
0 0.35096735187424427 0.638425925925926 0.04171704957678356 0.16574074074074074
0 0.3775695284159613 0.6587962962962963 0.03688029020556227 0.13240740740740742
0 0.5099758162031439 0.9337962962962963 0.0562273276904474 0.13425925925925927
0 0.8361547762998791 0.6611111111111111 0.05562273276904474 0.1537037037037037
0 0.049576783555018135 0.4777777777777778 0.0471584038694075 0.15185185185185185
0 0.23458282950423218 0.6037037037037037 0.03869407496977025 0.15555555555555556
0 0.1865175332527207 0.5986111111111111 0.04171704957678356 0.1398148148148148
0 0.20344619105199516 0.5532407407407407 0.04171704957678356 0.14351851851851852
0 0.16505441354292624 0.5763888888888888 0.03990326481257558 0.15092592592592594
0 0.250906892382104 0.6523148148148148 0.041112454655380895 0.1527777777777778
0 0.38361547762998793 0.2523148148148148 0.03325272067714631 0.13055555555555556
0 0.407496977025393 0.25787037037037036 0.02902055622732769 0.13240740740740742
0 0.24969770253929868 0.6222222222222222 0.032648125755743655 0.12962962962962962
0 0.7128174123337364 0.9638888888888889 0.044740024183796856 0.07407407407407407
0 0.7158403869407497 0.4009259259259259 0.037484885126964934 0.13148148148148148
0 0.75453446191052 0.4125 0.03869407496977025 0.13796296296296295
0 0.2669286577992745 0.3958333333333333 0.0380894800483676 0.14166666666666666
0 0.24909310761789602 0.41203703703703703 0.03506650544135429 0.1425925925925926
0 0.9250302297460702 0.700925925925926 0.044740024183796856 0.13703703703703704
0 0.30713422007255137 0.9773148148148149 0.037484885126964934 0.04722222222222222
0 0.5489721886336155 0.5583333333333333 0.03869407496977025 0.1574074074074074
0 0.31952841596130593 0.7907407407407407 0.046553808948004836 0.16296296296296298
0 0.8987303506650545 0.7185185185185186 0.035671100362756954 0.14814814814814814
0 0.878174123337364 0.7291666666666666 0.034461910519951636 0.125
0 0.5937122128174124 0.5643518518518519 0.04232164449818621 0.15462962962962962
0 0.34885126964933494 0.49722222222222223 0.037484885126964934 0.13148148148148148
0 0.2929262394195889 0.5097222222222222 0.034461910519951636 0.15648148148148147
0 0.12333736396614269 0.9555555555555556 0.044740024183796856 0.09074074074074075
0 0.4740024183796856 0.4527777777777778 0.02781136638452237 0.13518518518518519
0 0.3603385731559855 0.7268518518518519 0.04353083434099154 0.15925925925925927
0 0.20253929866989118 0.7949074074074074 0.044740024183796856 0.15648148148148147
0 0.3805925030229746 0.7546296296296297 0.039298669891172915 0.1685185185185185
0 0.29081015719467956 0.7523148148148148 0.049576783555018135 0.17685185185185184
0 0.19558645707376057 0.9462962962962963 0.046553808948004836 0.10925925925925926
0 0.14540507859733978 0.8245370370370371 0.06469165659008465 0.17314814814814813
0 0.26964933494558646 0.8495370370370371 0.06408706166868199 0.16574074074074074
0 0.22974607013301088 0.8412037037037037 0.049576783555018135 0.13796296296296295
0 0.4519347037484885 0.7592592592592593 0.046553808948004836 0.15185185185185185
0 0.6732164449818622 0.7300925925925926 0.046553808948004836 0.15092592592592594
0 0.3866384522370012 0.46111111111111114 0.034461910519951636 0.10740740740740741
0 0.4655380894800484 0.5615740740740741 0.036275695284159616 0.1398148148148148
0 0.4495163240628779 0.5180555555555556 0.039298669891172915 0.10462962962962963
0 0.46372430471584036 0.42916666666666664 0.032648125755743655 0.1398148148148148
0 0.49365175332527206 0.41574074074074074 0.03325272067714631 0.14814814814814814
0 0.32496977025392987 0.7152777777777778 0.04171704957678356 0.16203703703703703
0 0.437726723095526 0.44537037037037036 0.02781136638452237 0.12407407407407407
0 0.5042321644498187 0.5569444444444445 0.041112454655380895 0.1287037037037037
0 0.5024183796856106 0.36018518518518516 0.03506650544135429 0.10185185185185185
0 0.48035066505441354 0.33935185185185185 0.035671100362756954 0.13425925925925927
0 0.8301088270858524 0.23425925925925925 0.03869407496977025 0.14629629629629629
0 0.8836154776299879 0.1726851851851852 0.04050785973397823 0.12314814814814815
0 0.8545949214026602 0.26296296296296295 0.03325272067714631 0.10740740740740741
0 0.9594921402660218 0.4722222222222222 0.0471584038694075 0.14814814814814814
0 0.9851874244256348 0.487962962962963 0.02720677146311971 0.1425925925925926
0 0.8597339782345829 0.711574074074074 0.04836759371221282 0.15648148148148147
0 0.8948004836759371 0.7833333333333333 0.04232164449818621 0.14814814814814814
0 0.9610036275695284 0.7953703703703704 0.03204353083434099 0.12407407407407407
0 0.652962515114873 0.6796296296296296 0.041112454655380895 0.16666666666666666
0 0.9431680773881499 0.8393518518518519 0.03869407496977025 0.16203703703703703
0 0.9241233373639661 0.950925925925926 0.05380894800483676 0.09814814814814815
0 0.6862152357920194 0.15092592592592594 0.03506650544135429 0.1259259259259259
0 0.5918984280532044 0.1361111111111111 0.03506650544135429 0.11851851851851852
0 0.620918984280532 0.15416666666666667 0.032648125755743655 0.13796296296296295
0 0.6662636033857315 0.1449074074074074 0.037484885126964934 0.12685185185185185
0 0.6036880290205562 0.17962962962962964 0.03688029020556227 0.1425925925925926
0 0.5290205562273277 0.1736111111111111 0.03506650544135429 0.13796296296296295
0 0.7605804111245466 0.14675925925925926 0.036275695284159616 0.12685185185185185
0 0.6520556227327691 0.2162037037037037 0.042926239419588876 0.13240740740740742
0 0.6088270858524788 0.22824074074074074 0.03143893591293833 0.11944444444444445
0 0.7212817412333736 0.3226851851851852 0.03869407496977025 0.13425925925925927
0 0.6411729141475212 0.31712962962962965 0.046553808948004836 0.15092592592592594
0 0.6061064087061668 0.350462962962963 0.044135429262394194 0.1398148148148148
0 0.7001209189842805 0.35138888888888886 0.02781136638452237 0.09351851851851851
0 0.6402660217654171 0.3638888888888889 0.03506650544135429 0.13518518518518519
0 0.5347642079806529 0.25555555555555554 0.034461910519951636 0.12962962962962962
0 0.5066505441354293 0.262037037037037 0.030229746070133012 0.11481481481481481
0 0.5244860943168077 0.14444444444444443 0.03688029020556227 0.13518518518518519
0 0.5 0.14537037037037037 0.02781136638452237 0.11666666666666667
0 0.6753325272067715 0.3578703703703704 0.041112454655380895 0.14907407407407408
0 0.6154776299879081 0.43425925925925923 0.03990326481257558 0.14444444444444443
0 0.6381499395405078 0.44074074074074077 0.039298669891172915 0.14629629629629629
0 0.662031438935913 0.4236111111111111 0.03990326481257558 0.15092592592592594
0 0.40507859733978235 0.16527777777777777 0.03506650544135429 0.11574074074074074
0 0.344316807738815 0.22962962962962963 0.03688029020556227 0.13518518518518519
0 0.45223700120918986 0.14027777777777778 0.03385731559854897 0.13425925925925927
0 0.4347037484885127 0.12037037037037036 0.03506650544135429 0.1259259259259259
0 0.3805925030229746 0.14722222222222223 0.03204353083434099 0.11851851851851852
0 0.12091898428053205 0.21203703703703702 0.044740024183796856 0.15185185185185185
0 0.21009673518742442 0.25 0.03688029020556227 0.1388888888888889
0 0.23941958887545345 0.2712962962962963 0.041112454655380895 0.13148148148148148
0 0.5704353083434099 0.7208333333333333 0.04897218863361548 0.16203703703703703
0 0.7687424425634825 0.5416666666666666 0.044135429262394194 0.14074074074074075
0 0.6698911729141476 0.48148148148148145 0.0471584038694075 0.15925925925925927
0 0.6091293833131801 0.4875 0.0562273276904474 0.1398148148148148
0 0.023881499395405077 0.18981481481481483 0.039298669891172915 0.12777777777777777
0 0.1094316807738815 0.16296296296296298 0.044740024183796856 0.14074074074074075
0 0.1396614268440145 0.13194444444444445 0.037484885126964934 0.12685185185185185
0 0.16203143893591293 0.15416666666666667 0.02902055622732769 0.12129629629629629
0 0.2551390568319226 0.13055555555555556 0.03506650544135429 0.11851851851851852
0 0.27871825876662637 0.12916666666666668 0.03385731559854897 0.12314814814814815
0 0.156590084643289 0.0962962962962963 0.03990326481257558 0.1425925925925926
0 0.15779927448609432 0.22083333333333333 0.036275695284159616 0.13796296296296295
0 0.5444377267230955 0.11296296296296296 0.02962515114873035 0.12407407407407407
0 0.5891777509068924 0.10324074074074074 0.03083434099153567 0.13055555555555556
0 0.620918984280532 0.09675925925925925 0.02781136638452237 0.12685185185185185
0 0.21463119709794437 0.40694444444444444 0.037484885126964934 0.14907407407407408
0 0.010580411124546553 0.31666666666666665 0.01995163240628779 0.14074074074074075
0 0.020556227327690448 0.3175925925925926 0.03990326481257558 0.13518518518518519
0 0.16837968561064087 0.33240740740740743 0.0380894800483676 0.14814814814814814
0 0.13603385731559856 0.32916666666666666 0.03990326481257558 0.14351851851851852
0 0.5522974607013301 0.3138888888888889 0.03688029020556227 0.13333333333333333
0 0.5290205562273277 0.34074074074074073 0.03990326481257558 0.13518518518518519
0 0.19860943168077388 0.36527777777777776 0.039298669891172915 0.15092592592592594
0 0.24062877871825877 0.39166666666666666 0.037484885126964934 0.14814814814814814
0 0.31559854897218864 0.5388888888888889 0.04232164449818621 0.17962962962962964
0 0.2669286577992745 0.5550925925925926 0.04171704957678356 0.16018518518518518
0 0.015114873035066506 0.4546296296296296 0.02902055622732769 0.13333333333333333
0 0.016626360338573155 0.3675925925925926 0.03204353083434099 0.12962962962962962
0 0.7400241837968561 0.30092592592592593 0.045949214026602174 0.1574074074074074
0 0.9709794437726723 0.2013888888888889 0.037484885126964934 0.14351851851851852
0 0.9758162031438936 0.15092592592592594 0.03143893591293833 0.12037037037037036
0 0.9422611850060459 0.1337962962962963 0.03204353083434099 0.14166666666666666
0 0.9882103990326482 0.05138888888888889 0.022370012091898428 0.10092592592592593
0 0.9594921402660218 0.04537037037037037 0.030229746070133012 0.08888888888888889
0 0.9189842805320435 0.15648148148148147 0.03990326481257558 0.12962962962962962
0 0.03355501813784764 0.09490740740740741 0.044135429262394194 0.13425925925925927
0 0.10096735187424426 0.1476851851851852 0.037484885126964934 0.12685185185185185
0 0.07920193470374849 0.08611111111111111 0.037484885126964934 0.14074074074074075
0 0.3464328899637243 0.14629629629629629 0.032648125755743655 0.1259259259259259
0 0.5849455864570737 0.2199074074074074 0.039298669891172915 0.12314814814814815
0 0.18440145102781136 0.10740740740740741 0.032648125755743655 0.14074074074074075
0 0.5486698911729141 0.17824074074074073 0.034461910519951636 0.1287037037037037
0 0.630894800483676 0.1712962962962963 0.034461910519951636 0.13518518518518519
0 0.33252720677146314 0.12175925925925926 0.03506650544135429 0.13796296296296295
0 0.5894800483675937 0.1587962962962963 0.037484885126964934 0.13240740740740742
0 0.42623941958887546 0.09212962962962963 0.032648125755743655 0.14351851851851852
0 0.6451027811366384 0.11898148148148148 0.03990326481257558 0.1398148148148148
0 0.6466142684401451 0.0625 0.03688029020556227 0.12314814814814815
0 0.6154776299879081 0.05277777777777778 0.037484885126964934 0.1037037037037037
0 0.4407496977025393 0.07175925925925926 0.036275695284159616 0.12685185185185185
0 0.45102781136638453 0.03564814814814815 0.030229746070133012 0.06944444444444445
0 0.1296856106408706 0.08981481481481482 0.03204353083434099 0.12407407407407407
0 0.19437726723095525 0.024537037037037038 0.02962515114873035 0.04722222222222222
0 0.3346432889963724 0.027314814814814816 0.03204353083434099 0.05277777777777778
0 0.23428053204353083 0.03518518518518519 0.034461910519951636 0.06851851851851852
0 0.38391777509068925 0.056018518518518516 0.03506650544135429 0.11018518518518519
0 0.15568319226118502 0.041666666666666664 0.03083434099153567 0.08148148148148149
0 0.21493349455864572 0.06157407407407407 0.03204353083434099 0.12129629629629629
0 0.25332527206771466 0.05740740740740741 0.03506650544135429 0.11296296296296296
0 0.536577992744861 0.10324074074074074 0.034461910519951636 0.12685185185185185
0 0.5205562273276905 0.08101851851851852 0.036275695284159616 0.12685185185185185
0 0.36094316807738813 0.06157407407407407 0.03506650544135429 0.11944444444444445
0 0.29081015719467956 0.09490740740740741 0.032648125755743655 0.11574074074074074
0 0.3234582829504232 0.06527777777777778 0.030229746070133012 0.11574074074074074
0 0.31650544135429265 0.04953703703703704 0.02962515114873035 0.09722222222222222
0 0.49244256348246673 0.03009259259259259 0.03688029020556227 0.058333333333333334
0 0.39510278113663844 0.09675925925925925 0.03204353083434099 0.11574074074074074
0 0.3615477629987908 0.09166666666666666 0.02781136638452237 0.12037037037037036
0 0.11426844014510278 0.0712962962962963 0.03506650544135429 0.12962962962962962
0 0.2877871825876663 0.06481481481481481 0.032648125755743655 0.12222222222222222
0 0.1816807738814994 0.12546296296296297 0.02720677146311971 0.11018518518518519
0 0.20616686819830712 0.1125 0.03506650544135429 0.14351851851851852
