0 0.38694074969770254 0.8439814814814814 0.04232164449818621 0.17314814814814813
0 0.42200725513905685 0.8555555555555555 0.03990326481257558 0.1574074074074074
0 0.4356106408706167 0.9592592592592593 0.044135429262394194 0.07777777777777778
0 0.46916565900846435 0.8435185185185186 0.05562273276904474 0.1814814814814815
0 0.4455864570737606 0.33611111111111114 0.03869407496977025 0.1574074074074074
0 0.5129987908101572 0.9773148148148149 0.04050785973397823 0.04722222222222222
0 0.5326481257557436 0.9495370370370371 0.041112454655380895 0.10092592592592593
0 0.22762998790810157 0.9407407407407408 0.0562273276904474 0.11851851851851852
0 0.45918984280532044 0.3699074074074074 0.04897218863361548 0.16203703703703703
0 0.7164449818621523 0.9416666666666667 0.06287787182587666 0.11851851851851852
0 0.5819226118500604 0.975462962962963 0.044135429262394194 0.04722222222222222
0 0.20253929866989118 0.9337962962962963 0.032648125755743655 0.13425925925925927
0 0.6853083434099153 0.6569444444444444 0.04534461910519952 0.15092592592592594
0 0.7391172914147521 0.6462962962962963 0.0501813784764208 0.17037037037037037
0 0.8887545344619106 0.9574074074074074 0.04836759371221282 0.08703703703703704
0 0.5547158403869408 0.6398148148148148 0.05259975816203144 0.17962962962962964
0 0.3685006045949214 0.6509259259259259 0.0380894800483676 0.16111111111111112
0 0.8748488512696493 0.8930555555555556 0.05441354292623942 0.1675925925925926
0 0.9292623941958887 0.8495370370370371 0.049576783555018135 0.1935185185185185
0 0.46372430471584036 0.6620370370370371 0.05078597339782346 0.1537037037037037
0 0.4882103990326481 0.6865740740740741 0.044135429262394194 0.13796296296296295
0 0.6106408706166868 0.3597222222222222 0.037484885126964934 0.15648148148148147
0 0.5834340991535671 0.3685185185185185 0.04232164449818621 0.14814814814814814
0 0.5262998790810157 0.3921296296296296 0.046553808948004836 0.16018518518518518
0 0.3688029020556227 0.6939814814814815 0.04353083434099154 0.16203703703703703
0 0.4204957678355502 0.7111111111111111 0.04171704957678356 0.16296296296296298
0 0.4156590084643289 0.7550925925925925 0.046553808948004836 0.18796296296296297
0 0.44619105199516323 0.7893518518518519 0.041112454655380895 0.16018518518518518
0 0.48428053204353083 0.8050925925925926 0.049576783555018135 0.15648148148148147
0 0.7306529625151149 0.836574074074074 0.0501813784764208 0.18981481481481483
0 0.37908101571946795 0.9287037037037037 0.053204353083434096 0.14444444444444443
0 0.8292019347037485 0.6125 0.044135429262394194 0.14907407407407408
0 0.871825876662636 0.6296296296296297 0.04353083434099154 0.14444444444444443
0 0.8458282950423216 0.575462962962963 0.05199516324062878 0.15462962962962962
0 0.8872430471584039 0.5648148148148148 0.034461910519951636 0.13518518518518519
0 0.9162636033857315 0.7037037037037037 0.04897218863361548 0.15925925925925927
0 0.9740024183796856 0.5537037037037037 0.044740024183796856 0.1574074074074074
0 0.8053204353083434 0.5972222222222222 0.037484885126964934 0.10925925925925926
0 0.8908706166868199 0.5972222222222222 0.039298669891172915 0.13518518518518519
0 0.9144498186215235 0.5615740740740741 0.039298669891172915 0.1398148148148148
0 0.48095525997581623 0.9162037037037037 0.046553808948004836 0.16944444444444445
0 0.4238210399032648 0.9111111111111111 0.04836759371221282 0.17962962962962964
0 0.8264812575574365 0.7736111111111111 0.044740024183796856 0.15462962962962962
0 0.879081015719468 0.6888888888888889 0.044740024183796856 0.1648148148148148
0 0.7705562273276905 0.5694444444444444 0.05985489721886336 0.17407407407407408
0 0.9564691656590084 0.4532407407407407 0.037484885126964934 0.14537037037037037
0 0.9727932285368803 0.42592592592592593 0.03990326481257558 0.15925925925925927
0 0.8845223700120919 0.2824074074074074 0.044740024183796856 0.14074074074074075
0 0.9549576783555018 0.4930555555555556 0.042926239419588876 0.15092592592592594
0 0.7551390568319226 0.362962962962963 0.049576783555018135 0.1537037037037037
0 0.7880894800483675 0.36018518518518516 0.04897218863361548 0.13703703703703704
0 0.9274486094316807 0.47314814814814815 0.0471584038694075 0.14629629629629629
0 0.9117291414752116 0.41203703703703703 0.03990326481257558 0.15185185185185185
0 0.8839177750906893 0.42592592592592593 0.03990326481257558 0.14074074074074075
0 0.935006045949214 0.3597222222222222 0.035671100362756954 0.13240740740740742
0 0.9673518742442564 0.3578703703703704 0.03990326481257558 0.1398148148148148
0 0.846130592503023 0.2587962962962963 0.04897218863361548 0.1398148148148148
0 0.909310761789601 0.24444444444444444 0.03990326481257558 0.14074074074074075
0 0.011487303506650543 0.38842592592592595 0.02176541717049577 0.16574074074074074
0 0.02418379685610641 0.5087962962962963 0.044740024183796856 0.15648148148148147
0 0.07043530834340991 0.46574074074074073 0.046553808948004836 0.15185185185185185
0 0.016928657799274487 0.44814814814814813 0.032648125755743655 0.15925925925925927
0 0.040810157194679564 0.43333333333333335 0.034461910519951636 0.13518518518518519
0 0.5 0.611574074074074 0.05562273276904474 0.1675925925925926
0 0.7542321644498187 0.7759259259259259 0.058645707376058044 0.1925925925925926
0 0.81136638452237 0.7037037037037037 0.04836759371221282 0.16666666666666666
0 0.527509068923821 0.600925925925926 0.044135429262394194 0.16296296296296298
0 0.6463119709794438 0.6078703703703704 0.04836759371221282 0.15648148148148147
0 0.7675332527206772 0.5013888888888889 0.046553808948004836 0.1398148148148148
0 0.4758162031438936 0.5236111111111111 0.0471584038694075 0.16574074074074074
0 0.8409915356711004 0.44583333333333336 0.03990326481257558 0.14907407407407408
0 0.8192261185006046 0.46574074074074073 0.044740024183796856 0.14814814814814814
0 0.7796251511487303 0.4583333333333333 0.044135429262394194 0.14629629629629629
0 0.8512696493349455 0.39490740740740743 0.030229746070133012 0.12314814814814815
0 0.6983071342200725 0.49722222222222223 0.05078597339782346 0.15185185185185185
0 0.812273276904474 0.38935185185185184 0.051390568319226115 0.13796296296296295
0 0.6856106408706167 0.40370370370370373 0.041112454655380895 0.14629629629629629
0 0.7309552599758162 0.425462962962963 0.04232164449818621 0.1398148148148148
0 0.6009673518742442 0.5986111111111111 0.049576783555018135 0.1527777777777778
0 0.5078597339782346 0.5291666666666667 0.045949214026602174 0.15092592592592594
0 0.6151753325272068 0.48564814814814816 0.044135429262394194 0.16018518518518518
0 0.5405078597339782 0.44074074074074077 0.044740024183796856 0.14074074074074075
0 0.5399032648125756 0.47962962962962963 0.037484885126964934 0.14074074074074075
0 0.5737605804111245 0.449537037037037 0.044740024183796856 0.15648148148148147
0 0.6441958887545345 0.48009259259259257 0.04171704957678356 0.16574074074074074
0 0.8518742442563483 0.3162037037037037 0.037484885126964934 0.13425925925925927
0 0.1989117291414752 0.18796296296296297 0.03869407496977025 0.1537037037037037
0 0.16807738814993953 0.20694444444444443 0.03385731559854897 0.13240740740740742
0 0.7345828295042321 0.27314814814814814 0.045949214026602174 0.14814814814814814
0 0.7614873035066505 0.26435185185185184 0.03688029020556227 0.1287037037037037
0 0.7796251511487303 0.7287037037037037 0.03688029020556227 0.1259259259259259
0 0.02539298669891173 0.9333333333333333 0.049576783555018135 0.13518518518518519
0 0.020556227327690448 0.7685185185185185 0.03990326481257558 0.17777777777777778
0 0.9764207980652962 0.17824074074074073 0.03990326481257558 0.13425925925925927
0 0.9365175332527207 0.25092592592592594 0.03990326481257558 0.12962962962962962
0 0.9455864570737605 0.17824074074074073 0.04232164449818621 0.15648148148148147
0 0.8660822249093107 0.21898148148148147 0.03325272067714631 0.1398148148148148
0 0.9498186215235792 0.14351851851851852 0.02539298669891173 0.13148148148148148
0 0.9238210399032648 0.13518518518518519 0.03506650544135429 0.14074074074074075
0 0.9077992744860943 0.19305555555555556 0.039298669891172915 0.12685185185185185
0 0.9942563482466747 0.12222222222222222 0.010278113663845224 0.12962962962962962
0 0.9480048367593712 0.09814814814814815 0.037484885126964934 0.12407407407407407
0 0.8860338573155986 0.15231481481481482 0.03688029020556227 0.12129629629629629
0 0.9286577992744861 0.05648148148148148 0.03385731559854897 0.1111111111111111
0 0.9081015719467956 0.09537037037037037 0.037484885126964934 0.11481481481481481
0 0.909310761789601 0.037037037037037035 0.03506650544135429 0.07222222222222222
0 0.8473397823458283 0.08101851851851852 0.03688029020556227 0.1175925925925926
0 0.8340386940749698 0.12962962962962962 0.03204353083434099 0.11851851851851852
0 0.6088270858524788 0.4097222222222222 0.037484885126964934 0.14537037037037037
0 0.6880290205562273 0.2337962962962963 0.04232164449818621 0.13796296296296295
0 0.648428053204353 0.23055555555555557 0.039298669891172915 0.1388888888888889
0 0.6212212817412334 0.21944444444444444 0.02962515114873035 0.13148148148148148
0 0.5982466747279322 0.2412037037037037 0.04171704957678356 0.14722222222222223
0 0.5731559854897219 0.23287037037037037 0.03869407496977025 0.14907407407407408
0 0.7548367593712213 0.08703703703703704 0.02962515114873035 0.08703703703703704
0 0.8675937122128174 0.047685185185185185 0.032648125755743655 0.09351851851851851
0 0.8162031438935913 0.034722222222222224 0.03506650544135429 0.06759259259259259
0 0.7212817412333736 0.08148148148148149 0.037484885126964934 0.10740740740740741
0 0.6983071342200725 0.07777777777777778 0.044740024183796856 0.14074074074074075
0 0.628174123337364 0.11851851851851852 0.030229746070133012 0.12962962962962962
0 0.08071342200725513 0.20925925925925926 0.039298669891172915 0.14629629629629629
0 0.09975816203143893 0.2273148148148148 0.04232164449818621 0.14537037037037037
0 0.14087061668681983 0.15601851851851853 0.03990326481257558 0.13796296296296295
0 0.008162031438935914 0.05324074074074074 0.015114873035066506 0.10462962962962963
0 0.017533252720677146 0.10833333333333334 0.03385731559854897 0.1388888888888889
0 0.0371825876662636 0.04861111111111111 0.03688029020556227 0.09537037037037037
0 0.0562273276904474 0.11712962962962963 0.03143893591293833 0.1361111111111111
0 0.07980652962515115 0.08657407407407407 0.03506650544135429 0.1361111111111111
0 0.09099153567110037 0.10972222222222222 0.034461910519951636 0.13240740740740742
0 0.13845223700120918 0.06342592592592593 0.03990326481257558 0.125
0 0.10610640870616687 0.13518518518518519 0.03204353083434099 0.12962962962962962
0 0.1777509068923821 0.07546296296296297 0.04232164449818621 0.14907407407407408
0 0.24214026602176542 0.1287037037037037 0.03204353083434099 0.09259259259259259
0 0.2593712212817412 0.12546296296296297 0.032648125755743655 0.12685185185185185
0 0.2741837968561064 0.15324074074074073 0.039298669891172915 0.1287037037037037
0 0.34613059250302297 0.037037037037037035 0.03204353083434099 0.07222222222222222
0 0.5126964933494559 0.11435185185185186 0.03990326481257558 0.12314814814814815
0 0.48095525997581623 0.0824074074074074 0.03688029020556227 0.1259259259259259
0 0.4147521160822249 0.04027777777777778 0.032648125755743655 0.0787037037037037
0 0.3899637243047158 0.04351851851851852 0.032648125755743655 0.08518518518518518
0 0.3080411124546554 0.11898148148148148 0.039298669891172915 0.1398148148148148
0 0.5483675937122128 0.11064814814814815 0.03990326481257558 0.13240740740740742
0 0.5701330108827086 0.08425925925925926 0.036275695284159616 0.1259259259259259
0 0.6024788391777509 0.1162037037037037 0.039298669891172915 0.13796296296296295
0 0.5190447400241838 0.05694444444444444 0.03204353083434099 0.11203703703703703
0 0.5773881499395405 0.05648148148148148 0.03990326481257558 0.10925925925925926
0 0.6130592503022975 0.08287037037037037 0.03990326481257558 0.13055555555555556
0 0.6493349455864571 0.050462962962962966 0.037484885126964934 0.09907407407407408
0 0.43893591293833134 0.075 0.036275695284159616 0.14074074074074075
0 0.6762394195888755 0.062037037037037036 0.034461910519951636 0.12222222222222222
0 0.3261789600967352 0.0375 0.02962515114873035 0.07314814814814814
0 0.8192261185006046 0.15462962962962962 0.041112454655380895 0.1425925925925926
0 0.7968561064087062 0.06620370370370371 0.04232164449818621 0.12314814814814815
0 0.12817412333736397 0.11898148148148148 0.03869407496977025 0.14166666666666666
0 0.3464328899637243 0.4740740740740741 0.03506650544135429 0.1574074074074074
0 0.344316807738815 0.2310185185185185 0.02962515114873035 0.1175925925925926
0 0.1284764207980653 0.7310185185185185 0.04897218863361548 0.16018518518518518
0 0.3585247883917775 0.2412037037037037 0.02781136638452237 0.12685185185185185
0 0.1275695284159613 0.6944444444444444 0.056831922611850064 0.16296296296296298
0 0.8361547762998791 0.37083333333333335 0.03506650544135429 0.1398148148148148
0 0.8594316807738815 0.36898148148148147 0.03204353083434099 0.125
0 0.22974607013301088 0.5851851851851851 0.04232164449818621 0.1685185185185185
0 0.20525997581620314 0.5671296296296297 0.04171704957678356 0.17685185185185184
0 0.3388754534461911 0.5648148148148148 0.03204353083434099 0.14444444444444443
0 0.19921402660217655 0.49166666666666664 0.03688029020556227 0.14814814814814814
0 0.20495767835550183 0.4787037037037037 0.032648125755743655 0.1574074074074074
0 0.16898428053204353 0.4773148148148148 0.03204353083434099 0.13240740740740742
0 0.1647521160822249 0.43425925925925923 0.039298669891172915 0.14629629629629629
0 0.13270858524788393 0.45925925925925926 0.044135429262394194 0.14814814814814814
0 0.3385731559854897 0.13518518518518519 0.030229746070133012 0.12407407407407407
0 0.3645707376058041 0.13703703703703704 0.032648125755743655 0.13148148148148148
0 0.2593712212817412 0.3662037037037037 0.044740024183796856 0.1398148148148148
0 0.24455864570737607 0.38287037037037036 0.034461910519951636 0.14537037037037037
0 0.21070133010882708 0.8680555555555556 0.047762998790810154 0.1638888888888889
0 0.281136638452237 0.6962962962962963 0.05199516324062878 0.1574074074074074
0 0.3975211608222491 0.5486111111111112 0.044135429262394194 0.15462962962962962
0 0.32376058041112454 0.6208333333333333 0.03688029020556227 0.15462962962962962
0 0.3225513905683192 0.6523148148148148 0.044135429262394194 0.16574074074074074
0 0.39933494558645705 0.65 0.051390568319226115 0.14814814814814814
0 0.5849455864570737 0.6967592592592593 0.05380894800483676 0.14907407407407408
0 0.42563482466747277 0.44212962962962965 0.03506650544135429 0.12314814814814815
0 0.40931076178960096 0.41388888888888886 0.04232164449818621 0.10740740740740741
0 0.39903264812575573 0.49953703703703706 0.03385731559854897 0.13796296296296295
0 0.40991535671100365 0.4671296296296296 0.02902055622732769 0.13240740740740742
0 0.26874244256348245 0.5175925925925926 0.0501813784764208 0.1574074074074074
0 0.2669286577992745 0.5625 0.039298669891172915 0.17314814814814813
0 0.650241837968561 0.9666666666666667 0.046553808948004836 0.06481481481481481
0 0.23730350665054414 0.3296296296296296 0.0380894800483676 0.14074074074074075
0 0.8192261185006046 0.9481481481481482 0.05078597339782346 0.1037037037037037
0 0.2756952841596131 0.31851851851851853 0.03990326481257558 0.15185185185185185
0 0.3827085852478839 0.37824074074074077 0.03990326481257558 0.13796296296296295
0 0.19528415961305925 0.29953703703703705 0.03506650544135429 0.12685185185185185
0 0.45525997581620314 0.48703703703703705 0.03869407496977025 0.14814814814814814
0 0.07587666263603386 0.32731481481481484 0.044135429262394194 0.13796296296296295
0 0.049576783555018135 0.3592592592592593 0.03506650544135429 0.12407407407407407
