0 0.5290205562273277 0.462037037037037 0.03990326481257558 0.14074074074074075
0 0.5532043530834341 0.45787037037037037 0.03506650544135429 0.13240740740740742
0 0.596130592503023 0.6273148148148148 0.05078597339782346 0.16574074074074074
0 0.5662031438935913 0.6513888888888889 0.044135429262394194 0.13796296296296295
0 0.9727932285368803 0.8189814814814815 0.053204353083434096 0.1787037037037037
0 0.6133615477629988 0.5944444444444444 0.034461910519951636 0.14074074074074075
0 0.5882708585247884 0.4513888888888889 0.044740024183796856 0.16203703703703703
0 0.4467956469165659 0.3175925925925926 0.041112454655380895 0.17037037037037037
0 0.6257557436517533 0.6398148148148148 0.03990326481257558 0.16296296296296298
0 0.6109431680773881 0.6935185185185185 0.044135429262394194 0.15185185185185185
0 0.5831318016928658 0.5689814814814815 0.044135429262394194 0.15462962962962962
0 0.5801088270858524 0.7342592592592593 0.04897218863361548 0.17962962962962964
0 0.41384522370012095 0.8203703703703704 0.0562273276904474 0.19074074074074074
0 0.656590084643289 0.6273148148148148 0.037484885126964934 0.15092592592592594
0 0.467049576783555 0.7361111111111112 0.046553808948004836 0.15925925925925927
0 0.6989117291414753 0.7101851851851851 0.049576783555018135 0.17407407407407408
0 0.47762998790810157 0.32407407407407407 0.044740024183796856 0.1574074074074074
0 0.6955864570737605 0.537962962962963 0.0562273276904474 0.17592592592592593
0 0.782950423216445 0.8898148148148148 0.05562273276904474 0.1962962962962963
0 0.9316807738814994 0.9546296296296296 0.04353083434099154 0.09259259259259259
0 0.8204353083434099 0.9041666666666667 0.05199516324062878 0.15833333333333333
0 0.6668681983071342 0.7208333333333333 0.03990326481257558 0.16018518518518518
0 0.5538089480048367 0.7027777777777777 0.05078597339782346 0.1648148148148148
0 0.8615477629987908 0.7870370370370371 0.045949214026602174 0.15925925925925927
0 0.967956469165659 0.9476851851851852 0.05441354292623942 0.10648148148148148
0 0.6807738814993954 0.6185185185185185 0.044740024183796856 0.1574074074074074
0 0.620918984280532 0.5212962962962963 0.03990326481257558 0.16296296296296298
0 0.5069528415961306 0.7342592592592593 0.047762998790810154 0.17962962962962964
0 0.5692261185006046 0.5532407407407407 0.03688029020556227 0.15092592592592594
0 0.8276904474002419 0.7888888888888889 0.044740024183796856 0.12962962962962962
0 0.9830713422007256 0.9143518518518519 0.032648125755743655 0.17314814814814813
0 0.9223095525997581 0.9166666666666666 0.047762998790810154 0.14814814814814814
0 0.032345828295042324 0.7444444444444445 0.04897218863361548 0.16296296296296298
0 0.05955259975816203 0.7319444444444444 0.04897218863361548 0.17314814814814813
0 0.5278113663845224 0.2777777777777778 0.032648125755743655 0.12962962962962962
0 0.5767835550181378 0.24953703703703703 0.03506650544135429 0.12129629629629629
0 0.029322853688029022 0.30277777777777776 0.044135429262394194 0.14629629629629629
0 0.06892382103990327 0.23333333333333334 0.04232164449818621 0.15185185185185185
0 0.08645707376058041 0.4310185185185185 0.04232164449818621 0.1638888888888889
0 0.11305925030229746 0.2625 0.03990326481257558 0.13425925925925927
0 0.6393591293833132 0.3699074074074074 0.03688029020556227 0.14351851851851852
0 0.5513905683192262 0.21157407407407408 0.044740024183796856 0.13796296296296295
0 0.41717049576783555 0.33240740740740743 0.04232164449818621 0.15185185185185185
0 0.6039903264812576 0.35 0.03990326481257558 0.1574074074074074
0 0.6311970979443773 0.32916666666666666 0.03869407496977025 0.16018518518518518
0 0.5652962515114873 0.32222222222222224 0.037484885126964934 0.15185185185185185
0 0.47642079806529625 0.25 0.032648125755743655 0.12407407407407407
0 0.7333736396614269 0.37916666666666665 0.0471584038694075 0.16574074074074074
0 0.7542321644498187 0.3675925925925926 0.04171704957678356 0.1574074074074074
0 0.7167472793228536 0.14583333333333334 0.035671100362756954 0.125
0 0.49425634824667475 0.27361111111111114 0.039298669891172915 0.13425925925925927
0 0.4987908101571947 0.3101851851851852 0.04232164449818621 0.16296296296296298
0 0.5392986698911729 0.3050925925925926 0.036275695284159616 0.13796296296296295
0 0.5157194679564692 0.35648148148148145 0.04232164449818621 0.14074074074074075
0 0.5420193470374849 0.3680555555555556 0.039298669891172915 0.13240740740740742
0 0.6257557436517533 0.4162037037037037 0.04353083434099154 0.16018518518518518
0 0.654776299879081 0.43657407407407406 0.03990326481257558 0.13425925925925927
0 0.68863361547763 0.44351851851851853 0.037484885126964934 0.1425925925925926
0 0.8887545344619106 0.48194444444444445 0.04353083434099154 0.16018518518518518
0 0.7173518742442564 0.4550925925925926 0.044135429262394194 0.14537037037037037
0 0.6629383313180169 0.8236111111111111 0.051390568319226115 0.1675925925925926
0 0.6961910519951633 0.8217592592592593 0.04897218863361548 0.17685185185185184
0 0.7557436517533253 0.5643518518518519 0.037484885126964934 0.15648148148148147
0 0.814993954050786 0.6083333333333333 0.04836759371221282 0.1685185185185185
0 0.7097944377267231 0.5814814814814815 0.03990326481257558 0.16296296296296298
0 0.9818621523579202 0.36527777777777776 0.036275695284159616 0.15462962962962962
0 0.9537484885126964 0.3726851851851852 0.0380894800483676 0.12129629629629629
0 0.9316807738814994 0.8296296296296296 0.044740024183796856 0.15925925925925927
0 0.8615477629987908 0.3402777777777778 0.03990326481257558 0.13796296296296295
0 0.8951027811366384 0.3449074074074074 0.03688029020556227 0.12314814814814815
0 0.9404474002418379 0.7180555555555556 0.0562273276904474 0.14907407407407408
0 0.8857315598548973 0.6398148148148148 0.045949214026602174 0.1537037037037037
0 0.8440145102781137 0.6458333333333334 0.05441354292623942 0.1787037037037037
0 0.8905683192261185 0.30462962962962964 0.03990326481257558 0.14629629629629629
0 0.914752116082225 0.30416666666666664 0.04232164449818621 0.13425925925925927
0 0.8948004836759371 0.22453703703703703 0.041112454655380895 0.1361111111111111
0 0.5634824667472793 0.18055555555555555 0.044740024183796856 0.15185185185185185
0 0.5353688029020556 0.1837962962962963 0.034461910519951636 0.11574074074074074
0 0.9256348246674728 0.3402777777777778 0.037484885126964934 0.12129629629629629
0 0.9398428053204353 0.3175925925925926 0.03325272067714631 0.12407407407407407
0 0.7886940749697703 0.5949074074074074 0.04171704957678356 0.15462962962962962
0 0.7291414752116082 0.6050925925925926 0.041112454655380895 0.15648148148148147
0 0.9682587666263603 0.7217592592592592 0.062273276904474005 0.21203703703703702
0 0.3101571946795647 0.9101851851851852 0.06892382103990327 0.1685185185185185
0 0.4322853688029021 0.888425925925926 0.044740024183796856 0.15648148148148147
0 0.18802902055622733 0.2800925925925926 0.04232164449818621 0.15648148148148147
0 0.6934703748488513 0.324537037037037 0.05078597339782346 0.16018518518518518
0 0.7297460701330108 0.25324074074074077 0.03506650544135429 0.12129629629629629
0 0.8778718258766627 0.20462962962962963 0.03990326481257558 0.12962962962962962
0 0.9307738814993954 0.18888888888888888 0.039298669891172915 0.12962962962962962
0 0.9782345828295043 0.18055555555555555 0.04353083434099154 0.1425925925925926
0 0.9894195888754534 0.12361111111111112 0.021160822249093107 0.13240740740740742
0 0.9474002418379686 0.14953703703703702 0.03869407496977025 0.1398148148148148
0 0.9250302297460702 0.12638888888888888 0.037484885126964934 0.11944444444444445
0 0.9437726723095526 0.1050925925925926 0.03385731559854897 0.12685185185185185
0 0.9625151148730351 0.02638888888888889 0.03990326481257558 0.05092592592592592
0 0.8766626360338573 0.11574074074074074 0.037484885126964934 0.11851851851851852
0 0.8657799274486094 0.07916666666666666 0.037484885126964934 0.12129629629629629
0 0.909310761789601 0.08101851851851852 0.03506650544135429 0.10648148148148148
0 0.9489117291414753 0.043055555555555555 0.034461910519951636 0.08425925925925926
0 0.9192865779927448 0.05555555555555555 0.03204353083434099 0.10740740740740741
0 0.8805925030229746 0.03564814814814815 0.02962515114873035 0.06944444444444445
0 0.907496977025393 0.026851851851851852 0.03385731559854897 0.05185185185185185
0 0.03385731559854897 0.16435185185185186 0.037484885126964934 0.12314814814814815
0 0.14812575574365175 0.16944444444444445 0.044740024183796856 0.12962962962962962
0 0.1163845223700121 0.15416666666666667 0.039298669891172915 0.13240740740740742
0 0.14389359129383314 0.08657407407407407 0.032648125755743655 0.12685185185185185
0 0.07345828295042321 0.16712962962962963 0.034461910519951636 0.13425925925925927
0 0.03899637243047158 0.07361111111111111 0.03204353083434099 0.12314814814814815
0 0.013301088270858524 0.07916666666666666 0.02539298669891173 0.13240740740740742
0 0.060459492140266025 0.1125 0.04232164449818621 0.1287037037037037
0 0.09189842805320435 0.11481481481481481 0.041112454655380895 0.13518518518518519
0 0.10489721886336155 0.07268518518518519 0.03688029020556227 0.125
0 0.1336154776299879 0.040740740740740744 0.037484885126964934 0.07962962962962963
0 0.17140266021765418 0.044444444444444446 0.03688029020556227 0.08703703703703704
0 0.19588875453446192 0.05185185185185185 0.030229746070133012 0.10185185185185185
0 0.283857315598549 0.14907407407407408 0.03688029020556227 0.13148148148148148
0 0.30864570737605806 0.1175925925925926 0.03688029020556227 0.12407407407407407
0 0.26148730350665056 0.08287037037037037 0.02962515114873035 0.10648148148148148
0 0.3802902055622733 0.09537037037037037 0.036275695284159616 0.14814814814814814
0 0.2889963724304716 0.0787037037037037 0.037484885126964934 0.13148148148148148
0 0.5033252720677146 0.2263888888888889 0.03688029020556227 0.14351851851851852
0 0.6741233373639661 0.25046296296296294 0.045949214026602174 0.1398148148148148
0 0.682285368802902 0.22175925925925927 0.03325272067714631 0.13796296296296295
0 0.48941958887545345 0.1824074074074074 0.039298669891172915 0.12962962962962962
0 0.590689238210399 0.12824074074074074 0.03869407496977025 0.11574074074074074
0 0.6435912938331319 0.13472222222222222 0.039298669891172915 0.13240740740740742
0 0.7899032648125756 0.15324074074074073 0.03688029020556227 0.12685185185185185
0 0.7164449818621523 0.11944444444444445 0.03506650544135429 0.13703703703703704
0 0.6674727932285369 0.15324074074074073 0.03506650544135429 0.1287037037037037
0 0.6783555018137848 0.06018518518518518 0.032648125755743655 0.10740740740740741
0 0.6375453446191052 0.09490740740740741 0.04171704957678356 0.13240740740740742
0 0.6372430471584039 0.05694444444444444 0.03990326481257558 0.11203703703703703
0 0.5967351874244257 0.058333333333333334 0.032648125755743655 0.11296296296296296
0 0.5668077388149939 0.05787037037037037 0.034461910519951636 0.11388888888888889
0 0.5308343409915357 0.1449074074074074 0.037484885126964934 0.13240740740740742
0 0.4455864570737606 0.11527777777777778 0.037484885126964934 0.13425925925925927
0 0.3685006045949214 0.06296296296296296 0.03204353083434099 0.12222222222222222
0 0.48881499395405076 0.07037037037037037 0.03688029020556227 0.12407407407407407
0 0.4797460701330109 0.09490740740740741 0.034461910519951636 0.11574074074074074
0 0.5199516324062878 0.07916666666666666 0.032648125755743655 0.12685185185185185
0 0.43863361547762997 0.05185185185185185 0.034461910519951636 0.10185185185185185
0 0.4159613059250302 0.03981481481481482 0.03506650544135429 0.07777777777777778
0 0.963422007255139 0.13287037037037036 0.039298669891172915 0.14166666666666666
0 0.28355501813784767 0.03009259259259259 0.02539298669891173 0.058333333333333334
0 0.660217654171705 0.22175925925925927 0.030229746070133012 0.09537037037037037
0 0.36215235792019346 0.5138888888888888 0.041112454655380895 0.14814814814814814
0 0.21432889963724305 0.3175925925925926 0.034461910519951636 0.14074074074074075
0 0.13845223700120918 0.774537037037037 0.053204353083434096 0.16203703703703703
0 0.09492140266021766 0.7148148148148148 0.04836759371221282 0.19074074074074074
0 0.14480048367593712 0.7379629629629629 0.051390568319226115 0.16111111111111112
0 0.8089480048367593 0.3194444444444444 0.04232164449818621 0.13518518518518519
0 0.8385731559854898 0.31296296296296294 0.03143893591293833 0.11851851851851852
0 0.24879081015719468 0.6222222222222222 0.047762998790810154 0.1685185185185185
0 0.22128174123337363 0.6055555555555555 0.04232164449818621 0.1685185185185185
0 0.3597339782345828 0.6083333333333333 0.03506650544135429 0.15185185185185185
0 0.21523579201934703 0.5356481481481481 0.044740024183796856 0.14907407407407408
0 0.1837968561064087 0.5115740740740741 0.04232164449818621 0.1398148148148148
0 0.1907496977025393 0.4726851851851852 0.04171704957678356 0.14351851851851852
0 0.14298669891172913 0.5009259259259259 0.042926239419588876 0.1425925925925926
0 0.3633615477629988 0.18888888888888888 0.032648125755743655 0.12962962962962962
0 0.3857315598548972 0.1824074074074074 0.02781136638452237 0.12962962962962962
0 0.2762998790810157 0.412962962962963 0.044740024183796856 0.1425925925925926
0 0.27055622732769047 0.42824074074074076 0.03688029020556227 0.1398148148148148
0 0.19195888754534463 0.9319444444444445 0.0562273276904474 0.13796296296296295
0 0.3062273276904474 0.7384259259259259 0.04171704957678356 0.15462962962962962
0 0.40931076178960096 0.5944444444444444 0.03869407496977025 0.14074074074074075
0 0.344316807738815 0.6638888888888889 0.039298669891172915 0.15925925925925927
0 0.34522370012091896 0.6981481481481482 0.04232164449818621 0.1685185185185185
0 0.4195888754534462 0.6967592592592593 0.049576783555018135 0.14907407407407408
0 0.6324062877871826 0.7388888888888889 0.044740024183796856 0.15925925925925927
0 0.43802902055622733 0.5009259259259259 0.034461910519951636 0.14074074074074075
0 0.4247279322853688 0.4708333333333333 0.034461910519951636 0.13240740740740742
0 0.41626360338573154 0.5467592592592593 0.039298669891172915 0.14907407407407408
0 0.4277509068923821 0.5203703703703704 0.03204353083434099 0.14629629629629629
0 0.27841596130592505 0.5601851851851852 0.04050785973397823 0.16296296296296298
0 0.2841596130592503 0.6050925925925926 0.03869407496977025 0.1675925925925926
0 0.5262998790810157 0.5111111111111111 0.044135429262394194 0.14629629629629629
0 0.25755743651753327 0.3768518518518518 0.03869407496977025 0.1425925925925926
0 0.49425634824667475 0.40879629629629627 0.039298669891172915 0.14351851851851852
0 0.281136638452237 0.3537037037037037 0.04232164449818621 0.15185185185185185
0 0.4026602176541717 0.41805555555555557 0.04232164449818621 0.14351851851851852
0 0.4525392986698912 0.42685185185185187 0.034461910519951636 0.13333333333333333
0 0.4797460701330109 0.5388888888888889 0.034461910519951636 0.15185185185185185
0 0.27448609431680776 0.3226851851851852 0.037484885126964934 0.14351851851851852
0 0.657496977025393 0.9037037037037037 0.058645707376058044 0.17037037037037037
0 0.6305925030229746 0.9101851851851852 0.0471584038694075 0.17037037037037037
