0 0.0741687979539642 0.10454545454545454 0.028985507246376812 0.10681818181818181
0 0.36658141517476556 0.9806818181818182 0.0392156862745098 0.04090909090909091
0 0.4518329070758738 0.8897727272727273 0.05285592497868713 0.14545454545454545
0 0.029838022165387893 0.8698863636363636 0.0443307757885763 0.15568181818181817
0 0.06479113384484228 0.8784090909090909 0.05456095481670929 0.15227272727272728
0 0.7736572890025576 0.9125 0.04688832054560955 0.16590909090909092
0 0.32395566922421143 0.8352272727272727 0.03751065643648764 0.1590909090909091
0 0.3640238704177323 0.8590909090909091 0.0443307757885763 0.14545454545454545
0 0.17433930093776642 0.3170454545454545 0.029838022165387893 0.10454545454545454
0 0.4812446717817562 0.7511363636363636 0.05029838022165388 0.15227272727272728
0 0.004688832054560955 0.10909090909090909 0.0076726342710997444 0.10681818181818181
0 0.9552429667519181 0.010227272727272727 0.0247229326513214 0.01818181818181818
0 0.36658141517476556 0.6931818181818182 0.042625745950554135 0.1409090909090909
0 0.5140664961636828 0.897159090909091 0.04774083546462063 0.16022727272727272
0 0.5579710144927537 0.8943181818181818 0.043478260869565216 0.16818181818181818
0 0.6594202898550725 0.9642045454545455 0.04688832054560955 0.0715909090909091
0 0.5818414322250639 0.32954545454545453 0.03154305200341006 0.10681818181818181
0 0.3452685421994885 0.023863636363636365 0.030690537084398978 0.045454545454545456
0 0.44288150042625746 0.015909090909090907 0.03154305200341006 0.029545454545454545
0 0.2847399829497016 0.21761363636363637 0.030690537084398978 0.11477272727272728
0 0.8073316283034954 0.18295454545454545 0.028985507246376812 0.09318181818181819
0 0.840153452685422 0.6170454545454546 0.041773231031543054 0.12727272727272726
0 0.27195225916453536 0.9857954545454546 0.030690537084398978 0.03068181818181818
0 0.22634271099744246 0.9653409090909091 0.04859335038363171 0.06931818181818182
0 0.13554987212276215 0.9318181818181818 0.04774083546462063 0.13863636363636364
0 0.170076726342711 0.9357954545454545 0.04688832054560955 0.12840909090909092
0 0.40664961636828645 0.1375 0.02557544757033248 0.07954545454545454
0 0.546462063086104 0.08181818181818182 0.02557544757033248 0.09772727272727273
0 0.3938618925831202 0.13522727272727272 0.027280477408354646 0.08409090909090909
0 0.3729752770673487 0.08011363636363636 0.028132992327365727 0.09431818181818181
0 0.2506393861892583 0.12329545454545454 0.030690537084398978 0.10795454545454546
0 0.15089514066496162 0.19090909090909092 0.028985507246376812 0.09772727272727273
0 0.7271952259164536 0.5494318181818182 0.03410059676044331 0.13522727272727272
0 0.7988064791133845 0.3340909090909091 0.03751065643648764 0.11818181818181818
0 0.8337595907928389 0.3784090909090909 0.03410059676044331 0.11818181818181818
0 0.8124467178175618 0.38579545454545455 0.03239556692242114 0.11477272727272728
0 0.8371696504688833 0.17613636363636365 0.03580562659846547 0.09772727272727273
0 0.7566069906223359 0.5852272727272727 0.03836317135549872 0.125
0 0.4927536231884058 0.5170454545454546 0.03410059676044331 0.125
0 0.5285592497868713 0.5073863636363637 0.0443307757885763 0.1375
0 0.8350383631713555 0.5721590909090909 0.03836317135549872 0.13977272727272727
0 0.7945439045183291 0.6022727272727273 0.042625745950554135 0.1318181818181818
0 0.8158567774936062 0.8602272727272727 0.0494458653026428 0.16818181818181818
0 0.9441602728047741 0.8409090909090909 0.045183290707587385 0.15454545454545454
0 0.9394714407502132 0.8642045454545455 0.03751065643648764 0.13068181818181818
0 0.6082693947144076 0.6664772727272728 0.05200341005967604 0.14886363636363636
0 0.5797101449275363 0.6892045454545455 0.04092071611253197 0.14886363636363636
0 0.17135549872122763 0.4505681818181818 0.03751065643648764 0.1215909090909091
0 0.49531116794543906 0.2676136363636364 0.030690537084398978 0.10340909090909091
0 0.04049445865302643 0.13465909090909092 0.03154305200341006 0.0875
0 0.3371696504688832 0.14886363636363636 0.026427962489343565 0.09090909090909091
0 0.3742540494458653 0.12727272727272726 0.02557544757033248 0.08636363636363636
0 0.8124467178175618 0.5056818181818182 0.0392156862745098 0.12045454545454545
0 0.17433930093776642 0.19488636363636364 0.028132992327365727 0.08977272727272727
0 0.7442455242966752 0.5142045454545454 0.05285592497868713 0.13522727272727272
0 0.8670076726342711 0.5443181818181818 0.042625745950554135 0.125
0 0.4846547314578005 0.6 0.040068201193520885 0.125
0 0.8213981244671782 0.5397727272727273 0.04859335038363171 0.125
0 0.886615515771526 0.8477272727272728 0.04774083546462063 0.13863636363636364
0 0.5179028132992327 0.26590909090909093 0.03324808184143223 0.09545454545454546
0 0.40494458653026427 0.7107954545454546 0.0392156862745098 0.14204545454545456
0 0.5345268542199488 0.5903409090909091 0.04092071611253197 0.12840909090909092
0 0.5575447570332481 0.575 0.03239556692242114 0.11136363636363636
0 0.7199488491048593 0.6465909090909091 0.041773231031543054 0.1318181818181818
0 0.763000852514919 0.6522727272727272 0.042625745950554135 0.14545454545454545
0 0.7621483375959079 0.32784090909090907 0.030690537084398978 0.11477272727272728
0 0.38618925831202044 0.17727272727272728 0.028985507246376812 0.09090909090909091
0 0.4113384484228474 0.175 0.0247229326513214 0.10454545454545454
0 0.5170502983802217 0.20681818181818182 0.03495311167945439 0.09318181818181819
0 0.5481670929241261 0.21704545454545454 0.03751065643648764 0.09545454545454546
0 0.20886615515771526 0.03977272727272727 0.023870417732310314 0.07272727272727272
0 0.26001705029838024 0.044886363636363634 0.027280477408354646 0.08295454545454546
0 0.27450980392156865 0.02784090909090909 0.023870417732310314 0.053409090909090906
0 0.19011082693947143 0.03409090909090909 0.028985507246376812 0.0659090909090909
0 0.2988064791133845 0.028977272727272727 0.0247229326513214 0.05568181818181818
0 0.43478260869565216 0.028409090909090908 0.030690537084398978 0.05454545454545454
0 0.42071611253196933 0.014204545454545454 0.021312872975277068 0.026136363636363635
0 0.40153452685422 0.007386363636363636 0.02216538789428815 0.0125
0 0.5341005967604433 0.014204545454545454 0.021312872975277068 0.026136363636363635
0 0.5835464620630861 0.0715909090909091 0.029838022165387893 0.10681818181818181
0 0.6888320545609549 0.2715909090909091 0.042625745950554135 0.11363636363636363
0 0.6982097186700768 0.32897727272727273 0.042625745950554135 0.1215909090909091
0 0.7071611253196931 0.41306818181818183 0.03836317135549872 0.1215909090909091
0 0.73231031543052 0.4022727272727273 0.03580562659846547 0.125
0 0.5034100596760444 0.4659090909090909 0.041773231031543054 0.125
0 0.7271952259164536 0.3528409090909091 0.0392156862745098 0.10113636363636364
0 0.5264279624893435 0.12329545454545454 0.0247229326513214 0.06704545454545455
0 0.5089514066496164 0.11136363636363636 0.03239556692242114 0.09090909090909091
0 0.4880647911338448 0.09829545454545455 0.03154305200341006 0.10568181818181818
0 0.7864450127877238 0.2005681818181818 0.028132992327365727 0.06704545454545455
0 0.7549019607843137 0.3568181818181818 0.03836317135549872 0.12045454545454545
0 0.7647058823529411 0.8511363636363637 0.0494458653026428 0.1590909090909091
0 0.20332480818414322 0.35454545454545455 0.03836317135549872 0.12045454545454545
0 0.45481670929241264 0.5755681818181818 0.04859335038363171 0.1375
0 0.03239556692242114 0.6522727272727272 0.04092071611253197 0.11818181818181818
0 0.05839727195225917 0.6375 0.041773231031543054 0.13863636363636364
0 0.0792838874680307 0.6488636363636363 0.03580562659846547 0.10454545454545454
0 0.13810741687979539 0.4505681818181818 0.0392156862745098 0.1215909090909091
0 0.39641943734015345 0.5909090909090909 0.03410059676044331 0.13636363636363635
0 0.24552429667519182 0.3403409090909091 0.0392156862745098 0.12386363636363637
0 0.09633418584825235 0.24602272727272728 0.03410059676044331 0.10795454545454546
0 0.5618073316283035 0.1278409090909091 0.030690537084398978 0.09431818181818181
0 0.47570332480818417 0.1846590909090909 0.03239556692242114 0.10340909090909091
0 0.4279624893435635 0.3039772727272727 0.03410059676044331 0.1125
0 0.44884910485933505 0.3153409090909091 0.03154305200341006 0.10113636363636364
0 0.09803921568627451 0.15454545454545454 0.028985507246376812 0.10454545454545454
0 0.3052003410059676 0.22727272727272727 0.030690537084398978 0.09772727272727273
0 0.49019607843137253 0.3090909090909091 0.03580562659846547 0.11818181818181818
0 0.7868712702472294 0.5176136363636363 0.042625745950554135 0.13068181818181818
0 0.37595907928388744 0.15454545454545454 0.028985507246376812 0.10454545454545454
0 0.4825234441602728 0.15 0.03239556692242114 0.09318181818181819
0 0.4518329070758738 0.615909090909091 0.04603580562659847 0.13636363636363635
0 0.017476555839727195 0.1278409090909091 0.03324808184143223 0.09431818181818181
0 0.32011935208866155 0.9607954545454546 0.045183290707587385 0.07840909090909091
0 0.9560954816709293 0.9090909090909091 0.04688832054560955 0.1318181818181818
0 0.907075873827792 0.20454545454545456 0.027280477408354646 0.09545454545454546
0 0.5072463768115942 0.033522727272727273 0.03751065643648764 0.06477272727272727
0 0.6990622335890878 0.9551136363636363 0.0494458653026428 0.0875
0 0.38022165387894286 0.9301136363636363 0.04603580562659847 0.13977272727272727
0 0.6896845694799659 0.85625 0.04092071611253197 0.13068181818181818
0 0.49104859335038364 0.6982954545454545 0.0392156862745098 0.1215909090909091
0 0.26768968456947995 0.5181818181818182 0.03580562659846547 0.1318181818181818
0 0.014066496163682864 0.5823863636363636 0.026427962489343565 0.12840909090909092
0 0.45865302642796246 0.9761363636363637 0.0443307757885763 0.05
0 0.0443307757885763 0.5670454545454545 0.04092071611253197 0.11818181818181818
0 0.4185848252344416 0.35511363636363635 0.03239556692242114 0.11022727272727273
0 0.6300085251491901 0.8323863636363636 0.04774083546462063 0.15568181818181817
0 0.45822676896845693 0.6914772727272728 0.045183290707587385 0.15568181818181817
0 0.11253196930946291 0.19090909090909092 0.023870417732310314 0.08409090909090909
0 0.545609548167093 0.6403409090909091 0.03580562659846547 0.1215909090909091
0 0.6214833759590793 0.7159090909090909 0.04603580562659847 0.15227272727272728
0 0.30605285592497866 0.5215909090909091 0.03239556692242114 0.13863636363636364
0 0.020034100596760442 0.4318181818181818 0.03836317135549872 0.12045454545454545
0 0.37851662404092073 0.4659090909090909 0.03580562659846547 0.11136363636363636
0 0.09803921568627451 0.5392045454545454 0.042625745950554135 0.13068181818181818
0 0.2208013640238704 0.47897727272727275 0.03410059676044331 0.13522727272727272
0 0.31202046035805625 0.38181818181818183 0.03239556692242114 0.11818181818181818
0 0.3495311167945439 0.37272727272727274 0.03751065643648764 0.11136363636363636
0 0.4057971014492754 0.4784090909090909 0.0392156862745098 0.1340909090909091
0 0.35038363171355497 0.45738636363636365 0.03410059676044331 0.12613636363636363
0 0.3895993179880648 0.34545454545454546 0.03751065643648764 0.09090909090909091
0 0.37894288150042627 0.38125 0.03495311167945439 0.10795454545454546
0 0.2595907928388747 0.42329545454545453 0.03836317135549872 0.13068181818181818
0 0.5161977834612106 0.30454545454545456 0.03495311167945439 0.10909090909090909
0 0.7246376811594203 0.5704545454545454 0.0392156862745098 0.11136363636363636
0 0.8797953964194374 0.40511363636363634 0.03239556692242114 0.11704545454545455
0 0.8836317135549873 0.6386363636363637 0.045183290707587385 0.1409090909090909
0 0.855072463768116 0.3965909090909091 0.03410059676044331 0.125
0 0.876385336743393 0.6068181818181818 0.042625745950554135 0.13863636363636364
0 0.8371696504688833 0.6431818181818182 0.04603580562659847 0.13636363636363635
0 0.5763000852514919 0.6636363636363637 0.0392156862745098 0.1318181818181818
0 0.4079283887468031 0.8210227272727273 0.04688832054560955 0.14659090909090908
0 0.49531116794543906 0.7852272727272728 0.05115089514066496 0.13863636363636364
0 0.3998294970161978 0.2903409090909091 0.028985507246376812 0.09431818181818181
