0 0.015114873035066506 0.30787037037037035 0.02902055622732769 0.14537037037037037
0 0.011789600967351875 0.1712962962962963 0.022370012091898428 0.1425925925925926
0 0.034461910519951636 0.30972222222222223 0.03990326481257558 0.13425925925925927
0 0.08494558645707376 0.16805555555555557 0.03688029020556227 0.13240740740740742
0 0.13210399032648126 0.17592592592592593 0.034461910519951636 0.13703703703703704
0 0.15386940749697703 0.17222222222222222 0.039298669891172915 0.1388888888888889
0 0.09461910519951633 0.13240740740740742 0.039298669891172915 0.13518518518518519
0 0.15084643288996372 0.12685185185185185 0.03688029020556227 0.13148148148148148
0 0.11396614268440144 0.0875 0.04171704957678356 0.1287037037037037
0 0.5308343409915357 0.4824074074074074 0.02902055622732769 0.12962962962962962
0 0.2539298669891173 0.1574074074074074 0.03869407496977025 0.12407407407407407
0 0.5084643288996372 0.06157407407407407 0.032648125755743655 0.1175925925925926
0 0.5290205562273277 0.05416666666666667 0.030229746070133012 0.10462962962962963
0 0.5238814993954051 0.38425925925925924 0.047762998790810154 0.13703703703703704
0 0.49818621523579204 0.46944444444444444 0.03869407496977025 0.15185185185185185
0 0.5241837968561064 0.29444444444444445 0.03506650544135429 0.1259259259259259
0 0.4827690447400242 0.30416666666666664 0.04171704957678356 0.14907407407407408
0 0.6837968561064087 0.3712962962962963 0.036275695284159616 0.14074074074074075
0 0.7230955259975816 0.36435185185185187 0.03990326481257558 0.13240740740740742
0 0.5507859733978234 0.10324074074074074 0.037484885126964934 0.12314814814814815
0 0.5737605804111245 0.14351851851851852 0.03385731559854897 0.12777777777777777
0 0.6668681983071342 0.26342592592592595 0.03506650544135429 0.12314814814814815
0 0.6330108827085853 0.2625 0.03869407496977025 0.14166666666666666
0 0.6018742442563483 0.2601851851851852 0.02720677146311971 0.11296296296296296
0 0.9740024183796856 0.047685185185185185 0.030229746070133012 0.09351851851851851
0 0.9492140266021766 0.05185185185185185 0.032648125755743655 0.10185185185185185
0 0.9304715840386941 0.055092592592592596 0.03385731559854897 0.10833333333333334
0 0.8890568319226119 0.04953703703703704 0.034461910519951636 0.09722222222222222
0 0.5767835550181378 0.10787037037037037 0.02781136638452237 0.10648148148148148
0 0.9749093107617895 0.3189814814814815 0.03083434099153567 0.1398148148148148
0 0.970677146311971 0.22592592592592592 0.039298669891172915 0.14814814814814814
0 0.9371221281741233 0.27314814814814814 0.037484885126964934 0.13518518518518519
0 0.9446795646916566 0.1875 0.03325272067714631 0.14537037037037037
0 0.9135429262394196 0.2671296296296296 0.037484885126964934 0.14351851851851852
0 0.9059854897218863 0.18518518518518517 0.03204353083434099 0.13518518518518519
0 0.5550181378476421 0.0587962962962963 0.03506650544135429 0.11574074074074074
0 0.5903869407496977 0.043055555555555555 0.03083434099153567 0.08425925925925926
0 0.7989721886336155 0.41805555555555557 0.03204353083434099 0.13240740740740742
0 0.8548972188633616 0.42268518518518516 0.037484885126964934 0.14166666666666666
0 0.8766626360338573 0.4148148148148148 0.032648125755743655 0.13148148148148148
0 0.6064087061668681 0.13657407407407407 0.02902055622732769 0.12129629629629629
0 0.6079201934703748 0.11990740740740741 0.03204353083434099 0.12685185185185185
0 0.6169891172914147 0.15138888888888888 0.03688029020556227 0.12129629629629629
0 0.8621523579201935 0.13935185185185187 0.030229746070133012 0.12129629629629629
0 0.8567110036275696 0.23657407407407408 0.045949214026602174 0.15092592592592594
0 0.8663845223700121 0.21203703703703702 0.03990326481257558 0.14074074074074075
0 0.8361547762998791 0.1648148148148148 0.03990326481257558 0.14629629629629629
0 0.6305925030229746 0.10601851851851851 0.026602176541717048 0.11203703703703703
0 0.8343409915356711 0.2324074074074074 0.030229746070133012 0.11481481481481481
0 0.781136638452237 0.20324074074074075 0.037484885126964934 0.12685185185185185
0 0.6735187424425635 0.1486111111111111 0.03869407496977025 0.12685185185185185
0 0.6272672309552599 0.04398148148148148 0.04171704957678356 0.08611111111111111
0 0.6457073760580411 0.06898148148148148 0.03990326481257558 0.13240740740740742
0 0.6801692865779927 0.059722222222222225 0.03506650544135429 0.1175925925925926
0 0.7914147521160823 0.287962962962963 0.036275695284159616 0.13518518518518519
0 0.7708585247883918 0.2712962962962963 0.02781136638452237 0.12962962962962962
0 0.7451632406287787 0.26851851851851855 0.034461910519951636 0.1388888888888889
0 0.7714631197097944 0.16527777777777777 0.032648125755743655 0.13240740740740742
0 0.6934703748488513 0.0787037037037037 0.030229746070133012 0.12037037037037036
0 0.8234582829504232 0.40694444444444444 0.03990326481257558 0.15648148148148147
0 0.6438935912938332 0.1537037037037037 0.03143893591293833 0.12407407407407407
0 0.9117291414752116 0.22361111111111112 0.03990326481257558 0.14907407407407408
0 0.937726723095526 0.24722222222222223 0.037484885126964934 0.12777777777777777
0 0.878174123337364 0.20277777777777778 0.034461910519951636 0.11296296296296296
0 0.8963119709794438 0.14907407407407408 0.03688029020556227 0.12037037037037036
0 0.7300483675937122 0.15925925925925927 0.039298669891172915 0.12777777777777777
0 0.7614873035066505 0.13518518518518519 0.03325272067714631 0.13148148148148148
0 0.6599153567110037 0.1125 0.03688029020556227 0.13425925925925927
0 0.7992744860943168 0.2638888888888889 0.03385731559854897 0.13148148148148148
0 0.5861547762998791 0.08148148148148149 0.02962515114873035 0.11481481481481481
0 0.9876058041112454 0.2513888888888889 0.02357920193470375 0.10648148148148148
0 0.5105804111245466 0.3226851851851852 0.046553808948004836 0.14351851851851852
0 0.5420193470374849 0.32731481481481484 0.034461910519951636 0.13796296296296295
0 0.805925030229746 0.2023148148148148 0.037484885126964934 0.13055555555555556
0 0.17321644498186214 0.022685185185185187 0.03688029020556227 0.04351851851851852
0 0.20344619105199516 0.02361111111111111 0.034461910519951636 0.04537037037037037
0 0.4879081015719468 0.04398148148148148 0.03990326481257558 0.08611111111111111
0 0.8733373639661427 0.05 0.028415961305925032 0.09814814814814815
0 0.37605804111245467 0.5768518518518518 0.037484885126964934 0.14814814814814814
0 0.07103990326481258 0.4740740740740741 0.03688029020556227 0.14629629629629629
0 0.06136638452237001 0.5212962962962963 0.039298669891172915 0.14629629629629629
0 0.02539298669891173 0.5064814814814815 0.04232164449818621 0.14814814814814814
0 0.09189842805320435 0.49537037037037035 0.04232164449818621 0.1537037037037037
0 0.8409915356711004 0.38842592592592595 0.03990326481257558 0.1287037037037037
0 0.8567110036275696 0.3662037037037037 0.032648125755743655 0.12685185185185185
0 0.26118500604594924 0.6819444444444445 0.044740024183796856 0.16574074074074074
0 0.23125755743651755 0.6671296296296296 0.03688029020556227 0.16574074074074074
0 0.36638452237001207 0.6694444444444444 0.045949214026602174 0.14629629629629629
0 0.22823458282950423 0.5925925925925926 0.03325272067714631 0.13518518518518519
0 0.23458282950423218 0.5791666666666667 0.032648125755743655 0.15462962962962962
0 0.18923821039903266 0.575462962962963 0.04353083434099154 0.14722222222222223
0 0.19619105199516323 0.5375 0.044135429262394194 0.15462962962962962
0 0.14812575574365175 0.5592592592592592 0.044740024183796856 0.1425925925925926
0 0.3724304715840387 0.24537037037037038 0.032648125755743655 0.12962962962962962
0 0.3905683192261185 0.25787037037037036 0.041112454655380895 0.11203703703703703
0 0.5492744860943168 0.6027777777777777 0.046553808948004836 0.13703703703703704
0 0.6094316807738815 0.6129629629629629 0.05199516324062878 0.16296296296296298
0 0.24425634824667472 0.412962962962963 0.037484885126964934 0.12962962962962962
0 0.2551390568319226 0.4550925925925926 0.037484885126964934 0.14907407407407408
0 0.26451027811366384 0.9476851851851852 0.04171704957678356 0.10648148148148148
0 0.09492140266021766 0.6037037037037037 0.04836759371221282 0.17592592592592593
0 0.30290205562273276 0.7847222222222222 0.0471584038694075 0.15648148148148147
0 0.07980652962515115 0.6439814814814815 0.04353083434099154 0.16574074074074074
0 0.33252720677146314 0.4981481481481482 0.03506650544135429 0.14629629629629629
0 0.04534461910519952 0.625462962962963 0.041112454655380895 0.15648148148148147
0 0.6795646916565901 0.861574074074074 0.036275695284159616 0.14722222222222223
0 0.35489721886336156 0.7189814814814814 0.036275695284159616 0.15462962962962962
0 0.3594316807738815 0.7527777777777778 0.044135429262394194 0.17037037037037037
0 0.6076178960096735 0.6578703703703703 0.04232164449818621 0.1638888888888889
0 0.6296856106408706 0.6953703703703704 0.046553808948004836 0.16296296296296298
0 0.6493349455864571 0.6773148148148148 0.03506650544135429 0.13240740740740742
0 0.43047158403869407 0.7574074074074074 0.049576783555018135 0.14629629629629629
0 0.6798669891172914 0.687037037037037 0.046553808948004836 0.14074074074074075
0 0.07103990326481258 0.836574074074074 0.046553808948004836 0.16574074074074074
0 0.4531438935912938 0.5546296296296296 0.03204353083434099 0.13518518518518519
0 0.43440145102781136 0.5263888888888889 0.03204353083434099 0.13796296296296295
0 0.621825876662636 0.8550925925925926 0.051390568319226115 0.15462962962962962
0 0.7388149939540508 0.8347222222222223 0.06166868198307134 0.16203703703703703
0 0.694074969770254 0.8495370370370371 0.03990326481257558 0.12314814814814815
0 0.7357920193470375 0.9032407407407408 0.03385731559854897 0.1398148148148148
0 0.43500604594921405 0.03518518518518519 0.034461910519951636 0.06851851851851852
0 0.42503022974607013 0.6111111111111112 0.044740024183796856 0.14814814814814814
0 0.4480048367593712 0.5824074074074074 0.036275695284159616 0.15185185185185185
0 0.11910519951632406 0.9291666666666667 0.04836759371221282 0.14166666666666666
0 0.6408706166868199 0.937037037037037 0.0471584038694075 0.12777777777777777
0 0.07889963724304716 0.9347222222222222 0.044135429262394194 0.13240740740740742
0 0.004232164449818622 0.5324074074074074 0.007255139056831923 0.1574074074074074
0 0.9894195888754534 0.36574074074074076 0.021160822249093107 0.11851851851851852
0 0.9824667472793228 0.4074074074074074 0.03385731559854897 0.1425925925925926
0 0.9646311970979444 0.37777777777777777 0.039298669891172915 0.14629629629629629
0 0.6100362756952842 0.9560185185185185 0.04836759371221282 0.08611111111111111
0 0.5646916565900847 0.9546296296296296 0.03869407496977025 0.09074074074074075
0 0.24425634824667472 0.6453703703703704 0.037484885126964934 0.14629629629629629
0 0.2950423216444982 0.6148148148148148 0.041112454655380895 0.15185185185185185
0 0.2959492140266022 0.6606481481481481 0.03688029020556227 0.16944444444444445
0 0.3349455864570738 0.3939814814814815 0.03385731559854897 0.12685185185185185
0 0.31590084643288996 0.4287037037037037 0.042926239419588876 0.14814814814814814
0 0.344316807738815 0.4166666666666667 0.03688029020556227 0.12962962962962962
0 0.3047158403869408 0.387037037037037 0.037484885126964934 0.14444444444444443
0 0.973397823458283 0.46574074074074073 0.037484885126964934 0.13703703703703704
0 0.590689238210399 0.5268518518518519 0.037484885126964934 0.15925925925925927
0 0.4111245465538089 0.47824074074074074 0.037484885126964934 0.14351851851851852
0 0.5474607013301088 0.4949074074074074 0.04171704957678356 0.14537037037037037
0 0.5822249093107618 0.5606481481481481 0.04232164449818621 0.13796296296296295
0 0.13724304715840388 0.7847222222222222 0.04232164449818621 0.17685185185185184
0 0.05199516324062878 0.4050925925925926 0.032648125755743655 0.13796296296296295
0 0.03355501813784764 0.3851851851851852 0.03688029020556227 0.14814814814814814
0 0.7128174123337364 0.6203703703703703 0.049576783555018135 0.16296296296296298
0 0.011185006045949214 0.38101851851851853 0.021160822249093107 0.13796296296296295
0 0.6922611850060459 0.9356481481481481 0.04836759371221282 0.13055555555555556
0 0.7382103990326482 0.9291666666666667 0.045949214026602174 0.14351851851851852
0 0.08403869407496976 0.8023148148148148 0.044740024183796856 0.16018518518518518
0 0.11305925030229746 0.850462962962963 0.037484885126964934 0.16203703703703703
0 0.056831922611850064 0.874537037037037 0.04232164449818621 0.15092592592592594
0 0.7406287787182587 0.6185185185185185 0.03990326481257558 0.15555555555555556
0 0.7986698911729141 0.9388888888888889 0.05199516324062878 0.12407407407407407
0 0.8941958887545345 0.7916666666666666 0.03990326481257558 0.1814814814814815
0 0.8536880290205562 0.9310185185185185 0.0471584038694075 0.13796296296296295
0 0.8712212817412334 0.8560185185185185 0.045949214026602174 0.18981481481481483
0 0.9050785973397824 0.7337962962962963 0.03990326481257558 0.16574074074074074
0 0.9957678355501813 0.28564814814814815 0.007255139056831923 0.14907407407407408
0 0.8409915356711004 0.19768518518518519 0.03143893591293833 0.1287037037037037
0 0.8316203143893591 0.5180555555555556 0.051390568319226115 0.15648148148148147
0 0.7230955259975816 0.6569444444444444 0.041112454655380895 0.1638888888888889
0 0.7645102781136639 0.662962962962963 0.04171704957678356 0.1574074074074074
0 0.43742442563482464 0.39166666666666666 0.03204353083434099 0.12962962962962962
0 0.47158403869407495 0.3990740740740741 0.03385731559854897 0.13703703703703704
0 0.9316807738814994 0.6143518518518518 0.04836759371221282 0.15648148148148147
0 0.6862152357920194 0.40694444444444444 0.03990326481257558 0.14351851851851852
0 0.6457073760580411 0.3888888888888889 0.05441354292623942 0.15185185185185185
0 0.13059250302297462 0.49212962962962964 0.05078597339782346 0.14537037037037037
0 0.11729141475211609 0.5231481481481481 0.05078597339782346 0.1388888888888889
0 0.003325272067714631 0.47314814814814815 0.005441354292623942 0.14814814814814814
0 0.009068923821039904 0.6837962962962963 0.016928657799274487 0.16574074074074074
0 0.02357920193470375 0.6986111111111111 0.044740024183796856 0.15462962962962962
0 0.006045949214026602 0.4263888888888889 0.010882708585247884 0.14351851851851852
0 0.780229746070133 0.5143518518518518 0.044135429262394194 0.14537037037037037
0 0.8836154776299879 0.5425925925925926 0.044135429262394194 0.12962962962962962
0 0.9189842805320435 0.5518518518518518 0.03990326481257558 0.1574074074074074
0 0.840689238210399 0.4583333333333333 0.04171704957678356 0.14074074074074075
0 0.7291414752116082 0.26064814814814813 0.030229746070133012 0.1287037037037037
0 0.9446795646916566 0.5199074074074074 0.044135429262394194 0.15648148148148147
0 0.20042321644498187 0.3490740740740741 0.039298669891172915 0.12962962962962962
0 0.26118500604594924 0.3416666666666667 0.04232164449818621 0.1425925925925926
0 0.23065296251511488 0.32592592592592595 0.03325272067714631 0.13703703703703704
0 0.9528415961305925 0.3296296296296296 0.03506650544135429 0.13148148148148148
0 0.25151148730350664 0.3731481481481482 0.036275695284159616 0.11851851851851852
0 0.5447400241837969 0.36712962962962964 0.03385731559854897 0.14537037037037037
0 0.8730350665054414 0.45787037037037037 0.04232164449818621 0.1398148148148148
0 0.937726723095526 0.3509259259259259 0.03990326481257558 0.14074074074074075
0 0.975211608222491 0.5212962962962963 0.032648125755743655 0.13703703703703704
0 0.8675937122128174 0.512962962962963 0.049576783555018135 0.14814814814814814
0 0.3808948004836759 0.9458333333333333 0.0471584038694075 0.11018518518518519
0 0.9020556227327691 0.6467592592592593 0.03990326481257558 0.15462962962962962
0 0.35066505441354295 0.9745370370370371 0.030229746070133012 0.05277777777777778
0 0.16898428053204353 0.9425925925925925 0.05501813784764208 0.11666666666666667
0 0.23881499395405079 0.8625 0.06529625151148731 0.1638888888888889
0 0.2790205562273277 0.8356481481481481 0.0562273276904474 0.15648148148148147
