0 0.5583434099153567 0.8925925925925926 0.04050785973397823 0.1685185185185185
0 0.5704353083434099 0.9342592592592592 0.042926239419588876 0.13333333333333333
0 0.3893591293833132 0.5597222222222222 0.037484885126964934 0.13425925925925927
0 0.023881499395405077 0.8050925925925926 0.046553808948004836 0.16018518518518518
0 0.32799274486094315 0.3453703703703704 0.046553808948004836 0.13518518518518519
0 0.29443772672309554 0.5740740740740741 0.03990326481257558 0.1648148148148148
0 0.32466747279322855 0.37037037037037035 0.03385731559854897 0.14629629629629629
0 0.16324062877871826 0.4050925925925926 0.044740024183796856 0.14537037037037037
0 0.6324062877871826 0.962037037037037 0.05078597339782346 0.07777777777777778
0 0.6711003627569528 0.9486111111111111 0.04232164449818621 0.10462962962962963
0 0.6166868198307134 0.9486111111111111 0.03990326481257558 0.10277777777777777
0 0.3624546553808948 0.9416666666666667 0.0501813784764208 0.11666666666666667
0 0.7539298669891172 0.7185185185185186 0.04232164449818621 0.1574074074074074
0 0.7947400241837969 0.6925925925925925 0.051390568319226115 0.16296296296296298
0 0.8267835550181378 0.6125 0.051390568319226115 0.15648148148148147
0 0.8669891172914147 0.7407407407407407 0.049576783555018135 0.14814814814814814
0 0.8428053204353083 0.7453703703703703 0.04353083434099154 0.1574074074074074
0 0.8165054413542926 0.8851851851851852 0.04897218863361548 0.1648148148148148
0 0.21009673518742442 0.9824074074074074 0.03083434099153567 0.037037037037037035
0 0.17200725513905682 0.9675925925925926 0.042926239419588876 0.06481481481481481
0 0.8403869407496977 0.3800925925925926 0.037484885126964934 0.13425925925925927
0 0.8642684401451027 0.3773148148148148 0.035671100362756954 0.12685185185185185
0 0.2953446191051995 0.6685185185185185 0.04534461910519952 0.15925925925925927
0 0.3545949214026602 0.6282407407407408 0.046553808948004836 0.16018518518518518
0 0.3766626360338573 0.6546296296296297 0.036275695284159616 0.13148148148148148
0 0.5015114873035067 0.9310185185185185 0.047762998790810154 0.1398148148148148
0 0.8703143893591294 0.8611111111111112 0.05380894800483676 0.1685185185185185
0 0.23397823458282951 0.600462962962963 0.036275695284159616 0.1527777777777778
0 0.23760580411124546 0.5722222222222222 0.03385731559854897 0.14814814814814814
0 0.187726723095526 0.5847222222222223 0.04171704957678356 0.1398148148148148
0 0.19921402660217655 0.5476851851851852 0.044135429262394194 0.14537037037037037
0 0.16626360338573157 0.5601851851851852 0.044740024183796856 0.15
0 0.03355501813784764 0.7620370370370371 0.05501813784764208 0.16296296296296298
0 0.37968561064087064 0.2449074074074074 0.03143893591293833 0.13240740740740742
0 0.40507859733978235 0.25046296296296294 0.03143893591293833 0.13240740740740742
0 0.020556227327690448 0.7217592592592592 0.03143893591293833 0.1287037037037037
0 0.7128174123337364 0.9611111111111111 0.044740024183796856 0.07777777777777778
0 0.7122128174123338 0.399537037037037 0.03990326481257558 0.1287037037037037
0 0.7506045949214026 0.4115740740740741 0.039298669891172915 0.13425925925925927
0 0.2669286577992745 0.39351851851851855 0.034461910519951636 0.1425925925925926
0 0.24667472793228537 0.4060185185185185 0.03506650544135429 0.1398148148148148
0 0.9337968561064087 0.7064814814814815 0.03688029020556227 0.13518518518518519
0 0.3080411124546554 0.9722222222222222 0.04171704957678356 0.05740740740740741
0 0.5256952841596131 0.49074074074074076 0.039298669891172915 0.14074074074074075
0 0.3180169286577993 0.7861111111111111 0.045949214026602174 0.16296296296296298
0 0.9177750906892382 0.7398148148148148 0.03990326481257558 0.14444444444444443
0 0.8893591293833132 0.7379629629629629 0.03506650544135429 0.11851851851851852
0 0.5680169286577993 0.4847222222222222 0.04050785973397823 0.15462962962962962
0 0.34975816203143895 0.4930555555555556 0.0380894800483676 0.125
0 0.28960096735187424 0.5342592592592592 0.044740024183796856 0.14814814814814814
0 0.4752116082224909 0.45185185185185184 0.02781136638452237 0.13518518518518519
0 0.3597339782345828 0.7171296296296297 0.036275695284159616 0.15833333333333333
0 0.37908101571946795 0.749537037037037 0.044740024183796856 0.16944444444444445
0 0.4322853688029021 0.8060185185185185 0.05441354292623942 0.17685185185185184
0 0.5117896009673518 0.8212962962962963 0.051390568319226115 0.15925925925925927
0 0.4996977025392987 0.7875 0.03688029020556227 0.14166666666666666
0 0.4371221281741233 0.749537037037037 0.045949214026602174 0.14907407407407408
0 0.6783555018137848 0.7319444444444444 0.045949214026602174 0.15092592592592594
0 0.3863361547762999 0.4597222222222222 0.03506650544135429 0.11203703703703703
0 0.4649334945586457 0.5504629629629629 0.03506650544135429 0.1361111111111111
0 0.45133010882708585 0.5125 0.04534461910519952 0.10648148148148148
0 0.4622128174123337 0.42407407407407405 0.03325272067714631 0.1425925925925926
0 0.5030229746070133 0.4527777777777778 0.03869407496977025 0.1425925925925926
0 0.18288996372430472 0.7907407407407407 0.051390568319226115 0.1648148148148148
0 0.43500604594921405 0.44166666666666665 0.028415961305925032 0.12407407407407407
0 0.5120918984280532 0.6148148148148148 0.037484885126964934 0.12407407407407407
0 0.5278113663845224 0.22546296296296298 0.03506650544135429 0.10092592592592593
0 0.5063482466747279 0.20277777777777778 0.039298669891172915 0.13518518518518519
0 0.7853688029020556 0.45046296296296295 0.049576783555018135 0.14907407407407408
0 0.7357920193470375 0.2916666666666667 0.04836759371221282 0.12777777777777777
0 0.813180169286578 0.4699074074074074 0.032648125755743655 0.1175925925925926
0 0.5380894800483675 0.9652777777777778 0.03990326481257558 0.06944444444444445
0 0.7394195888754534 0.2564814814814815 0.03506650544135429 0.12962962962962962
0 0.6227327690447401 0.25925925925925924 0.03385731559854897 0.1259259259259259
0 0.6499395405078597 0.2791666666666667 0.03385731559854897 0.13796296296296295
0 0.7085852478839177 0.2462962962962963 0.036275695284159616 0.11851851851851852
0 0.6375453446191052 0.3300925925925926 0.034461910519951636 0.13796296296296295
0 0.5776904474002419 0.3388888888888889 0.039298669891172915 0.13703703703703704
0 0.8165054413542926 0.15416666666666667 0.04171704957678356 0.13425925925925927
0 0.6629383313180169 0.38287037037037036 0.0501813784764208 0.14907407407407408
0 0.6735187424425635 0.41805555555555557 0.03990326481257558 0.13240740740740742
0 0.8295042321644498 0.500462962962963 0.03869407496977025 0.1398148148148148
0 0.6974002418379686 0.5157407407407407 0.046553808948004836 0.15185185185185185
0 0.6665659008464329 0.5467592592592593 0.046553808948004836 0.14907407407407408
0 0.7185610640870617 0.5587962962962963 0.042926239419588876 0.14537037037037037
0 0.5955259975816203 0.412962962962963 0.03506650544135429 0.13703703703703704
0 0.5731559854897219 0.4273148148148148 0.03385731559854897 0.13240740740740742
0 0.5640870616686819 0.26990740740740743 0.037484885126964934 0.14351851851851852
0 0.5414147521160823 0.26944444444444443 0.02720677146311971 0.12037037037037036
0 0.7953446191051995 0.5282407407407408 0.044135429262394194 0.16018518518518518
0 0.5453446191051995 0.5555555555555556 0.044740024183796856 0.1388888888888889
0 0.5795042321644498 0.5893518518518519 0.035671100362756954 0.15462962962962962
0 0.6457073760580411 0.5740740740740741 0.045949214026602174 0.1574074074074074
0 0.3216444981862152 0.2810185185185185 0.036275695284159616 0.12685185185185185
0 0.22309552599758162 0.3824074074074074 0.036275695284159616 0.13703703703703704
0 0.5256952841596131 0.3347222222222222 0.04171704957678356 0.14351851851851852
0 0.4912333736396614 0.28425925925925927 0.0380894800483676 0.13703703703703704
0 0.29474002418379686 0.2726851851851852 0.034461910519951636 0.1287037037037037
0 0.03899637243047158 0.41435185185185186 0.04171704957678356 0.14907407407407408
0 0.07285368802902055 0.44166666666666665 0.046553808948004836 0.1425925925925926
0 0.3954050785973398 0.9254629629629629 0.053204353083434096 0.14722222222222223
0 0.7968561064087062 0.7592592592592593 0.04232164449818621 0.16111111111111112
0 0.963422007255139 0.47129629629629627 0.04171704957678356 0.13518518518518519
0 0.9359129383313181 0.5115740740740741 0.04232164449818621 0.14537037037037037
0 0.020253929866989116 0.2671296296296296 0.039298669891172915 0.14351851851851852
0 0.10519951632406288 0.2375 0.04232164449818621 0.13425925925925927
0 0.10157194679564692 0.26481481481481484 0.036275695284159616 0.12962962962962962
0 0.23337363966142685 0.2064814814814815 0.037484885126964934 0.1259259259259259
0 0.2781136638452237 0.17777777777777778 0.03385731559854897 0.11296296296296296
0 0.09008464328899637 0.1884259259259259 0.03385731559854897 0.14722222222222223
0 0.011185006045949214 0.1763888888888889 0.021160822249093107 0.15648148148148147
0 0.07920193470374849 0.3976851851851852 0.04232164449818621 0.16574074074074074
0 0.7965538089480049 0.1685185185185185 0.03325272067714631 0.12407407407407407
0 0.748186215235792 0.14953703703703702 0.03204353083434099 0.13425925925925927
0 0.6874244256348246 0.11296296296296296 0.02902055622732769 0.13148148148148148
0 0.13724304715840388 0.5333333333333333 0.037484885126964934 0.15925925925925927
0 0.02599758162031439 0.5092592592592593 0.041112454655380895 0.15925925925925927
0 0.006952841596130592 0.4976851851851852 0.012696493349455865 0.1527777777777778
0 0.713422007255139 0.42453703703703705 0.037484885126964934 0.14351851851851852
0 0.6907496977025392 0.46435185185185185 0.04534461910519952 0.14537037037037037
0 0.09068923821039904 0.5212962962962963 0.04353083434099154 0.1685185185185185
0 0.14631197097944376 0.49398148148148147 0.041112454655380895 0.14907407407407408
0 0.2660217654171705 0.7134259259259259 0.04353083434099154 0.18796296296296297
0 0.2530229746070133 0.7532407407407408 0.04171704957678356 0.1712962962962963
0 0.8636638452237001 0.48333333333333334 0.047762998790810154 0.1685185185185185
0 0.02902055622732769 0.937037037037037 0.05441354292623942 0.12777777777777777
0 0.3001813784764208 0.8814814814814815 0.06952841596130592 0.15
0 0.279322853688029 0.8268518518518518 0.05804111245465538 0.1648148148148148
0 0.9900241837968561 0.36712962962962964 0.018742442563482467 0.12129629629629629
0 0.9540507859733979 0.3458333333333333 0.036275695284159616 0.15648148148148147
0 0.9700725513905684 0.1763888888888889 0.039298669891172915 0.14166666666666666
0 0.9452841596130592 0.17592592592592593 0.03688029020556227 0.13148148148148148
0 0.9691656590084643 0.10277777777777777 0.030229746070133012 0.12222222222222222
0 0.9474002418379686 0.09814814814814815 0.03506650544135429 0.12222222222222222
0 0.8137847642079806 0.2828703703703704 0.03869407496977025 0.14351851851851852
0 0.003022974607013301 0.7157407407407408 0.0048367593712212815 0.13703703703703704
0 0.007255139056831923 0.6532407407407408 0.013301088270858524 0.16203703703703703
0 0.13603385731559856 0.6703703703703704 0.06287787182587666 0.1574074074074074
0 0.016324062877871828 0.2125 0.03143893591293833 0.14537037037037037
0 0.26451027811366384 0.3037037037037037 0.03204353083434099 0.1425925925925926
0 0.6390568319226119 0.40879629629629627 0.037484885126964934 0.13425925925925927
0 0.12424425634824668 0.1986111111111111 0.03204353083434099 0.15092592592592594
0 0.6009673518742442 0.3527777777777778 0.03869407496977025 0.13518518518518519
0 0.6729141475211609 0.33425925925925926 0.03869407496977025 0.13518518518518519
0 0.25 0.2675925925925926 0.03688029020556227 0.14444444444444443
0 0.6085247883917775 0.2986111111111111 0.039298669891172915 0.13425925925925927
0 0.2799274486094317 0.2222222222222222 0.036275695284159616 0.1425925925925926
0 0.6819830713422007 0.23194444444444445 0.04232164449818621 0.14907407407407408
0 0.6680773881499396 0.027777777777777776 0.02902055622732769 0.053703703703703705
0 0.6444981862152358 0.028703703703703703 0.026602176541717048 0.05555555555555555
0 0.6278718258766627 0.01990740740740741 0.01995163240628779 0.03796296296296296
0 0.6553808948004837 0.16064814814814815 0.036275695284159616 0.13796296296296295
0 0.6172914147521161 0.1685185185185185 0.04353083434099154 0.12962962962962962
0 0.5761789600967352 0.09074074074074075 0.03869407496977025 0.12407407407407407
0 0.5483675937122128 0.07777777777777778 0.04232164449818621 0.12962962962962962
0 0.46644498186215233 0.18194444444444444 0.04171704957678356 0.13796296296296295
0 0.4477025392986699 0.04212962962962963 0.02962515114873035 0.0824074074074074
0 0.48428053204353083 0.07083333333333333 0.032648125755743655 0.1175925925925926
0 0.40054413542926237 0.04583333333333333 0.03204353083434099 0.08981481481481482
0 0.35882708585247886 0.038425925925925926 0.03688029020556227 0.075
0 0.10761789600967352 0.1087962962962963 0.032648125755743655 0.12129629629629629
0 0.1928657799274486 0.14722222222222223 0.03385731559854897 0.13703703703703704
0 0.15296251511487305 0.07916666666666666 0.032648125755743655 0.12129629629629629
0 0.1626360338573156 0.10648148148148148 0.03506650544135429 0.12407407407407407
0 0.18742442563482467 0.11990740740740741 0.03385731559854897 0.13240740740740742
0 0.13452237001209189 0.028703703703703703 0.03204353083434099 0.05555555555555555
0 0.17110036275695284 0.032407407407407406 0.03385731559854897 0.06296296296296296
0 0.30652962515114873 0.18425925925925926 0.03990326481257558 0.12407407407407407
0 0.22128174123337363 0.16805555555555557 0.030229746070133012 0.13425925925925927
0 0.24879081015719468 0.16018518518518518 0.03688029020556227 0.13148148148148148
0 0.2478839177750907 0.12546296296296297 0.032648125755743655 0.1175925925925926
0 0.23639661426844014 0.06574074074074074 0.032648125755743655 0.11481481481481481
0 0.3724304715840387 0.22546296296296298 0.03143893591293833 0.13425925925925927
0 0.36275695284159615 0.19814814814814816 0.037484885126964934 0.1388888888888889
0 0.44014510278113667 0.18333333333333332 0.03385731559854897 0.0962962962962963
0 0.4192865779927449 0.15462962962962962 0.028415961305925032 0.12407407407407407
0 0.3975211608222491 0.15601851851851853 0.034461910519951636 0.13240740740740742
0 0.2841596130592503 0.14027777777777778 0.032648125755743655 0.11574074074074074
0 0.3715235792019347 0.1587962962962963 0.02962515114873035 0.11203703703703703
0 0.3672914147521161 0.12777777777777777 0.03204353083434099 0.11296296296296296
0 0.37484885126964934 0.11157407407407408 0.03869407496977025 0.1398148148148148
0 0.33313180169286577 0.17685185185185184 0.03506650544135429 0.12962962962962962
0 0.3464328899637243 0.15694444444444444 0.032648125755743655 0.12685185185185185
0 0.25272067714631197 0.05787037037037037 0.030229746070133012 0.10648148148148148
0 0.12696493349455865 0.08148148148148149 0.03506650544135429 0.14629629629629629
0 0.12515114873035066 0.1050925925925926 0.03506650544135429 0.1287037037037037
0 0.14600967351874244 0.21574074074074073 0.034461910519951636 0.14629629629629629
0 0.5205562273276905 0.062037037037037036 0.03506650544135429 0.12222222222222222
