0 0.5223700120918985 0.8805555555555555 0.04232164449818621 0.17962962962962964
0 0.5229746070133011 0.9157407407407407 0.041112454655380895 0.16111111111111112
0 0.7629987908101572 0.9416666666666667 0.05078597339782346 0.11666666666666667
0 0.40417170495767835 0.5814814814814815 0.04171704957678356 0.14629629629629629
0 0.3954050785973398 0.5962962962962963 0.04232164449818621 0.14629629629629629
0 0.0471584038694075 0.9152777777777777 0.05562273276904474 0.16203703703703703
0 0.7122128174123338 0.6453703703703704 0.04232164449818621 0.15925925925925927
0 0.7058645707376058 0.6787037037037037 0.04897218863361548 0.17037037037037037
0 0.7264207980652962 0.7143518518518519 0.044135429262394194 0.1712962962962963
0 0.9812575574365175 0.9365740740740741 0.03506650544135429 0.12685185185185185
0 0.9359129383313181 0.9333333333333333 0.05078597339782346 0.13333333333333333
0 0.3551995163240629 0.30324074074074076 0.034461910519951636 0.13425925925925927
0 0.28597339782345826 0.33564814814814814 0.037484885126964934 0.13796296296296295
0 0.38391777509068925 0.3101851851851852 0.03990326481257558 0.13518518518518519
0 0.41293833131801694 0.3226851851851852 0.036275695284159616 0.1398148148148148
0 0.30683192261185005 0.35 0.04171704957678356 0.14814814814814814
0 0.6417775090689238 0.950462962962963 0.06106408706166868 0.09907407407407408
0 0.6771463119709794 0.9550925925925926 0.03990326481257558 0.09166666666666666
0 0.626360338573156 0.9449074074074074 0.03990326481257558 0.10648148148148148
0 0.9331922611850061 0.9550925925925926 0.06106408706166868 0.09166666666666666
0 0.9921402660217654 0.9685185185185186 0.014510278113663845 0.06481481481481481
0 0.8171100362756953 0.7611111111111111 0.039298669891172915 0.1537037037037037
0 0.8869407496977025 0.7819444444444444 0.05078597339782346 0.16574074074074074
0 0.8264812575574365 0.7194444444444444 0.032648125755743655 0.11296296296296296
0 0.8591293833131801 0.7143518518518519 0.03869407496977025 0.13796296296296295
0 0.036275695284159616 0.29583333333333334 0.037484885126964934 0.13425925925925927
0 0.05894800483675937 0.33194444444444443 0.04171704957678356 0.13240740740740742
0 0.8548972188633616 0.24583333333333332 0.037484885126964934 0.13240740740740742
0 0.8836154776299879 0.2337962962962963 0.03325272067714631 0.12685185185185185
0 0.23337363966142685 0.2875 0.03385731559854897 0.12129629629629629
0 0.11577992744860943 0.35 0.042926239419588876 0.14629629629629629
0 0.2959492140266022 0.2865740740740741 0.034461910519951636 0.12314814814814815
0 0.562273276904474 0.37546296296296294 0.03869407496977025 0.16203703703703703
0 0.3056227327690447 0.23981481481481481 0.03204353083434099 0.1259259259259259
0 0.38422007255139057 0.3523148148148148 0.044135429262394194 0.13796296296296295
0 0.6188029020556227 0.2935185185185185 0.03688029020556227 0.13148148148148148
0 0.6481257557436517 0.2740740740740741 0.04353083434099154 0.13518518518518519
0 0.6934703748488513 0.26990740740740743 0.03869407496977025 0.13425925925925927
0 0.7738814993954051 0.25324074074074077 0.03506650544135429 0.1175925925925926
0 0.7654171704957679 0.27175925925925926 0.037484885126964934 0.1287037037037037
0 0.7917170495767836 0.42268518518518516 0.044135429262394194 0.14166666666666666
0 0.9597944377267231 0.43333333333333335 0.03688029020556227 0.1425925925925926
0 0.9428657799274486 0.4625 0.03688029020556227 0.14351851851851852
0 0.9854897218863361 0.4699074074074074 0.02781136638452237 0.15092592592592594
0 0.9316807738814994 0.5782407407407407 0.04353083434099154 0.16574074074074074
0 0.8966142684401451 0.5787037037037037 0.04353083434099154 0.16296296296296298
0 0.8035066505441354 0.5995370370370371 0.03143893591293833 0.10462962962962963
0 0.8331318016928658 0.5740740740740741 0.037484885126964934 0.13518518518518519
0 0.8530834340991535 0.5768518518518518 0.030229746070133012 0.11296296296296296
0 0.8358524788391778 0.6518518518518519 0.058645707376058044 0.15185185185185185
0 0.9812575574365175 0.649074074074074 0.036275695284159616 0.16296296296296298
0 0.9380290205562273 0.6958333333333333 0.051390568319226115 0.16203703703703703
0 0.9328899637243047 0.7861111111111111 0.049576783555018135 0.1648148148148148
0 0.6372430471584039 0.5652777777777778 0.04232164449818621 0.15462962962962962
0 0.6638452237001209 0.5796296296296296 0.03990326481257558 0.1574074074074074
0 0.8358524788391778 0.4625 0.02962515114873035 0.12685185185185185
0 0.8155985489721886 0.4638888888888889 0.03990326481257558 0.13518518518518519
0 0.6605199516324063 0.6347222222222222 0.044135429262394194 0.15648148148148147
0 0.6284764207980653 0.6393518518518518 0.0380894800483676 0.15833333333333333
0 0.717049576783555 0.5666666666666667 0.032648125755743655 0.11481481481481481
0 0.7321644498186215 0.5726851851851852 0.03506650544135429 0.11203703703703703
0 0.7590689238210399 0.5615740740740741 0.04171704957678356 0.15462962962962962
0 0.8485489721886336 0.3912037037037037 0.035671100362756954 0.13240740740740742
0 0.8651753325272068 0.3819444444444444 0.036275695284159616 0.12314814814814815
0 0.8071342200725514 0.9004629629629629 0.05441354292623942 0.175
0 0.08071342200725513 0.5472222222222223 0.044135429262394194 0.1537037037037037
0 0.1215235792019347 0.5319444444444444 0.044740024183796856 0.14907407407407408
0 0.12182587666263603 0.6592592592592592 0.046553808948004836 0.1685185185185185
0 0.07255139056831923 0.6712962962962963 0.05078597339782346 0.1537037037037037
0 0.3001813784764208 0.9546296296296296 0.04897218863361548 0.08888888888888889
0 0.008162031438935914 0.26157407407407407 0.015114873035066506 0.13055555555555556
0 0.030229746070133012 0.27175925925925926 0.037484885126964934 0.12129629629629629
0 0.06922611850060459 0.9453703703703704 0.0562273276904474 0.10925925925925926
0 0.3004836759371221 0.6805555555555556 0.04232164449818621 0.1685185185185185
0 0.34461910519951633 0.6439814814814815 0.044740024183796856 0.16018518518518518
0 0.3854292623941959 0.6726851851851852 0.05380894800483676 0.15092592592592594
0 0.18440145102781136 0.40879629629629627 0.04232164449818621 0.13240740740740742
0 0.42503022974607013 0.8870370370370371 0.045949214026602174 0.17407407407407408
0 0.8192261185006046 0.40555555555555556 0.044740024183796856 0.14074074074074075
0 0.25725513905683195 0.29212962962962963 0.03688029020556227 0.14351851851851852
0 0.08827085852478839 0.350462962962963 0.03990326481257558 0.13240740740740742
0 0.19105199516324062 0.375 0.0471584038694075 0.1648148148148148
0 0.23760580411124546 0.612037037037037 0.04232164449818621 0.1574074074074074
0 0.23548972188633616 0.5833333333333334 0.03688029020556227 0.14629629629629629
0 0.19347037484885127 0.6101851851851852 0.044740024183796856 0.14629629629629629
0 0.20737605804111245 0.5615740740740741 0.041112454655380895 0.15092592592592594
0 0.17472793228536881 0.575925925925926 0.0471584038694075 0.1574074074074074
0 0.3585247883917775 0.6217592592592592 0.03990326481257558 0.15462962962962962
0 0.3875453446191052 0.26296296296296295 0.03143893591293833 0.12962962962962962
0 0.40900846432889965 0.2652777777777778 0.034461910519951636 0.12685185185185185
0 0.39600967351874244 0.6240740740740741 0.04232164449818621 0.14814814814814814
0 0.7158403869407497 0.9675925925925926 0.049576783555018135 0.06666666666666667
0 0.7152357920193471 0.4023148148148148 0.041112454655380895 0.1175925925925926
0 0.7633010882708585 0.40694444444444444 0.04171704957678356 0.13425925925925927
0 0.2750906892382104 0.4 0.044740024183796856 0.13703703703703704
0 0.250906892382104 0.41388888888888886 0.037484885126964934 0.14074074074074075
0 0.6656590084643289 0.5305555555555556 0.03385731559854897 0.1259259259259259
0 0.25211608222490933 0.9856481481481482 0.03869407496977025 0.030555555555555555
0 0.4440749697702539 0.9222222222222223 0.051390568319226115 0.1574074074074074
0 0.33706166868198306 0.9481481481481482 0.044135429262394194 0.10555555555555556
0 0.5368802902055623 0.6092592592592593 0.044740024183796856 0.1574074074074074
0 0.32376058041112454 0.8018518518518518 0.051390568319226115 0.15925925925925927
0 0.599758162031439 0.5430555555555555 0.03990326481257558 0.13240740740740742
0 0.5734582829504232 0.5611111111111111 0.03083434099153567 0.10925925925925926
0 0.5432285368802902 0.6388888888888888 0.04171704957678356 0.15185185185185185
0 0.3926844014510278 0.9393518518518519 0.05380894800483676 0.12314814814814815
0 0.3533857315598549 0.5055555555555555 0.0380894800483676 0.13518518518518519
0 0.3134824667472793 0.4597222222222222 0.035671100362756954 0.15092592592592594
0 0.25332527206771466 0.6800925925925926 0.044740024183796856 0.16574074074074074
0 0.3808948004836759 0.7962962962962963 0.0471584038694075 0.16296296296296298
0 0.3975211608222491 0.7671296296296296 0.046553808948004836 0.17314814814814813
0 0.3564087061668682 0.7592592592592593 0.04050785973397823 0.17037037037037037
0 0.4619105199516324 0.7648148148148148 0.044740024183796856 0.14814814814814814
0 0.6750302297460702 0.7333333333333333 0.04897218863361548 0.14444444444444443
0 0.38724304715840385 0.47685185185185186 0.034461910519951636 0.10925925925925926
0 0.46372430471584036 0.562962962962963 0.03869407496977025 0.1388888888888889
0 0.4576783555018138 0.5365740740740741 0.04836759371221282 0.13796296296296295
0 0.27690447400241835 0.825462962962963 0.04232164449818621 0.16018518518518518
0 0.039600967351874246 0.9768518518518519 0.03688029020556227 0.04814814814814815
0 0.468863361547763 0.43703703703703706 0.03204353083434099 0.14814814814814814
0 0.49818621523579204 0.42268518518518516 0.037484885126964934 0.14537037037037037
0 0.4879081015719468 0.6541666666666667 0.03869407496977025 0.16018518518518518
0 0.44135429262394194 0.44583333333333336 0.032648125755743655 0.11574074074074074
0 0.4915356711003628 0.4837962962962963 0.032648125755743655 0.1175925925925926
0 0.2028415961305925 0.8967592592592593 0.05380894800483676 0.18981481481481483
0 0.5510882708585247 0.9819444444444444 0.03325272067714631 0.03611111111111111
0 0.4906287787182588 0.9569444444444445 0.04171704957678356 0.08796296296296297
0 0.5822249093107618 0.7050925925925926 0.032648125755743655 0.10833333333333334
0 0.5773881499395405 0.6481481481481481 0.03990326481257558 0.14074074074074075
0 0.9455864570737605 0.040740740740740744 0.045949214026602174 0.07962962962962963
0 0.9286577992744861 0.024074074074074074 0.03143893591293833 0.046296296296296294
0 0.9712817412333736 0.04814814814814815 0.02720677146311971 0.09259259259259259
0 0.9873035066505441 0.2212962962962963 0.022974607013301087 0.11481481481481481
0 0.8893591293833132 0.23703703703703705 0.02781136638452237 0.09259259259259259
0 0.9090084643288996 0.18101851851851852 0.0380894800483676 0.1175925925925926
0 0.9005441354292624 0.2013888888888889 0.0380894800483676 0.1175925925925926
0 0.9827690447400241 0.2601851851851852 0.03325272067714631 0.1425925925925926
0 0.8760580411124547 0.28888888888888886 0.04232164449818621 0.14074074074074075
0 0.9365175332527207 0.2865740740740741 0.04232164449818621 0.14351851851851852
0 0.9649334945586457 0.2912037037037037 0.037484885126964934 0.13425925925925927
0 0.902962515114873 0.36018518518518516 0.04171704957678356 0.14629629629629629
0 0.9362152357920194 0.36712962962962964 0.044135429262394194 0.15092592592592594
0 0.8174123337363967 0.2972222222222222 0.037484885126964934 0.1425925925925926
0 0.903869407496977 0.38657407407407407 0.044740024183796856 0.13796296296296295
0 0.870918984280532 0.6222222222222222 0.051390568319226115 0.15925925925925927
0 0.6995163240628779 0.02638888888888889 0.02902055622732769 0.05092592592592592
0 0.748186215235792 0.03564814814814815 0.02962515114873035 0.06944444444444445
0 0.7696493349455864 0.03935185185185185 0.032648125755743655 0.07685185185185185
0 0.6726118500604595 0.024537037037037038 0.02720677146311971 0.04722222222222222
0 0.6372430471584039 0.04861111111111111 0.030229746070133012 0.09537037037037037
0 0.6103385731559855 0.05185185185185185 0.03325272067714631 0.1
0 0.626360338573156 0.10046296296296296 0.02902055622732769 0.11574074074074074
0 0.5918984280532044 0.0787037037037037 0.036275695284159616 0.12777777777777777
0 0.5662031438935913 0.09351851851851851 0.02720677146311971 0.11481481481481481
0 0.5918984280532044 0.1125 0.03385731559854897 0.11388888888888889
0 0.5643893591293833 0.046296296296296294 0.02962515114873035 0.09074074074074075
0 0.5350665054413543 0.05324074074074074 0.030229746070133012 0.09907407407407408
0 0.68863361547763 0.15694444444444444 0.04232164449818621 0.12314814814814815
0 0.6756348246674728 0.21481481481481482 0.03688029020556227 0.11481481481481481
0 0.6780532043530835 0.24444444444444444 0.034461910519951636 0.13518518518518519
0 0.7451632406287787 0.1986111111111111 0.0380894800483676 0.13796296296296295
0 0.46130592503022977 0.037037037037037035 0.032648125755743655 0.07222222222222222
0 0.5108827085852479 0.06620370370370371 0.030229746070133012 0.11944444444444445
0 0.3941958887545345 0.021296296296296296 0.02781136638452237 0.040740740740740744
0 0.43440145102781136 0.03333333333333333 0.02720677146311971 0.06481481481481481
0 0.37182587666263606 0.03518518518518519 0.037484885126964934 0.06851851851851852
0 0.4876058041112455 0.0763888888888889 0.03325272067714631 0.1287037037037037
0 0.5108827085852479 0.09490740740740741 0.03143893591293833 0.12314814814814815
0 0.6175937122128174 0.3824074074074074 0.04897218863361548 0.13518518518518519
0 0.7376058041112454 0.274537037037037 0.037484885126964934 0.13425925925925927
0 0.1444981862152358 0.4601851851851852 0.049576783555018135 0.14074074074074075
0 0.04564691656590085 0.49583333333333335 0.044135429262394194 0.15092592592592594
0 0.06318016928657799 0.03333333333333333 0.03204353083434099 0.06481481481481481
0 0.1686819830713422 0.05138888888888889 0.03385731559854897 0.10092592592592593
0 0.2330713422007255 0.03657407407407407 0.03204353083434099 0.0712962962962963
0 0.25634824667472794 0.05555555555555555 0.03506650544135429 0.10925925925925926
0 0.1989117291414752 0.05138888888888889 0.032648125755743655 0.10092592592592593
0 0.1296856106408706 0.058333333333333334 0.034461910519951636 0.11481481481481481
0 0.22611850060459493 0.08796296296296297 0.03990326481257558 0.12407407407407407
0 0.2620918984280532 0.08287037037037037 0.03688029020556227 0.12129629629629629
0 0.3174123337363966 0.07777777777777778 0.03506650544135429 0.1259259259259259
0 0.4625151148730351 0.2125 0.03385731559854897 0.12685185185185185
0 0.26541717049576785 0.11296296296296296 0.032648125755743655 0.11851851851851852
0 0.2841596130592503 0.12083333333333333 0.032648125755743655 0.12685185185185185
0 0.35761789600967353 0.13703703703703704 0.034461910519951636 0.12962962962962962
0 0.3292019347037485 0.12916666666666668 0.035671100362756954 0.1287037037037037
0 0.33706166868198306 0.16574074074074074 0.03325272067714631 0.12407407407407407
0 0.29020556227327693 0.17777777777777778 0.036275695284159616 0.12037037037037036
0 0.4667472793228537 0.17083333333333334 0.032648125755743655 0.1287037037037037
0 0.524788391777509 0.225 0.03990326481257558 0.12407407407407407
0 0.5444377267230955 0.2708333333333333 0.03688029020556227 0.14722222222222223
0 0.5133010882708585 0.2722222222222222 0.037484885126964934 0.13518518518518519
0 0.26481257557436516 0.25324074074074077 0.030229746070133012 0.12129629629629629
0 0.250906892382104 0.22453703703703703 0.03506650544135429 0.13240740740740742
0 0.1717049576783555 0.19490740740740742 0.041112454655380895 0.12314814814814815
0 0.15175332527206772 0.18194444444444444 0.037484885126964934 0.12129629629629629
0 0.1738210399032648 0.15787037037037038 0.03688029020556227 0.12314814814814815
0 0.9570737605804112 0.25925925925925924 0.03869407496977025 0.13518518518518519
0 0.6420798065296252 0.08703703703703704 0.036275695284159616 0.14814814814814814
