0 0.004262574595055414 0.9852272727272727 0.0068201193520886615 0.031818181818181815
0 0.8060528559249787 0.8715909090909091 0.04688832054560955 0.14772727272727273
0 0.14791133844842286 0.5488636363636363 0.041773231031543054 0.1159090909090909
0 0.7306052855924978 0.5795454545454546 0.03410059676044331 0.11818181818181818
0 0.15899403239556692 0.5079545454545454 0.03665814151747655 0.11136363636363636
0 0.06947996589940324 0.48125 0.03665814151747655 0.11477272727272728
0 0.03495311167945439 0.4778409090909091 0.042625745950554135 0.1215909090909091
0 0.5379369138959932 0.6005681818181818 0.03751065643648764 0.13295454545454546
0 0.2885763000852515 0.42102272727272727 0.03324808184143223 0.11022727272727273
0 0.0076726342710997444 0.3443181818181818 0.013640238704177323 0.10681818181818181
0 0.04475703324808184 0.33181818181818185 0.03495311167945439 0.10681818181818181
0 0.22421142369991476 0.34375 0.03580562659846547 0.11477272727272728
0 0.2868712702472293 0.33579545454545456 0.03836317135549872 0.11477272727272728
0 0.3209718670076726 0.34261363636363634 0.03665814151747655 0.10113636363636364
0 0.3137254901960784 0.38920454545454547 0.03751065643648764 0.11022727272727273
0 0.4411764705882353 0.5017045454545455 0.03324808184143223 0.12386363636363637
0 0.4812446717817562 0.49261363636363636 0.03324808184143223 0.11931818181818182
0 0.5136402387041773 0.3721590909090909 0.03665814151747655 0.11022727272727273
0 0.32608695652173914 0.275 0.029838022165387893 0.09772727272727273
0 0.4539641943734015 0.3034090909090909 0.03324808184143223 0.11136363636363636
0 0.4083546462063086 0.29772727272727273 0.028985507246376812 0.10681818181818181
0 0.293691389599318 0.14545454545454545 0.026427962489343565 0.08409090909090909
0 0.8465473145780051 0.18806818181818183 0.027280477408354646 0.08522727272727272
0 0.809462915601023 0.17727272727272728 0.03154305200341006 0.09545454545454546
0 0.8699914748508099 0.19602272727272727 0.028132992327365727 0.09659090909090909
0 0.8341858482523444 0.32329545454545455 0.03324808184143223 0.10340909090909091
0 0.8069053708439897 0.33125 0.03154305200341006 0.08295454545454546
0 0.566069906223359 0.14261363636363636 0.03580562659846547 0.10340909090909091
0 0.8307757885763001 0.39602272727272725 0.028132992327365727 0.10113636363636364
0 0.8222506393861893 0.5585227272727272 0.043478260869565216 0.1215909090909091
0 0.9266837169650469 0.9528409090909091 0.057971014492753624 0.09431818181818181
0 0.9855072463768116 0.9494318181818182 0.028985507246376812 0.09659090909090909
0 0.8516624040920716 0.977840909090909 0.03751065643648764 0.04431818181818182
0 0.7945439045183291 0.9767045454545454 0.04092071611253197 0.04659090909090909
0 0.5187553282182438 0.7869318181818182 0.041773231031543054 0.1375
0 0.17306052855924978 0.5477272727272727 0.03751065643648764 0.12045454545454545
0 0.3495311167945439 0.4636363636363636 0.03239556692242114 0.11136363636363636
0 0.8158567774936062 0.7397727272727272 0.04774083546462063 0.1340909090909091
0 0.5630861040068201 0.7698863636363636 0.045183290707587385 0.14431818181818182
0 0.391304347826087 0.6102272727272727 0.03580562659846547 0.1318181818181818
0 0.7527706734867861 0.5517045454545455 0.02557544757033248 0.11704545454545455
0 0.7702472293265132 0.5522727272727272 0.029838022165387893 0.09772727272727273
0 0.7953964194373402 0.5477272727272727 0.028985507246376812 0.1340909090909091
0 0.7693947144075022 0.4943181818181818 0.03836317135549872 0.12954545454545455
0 0.8738277919863597 0.5085227272727273 0.03410059676044331 0.1215909090909091
0 0.8060528559249787 0.3977272727272727 0.03154305200341006 0.10681818181818181
0 0.7625745950554135 0.325 0.03324808184143223 0.10681818181818181
0 0.7864450127877238 0.33125 0.03324808184143223 0.09886363636363636
0 0.9501278772378516 0.07045454545454545 0.03665814151747655 0.09318181818181819
0 0.9390451832907076 0.055113636363636365 0.028132992327365727 0.09204545454545454
0 0.8213981244671782 0.08409090909090909 0.0247229326513214 0.08863636363636364
0 0.329923273657289 0.1494318181818182 0.023870417732310314 0.09886363636363636
0 0.31287297527706737 0.15568181818181817 0.023870417732310314 0.08409090909090909
0 0.2259164535379369 0.09488636363636363 0.023870417732310314 0.0875
0 0.2531969309462916 0.0971590909090909 0.023870417732310314 0.08068181818181819
0 0.2804774083546462 0.08011363636363636 0.020460358056265986 0.08522727272727272
0 0.396845694799659 0.11988636363636364 0.0247229326513214 0.09431818181818181
0 0.4134697357203751 0.12897727272727272 0.02557544757033248 0.07613636363636364
0 0.4437340153452685 0.17727272727272728 0.029838022165387893 0.09772727272727273
0 0.4339300937766411 0.15511363636363637 0.02557544757033248 0.08295454545454546
0 0.4731457800511509 0.15397727272727274 0.03239556692242114 0.0875
0 0.5132139812446718 0.15681818181818183 0.0392156862745098 0.09772727272727273
0 0.4595055413469736 0.13693181818181818 0.02557544757033248 0.08068181818181819
0 0.43307757885763 0.09772727272727273 0.028985507246376812 0.07727272727272727
0 0.4752770673486786 0.08011363636363636 0.0247229326513214 0.09204545454545454
0 0.4876385336743393 0.05965909090909091 0.023870417732310314 0.08068181818181819
0 0.47144075021312876 0.06420454545454546 0.02557544757033248 0.08295454545454546
0 0.2804774083546462 0.06306818181818181 0.02557544757033248 0.08068181818181819
0 0.3052003410059676 0.07329545454545454 0.023870417732310314 0.08068181818181819
0 0.3103154305200341 0.09090909090909091 0.023870417732310314 0.075
0 0.32438192668371696 0.08977272727272727 0.0247229326513214 0.0659090909090909
0 0.3192668371696505 0.06647727272727273 0.021312872975277068 0.060227272727272727
0 0.36231884057971014 0.07670454545454546 0.027280477408354646 0.08068181818181819
0 0.5200341005967605 0.07102272727272728 0.02557544757033248 0.08295454545454546
0 0.526001705029838 0.03977272727272727 0.02557544757033248 0.075
0 0.5532821824381927 0.038636363636363635 0.02557544757033248 0.075
0 0.4279624893435635 0.05625 0.02557544757033248 0.07386363636363637
0 0.4497016197783461 0.02784090909090909 0.0247229326513214 0.053409090909090906
0 0.437766410912191 0.029545454545454545 0.0196078431372549 0.056818181818181816
0 0.5694799658994032 0.07897727272727273 0.03239556692242114 0.07840909090909091
0 0.13597612958226768 0.9852272727272727 0.03836317135549872 0.029545454545454545
0 0.34825234441602726 0.08920454545454545 0.0247229326513214 0.06477272727272727
0 0.3205456095481671 0.4653409090909091 0.042625745950554135 0.11477272727272728
0 0.6564364876385337 0.8744318181818181 0.05285592497868713 0.14204545454545456
0 0.5115089514066496 0.93125 0.05115089514066496 0.1375
0 0.6206308610400681 0.790340909090909 0.04603580562659847 0.14886363636363636
0 0.6445012787723785 0.9448863636363637 0.05285592497868713 0.1125
0 0.566069906223359 0.9221590909090909 0.05115089514066496 0.15795454545454546
0 0.6005967604433078 0.9539772727272727 0.041773231031543054 0.09204545454545454
0 0.309462915601023 0.925 0.059676044330775786 0.15227272727272728
0 0.355924978687127 0.9318181818181818 0.045183290707587385 0.13636363636363635
0 0.6892583120204604 0.9329545454545455 0.05200341005967604 0.1318181818181818
0 0.3495311167945439 0.8607954545454546 0.04603580562659847 0.1215909090909091
0 0.46547314578005117 0.7045454545454546 0.04603580562659847 0.14772727272727273
0 0.005115089514066497 0.5232954545454546 0.008525149190110827 0.1375
0 0.0814151747655584 0.37329545454545454 0.041773231031543054 0.10340909090909091
0 0.7131287297527706 0.4948863636363636 0.03665814151747655 0.11477272727272728
0 0.034526854219948847 0.7232954545454545 0.05029838022165388 0.14659090909090908
0 0.2693947144075021 0.5227272727272727 0.03751065643648764 0.1159090909090909
0 0.30051150895140666 0.5147727272727273 0.03324808184143223 0.12045454545454545
0 0.3614663256606991 0.5261363636363636 0.04092071611253197 0.12272727272727273
0 0.06990622335890878 0.875 0.05285592497868713 0.1409090909090909
0 0.5213128729752771 0.69375 0.045183290707587385 0.13295454545454546
0 0.12404092071611253 0.28295454545454546 0.03324808184143223 0.10454545454545454
0 0.3678601875532822 0.5772727272727273 0.03836317135549872 0.10681818181818181
0 0.3853367433930094 0.41761363636363635 0.03751065643648764 0.11477272727272728
0 0.1517476555839727 0.2948863636363636 0.028985507246376812 0.10113636363636364
0 0.06990622335890878 0.7329545454545454 0.0392156862745098 0.12045454545454545
0 0.1010230179028133 0.8693181818181818 0.05029838022165388 0.17045454545454544
0 0.8832054560954816 0.7443181818181818 0.05456095481670929 0.1409090909090909
0 0.10272804774083547 0.3721590909090909 0.03324808184143223 0.09659090909090909
0 0.3256606990622336 0.44772727272727275 0.03239556692242114 0.11136363636363636
0 0.17178175618073316 0.98125 0.03836317135549872 0.03977272727272727
0 0.345694799658994 0.5681818181818182 0.03836317135549872 0.1340909090909091
0 0.3776641091219096 0.12556818181818183 0.020460358056265986 0.0875
0 0.4484228473998295 0.05795454545454545 0.02216538789428815 0.08181818181818182
0 0.4774083546462063 0.028977272727272727 0.023870417732310314 0.05568181818181818
