0 0.5205562273276905 0.0625 0.03869407496977025 0.12314814814814815
0 0.18742442563482467 0.043055555555555555 0.044740024183796856 0.08425925925925926
0 0.5873639661426844 0.026851851851851852 0.02962515114873035 0.05185185185185185
0 0.5589480048367593 0.02175925925925926 0.034461910519951636 0.041666666666666664
0 0.3561064087061669 0.018055555555555554 0.037484885126964934 0.03425925925925926
0 0.37575574365175335 0.01990740740740741 0.03688029020556227 0.03796296296296296
0 0.7212817412333736 0.06111111111111111 0.037484885126964934 0.12037037037037036
0 0.6239419588875453 0.050462962962962966 0.037484885126964934 0.09907407407407408
0 0.6810761789600968 0.05324074074074074 0.03688029020556227 0.10462962962962963
0 0.9431680773881499 0.04722222222222222 0.03869407496977025 0.09259259259259259
0 0.9764207980652962 0.05925925925925926 0.037484885126964934 0.11296296296296296
0 0.11668681983071343 0.9717592592592592 0.03990326481257558 0.058333333333333334
0 0.16626360338573157 0.9625 0.05199516324062878 0.075
0 0.02176541717049577 0.5930555555555556 0.04232164449818621 0.15462962962962962
0 0.09371221281741234 0.5884259259259259 0.04836759371221282 0.14537037037037037
0 0.0973397823458283 0.5569444444444445 0.037484885126964934 0.13796296296296295
0 0.16535671100362756 0.5606481481481481 0.04897218863361548 0.14166666666666666
0 0.19044740024183796 0.5203703703703704 0.04836759371221282 0.14074074074074075
0 0.15145102781136638 0.5083333333333333 0.0380894800483676 0.13518518518518519
0 0.02267230955259976 0.25 0.044135429262394194 0.14074074074074075
0 0.0562273276904474 0.2263888888888889 0.037484885126964934 0.10462962962962963
0 0.06257557436517533 0.1550925925925926 0.04171704957678356 0.13796296296296295
0 0.0994558645707376 0.15694444444444444 0.035671100362756954 0.13240740740740742
0 0.13935912938331319 0.07222222222222222 0.034461910519951636 0.13148148148148148
0 0.1635429262394196 0.08009259259259259 0.044135429262394194 0.1398148148148148
0 0.0752720677146312 0.39490740740740743 0.05259975816203144 0.14907407407407408
0 0.06287787182587666 0.37962962962962965 0.03990326481257558 0.14629629629629629
0 0.6674727932285369 0.4412037037037037 0.04836759371221282 0.17685185185185184
0 0.42956469165659006 0.22083333333333333 0.034461910519951636 0.13240740740740742
0 0.4198911729141475 0.21157407407407408 0.034461910519951636 0.13240740740740742
0 0.39207980652962515 0.23055555555555557 0.03688029020556227 0.14074074074074075
0 0.23941958887545345 0.25092592592592594 0.03990326481257558 0.13518518518518519
0 0.21523579201934703 0.2337962962962963 0.04232164449818621 0.13796296296296295
0 0.30290205562273276 0.21574074074074073 0.03385731559854897 0.1259259259259259
0 0.32436517533252723 0.21898148148148147 0.04171704957678356 0.14351851851851852
0 0.37001209189842804 0.12222222222222222 0.036275695284159616 0.1259259259259259
0 0.3863361547762999 0.2828703703703704 0.03143893591293833 0.11574074074074074
0 0.39600967351874244 0.1736111111111111 0.036275695284159616 0.13425925925925927
0 0.4452841596130592 0.27037037037037037 0.046553808948004836 0.1574074074074074
0 0.41686819830713423 0.13935185185185187 0.039298669891172915 0.12314814814814815
0 0.5232769044740024 0.19907407407407407 0.03688029020556227 0.1425925925925926
0 0.42140266021765416 0.10601851851851851 0.03385731559854897 0.1175925925925926
0 0.44014510278113667 0.11481481481481481 0.032648125755743655 0.12407407407407407
0 0.6686819830713422 0.36527777777777776 0.05441354292623942 0.13240740740740742
0 0.6194074969770254 0.34120370370370373 0.051390568319226115 0.16203703703703703
0 0.6568923821039904 0.2972222222222222 0.044135429262394194 0.16111111111111112
0 0.6750302297460702 0.25601851851851853 0.044135429262394194 0.16018518518518518
0 0.7037484885126964 0.2833333333333333 0.044740024183796856 0.15925925925925927
0 0.5483675937122128 0.07407407407407407 0.037484885126964934 0.11851851851851852
0 0.6907496977025392 0.06574074074074074 0.03204353083434099 0.09444444444444444
0 0.6856106408706167 0.11574074074074074 0.030229746070133012 0.12037037037037036
0 0.873639661426844 0.38657407407407407 0.045949214026602174 0.13240740740740742
0 0.9467956469165659 0.41898148148148145 0.04232164449818621 0.1398148148148148
0 0.9773276904474002 0.43194444444444446 0.03204353083434099 0.13425925925925927
0 0.9694679564691656 0.39351851851851855 0.02720677146311971 0.11296296296296296
0 0.8990326481257558 0.3638888888888889 0.05562273276904474 0.14629629629629629
0 0.9510278113663845 0.36666666666666664 0.05441354292623942 0.16296296296296298
0 0.8666868198307134 0.3375 0.05380894800483676 0.13796296296296295
0 0.9860943168077388 0.3625 0.026602176541717048 0.14537037037037037
0 0.9851874244256348 0.14351851851851852 0.02720677146311971 0.08518518518518518
0 0.9700725513905684 0.11388888888888889 0.03688029020556227 0.12037037037037036
0 0.9486094316807738 0.3282407407407407 0.037484885126964934 0.13240740740740742
0 0.9135429262394196 0.324537037037037 0.03990326481257558 0.13055555555555556
0 0.9658403869407497 0.2791666666666667 0.039298669891172915 0.13240740740740742
0 0.970677146311971 0.30833333333333335 0.034461910519951636 0.12407407407407407
0 0.9767230955259976 0.2611111111111111 0.03688029020556227 0.12962962962962962
0 0.039298669891172915 0.13287037037037036 0.03869407496977025 0.1175925925925926
0 0.21251511487303507 0.1439814814814815 0.03688029020556227 0.13796296296296295
0 0.3050181378476421 0.2824074074074074 0.044135429262394194 0.14814814814814814
0 0.7648125755743652 0.13425925925925927 0.032648125755743655 0.12037037037037036
0 0.9510278113663845 0.21666666666666667 0.030229746070133012 0.1111111111111111
0 0.7892986698911729 0.25092592592592594 0.046553808948004836 0.1574074074074074
0 0.9171704957678356 0.23194444444444445 0.03385731559854897 0.1175925925925926
0 0.6505441354292624 0.05740740740740741 0.030229746070133012 0.10555555555555556
0 0.8258766626360339 0.287962962962963 0.044740024183796856 0.14629629629629629
0 0.7611850060459492 0.2569444444444444 0.03143893591293833 0.10462962962962963
0 0.9443772672309553 0.2490740740740741 0.03990326481257558 0.14629629629629629
0 0.7001209189842805 0.45925925925925926 0.0471584038694075 0.14629629629629629
0 0.7321644498186215 0.45231481481481484 0.03506650544135429 0.13796296296296295
0 0.808645707376058 0.48194444444444445 0.04171704957678356 0.1398148148148148
0 0.8376662636033857 0.40694444444444444 0.05259975816203144 0.18425925925925926
0 0.7886940749697703 0.5717592592592593 0.047762998790810154 0.16203703703703703
0 0.3152962515114873 0.7208333333333333 0.05259975816203144 0.1787037037037037
0 0.7874848851269649 0.5333333333333333 0.04897218863361548 0.14074074074074075
0 0.8234582829504232 0.5388888888888889 0.0471584038694075 0.17962962962962964
0 0.6109431680773881 0.7180555555555556 0.051390568319226115 0.15462962962962962
0 0.8954050785973398 0.5013888888888889 0.04232164449818621 0.14907407407407408
0 0.9099153567110037 0.45092592592592595 0.037484885126964934 0.14629629629629629
0 0.5486698911729141 0.9439814814814815 0.06106408706166868 0.11018518518518519
0 0.7451632406287787 0.5449074074074074 0.044135429262394194 0.14907407407407408
0 0.7418379685610641 0.350462962962963 0.03990326481257558 0.12129629629629629
0 0.7799274486094316 0.34953703703703703 0.04232164449818621 0.13796296296296295
0 0.6045949214026602 0.825462962962963 0.044740024183796856 0.17314814814814813
0 0.8376662636033857 0.6314814814814815 0.051390568319226115 0.17037037037037037
0 0.9649334945586457 0.5027777777777778 0.0471584038694075 0.17037037037037037
0 0.8083434099153567 0.6986111111111111 0.04836759371221282 0.1527777777777778
0 0.9328899637243047 0.7097222222222223 0.03990326481257558 0.15462962962962962
0 0.017533252720677146 0.6402777777777777 0.03385731559854897 0.16203703703703703
0 0.3174123337363966 0.5254629629629629 0.04232164449818621 0.14351851851851852
0 0.2932285368802902 0.3402777777777778 0.04232164449818621 0.13796296296296295
0 0.2850665054413543 0.35648148148148145 0.034461910519951636 0.14074074074074075
0 0.5937122128174124 0.9388888888888889 0.05199516324062878 0.12407407407407407
0 0.9244256348246674 0.6416666666666667 0.05199516324062878 0.16296296296296298
0 0.7738814993954051 0.6958333333333333 0.045949214026602174 0.16574074074074074
0 0.973397823458283 0.5814814814814815 0.041112454655380895 0.1537037037037037
0 0.8022974607013301 0.7912037037037037 0.0471584038694075 0.17685185185185184
0 0.8981257557436517 0.6972222222222222 0.058645707376058044 0.17777777777777778
0 0.7980652962515115 0.6273148148148148 0.0592503022974607 0.17685185185185184
0 0.5483675937122128 0.48564814814814816 0.030229746070133012 0.12685185185185185
0 0.5610640870616687 0.8981481481481481 0.05441354292623942 0.16111111111111112
0 0.873639661426844 0.4875 0.044740024183796856 0.14537037037037037
0 0.44347037484885127 0.9398148148148148 0.05380894800483676 0.12037037037037036
0 0.5151148730350665 0.7833333333333333 0.045949214026602174 0.17962962962962964
0 0.4607013301088271 0.8361111111111111 0.0471584038694075 0.16296296296296298
0 0.5798065296251511 0.5782407407407407 0.03990326481257558 0.16018518518518518
0 0.6112454655380894 0.5935185185185186 0.044740024183796856 0.15185185185185185
0 0.3524788391777509 0.7583333333333333 0.045949214026602174 0.16666666666666666
0 0.435912938331318 0.5712962962962963 0.03385731559854897 0.14074074074074075
0 0.47944377267230953 0.5601851851851852 0.03990326481257558 0.14814814814814814
0 0.5855501813784765 0.49907407407407406 0.04050785973397823 0.13703703703703704
0 0.5513905683192262 0.5041666666666667 0.030229746070133012 0.11018518518518519
0 0.6082224909310762 0.5648148148148148 0.04232164449818621 0.15185185185185185
0 0.5272067714631197 0.8282407407407407 0.04232164449818621 0.19166666666666668
0 0.36577992744860943 0.4375 0.04232164449818621 0.13796296296296295
0 0.651148730350665 0.9319444444444445 0.04836759371221282 0.13425925925925927
0 0.6925634824667473 0.9384259259259259 0.05380894800483676 0.12314814814814815
0 0.5054413542926239 0.5717592592592593 0.044740024183796856 0.16018518518518518
0 0.3893591293833132 0.34074074074074073 0.04232164449818621 0.15185185185185185
0 0.5006045949214026 0.39490740740740743 0.032648125755743655 0.13240740740740742
0 0.6753325272067715 0.7967592592592593 0.030229746070133012 0.13240740740740742
0 0.657496977025393 0.8106481481481481 0.046553808948004836 0.1712962962962963
0 0.4882103990326481 0.8791666666666667 0.0562273276904474 0.1712962962962963
0 0.42926239419588874 0.913425925925926 0.03869407496977025 0.15833333333333333
0 0.4035671100362757 0.6967592592592593 0.03688029020556227 0.16574074074074074
0 0.406590084643289 0.736574074074074 0.047762998790810154 0.16203703703703703
0 0.4486094316807739 0.7018518518518518 0.04353083434099154 0.1574074074074074
0 0.3851269649334946 0.7041666666666667 0.037484885126964934 0.1675925925925926
0 0.8639661426844014 0.7236111111111111 0.0471584038694075 0.15462962962962962
0 0.8542926239419589 0.7935185185185185 0.06166868198307134 0.17962962962962964
0 0.9622128174123338 0.6430555555555556 0.046553808948004836 0.15092592592592594
0 0.8827085852478839 0.4527777777777778 0.036275695284159616 0.13703703703703704
0 0.343409915356711 0.10555555555555556 0.037484885126964934 0.14074074074074075
0 0.9044740024183797 0.8476851851851852 0.06650544135429262 0.16203703703703703
0 0.9591898428053204 0.8379629629629629 0.05501813784764208 0.17037037037037037
0 0.3137847642079806 0.06805555555555555 0.032648125755743655 0.11574074074074074
0 0.020253929866989116 0.8699074074074075 0.039298669891172915 0.1824074074074074
0 0.2932285368802902 0.09953703703703703 0.032648125755743655 0.13240740740740742
0 0.9032648125755743 0.7717592592592593 0.05078597339782346 0.16574074074074074
0 0.876360338573156 0.5310185185185186 0.046553808948004836 0.15648148148148147
0 0.5740628778718259 0.6541666666666667 0.0562273276904474 0.14537037037037037
0 0.5507859733978234 0.6217592592592592 0.041112454655380895 0.1712962962962963
0 0.597037484885127 0.6263888888888889 0.039298669891172915 0.15462962962962962
0 0.7043530834340992 0.6574074074074074 0.05199516324062878 0.14814814814814814
0 0.27327690447400244 0.43148148148148147 0.036275695284159616 0.14074074074074075
0 0.5256952841596131 0.5111111111111111 0.034461910519951636 0.13518518518518519
0 0.47551390568319224 0.5282407407407408 0.04171704957678356 0.16018518518518518
0 0.5021160822249093 0.4930555555555556 0.03688029020556227 0.14351851851851852
0 0.4150544135429262 0.3337962962962963 0.03688029020556227 0.13796296296296295
0 0.41717049576783555 0.3597222222222222 0.03990326481257558 0.14351851851851852
0 0.4800483675937122 0.3662037037037037 0.030229746070133012 0.14351851851851852
0 0.5211608222490931 0.3736111111111111 0.032648125755743655 0.14907407407407408
0 0.4446795646916566 0.5166666666666667 0.04171704957678356 0.15185185185185185
0 0.3192261185006046 0.10833333333333334 0.03506650544135429 0.11666666666666667
0 0.30350665054413545 0.5087962962962963 0.044740024183796856 0.15092592592592594
0 0.4616082224909311 0.4125 0.03688029020556227 0.12129629629629629
0 0.4782345828295042 0.4060185185185185 0.030229746070133012 0.11574074074074074
0 0.718863361547763 0.8101851851851852 0.0471584038694075 0.18518518518518517
0 0.7769044740024184 0.05277777777777778 0.037484885126964934 0.1037037037037037
0 0.005743651753325272 0.16018518518518518 0.010278113663845224 0.12407407407407407
