0 0.36015625 0.21342592592592594 0.028645833333333332 0.11574074074074074
0 0.5385416666666667 0.39537037037037037 0.040625 0.17777777777777778
0 0.4005208333333333 0.2523148148148148 0.028125 0.12314814814814815
0 0.42473958333333334 0.3365740740740741 0.033854166666666664 0.15648148148148147
0 0.39947916666666666 0.32592592592592595 0.035416666666666666 0.16296296296296298
0 0.11432291666666666 0.5212962962962963 0.04010416666666667 0.18703703703703703
0 0.5877604166666667 0.31342592592592594 0.0296875 0.1398148148148148
0 0.3770833333333333 0.325 0.028125 0.1425925925925926
0 0.209375 0.8856481481481482 0.09479166666666666 0.22685185185185186
0 0.18723958333333332 0.8976851851851851 0.06822916666666666 0.20462962962962963
0 0.14583333333333334 0.8694444444444445 0.08125 0.26296296296296295
0 0.3611979166666667 0.8337962962962963 0.05677083333333333 0.30092592592592593
0 0.18229166666666666 0.5726851851851852 0.07291666666666667 0.2361111111111111
0 0.19453125 0.5398148148148149 0.06510416666666667 0.23703703703703705
0 0.25755208333333335 0.6675925925925926 0.0546875 0.2388888888888889
0 0.31223958333333335 0.5777777777777777 0.05677083333333333 0.22407407407407406
0 0.35598958333333336 0.5680555555555555 0.044270833333333336 0.19907407407407407
0 0.36744791666666665 0.6171296296296296 0.0421875 0.17685185185185184
0 0.371875 0.5148148148148148 0.042708333333333334 0.23148148148148148
0 0.40598958333333335 0.5527777777777778 0.03802083333333333 0.15
0 0.6111979166666667 0.45185185185185184 0.04739583333333333 0.1962962962962963
0 0.775 0.44675925925925924 0.04375 0.19166666666666668
0 0.3307291666666667 0.41574074074074074 0.04479166666666667 0.17592592592592593
0 0.3640625 0.41759259259259257 0.04479166666666667 0.1814814814814815
0 0.39036458333333335 0.4083333333333333 0.03802083333333333 0.15555555555555556
0 0.43854166666666666 0.41759259259259257 0.040625 0.14814814814814814
0 0.4947916666666667 0.3819444444444444 0.040625 0.1675925925925926
0 0.07473958333333333 0.6421296296296296 0.0609375 0.25833333333333336
0 0.31354166666666666 0.3861111111111111 0.035416666666666666 0.15925925925925927
0 0.6020833333333333 0.3527777777777778 0.03854166666666667 0.1537037037037037
0 0.5671875 0.31296296296296294 0.03333333333333333 0.15555555555555556
0 0.5432291666666667 0.2967592592592593 0.034375 0.125
0 0.5059895833333333 0.3388888888888889 0.03177083333333333 0.14814814814814814
0 0.5072916666666667 0.29768518518518516 0.030208333333333334 0.12314814814814815
0 0.48411458333333335 0.3384259259259259 0.0359375 0.16203703703703703
0 0.44947916666666665 0.31527777777777777 0.028125 0.14351851851851852
0 0.45286458333333335 0.23472222222222222 0.027604166666666666 0.1287037037037037
0 0.3953125 0.22824074074074074 0.028125 0.1175925925925926
0 0.40078125 0.21342592592592594 0.025520833333333333 0.11574074074074074
0 0.5278645833333333 0.3824074074074074 0.0328125 0.16296296296296298
