0 0.09713541666666667 0.3958333333333333 0.0390625 0.19537037037037036
0 0.6052083333333333 0.2111111111111111 0.030208333333333334 0.11851851851851852
0 0.18359375 0.538425925925926 0.0484375 0.24351851851851852
0 0.26145833333333335 0.5537037037037037 0.06979166666666667 0.2388888888888889
0 0.24010416666666667 0.4810185185185185 0.046875 0.23425925925925925
0 0.34739583333333335 0.49212962962962964 0.06145833333333333 0.2564814814814815
0 0.40963541666666664 0.36064814814814816 0.0390625 0.18981481481481483
0 0.31536458333333334 0.3685185185185185 0.044270833333333336 0.2074074074074074
0 0.45703125 0.38842592592592595 0.04010416666666667 0.19722222222222222
0 0.38359375 0.42083333333333334 0.06302083333333333 0.2324074074074074
0 0.43385416666666665 0.4337962962962963 0.046875 0.21388888888888888
0 0.878125 0.4162037037037037 0.05520833333333333 0.18981481481481483
0 0.47734375 0.4 0.04635416666666667 0.20185185185185187
0 0.46875 0.36435185185185187 0.05625 0.20092592592592592
0 0.428125 0.3175925925925926 0.04375 0.17962962962962964
0 0.7903645833333334 0.3435185185185185 0.044270833333333336 0.18333333333333332
0 0.7515625 0.39814814814814814 0.053125 0.20185185185185187
0 0.8390625 0.35648148148148145 0.05625 0.21481481481481482
0 0.7296875 0.29953703703703705 0.042708333333333334 0.18796296296296297
0 0.6372395833333333 0.3476851851851852 0.0453125 0.18796296296296297
0 0.7916666666666666 0.4212962962962963 0.07291666666666667 0.22592592592592592
0 0.26197916666666665 0.2773148148148148 0.040625 0.16574074074074074
0 0.4817708333333333 0.24351851851851852 0.034375 0.14814814814814814
0 0.49947916666666664 0.25462962962962965 0.03229166666666667 0.12962962962962962
0 0.4713541666666667 0.24166666666666667 0.028125 0.09259259259259259
0 0.5067708333333333 0.21481481481481482 0.03333333333333333 0.1425925925925926
0 0.353125 0.2490740740740741 0.041666666666666664 0.1685185185185185
0 0.4036458333333333 0.21574074074074073 0.030208333333333334 0.14074074074074075
0 0.5484375 0.09305555555555556 0.022916666666666665 0.10462962962962963
0 0.4317708333333333 0.12129629629629629 0.03125 0.12037037037037036
0 0.4078125 0.12777777777777777 0.025 0.12962962962962962
0 0.3880208333333333 0.31712962962962965 0.040625 0.18611111111111112
0 0.36796875 0.1476851851851852 0.03177083333333333 0.17685185185185184
0 0.47760416666666666 0.15231481481481482 0.03125 0.13240740740740742
0 0.42291666666666666 0.16111111111111112 0.026041666666666668 0.11296296296296296
0 0.39739583333333334 0.1587962962962963 0.036458333333333336 0.13240740740740742
0 0.33307291666666666 0.10185185185185185 0.021354166666666667 0.08703703703703704
0 0.39166666666666666 0.09953703703703703 0.026041666666666668 0.1287037037037037
