0 0.9174479166666667 0.9597222222222223 0.0703125 0.0787037037037037
0 0.15729166666666666 0.7703703703703704 0.07291666666666667 0.29074074074074074
0 0.3216145833333333 0.7921296296296296 0.050520833333333334 0.25092592592592594
0 0.2674479166666667 0.7555555555555555 0.07135416666666666 0.28703703703703703
0 0.20807291666666666 0.725462962962963 0.06302083333333333 0.27314814814814814
0 0.665625 0.7324074074074074 0.07395833333333333 0.2574074074074074
0 0.60078125 0.7314814814814815 0.05677083333333333 0.27037037037037037
0 0.34765625 0.6078703703703704 0.050520833333333334 0.22685185185185186
0 0.21822916666666667 0.6013888888888889 0.04791666666666667 0.1935185185185185
0 0.7322916666666667 0.48333333333333334 0.05625 0.19074074074074074
0 0.26953125 0.5810185185185185 0.050520833333333334 0.20462962962962963
0 0.5075520833333333 0.45601851851851855 0.04010416666666667 0.1935185185185185
0 0.12994791666666666 0.7185185185185186 0.06510416666666667 0.2851851851851852
0 0.8549479166666667 0.5212962962962963 0.0578125 0.19074074074074074
0 0.478125 0.48564814814814816 0.03333333333333333 0.16574074074074074
0 0.6955729166666667 0.5046296296296297 0.0609375 0.21296296296296297
0 0.821875 0.537962962962963 0.065625 0.2037037037037037
0 0.63828125 0.513425925925926 0.050520833333333334 0.1824074074074074
0 0.48489583333333336 0.3763888888888889 0.036458333333333336 0.16203703703703703
0 0.3359375 0.3851851851851852 0.03333333333333333 0.17222222222222222
0 0.39921875 0.4310185185185185 0.0359375 0.13425925925925927
0 0.4296875 0.34120370370370373 0.029166666666666667 0.13425925925925927
0 0.58828125 0.5148148148148148 0.04635416666666667 0.21851851851851853
0 0.5098958333333333 0.5162037037037037 0.04479166666666667 0.21203703703703702
0 0.5122395833333333 0.5717592592592593 0.0484375 0.20462962962962963
0 0.39036458333333335 0.5703703703703704 0.05260416666666667 0.22037037037037038
0 0.31979166666666664 0.5597222222222222 0.057291666666666664 0.2175925925925926
0 0.2908854166666667 0.5351851851851852 0.04635416666666667 0.21666666666666667
0 0.33880208333333334 0.48842592592592593 0.03177083333333333 0.17685185185185184
0 0.38177083333333334 0.48564814814814816 0.042708333333333334 0.18796296296296297
0 0.5380208333333333 0.4787037037037037 0.034375 0.17592592592592593
0 0.3223958333333333 0.45925925925925926 0.03958333333333333 0.1648148148148148
0 0.16328125 0.42268518518518516 0.0421875 0.17685185185185184
0 0.43333333333333335 0.4375 0.035416666666666666 0.16574074074074074
0 0.5598958333333334 0.4773148148148148 0.036458333333333336 0.18796296296296297
0 0.48125 0.4310185185185185 0.040625 0.15092592592592594
0 0.41875 0.3912037037037037 0.03854166666666667 0.16574074074074074
0 0.4466145833333333 0.38935185185185184 0.033854166666666664 0.1527777777777778
0 0.39739583333333334 0.36203703703703705 0.034375 0.16111111111111112
0 0.45026041666666666 0.3597222222222222 0.027604166666666666 0.13240740740740742
0 0.3893229166666667 0.3958333333333333 0.0265625 0.14907407407407408
0 0.3640625 0.38657407407407407 0.035416666666666666 0.15462962962962962
0 0.12083333333333333 0.5532407407407407 0.035416666666666666 0.1935185185185185
0 0.47578125 0.35833333333333334 0.03177083333333333 0.15925925925925927
0 0.5059895833333333 0.3537037037037037 0.03177083333333333 0.13703703703703704
0 0.30442708333333335 0.37916666666666665 0.027604166666666666 0.14351851851851852
0 0.3619791666666667 0.3421296296296296 0.029166666666666667 0.13425925925925927
0 0.17135416666666667 0.5930555555555556 0.0625 0.23796296296296296
0 0.3776041666666667 0.2773148148148148 0.035416666666666666 0.13240740740740742
0 0.28020833333333334 0.4111111111111111 0.034375 0.1685185185185185
0 0.26328125 0.41898148148148145 0.0421875 0.16574074074074074
0 0.5533854166666666 0.3541666666666667 0.0296875 0.13796296296296295
0 0.5002604166666667 0.3416666666666667 0.0296875 0.14629629629629629
0 0.4546875 0.2726851851851852 0.03333333333333333 0.12129629629629629
0 0.4791666666666667 0.27314814814814814 0.030208333333333334 0.10925925925925926
0 0.58671875 0.35694444444444445 0.033854166666666664 0.16203703703703703
0 0.35911458333333335 0.2564814814814815 0.024479166666666666 0.10925925925925926
0 0.421875 0.23935185185185184 0.023958333333333335 0.10462962962962963
0 0.48489583333333336 0.3 0.023958333333333335 0.08703703703703704
0 0.7830729166666667 0.3648148148148148 0.0296875 0.1685185185185185
0 0.5080729166666667 0.25972222222222224 0.025520833333333333 0.10092592592592593
0 0.5388020833333333 0.35324074074074074 0.033854166666666664 0.12129629629629629
