0 0.4740024183796856 0.2861111111111111 0.037484885126964934 0.14074074074074075
0 0.5006045949214026 0.26481481481481484 0.03385731559854897 0.12407407407407407
0 0.5976420798065296 0.7680555555555556 0.04897218863361548 0.15092592592592594
0 0.5465538089480049 0.7773148148148148 0.05441354292623942 0.15833333333333333
0 0.5386940749697703 0.36712962962962964 0.04836759371221282 0.14537037037037037
0 0.5728536880290206 0.4356481481481482 0.04171704957678356 0.14907407407407408
0 0.9220072551390568 0.8601851851851852 0.0471584038694075 0.16666666666666666
0 0.8845223700120919 0.8569444444444444 0.05078597339782346 0.18055555555555555
0 0.8361547762998791 0.8537037037037037 0.04232164449818621 0.14074074074074075
0 0.8972188633615478 0.41388888888888886 0.04353083434099154 0.1574074074074074
0 0.6136638452237001 0.412962962962963 0.032648125755743655 0.12962962962962962
0 0.9461910519951633 0.4925925925925926 0.0471584038694075 0.1574074074074074
0 0.9764207980652962 0.4324074074074074 0.03506650544135429 0.13518518518518519
0 0.5371825876662636 0.26944444444444443 0.04171704957678356 0.14814814814814814
0 0.4610036275695284 0.1912037037037037 0.04171704957678356 0.15462962962962962
0 0.6100362756952842 0.44351851851851853 0.03869407496977025 0.1574074074074074
0 0.6444981862152358 0.4393518518518518 0.03385731559854897 0.13796296296296295
0 0.6112454655380894 0.46944444444444444 0.04232164449818621 0.14629629629629629
0 0.6605199516324063 0.35 0.04171704957678356 0.14074074074074075
0 0.8013905683192262 0.7898148148148149 0.06348246674727932 0.18703703703703703
0 0.7152357920193471 0.5287037037037037 0.045949214026602174 0.1685185185185185
0 0.6683796856106409 0.5481481481481482 0.047762998790810154 0.17962962962962964
0 0.6704957678355502 0.44305555555555554 0.037484885126964934 0.15092592592592594
0 0.7645102781136639 0.8087962962962963 0.044135429262394194 0.14907407407407408
0 0.5450423216444982 0.47129629629629627 0.044135429262394194 0.15185185185185185
0 0.713422007255139 0.4828703703703704 0.044740024183796856 0.15648148148148147
0 0.5012091898428053 0.20462962962962963 0.04353083434099154 0.14814814814814814
0 0.6889359129383313 0.3287037037037037 0.046553808948004836 0.1574074074074074
0 0.7690447400241838 0.4726851851851852 0.049576783555018135 0.16574074074074074
0 0.9655380894800484 0.774074074074074 0.044740024183796856 0.1685185185185185
0 0.9362152357920194 0.7768518518518519 0.051390568319226115 0.18518518518518517
0 0.7998790810157195 0.5421296296296296 0.041112454655380895 0.15648148148148147
0 0.7998790810157195 0.48009259259259257 0.03869407496977025 0.13425925925925927
0 0.6759371221281741 0.47638888888888886 0.03990326481257558 0.14351851851851852
0 0.963422007255139 0.4625 0.044135429262394194 0.15462962962962962
0 0.9334945586457074 0.5430555555555555 0.044740024183796856 0.14351851851851852
0 0.9334945586457074 0.4583333333333333 0.04232164449818621 0.14629629629629629
0 0.8422007255139057 0.4652777777777778 0.0471584038694075 0.14907407407407408
0 0.8382708585247884 0.5430555555555555 0.046553808948004836 0.16574074074074074
0 0.6910519951632407 0.4023148148148148 0.04232164449818621 0.14351851851851852
0 0.9758162031438936 0.7314814814814815 0.04353083434099154 0.15925925925925927
0 0.5172309552599759 0.37916666666666665 0.02962515114873035 0.10648148148148148
0 0.5804111245465539 0.3125 0.037484885126964934 0.1398148148148148
0 0.9685610640870617 0.5268518518518519 0.032648125755743655 0.10185185185185185
0 0.18319226118500603 0.2689814814814815 0.03990326481257558 0.09907407407407408
0 0.5782950423216445 0.4648148148148148 0.04171704957678356 0.1685185185185185
0 0.5408101571946796 0.41712962962962963 0.03204353083434099 0.11944444444444445
0 0.6402660217654171 0.32592592592592595 0.03506650544135429 0.13518518518518519
0 0.09008464328899637 0.7416666666666667 0.04836759371221282 0.17037037037037037
0 0.07134220072551391 0.712037037037037 0.06650544135429262 0.1574074074074074
0 0.005743651753325272 0.16203703703703703 0.010278113663845224 0.13703703703703704
0 0.036275695284159616 0.37453703703703706 0.041112454655380895 0.14537037037037037
0 0.06862152357920194 0.36944444444444446 0.04050785973397823 0.15185185185185185
0 0.009371221281741234 0.12361111111111112 0.017533252720677146 0.13425925925925927
0 0.05804111245465538 0.1398148148148148 0.03990326481257558 0.12962962962962962
0 0.16414752116082226 0.23564814814814813 0.04171704957678356 0.12314814814814815
0 0.22823458282950423 0.19537037037037036 0.044135429262394194 0.1259259259259259
0 0.08252720677146312 0.2037037037037037 0.039298669891172915 0.12222222222222222
0 0.09854897218863362 0.14722222222222223 0.036275695284159616 0.12037037037037036
0 0.18288996372430472 0.08796296296296297 0.044135429262394194 0.13148148148148148
0 0.1185006045949214 0.1986111111111111 0.04232164449818621 0.13240740740740742
0 0.15900846432889965 0.06666666666666667 0.032648125755743655 0.12962962962962962
0 0.03688029020556227 0.4759259259259259 0.045949214026602174 0.1537037037037037
0 0.2633010882708585 0.09814814814814815 0.04171704957678356 0.14629629629629629
0 0.26541717049576785 0.14444444444444443 0.03869407496977025 0.13518518518518519
0 0.29957678355501816 0.10925925925925926 0.03688029020556227 0.13518518518518519
0 0.4247279322853688 0.20833333333333334 0.034461910519951636 0.13518518518518519
0 0.4449818621523579 0.05324074074074074 0.03990326481257558 0.10462962962962963
0 0.3914752116082225 0.1287037037037037 0.03688029020556227 0.12962962962962962
0 0.5087666263603385 0.1361111111111111 0.034461910519951636 0.12962962962962962
0 0.563180169286578 0.1259259259259259 0.039298669891172915 0.13518518518518519
0 0.5568319226118501 0.09583333333333334 0.037484885126964934 0.1287037037037037
0 0.5773881499395405 0.08703703703703704 0.03506650544135429 0.12407407407407407
0 0.46856106408706166 0.1439814814814815 0.03143893591293833 0.13240740740740742
0 0.6157799274486094 0.06666666666666667 0.0380894800483676 0.12962962962962962
0 0.6475211608222491 0.06620370370370371 0.03143893591293833 0.1287037037037037
0 0.49455864570737607 0.1638888888888889 0.03990326481257558 0.13518518518518519
0 0.5084643288996372 0.18888888888888888 0.03990326481257558 0.16296296296296298
0 0.5450423216444982 0.18703703703703703 0.03688029020556227 0.12962962962962962
0 0.5671100362756953 0.2 0.03869407496977025 0.13148148148148148
0 0.5912938331318017 0.2101851851851852 0.03990326481257558 0.14074074074074075
0 0.6441958887545345 0.17824074074074073 0.042926239419588876 0.13425925925925927
0 0.6689842805320435 0.19722222222222222 0.03688029020556227 0.12037037037037036
0 0.6955864570737605 0.20416666666666666 0.039298669891172915 0.13240740740740742
0 0.805925030229746 0.1865740740740741 0.037484885126964934 0.13240740740740742
0 0.6952841596130592 0.2574074074074074 0.037484885126964934 0.1425925925925926
0 0.7345828295042321 0.38935185185185184 0.04232164449818621 0.1398148148148148
0 0.7563482466747279 0.3773148148148148 0.03869407496977025 0.14351851851851852
0 0.7433494558645707 0.3111111111111111 0.034461910519951636 0.1425925925925926
0 0.7983675937122128 0.3486111111111111 0.039298669891172915 0.14351851851851852
0 0.7738814993954051 0.30787037037037035 0.044740024183796856 0.16574074074074074
0 0.9900241837968561 0.1287037037037037 0.018742442563482467 0.13703703703703704
0 0.9631197097944377 0.12361111111111112 0.04232164449818621 0.14351851851851852
0 0.9486094316807738 0.0875 0.03506650544135429 0.12314814814814815
0 0.9295646916565901 0.12546296296296297 0.03204353083434099 0.11018518518518519
0 0.9625151148730351 0.16064814814814815 0.037484885126964934 0.13240740740740742
0 0.8706166868198307 0.4351851851851852 0.03385731559854897 0.14074074074074075
0 0.9685610640870617 0.3490740740740741 0.03990326481257558 0.14814814814814814
0 0.8585247883917775 0.19490740740740742 0.03385731559854897 0.12685185185185185
0 0.8917775090689238 0.2 0.036275695284159616 0.11296296296296296
0 0.969770253929867 0.3013888888888889 0.044740024183796856 0.14351851851851852
0 0.9489117291414753 0.2726851851851852 0.039298669891172915 0.13796296296296295
0 0.9159613059250302 0.27870370370370373 0.04836759371221282 0.1574074074074074
0 0.8706166868198307 0.17175925925925925 0.03869407496977025 0.14351851851851852
0 0.9077992744860943 0.5203703703703704 0.02962515114873035 0.09259259259259259
0 0.9050785973397824 0.049074074074074076 0.03506650544135429 0.0962962962962963
0 0.33615477629987905 0.05138888888888889 0.04232164449818621 0.10092592592592593
0 0.30743651753325274 0.055092592592592596 0.03204353083434099 0.10833333333333334
0 0.8506650544135429 0.15601851851851853 0.030229746070133012 0.11018518518518519
0 0.8409915356711004 0.18703703703703703 0.030229746070133012 0.0962962962962963
0 0.9020556227327691 0.18287037037037038 0.03143893591293833 0.11574074074074074
0 0.9023579201934704 0.1574074074074074 0.03204353083434099 0.11851851851851852
0 0.7629987908101572 0.34814814814814815 0.037484885126964934 0.1425925925925926
0 0.9111245465538089 0.33935185185185185 0.07013301088270858 0.17685185185185184
0 0.5250906892382105 0.04351851851851852 0.042926239419588876 0.08518518518518518
0 0.6009673518742442 0.046296296296296294 0.03506650544135429 0.09074074074074075
0 0.8802902055622733 0.043055555555555555 0.03506650544135429 0.08425925925925926
0 0.9319830713422007 0.03611111111111111 0.034461910519951636 0.07037037037037037
0 0.9622128174123338 0.043055555555555555 0.04171704957678356 0.08425925925925926
0 0.5634824667472793 0.03425925925925926 0.037484885126964934 0.06666666666666667
0 0.5785973397823458 0.038425925925925926 0.03385731559854897 0.075
0 0.10580411124546554 0.03333333333333333 0.03506650544135429 0.06481481481481481
0 0.08222490931076179 0.034722222222222224 0.03506650544135429 0.06759259259259259
0 0.36638452237001207 0.5273148148148148 0.03990326481257558 0.14907407407407408
0 0.09764207980652963 0.4486111111111111 0.04171704957678356 0.14907407407407408
0 0.056831922611850064 0.6291666666666667 0.04232164449818621 0.16203703703703703
0 0.034461910519951636 0.5634259259259259 0.0471584038694075 0.16574074074074074
0 0.0964328899637243 0.6152777777777778 0.046553808948004836 0.16203703703703703
0 0.813180169286578 0.3300925925925926 0.041112454655380895 0.13425925925925927
0 0.8334340991535671 0.32685185185185184 0.034461910519951636 0.12407407407407407
0 0.25332527206771466 0.6407407407407407 0.0471584038694075 0.1685185185185185
0 0.22551390568319227 0.6185185185185185 0.03990326481257558 0.16666666666666666
0 0.35308343409915355 0.6194444444444445 0.03506650544135429 0.14814814814814814
0 0.22551390568319227 0.5523148148148148 0.04232164449818621 0.14907407407407408
0 0.22370012091898428 0.5277777777777778 0.037484885126964934 0.13518518518518519
0 0.1865175332527207 0.5263888888888889 0.04171704957678356 0.1398148148148148
0 0.19165659008464328 0.49166666666666664 0.044740024183796856 0.1425925925925926
0 0.154776299879081 0.5143518518518518 0.03990326481257558 0.14351851851851852
0 0.3645707376058041 0.19907407407407407 0.03385731559854897 0.13148148148148148
0 0.3866384522370012 0.19722222222222222 0.02720677146311971 0.12407407407407407
0 0.27690447400241835 0.4185185185185185 0.04836759371221282 0.1425925925925926
0 0.26874244256348245 0.44027777777777777 0.03688029020556227 0.1398148148148148
0 0.20042321644498187 0.9310185185185185 0.047762998790810154 0.13796296296296295
0 0.3092503022974607 0.750462962962963 0.04171704957678356 0.15462962962962962
0 0.32496977025392987 0.5537037037037037 0.039298669891172915 0.14629629629629629
0 0.3437122128174123 0.6763888888888889 0.039298669891172915 0.15648148148148147
0 0.35066505441354295 0.7101851851851851 0.04232164449818621 0.1648148148148148
0 0.6783555018137848 0.9125 0.05441354292623942 0.17314814814814813
0 0.7418379685610641 0.9333333333333333 0.05078597339782346 0.13518518518518519
0 0.7333736396614269 0.8967592592592593 0.03990326481257558 0.13796296296296295
0 0.4207980652962515 0.7092592592592593 0.05804111245465538 0.14814814814814814
0 0.6230350665054414 0.725 0.05259975816203144 0.14444444444444443
0 0.43923821039903266 0.5074074074074074 0.034461910519951636 0.14074074074074075
0 0.43107617896009676 0.4828703703703704 0.03506650544135429 0.13240740740740742
0 0.2097944377267231 0.25601851851851853 0.04232164449818621 0.14351851851851852
0 0.4204957678355502 0.5601851851851852 0.03688029020556227 0.14814814814814814
0 0.43440145102781136 0.5328703703703703 0.03688029020556227 0.14537037037037037
0 0.23881499395405079 0.5925925925925926 0.037484885126964934 0.14074074074074075
0 0.28657799274486095 0.5731481481481482 0.04232164449818621 0.16296296296296298
0 0.28960096735187424 0.6222222222222222 0.03990326481257558 0.1685185185185185
0 0.3255743651753325 0.3439814814814815 0.03688029020556227 0.13240740740740742
0 0.3053204353083434 0.3814814814814815 0.03869407496977025 0.1425925925925926
0 0.33766626360338575 0.3675925925925926 0.03688029020556227 0.13148148148148148
0 0.3044135429262394 0.34675925925925927 0.03688029020556227 0.15092592592592594
0 0.40538089480048367 0.4356481481481482 0.039298669891172915 0.14351851851851852
0 0.7445586457073761 0.14629629629629629 0.034461910519951636 0.1425925925925926
0 0.714328899637243 0.10231481481481482 0.03204353083434099 0.12314814814814815
0 0.4866989117291415 0.525 0.03385731559854897 0.14074074074074075
0 0.48246674727932287 0.5398148148148149 0.037484885126964934 0.15185185185185185
0 0.6124546553808948 0.899074074074074 0.04836759371221282 0.17777777777777778
0 0.8993349455864571 0.7680555555555556 0.042926239419588876 0.16574074074074074
0 0.24546553808948005 0.35138888888888886 0.037484885126964934 0.14351851851851852
0 0.5450423216444982 0.5634259259259259 0.04897218863361548 0.15462962962962962
0 0.5396009673518742 0.5370370370370371 0.04171704957678356 0.16296296296296298
0 0.2503022974607013 0.37453703703703706 0.032648125755743655 0.12685185185185185
0 0.6599153567110037 0.8689814814814815 0.046553808948004836 0.17314814814814813
