0 0.017050298380221655 0.8323863636363636 0.03239556692242114 0.14886363636363636
0 0.11381074168797954 0.7056818181818182 0.04688832054560955 0.14772727272727273
0 0.07502131287297528 0.6460227272727272 0.0494458653026428 0.14659090909090908
0 0.13554987212276215 0.65 0.05115089514066496 0.14545454545454545
0 0.6930946291560103 0.8204545454545454 0.05456095481670929 0.15454545454545454
0 0.3567774936061381 0.5982954545454545 0.041773231031543054 0.1375
0 0.5345268542199488 0.8272727272727273 0.057971014492753624 0.17045454545454544
0 0.4339300937766411 0.8153409090909091 0.042625745950554135 0.16477272727272727
0 0.28815004262574595 0.3522727272727273 0.0392156862745098 0.1159090909090909
0 0.8734015345268542 0.6045454545454545 0.04688832054560955 0.14772727272727273
0 0.8256606990622336 0.6181818181818182 0.040068201193520885 0.125
0 0.5387894288150042 0.3255681818181818 0.03580562659846547 0.11477272727272728
0 0.8913043478260869 0.76875 0.045183290707587385 0.15568181818181817
0 0.06265984654731457 0.9278409090909091 0.04688832054560955 0.14431818181818182
0 0.8802216538789429 0.9386363636363636 0.04688832054560955 0.12272727272727273
0 0.8294970161977835 0.9704545454545455 0.0443307757885763 0.05227272727272727
0 0.8572037510656436 0.7755681818181818 0.04688832054560955 0.14431818181818182
0 0.7604433077578857 0.5920454545454545 0.042625745950554135 0.1409090909090909
0 0.7958226768968457 0.6022727272727273 0.040068201193520885 0.12727272727272726
0 0.8580562659846548 0.1875 0.040068201193520885 0.10909090909090909
0 0.8265132139812447 0.17784090909090908 0.03495311167945439 0.10795454545454546
0 0.3452685421994885 0.35170454545454544 0.0392156862745098 0.11931818181818182
0 0.32225063938618925 0.36875 0.04603580562659847 0.10113636363636364
0 0.01577152600170503 0.28920454545454544 0.029838022165387893 0.11022727272727273
0 0.11508951406649616 0.2909090909090909 0.03751065643648764 0.10909090909090909
0 0.16624040920716113 0.2539772727272727 0.03239556692242114 0.1125
0 0.3546462063086104 0.30568181818181817 0.03239556692242114 0.10681818181818181
0 0.3742540494458653 0.31931818181818183 0.030690537084398978 0.1
0 0.47271952259164535 0.5920454545454545 0.045183290707587385 0.1431818181818182
0 0.42284739982949704 0.32727272727272727 0.03580562659846547 0.10454545454545454
0 0.45524296675191817 0.33352272727272725 0.0392156862745098 0.10795454545454546
0 0.4518329070758738 0.42670454545454545 0.04092071611253197 0.12386363636363637
0 0.48508098891730606 0.31420454545454546 0.03580562659846547 0.09659090909090909
0 0.4663256606990622 0.2721590909090909 0.03580562659846547 0.10795454545454546
0 0.41048593350383633 0.23522727272727273 0.03324808184143223 0.10681818181818181
0 0.3815004262574595 0.2375 0.03495311167945439 0.09545454545454546
0 0.16666666666666666 0.18693181818181817 0.03324808184143223 0.09886363636363636
0 0.20161977834612105 0.23636363636363636 0.03665814151747655 0.10909090909090909
0 0.2092924126172208 0.26022727272727275 0.03495311167945439 0.10909090909090909
0 0.24893435635123615 0.26420454545454547 0.03410059676044331 0.10340909090909091
0 0.2310315430520034 0.24488636363636362 0.03410059676044331 0.11022727272727273
0 0.27237851662404094 0.2159090909090909 0.041773231031543054 0.1
0 0.4855072463768116 0.2431818181818182 0.040068201193520885 0.11363636363636363
0 0.4288150042625746 0.20454545454545456 0.03751065643648764 0.10909090909090909
0 0.46504688832054564 0.19318181818181818 0.03324808184143223 0.1
0 0.36061381074168797 0.2318181818181818 0.03410059676044331 0.11363636363636363
0 0.44714407502131287 0.14147727272727273 0.03836317135549872 0.09431818181818181
0 0.4296675191815857 0.15738636363636363 0.027280477408354646 0.07840909090909091
0 0.2932651321398124 0.1278409090909091 0.03410059676044331 0.10568181818181818
0 0.5051150895140665 0.35397727272727275 0.03665814151747655 0.12613636363636363
0 0.014066496163682864 0.8960227272727272 0.026427962489343565 0.15113636363636362
0 0.2391304347826087 0.34147727272727274 0.045183290707587385 0.11931818181818182
0 0.47698209718670076 0.39545454545454545 0.03836317135549872 0.11363636363636363
0 0.02514919011082694 0.9261363636363636 0.043478260869565216 0.1409090909090909
0 0.8405797101449275 0.9477272727272728 0.0494458653026428 0.10681818181818181
0 0.2557544757033248 0.9477272727272728 0.05115089514066496 0.10454545454545454
0 0.3111679454390452 0.9386363636363636 0.05115089514066496 0.12045454545454545
0 0.3729752770673487 0.946590909090909 0.04859335038363171 0.10454545454545454
0 0.023017902813299233 0.3085227272727273 0.0392156862745098 0.1125
0 0.25404944586530265 0.725 0.061381074168797956 0.15227272727272728
0 0.06010230179028133 0.3096590909090909 0.03495311167945439 0.11022727272727273
0 0.06010230179028133 0.8420454545454545 0.04859335038363171 0.13636363636363635
0 0.3273657289002558 0.31988636363636364 0.030690537084398978 0.11704545454545455
0 0.8111679454390451 0.6988636363636364 0.05711849957374254 0.1431818181818182
0 0.7928388746803069 0.3528409090909091 0.03751065643648764 0.12840909090909092
0 0.7399829497016198 0.3471590909090909 0.03410059676044331 0.11704545454545455
0 0.7587382779198636 0.3181818181818182 0.04603580562659847 0.11363636363636363
0 0.7178175618073316 0.31363636363636366 0.0392156862745098 0.1159090909090909
0 0.8201193520886616 0.05625 0.03580562659846547 0.09431818181818181
0 0.13853367433930094 0.016477272727272726 0.029838022165387893 0.03068181818181818
0 0.2617220801364024 0.007954545454545454 0.027280477408354646 0.013636363636363636
0 0.1555839727195226 0.008522727272727272 0.026427962489343565 0.014772727272727272
0 0.22122762148337596 0.048295454545454544 0.029838022165387893 0.09431818181818181
0 0.5686274509803921 0.33295454545454545 0.03580562659846547 0.12727272727272726
0 0.24680306905370844 0.05284090909090909 0.029838022165387893 0.09431818181818181
0 0.2813299232736573 0.028977272727272727 0.03239556692242114 0.05568181818181818
0 0.31628303495311166 0.04659090909090909 0.028985507246376812 0.09090909090909091
0 0.37468030690537085 0.16193181818181818 0.029838022165387893 0.10795454545454546
0 0.34441602728047743 0.04943181818181818 0.027280477408354646 0.0875
0 0.3793691389599318 0.07784090909090909 0.03239556692242114 0.10113636363636364
0 0.39258312020460356 0.21761363636363637 0.03324808184143223 0.09886363636363636
0 0.48721227621483376 0.1 0.03154305200341006 0.09545454545454546
0 0.5191815856777494 0.10170454545454545 0.03239556692242114 0.10113636363636364
0 0.42455242966751916 0.060227272727272727 0.030690537084398978 0.09318181818181819
0 0.4505541346973572 0.06477272727272727 0.03836317135549872 0.09090909090909091
0 0.47101449275362317 0.13863636363636364 0.03665814151747655 0.09545454545454546
0 0.4134697357203751 0.00909090909090909 0.028985507246376812 0.015909090909090907
0 0.4075021312872975 0.1630681818181818 0.030690537084398978 0.10340909090909091
