0 0.5572916666666666 0.2986111111111111 0.03333333333333333 0.14537037037037037
0 0.3927083333333333 0.27685185185185185 0.029166666666666667 0.13518518518518519
0 0.11927083333333334 0.5162037037037037 0.035416666666666666 0.18981481481481483
0 0.6197916666666666 0.3263888888888889 0.03125 0.14907407407407408
0 0.36666666666666664 0.2773148148148148 0.028125 0.14351851851851852
0 0.259375 0.9337962962962963 0.07291666666666667 0.13240740740740742
0 0.8005208333333333 0.42407407407407405 0.04583333333333333 0.1814814814814815
0 0.76171875 0.43194444444444446 0.04114583333333333 0.18796296296296297
0 0.39427083333333335 0.9796296296296296 0.04375 0.03888888888888889
0 0.3067708333333333 0.7143518518518519 0.08020833333333334 0.38981481481481484
0 0.5192708333333333 0.562037037037037 0.057291666666666664 0.24074074074074073
0 0.42942708333333335 0.5768518518518518 0.0484375 0.1925925925925926
0 0.38385416666666666 0.562962962962963 0.052083333333333336 0.22592592592592592
0 0.34921875 0.5916666666666667 0.0328125 0.15925925925925927
0 0.2869791666666667 0.5462962962962963 0.04479166666666667 0.2074074074074074
0 0.3203125 0.44027777777777777 0.035416666666666666 0.17314814814814813
0 0.36770833333333336 0.4013888888888889 0.04583333333333333 0.1675925925925926
0 0.41041666666666665 0.3912037037037037 0.034375 0.15462962962962962
0 0.3880208333333333 0.44166666666666665 0.03854166666666667 0.13333333333333333
0 0.46822916666666664 0.35555555555555557 0.034375 0.17592592592592593
0 0.48489583333333336 0.3773148148148148 0.03333333333333333 0.12129629629629629
0 0.37135416666666665 0.324537037037037 0.034375 0.15092592592592594
0 0.3536458333333333 0.2902777777777778 0.036458333333333336 0.15462962962962962
0 0.4348958333333333 0.3050925925925926 0.035416666666666666 0.1287037037037037
0 0.4661458333333333 0.3143518518518518 0.03229166666666667 0.12129629629629629
0 0.4713541666666667 0.2865740740740741 0.035416666666666666 0.12685185185185185
0 0.7138020833333333 0.3680555555555556 0.04635416666666667 0.18055555555555555
0 0.5213541666666667 0.2916666666666667 0.034375 0.15185185185185185
0 0.5013020833333334 0.27314814814814814 0.033854166666666664 0.13703703703703704
0 0.46328125 0.22685185185185186 0.0296875 0.12407407407407407
0 0.43255208333333334 0.23796296296296296 0.027604166666666666 0.11851851851851852
0 0.39296875 0.24305555555555555 0.0265625 0.12314814814814815
0 0.49973958333333335 0.2884259259259259 0.0296875 0.1287037037037037
