0 0.032345828295042324 0.22546296296296298 0.03688029020556227 0.12685185185185185
0 0.05955259975816203 0.22407407407407406 0.039298669891172915 0.1425925925925926
0 0.0743651753325272 0.1912037037037037 0.036275695284159616 0.13425925925925927
0 0.11487303506650544 0.1865740740740741 0.04232164449818621 0.13240740740740742
0 0.1656590084643289 0.16805555555555557 0.041112454655380895 0.14537037037037037
0 0.08524788391777509 0.040740740740740744 0.032648125755743655 0.07962962962962963
0 0.2267230955259976 0.0962962962962963 0.03385731559854897 0.1388888888888889
0 0.16837968561064087 0.03981481481481482 0.03325272067714631 0.07777777777777778
0 0.20253929866989118 0.05277777777777778 0.03385731559854897 0.1037037037037037
0 0.2267230955259976 0.041666666666666664 0.037484885126964934 0.08148148148148149
0 0.15507859733978235 0.03287037037037037 0.034461910519951636 0.06388888888888888
0 0.5123941958887546 0.26666666666666666 0.03204353083434099 0.12037037037037036
0 0.36094316807738813 0.075 0.032648125755743655 0.11851851851851852
0 0.3022974607013301 0.26342592592592595 0.036275695284159616 0.14166666666666666
0 0.4700725513905683 0.23842592592592593 0.04171704957678356 0.13425925925925927
0 0.48125755743651755 0.13935185185185187 0.032648125755743655 0.11574074074074074
0 0.43802902055622733 0.13935185185185187 0.039298669891172915 0.13240740740740742
0 0.48851269649334944 0.2074074074074074 0.032648125755743655 0.1259259259259259
0 0.5335550181378477 0.21064814814814814 0.03688029020556227 0.12685185185185185
0 0.5471584038694075 0.025925925925925925 0.03143893591293833 0.05
0 0.5837363966142685 0.05694444444444444 0.02962515114873035 0.11203703703703703
0 0.6094316807738815 0.11712962962962963 0.02781136638452237 0.11574074074074074
0 0.5801088270858524 0.11296296296296296 0.034461910519951636 0.13148148148148148
0 0.5495767835550182 0.1125 0.032648125755743655 0.10462962962962963
0 0.9510278113663845 0.1986111111111111 0.03506650544135429 0.12314814814814815
0 0.9631197097944377 0.18935185185185185 0.030229746070133012 0.12685185185185185
0 0.9800483675937122 0.09675925925925925 0.03869407496977025 0.13425925925925927
0 0.9474002418379686 0.07777777777777778 0.032648125755743655 0.12407407407407407
0 0.9050785973397824 0.1699074074074074 0.03506650544135429 0.13425925925925927
0 0.9232164449818622 0.08842592592592592 0.037484885126964934 0.13240740740740742
0 0.6638452237001209 0.22361111111111112 0.037484885126964934 0.12314814814814815
0 0.6977025392986699 0.25833333333333336 0.03869407496977025 0.15185185185185185
0 0.720677146311971 0.2587962962962963 0.030229746070133012 0.12129629629629629
0 0.624546553808948 0.06759259259259259 0.032648125755743655 0.10740740740740741
0 0.9192865779927448 0.15462962962962962 0.04171704957678356 0.14629629629629629
0 0.9135429262394196 0.12407407407407407 0.03506650544135429 0.1259259259259259
0 0.8721281741233373 0.13148148148148148 0.034461910519951636 0.13518518518518519
0 0.6671704957678356 0.05462962962962963 0.03325272067714631 0.1037037037037037
0 0.8310157194679565 0.17962962962962964 0.034461910519951636 0.12962962962962962
0 0.8183192261185006 0.18055555555555555 0.03204353083434099 0.13518518518518519
0 0.7959492140266021 0.16712962962962963 0.03204353083434099 0.1398148148148148
0 0.6955864570737605 0.21805555555555556 0.03688029020556227 0.13425925925925927
0 0.6493349455864571 0.056018518518518516 0.032648125755743655 0.11018518518518519
0 0.9425634824667473 0.11574074074074074 0.037484885126964934 0.13518518518518519
0 0.969770253929867 0.1361111111111111 0.036275695284159616 0.11851851851851852
0 0.9041717049576784 0.09814814814814815 0.03204353083434099 0.12407407407407407
0 0.9854897218863361 0.26296296296296295 0.02418379685610641 0.1425925925925926
0 0.9888149939540508 0.1962962962962963 0.021160822249093107 0.13518518518518519
0 0.6844014510278114 0.07824074074074074 0.037484885126964934 0.11018518518518519
0 0.8428053204353083 0.15787037037037038 0.03143893591293833 0.11018518518518519
0 0.3675937122128174 0.16018518518518518 0.03506650544135429 0.12407407407407407
0 0.40931076178960096 0.15601851851851853 0.036275695284159616 0.12314814814814815
0 0.5698307134220073 0.0412037037037037 0.024788391777509067 0.08055555555555556
0 0.9123337363966143 0.04351851851851852 0.032648125755743655 0.08518518518518518
0 0.6692865779927448 0.0787037037037037 0.026602176541717048 0.09074074074074075
0 0.3766626360338573 0.5763888888888888 0.036275695284159616 0.15462962962962962
0 0.06378476420798065 0.487962962962963 0.035671100362756954 0.1425925925925926
0 0.06076178960096735 0.5254629629629629 0.04050785973397823 0.14166666666666666
0 0.032345828295042324 0.500462962962963 0.03688029020556227 0.15648148148148147
0 0.09764207980652963 0.4912037037037037 0.03688029020556227 0.14907407407407408
0 0.8355501813784765 0.3763888888888889 0.037484885126964934 0.13240740740740742
0 0.8409915356711004 0.3597222222222222 0.036275695284159616 0.12129629629629629
0 0.2590689238210399 0.687962962962963 0.044135429262394194 0.17037037037037037
0 0.23639661426844014 0.6708333333333333 0.04836759371221282 0.1675925925925926
0 0.3724304715840387 0.6662037037037037 0.037484885126964934 0.14537037037037037
0 0.2309552599758162 0.600462962962963 0.03506650544135429 0.14907407407407408
0 0.2348851269649335 0.5736111111111111 0.02962515114873035 0.1398148148148148
0 0.19165659008464328 0.5708333333333333 0.04232164449818621 0.13425925925925927
0 0.19800483675937122 0.5337962962962963 0.046553808948004836 0.15648148148148147
0 0.1475211608222491 0.5569444444444445 0.04353083434099154 0.14907407407407408
0 0.3733373639661427 0.2449074074074074 0.034461910519951636 0.12685185185185185
0 0.3948004836759371 0.25555555555555554 0.032648125755743655 0.12962962962962962
0 0.6103385731559855 0.47129629629629627 0.044135429262394194 0.1259259259259259
0 0.6650544135429263 0.4912037037037037 0.04353083434099154 0.14166666666666666
0 0.24032648125755743 0.38425925925925924 0.03688029020556227 0.1425925925925926
0 0.2530229746070133 0.40046296296296297 0.034461910519951636 0.14537037037037037
0 0.2702539298669891 0.9462962962962963 0.041112454655380895 0.10925925925925926
0 0.21674727932285368 0.49907407407407406 0.039298669891172915 0.1425925925925926
0 0.3080411124546554 0.787962962962963 0.05259975816203144 0.1648148148148148
0 0.12666263603385733 0.49398148148148147 0.039298669891172915 0.15648148148148147
0 0.3382708585247884 0.4962962962962963 0.03688029020556227 0.14074074074074075
0 0.18742442563482467 0.6648148148148149 0.037484885126964934 0.1537037037037037
0 0.533857315598549 0.6962962962962963 0.037484885126964934 0.13518518518518519
0 0.35701330108827084 0.7157407407407408 0.04050785973397823 0.1574074074074074
0 0.35792019347037485 0.7546296296296297 0.03869407496977025 0.1685185185185185
0 0.5801088270858524 0.6240740740740741 0.044135429262394194 0.1574074074074074
0 0.6185006045949214 0.6550925925925926 0.044740024183796856 0.16203703703703703
0 0.6390568319226119 0.6319444444444444 0.02902055622732769 0.13425925925925927
0 0.42926239419588874 0.7569444444444444 0.0471584038694075 0.14907407407407408
0 0.6847037484885127 0.6888888888888889 0.051390568319226115 0.15
0 0.35308343409915355 0.6902777777777778 0.04353083434099154 0.1527777777777778
0 0.4528415961305925 0.5537037037037037 0.03385731559854897 0.13703703703703704
0 0.4446795646916566 0.5157407407407407 0.044135429262394194 0.10740740740740741
0 0.496372430471584 0.6597222222222222 0.05078597339782346 0.15462962962962962
0 0.5668077388149939 0.6810185185185185 0.044135429262394194 0.1675925925925926
0 0.5296251511487303 0.6666666666666666 0.03506650544135429 0.1259259259259259
0 0.4111245465538089 0.03148148148148148 0.03143893591293833 0.06111111111111111
0 0.9851874244256348 0.3333333333333333 0.02720677146311971 0.11296296296296296
0 0.7620918984280532 0.850462962962963 0.04534461910519952 0.16574074074074074
0 0.7950423216444982 0.8601851851851852 0.04232164449818621 0.15185185185185185
0 0.42623941958887546 0.6087962962962963 0.045949214026602174 0.14907407407407408
0 0.45828295042321643 0.5935185185185186 0.037484885126964934 0.13703703703703704
0 0.09220072551390568 0.7851851851851852 0.04897218863361548 0.16296296296296298
0 0.5417170495767836 0.7467592592592592 0.044740024183796856 0.1675925925925926
0 0.5755743651753326 0.7537037037037037 0.0471584038694075 0.1648148148148148
0 0.05108827085852479 0.7782407407407408 0.042926239419588876 0.1527777777777778
0 0.016021765417170496 0.3800925925925926 0.03083434099153567 0.1287037037037037
0 0.045949214026602174 0.38564814814814813 0.04232164449818621 0.14351851851851852
0 0.9743047158403869 0.2912037037037037 0.03204353083434099 0.12685185185185185
0 0.9474002418379686 0.3277777777777778 0.03990326481257558 0.1425925925925926
0 0.9513301088270859 0.2949074074074074 0.03688029020556227 0.12314814814814815
0 0.6061064087061668 0.7944444444444444 0.044135429262394194 0.17407407407407408
0 0.5683192261185006 0.7925925925925926 0.03990326481257558 0.15925925925925927
0 0.2932285368802902 0.6134259259259259 0.05199516324062878 0.16574074074074074
0 0.2920193470374849 0.6560185185185186 0.036275695284159616 0.1638888888888889
0 0.3343409915356711 0.3851851851851852 0.03506650544135429 0.12407407407407407
0 0.31106408706166866 0.4305555555555556 0.042926239419588876 0.15185185185185185
0 0.343409915356711 0.4134259259259259 0.03990326481257558 0.13425925925925927
0 0.3010882708585248 0.3962962962962963 0.032648125755743655 0.1425925925925926
0 0.8917775090689238 0.30277777777777776 0.03990326481257558 0.14814814814814814
0 0.1444981862152358 0.8671296296296296 0.03869407496977025 0.16574074074074074
0 0.10822249093107618 0.8550925925925926 0.04836759371221282 0.18796296296296297
0 0.4398428053204353 0.4601851851851852 0.04534461910519952 0.14814814814814814
0 0.42533252720677145 0.4648148148148148 0.039298669891172915 0.14629629629629629
0 0.41777509068923824 0.43472222222222223 0.03143893591293833 0.13796296296296295
0 0.9241233373639661 0.8800925925925925 0.044135429262394194 0.18055555555555555
0 0.8932889963724304 0.9143518518518519 0.05259975816203144 0.1638888888888889
0 0.9827690447400241 0.7972222222222223 0.03325272067714631 0.1648148148148148
0 0.9443772672309553 0.775 0.05562273276904474 0.1648148148148148
0 0.5900846432889963 0.8662037037037037 0.060459492140266025 0.1824074074074074
0 0.5350665054413543 0.3837962962962963 0.03869407496977025 0.13055555555555556
0 0.12454655380894801 0.6712962962962963 0.045949214026602174 0.18518518518518517
0 0.9062877871825876 0.6370370370370371 0.044740024183796856 0.17407407407407408
0 0.9425634824667473 0.6314814814814815 0.04353083434099154 0.16111111111111112
0 0.19619105199516323 0.262037037037037 0.034461910519951636 0.12037037037037036
0 0.16596130592503022 0.25277777777777777 0.039298669891172915 0.13703703703703704
0 0.10096735187424426 0.2222222222222222 0.037484885126964934 0.14074074074074075
0 0.6429866989117291 0.4439814814814815 0.04534461910519952 0.1398148148148148
0 0.5462515114873036 0.862037037037037 0.04171704957678356 0.12962962962962962
0 0.7406287787182587 0.7912037037037037 0.041112454655380895 0.13425925925925927
0 0.7043530834340992 0.7814814814814814 0.049576783555018135 0.1648148148148148
0 0.11880290205562273 0.24583333333333332 0.034461910519951636 0.13055555555555556
0 0.7221886336154776 0.7226851851851852 0.04171704957678356 0.16018518518518518
0 0.7551390568319226 0.712037037037037 0.04353083434099154 0.1685185185185185
0 0.09159613059250302 0.711574074074074 0.04897218863361548 0.14907407407407408
0 0.11124546553808948 0.7203703703703703 0.04353083434099154 0.16111111111111112
0 0.04504232164449819 0.7222222222222222 0.035671100362756954 0.1574074074074074
0 0.6293833131801693 0.7976851851851852 0.032648125755743655 0.1287037037037037
0 0.6720072551390568 0.4476851851851852 0.03688029020556227 0.1361111111111111
0 0.7977629987908101 0.7972222222222223 0.05259975816203144 0.18518518518518517
0 0.7590689238210399 0.975925925925926 0.04050785973397823 0.05
0 0.8606408706166868 0.7532407407407408 0.042926239419588876 0.1787037037037037
0 0.81136638452237 0.762962962962963 0.044740024183796856 0.1685185185185185
0 0.8409915356711004 0.775 0.03990326481257558 0.17777777777777778
0 0.8796856106408706 0.6916666666666667 0.03990326481257558 0.17407407407407408
0 0.37091898428053205 0.9842592592592593 0.03688029020556227 0.03333333333333333
0 0.8727327690447401 0.2587962962962963 0.03204353083434099 0.1361111111111111
0 0.8585247883917775 0.21851851851851853 0.037484885126964934 0.12407407407407407
0 0.8675937122128174 0.4083333333333333 0.044740024183796856 0.14814814814814814
0 0.7055622732769045 0.45 0.03869407496977025 0.14629629629629629
0 0.7240024183796856 0.42916666666666664 0.04050785973397823 0.14907407407407408
0 0.4159613059250302 0.3125 0.03506650544135429 0.1287037037037037
0 0.44014510278113667 0.31342592592592594 0.03143893591293833 0.13796296296296295
0 0.7055622732769045 0.3537037037037037 0.036275695284159616 0.14814814814814814
0 0.6251511487303507 0.23981481481481481 0.037484885126964934 0.12962962962962962
0 0.5876662636033857 0.2310185185185185 0.049576783555018135 0.14351851851851852
0 0.1928657799274486 0.3541666666666667 0.04232164449818621 0.14351851851851852
0 0.18198307134220074 0.3861111111111111 0.04232164449818621 0.14629629629629629
0 0.014510278113663845 0.4199074074074074 0.02781136638452237 0.15462962962962962
0 0.10308343409915356 0.31712962962962965 0.039298669891172915 0.13796296296296295
0 0.012998790810157194 0.5259259259259259 0.024788391777509067 0.14074074074074075
0 0.10489721886336155 0.2861111111111111 0.03688029020556227 0.14074074074074075
0 0.006650544135429262 0.30277777777777776 0.012091898428053204 0.1574074074074074
0 0.05532043530834341 0.2833333333333333 0.039298669891172915 0.1425925925925926
0 0.8243651753325272 0.4 0.03688029020556227 0.14074074074074075
0 0.9389359129383313 0.4023148148148148 0.03385731559854897 0.11574074074074074
0 0.9607013301088271 0.4013888888888889 0.037484885126964934 0.13796296296296295
0 0.8890568319226119 0.3611111111111111 0.03688029020556227 0.14074074074074075
0 0.7690447400241838 0.16527777777777777 0.03143893591293833 0.1287037037037037
0 0.941354292623942 0.36064814814814816 0.037484885126964934 0.15092592592592594
0 0.08917775090689238 0.37083333333333335 0.034461910519951636 0.13240740740740742
0 0.12575574365175332 0.362962962962963 0.03506650544135429 0.14074074074074075
0 0.11487303506650544 0.34629629629629627 0.032648125755743655 0.14074074074074075
0 0.9244256348246674 0.2439814814814815 0.03506650544135429 0.1287037037037037
0 0.10157194679564692 0.4013888888888889 0.03385731559854897 0.12129629629629629
0 0.3222490931076179 0.23472222222222222 0.036275695284159616 0.13796296296296295
0 0.9032648125755743 0.34629629629629627 0.03506650544135429 0.13518518518518519
0 0.9359129383313181 0.2740740740740741 0.03869407496977025 0.12407407407407407
0 0.8972188633615478 0.3921296296296296 0.04232164449818621 0.13796296296296295
0 0.9207980652962515 0.36203703703703705 0.030229746070133012 0.10740740740740741
0 0.6626360338573156 0.7912037037037037 0.044740024183796856 0.15462962962962962
0 0.05078597339782346 0.9305555555555556 0.053204353083434096 0.14074074074074075
0 0.3022974607013301 0.9634259259259259 0.037484885126964934 0.075
0 0.9848851269649335 0.41203703703703703 0.02902055622732769 0.14629629629629629
0 0.6801692865779927 0.37453703703703706 0.036275695284159616 0.1398148148148148
0 0.2587666263603386 0.9796296296296296 0.041112454655380895 0.04259259259259259
0 0.18802902055622733 0.9819444444444444 0.03506650544135429 0.03796296296296296
0 0.010580411124546553 0.9726851851851852 0.01995163240628779 0.05648148148148148
0 0.02448609431680774 0.8458333333333333 0.047762998790810154 0.1824074074074074
0 0.06438935912938332 0.8282407407407407 0.044135429262394194 0.16203703703703703
