0 0.7608695652173914 0.8522727272727273 0.04688832054560955 0.1431818181818182
0 0.017050298380221655 0.7090909090909091 0.03239556692242114 0.1318181818181818
0 0.7190963341858483 0.8613636363636363 0.05541346973572037 0.15681818181818183
0 0.1606990622335891 0.5965909090909091 0.045183290707587385 0.14545454545454545
0 0.14066496163682865 0.4818181818181818 0.04603580562659847 0.1318181818181818
0 0.19309462915601022 0.45454545454545453 0.043478260869565216 0.13863636363636364
0 0.2391304347826087 0.45227272727272727 0.04688832054560955 0.12727272727272726
0 0.13427109974424553 0.5471590909090909 0.045183290707587385 0.12613636363636363
0 0.5042625745950554 0.775 0.040068201193520885 0.14772727272727273
0 0.53154305200341 0.7585227272727273 0.03836317135549872 0.14431818181818182
0 0.53154305200341 0.5375 0.05200341005967604 0.12727272727272726
0 0.3431372549019608 0.39431818181818185 0.040068201193520885 0.12272727272727273
0 0.44799658994032393 0.49261363636363636 0.04688832054560955 0.14431818181818182
0 0.3895993179880648 0.48409090909090907 0.04092071611253197 0.13863636363636364
0 0.29838022165387895 0.22329545454545455 0.028985507246376812 0.09659090909090909
0 0.8239556692242114 0.2630681818181818 0.03324808184143223 0.10113636363636364
0 0.7864450127877238 0.2369318181818182 0.03324808184143223 0.10568181818181818
0 0.8508098891730606 0.2715909090909091 0.03580562659846547 0.10227272727272728
0 0.8282182438192668 0.425 0.045183290707587385 0.12272727272727273
0 0.783461210571185 0.4375 0.042625745950554135 0.10454545454545454
0 0.577152600170503 0.20511363636363636 0.027280477408354646 0.10113636363636364
0 0.8060528559249787 0.5301136363636364 0.040068201193520885 0.13295454545454546
0 0.8802216538789429 0.8426136363636364 0.0639386189258312 0.1534090909090909
0 0.649616368286445 0.9835227272727273 0.03239556692242114 0.028409090909090908
0 0.02600170502983802 0.7528409090909091 0.05029838022165388 0.13295454545454546
0 0.24552429667519182 0.6528409090909091 0.04092071611253197 0.13295454545454546
0 0.6947996589940324 0.9721590909090909 0.042625745950554135 0.05113636363636364
0 0.10358056265984655 0.8590909090909091 0.05029838022165388 0.15227272727272728
0 0.6730605285592498 0.7625 0.04688832054560955 0.1318181818181818
0 0.7075873827791986 0.76875 0.03751065643648764 0.13068181818181818
0 0.8329070758738278 0.8227272727272728 0.06308610400682012 0.17045454545454544
0 0.7988064791133845 0.6613636363636364 0.04603580562659847 0.1409090909090909
0 0.6832907075873828 0.7045454545454546 0.03665814151747655 0.125
0 0.7787723785166241 0.5329545454545455 0.040068201193520885 0.1159090909090909
0 0.7331628303495311 0.4284090909090909 0.03239556692242114 0.12272727272727273
0 0.7531969309462916 0.4318181818181818 0.03154305200341006 0.12045454545454545
0 0.8252344416027281 0.09431818181818181 0.028985507246376812 0.08863636363636364
0 0.8056265984654731 0.07954545454545454 0.028985507246376812 0.10227272727272728
0 0.34484228473998296 0.21420454545454545 0.03154305200341006 0.10568181818181818
0 0.32651321398124467 0.23011363636363635 0.03751065643648764 0.09659090909090909
0 0.18286445012787725 0.16477272727272727 0.029838022165387893 0.09772727272727273
0 0.24040920716112532 0.16761363636363635 0.027280477408354646 0.09659090909090909
0 0.22932651321398123 0.14147727272727273 0.023870417732310314 0.09886363636363636
0 0.37894288150042627 0.18409090909090908 0.028132992327365727 0.10454545454545454
0 0.3981244671781756 0.18863636363636363 0.028985507246376812 0.08181818181818182
0 0.4697357203751066 0.3170454545454545 0.0392156862745098 0.11818181818181818
0 0.4254049445865303 0.20738636363636365 0.03410059676044331 0.09431818181818181
0 0.4663256606990622 0.21363636363636362 0.03239556692242114 0.09772727272727273
0 0.4846547314578005 0.2528409090909091 0.040068201193520885 0.10568181818181818
0 0.4394714407502131 0.19318181818181818 0.0247229326513214 0.07954545454545454
0 0.4599317988064791 0.17784090909090908 0.029838022165387893 0.10340909090909091
0 0.4697357203751066 0.14204545454545456 0.028985507246376812 0.09318181818181819
0 0.4697357203751066 0.12272727272727273 0.02557544757033248 0.09318181818181819
0 0.43478260869565216 0.12897727272727272 0.03239556692242114 0.09431818181818181
0 0.20801364023870417 0.10397727272727272 0.028985507246376812 0.09659090909090909
0 0.2549019607843137 0.1403409090909091 0.03239556692242114 0.10568181818181818
0 0.27408354646206307 0.14772727272727273 0.03154305200341006 0.09090909090909091
0 0.3137254901960784 0.15 0.027280477408354646 0.09090909090909091
0 0.293691389599318 0.13977272727272727 0.028132992327365727 0.09318181818181819
0 0.31841432225063937 0.12897727272727272 0.03836317135549872 0.09431818181818181
0 0.5264279624893435 0.12670454545454546 0.03154305200341006 0.10113636363636364
0 0.48294970161977835 0.09488636363636363 0.03154305200341006 0.10340909090909091
0 0.5238704177323104 0.0903409090909091 0.03154305200341006 0.08977272727272727
0 0.4151747655583973 0.1159090909090909 0.030690537084398978 0.09090909090909091
0 0.45652173913043476 0.06534090909090909 0.03154305200341006 0.08295454545454546
0 0.43861892583120204 0.07897727272727273 0.021312872975277068 0.06704545454545455
0 0.3073316283034953 0.04659090909090909 0.028132992327365727 0.09090909090909091
0 0.5213128729752771 0.17613636363636365 0.03495311167945439 0.10454545454545454
0 0.10613810741687979 0.9659090909090909 0.04688832054560955 0.0659090909090909
0 0.5098039215686274 0.2340909090909091 0.030690537084398978 0.09090909090909091
0 0.2195225916453538 0.6460227272727272 0.03495311167945439 0.12840909090909092
0 0.5682011935208866 0.9255681818181818 0.05541346973572037 0.13977272727272727
0 0.022591645353793693 0.48068181818181815 0.043478260869565216 0.1159090909090909
0 0.7459505541346974 0.675 0.04603580562659847 0.13863636363636364
0 0.26811594202898553 0.7045454545454546 0.041773231031543054 0.13636363636363635
0 0.2966751918158568 0.6897727272727273 0.042625745950554135 0.15
0 0.37169650468883203 0.6920454545454545 0.04603580562659847 0.14545454545454545
0 0.612531969309463 0.9255681818181818 0.040068201193520885 0.14431818181818182
0 0.033674339300937765 0.3090909090909091 0.03495311167945439 0.10681818181818181
0 0.22549019607843138 0.7852272727272728 0.04688832054560955 0.13863636363636364
0 0.3414322250639386 0.53125 0.05200341005967604 0.13068181818181818
0 0.06564364876385337 0.3039772727272727 0.03580562659846547 0.10568181818181818
0 0.052429667519181586 0.47556818181818183 0.03495311167945439 0.1215909090909091
0 0.20460358056265984 0.5994318181818182 0.04092071611253197 0.13295454545454546
0 0.12958226768968456 0.95625 0.03751065643648764 0.08522727272727272
0 0.19522591645353793 0.7732954545454546 0.0494458653026428 0.16477272727272727
0 0.36018755328218244 0.18920454545454546 0.0247229326513214 0.09659090909090909
0 0.6999147485080989 0.4284090909090909 0.04603580562659847 0.12045454545454545
0 0.9211423699914748 0.01534090909090909 0.028132992327365727 0.028409090909090908
0 0.36658141517476556 0.05738636363636364 0.028985507246376812 0.09431818181818181
0 0.4134697357203751 0.013636363636363636 0.02557544757033248 0.025
0 0.4475703324808184 0.10965909090909091 0.03239556692242114 0.09204545454545454
0 0.47271952259164535 0.028409090909090908 0.028132992327365727 0.05454545454545454
0 0.4919011082693947 0.06647727272727273 0.03239556692242114 0.08522727272727272
0 0.39471440750213127 0.056818181818181816 0.027280477408354646 0.08636363636363636
