0 0.8942708333333333 0.887962962962963 0.07916666666666666 0.22407407407407406
0 0.16875 0.8981481481481481 0.08229166666666667 0.20185185185185187
0 0.07760416666666667 0.9587962962962963 0.06354166666666666 0.08425925925925926
0 0.030989583333333334 0.9217592592592593 0.0609375 0.15833333333333333
0 0.23151041666666666 0.638425925925926 0.05677083333333333 0.25092592592592594
0 0.34765625 0.6527777777777778 0.0359375 0.2111111111111111
0 0.3138020833333333 0.6226851851851852 0.05260416666666667 0.24166666666666667
0 0.27265625 0.611574074074074 0.0484375 0.23981481481481481
0 0.6205729166666667 0.6101851851851852 0.05260416666666667 0.22037037037037038
0 0.5625 0.6060185185185185 0.04895833333333333 0.23425925925925925
0 0.8489583333333334 0.5152777777777777 0.06354166666666666 0.19722222222222222
0 0.3768229166666667 0.5009259259259259 0.044270833333333336 0.18703703703703703
0 0.5065104166666666 0.44212962962962965 0.03177083333333333 0.1824074074074074
0 0.32369791666666664 0.49583333333333335 0.0453125 0.1824074074074074
0 0.7705729166666667 0.49027777777777776 0.0609375 0.19166666666666668
0 0.7486979166666666 0.49953703703703706 0.0578125 0.20092592592592592
0 0.46484375 0.39444444444444443 0.03177083333333333 0.12407407407407407
0 0.2359375 0.4935185185185185 0.03333333333333333 0.14629629629629629
0 0.21354166666666666 0.5935185185185186 0.051041666666666666 0.24074074074074073
0 0.5971354166666667 0.4824074074074074 0.044270833333333336 0.17407407407407408
0 0.4205729166666667 0.4361111111111111 0.03177083333333333 0.14629629629629629
0 0.4828125 0.46296296296296297 0.03958333333333333 0.19814814814814816
0 0.56328125 0.49027777777777776 0.0421875 0.1787037037037037
0 0.44609375 0.4564814814814815 0.0421875 0.17037037037037037
0 0.4270833333333333 0.33055555555555555 0.03125 0.14629629629629629
0 0.3098958333333333 0.37083333333333335 0.028125 0.12129629629629629
0 0.48802083333333335 0.44212962962962965 0.036458333333333336 0.18611111111111112
0 0.5354166666666667 0.4486111111111111 0.034375 0.1935185185185185
0 0.4276041666666667 0.4810185185185185 0.05 0.18796296296296297
0 0.34713541666666664 0.4689814814814815 0.0390625 0.1787037037037037
0 0.31536458333333334 0.44675925925925924 0.044270833333333336 0.17685185185185184
0 0.39557291666666666 0.41944444444444445 0.03177083333333333 0.17407407407407408
0 0.4322916666666667 0.40185185185185185 0.034375 0.16296296296296298
0 0.35 0.40370370370370373 0.036458333333333336 0.15185185185185185
0 0.453125 0.3675925925925926 0.03229166666666667 0.13333333333333333
0 0.5619791666666667 0.43657407407407406 0.036458333333333336 0.18796296296296297
0 0.49244791666666665 0.37037037037037035 0.03177083333333333 0.13148148148148148
0 0.40598958333333335 0.3509259259259259 0.033854166666666664 0.15185185185185185
0 0.4361979166666667 0.34675925925925927 0.030729166666666665 0.13796296296296295
0 0.3567708333333333 0.32731481481481484 0.03229166666666667 0.15462962962962962
0 0.46953125 0.2986111111111111 0.027604166666666666 0.12685185185185185
0 0.44609375 0.32731481481481484 0.0296875 0.13240740740740742
0 0.3692708333333333 0.35185185185185186 0.026041666666666668 0.12962962962962962
0 0.34765625 0.34953703703703703 0.0296875 0.1398148148148148
0 0.39427083333333335 0.31157407407407406 0.027083333333333334 0.12314814814814815
0 0.10130208333333333 0.5550925925925926 0.03697916666666667 0.1935185185185185
0 0.46536458333333336 0.3125 0.03177083333333333 0.1287037037037037
0 0.13645833333333332 0.5055555555555555 0.04479166666666667 0.19444444444444445
0 0.4908854166666667 0.3148148148148148 0.025520833333333333 0.12962962962962962
0 0.09036458333333333 0.7194444444444444 0.0796875 0.2814814814814815
0 0.27786458333333336 0.47824074074074074 0.0421875 0.18796296296296297
0 0.559375 0.3111111111111111 0.026041666666666668 0.12962962962962962
0 0.50703125 0.3111111111111111 0.0296875 0.14629629629629629
0 0.3533854166666667 0.24953703703703703 0.027604166666666666 0.12129629629629629
0 0.39166666666666666 0.2439814814814815 0.026041666666666668 0.11018518518518519
0 0.690625 0.3587962962962963 0.03854166666666667 0.16203703703703703
0 0.7338541666666667 0.36157407407407405 0.042708333333333334 0.17314814814814813
0 0.3924479166666667 0.25462962962962965 0.0234375 0.09814814814814815
0 0.7815104166666667 0.36944444444444446 0.03177083333333333 0.1685185185185185
0 0.5458333333333333 0.31712962962962965 0.030208333333333334 0.12129629629629629
