0 0.7359375 0.5921296296296297 0.06354166666666666 0.21203703703703702
0 0.28151041666666665 0.5013888888888889 0.0453125 0.19537037037037036
0 0.7440104166666667 0.45925925925925926 0.04635416666666667 0.18333333333333332
0 0.58671875 0.45740740740740743 0.0453125 0.1962962962962963
0 0.5447916666666667 0.4634259259259259 0.040625 0.18425925925925926
0 0.6348958333333333 0.5791666666666667 0.04895833333333333 0.22870370370370371
0 0.5833333333333334 0.3819444444444444 0.028125 0.1287037037037037
0 0.5286458333333334 0.3384259259259259 0.030208333333333334 0.13240740740740742
0 0.5494791666666666 0.34629629629629627 0.027083333333333334 0.12407407407407407
0 0.48541666666666666 0.34305555555555556 0.030208333333333334 0.13425925925925927
0 0.8067708333333333 0.3587962962962963 0.030208333333333334 0.15462962962962962
0 0.46640625 0.38101851851851853 0.030729166666666665 0.14907407407407408
0 0.09739583333333333 0.687962962962963 0.06041666666666667 0.2537037037037037
0 0.4119791666666667 0.30972222222222223 0.03125 0.125
0 0.3765625 0.300462962962963 0.030208333333333334 0.13240740740740742
0 0.39296875 0.29074074074074074 0.028645833333333332 0.12407407407407407
0 0.3497395833333333 0.26481481481481484 0.027604166666666666 0.11666666666666667
0 0.71171875 0.8078703703703703 0.06302083333333333 0.3416666666666667
0 0.625 0.8087962962962963 0.065625 0.3287037037037037
0 0.5973958333333333 0.9138888888888889 0.08541666666666667 0.17407407407407408
0 0.5260416666666666 0.8930555555555556 0.078125 0.21388888888888888
0 0.35078125 0.37916666666666665 0.03177083333333333 0.14537037037037037
0 0.6192708333333333 0.362962962962963 0.03229166666666667 0.13518518518518519
0 0.7770833333333333 0.3902777777777778 0.034375 0.16944444444444445
0 0.08072916666666667 0.9231481481481482 0.08125 0.15555555555555556
0 0.13567708333333334 0.9407407407407408 0.0796875 0.12037037037037036
0 0.3880208333333333 0.5199074074074074 0.05520833333333333 0.20462962962962963
0 0.023958333333333335 0.9476851851851852 0.046875 0.10648148148148148
0 0.5091145833333334 0.41388888888888886 0.0359375 0.1685185185185185
0 0.7065104166666667 0.40185185185185185 0.033854166666666664 0.1814814814814815
0 0.24375 0.6268518518518519 0.052083333333333336 0.27037037037037037
0 0.8104166666666667 0.4759259259259259 0.034375 0.1648148148148148
0 0.41458333333333336 0.4912037037037037 0.046875 0.18611111111111112
0 0.38307291666666665 0.6662037037037037 0.0515625 0.24166666666666667
0 0.89296875 0.49722222222222223 0.05364583333333333 0.19444444444444445
0 0.7955729166666666 0.512962962962963 0.0546875 0.21296296296296297
0 0.8544270833333333 0.4787037037037037 0.05260416666666667 0.19814814814814816
0 0.50078125 0.46111111111111114 0.0421875 0.1925925925925926
