0 0.5314389359129383 0.49074074074074076 0.03990326481257558 0.14074074074074075
0 0.5776904474002419 0.649074074074074 0.051390568319226115 0.1685185185185185
0 0.5501813784764208 0.6819444444444445 0.03869407496977025 0.14166666666666666
0 0.5949214026602176 0.6064814814814815 0.037484885126964934 0.14629629629629629
0 0.5840386940749698 0.4837962962962963 0.0471584038694075 0.16574074074074074
0 0.44649334945586455 0.3101851851851852 0.04171704957678356 0.17037037037037037
0 0.6166868198307134 0.6564814814814814 0.03990326481257558 0.16296296296296298
0 0.6163845223700121 0.6305555555555555 0.039298669891172915 0.14629629629629629
0 0.5882708585247884 0.7268518518518519 0.044740024183796856 0.15185185185185185
0 0.5637847642079806 0.5949074074074074 0.044135429262394194 0.15462962962962962
0 0.5392986698911729 0.7583333333333333 0.049576783555018135 0.17962962962962964
0 0.3261789600967352 0.887962962962963 0.05501813784764208 0.1925925925925926
0 0.6330108827085853 0.6675925925925926 0.03869407496977025 0.14629629629629629
0 0.405683192261185 0.7657407407407407 0.04353083434099154 0.1574074074074074
0 0.6804715840386941 0.7361111111111112 0.05259975816203144 0.17407407407407408
0 0.47158403869407495 0.33101851851851855 0.044740024183796856 0.15648148148148147
0 0.691354292623942 0.5648148148148148 0.0562273276904474 0.17592592592592593
0 0.7974607013301088 0.9453703703703704 0.05562273276904474 0.1111111111111111
0 0.8355501813784765 0.9578703703703704 0.053204353083434096 0.08425925925925926
0 0.6438935912938332 0.7430555555555556 0.03869407496977025 0.16018518518518518
0 0.5108827085852479 0.7277777777777777 0.05078597339782346 0.1648148148148148
0 0.8645707376058042 0.8574074074074074 0.045949214026602174 0.1648148148148148
0 0.6635429262394196 0.6314814814814815 0.044135429262394194 0.1574074074074074
0 0.6215235792019347 0.5481481481481482 0.04232164449818621 0.17037037037037037
0 0.44619105199516323 0.7763888888888889 0.049576783555018135 0.1787037037037037
0 0.5389963724304716 0.5810185185185185 0.0380894800483676 0.15092592592592594
0 0.8295042321644498 0.8638888888888889 0.044740024183796856 0.12962962962962962
0 0.04685610640870617 0.8194444444444444 0.05743651753325272 0.17222222222222222
0 0.08373639661426845 0.8004629629629629 0.051390568319226115 0.18611111111111112
0 0.5785973397823458 0.2949074074074074 0.032648125755743655 0.1287037037037037
0 0.6188029020556227 0.27175925925925926 0.034461910519951636 0.12129629629629629
0 0.019649334945586457 0.2518518518518518 0.0380894800483676 0.15185185185185185
0 0.08222490931076179 0.4888888888888889 0.04836759371221282 0.15925925925925927
0 0.058645707376058044 0.2763888888888889 0.03990326481257558 0.13425925925925927
0 0.6590084643288996 0.4050925925925926 0.04353083434099154 0.14907407407407408
0 0.564993954050786 0.23564814814814813 0.044135429262394194 0.14166666666666666
0 0.4371221281741233 0.35648148148148145 0.04232164449818621 0.15185185185185185
0 0.6175937122128174 0.375 0.039298669891172915 0.1574074074074074
0 0.6523579201934704 0.36527777777777776 0.03869407496977025 0.16018518518518518
0 0.560459492140266 0.34814814814814815 0.037484885126964934 0.15185185185185185
0 0.5864570737605804 0.3574074074074074 0.037484885126964934 0.13518518518518519
0 0.4866989117291415 0.2462962962962963 0.032648125755743655 0.12407407407407407
0 0.7430471584038694 0.44074074074074077 0.0471584038694075 0.17592592592592593
0 0.7778113663845224 0.4324074074074074 0.04171704957678356 0.16296296296296298
0 0.4870012091898428 0.2712962962962963 0.03204353083434099 0.13518518518518519
0 0.4960701330108827 0.31712962962962965 0.04171704957678356 0.1638888888888889
0 0.532950423216445 0.31805555555555554 0.03688029020556227 0.13796296296296295
0 0.5175332527206772 0.3814814814814815 0.04232164449818621 0.14074074074074075
0 0.5465538089480049 0.39675925925925926 0.03990326481257558 0.13240740740740742
0 0.6133615477629988 0.44074074074074077 0.044135429262394194 0.1648148148148148
0 0.6351269649334945 0.46574074074074073 0.039298669891172915 0.14074074074074075
0 0.6608222490931076 0.46064814814814814 0.04232164449818621 0.14351851851851852
0 0.8799879081015719 0.5398148148148149 0.04897218863361548 0.1648148148148148
0 0.6958887545344619 0.47962962962962963 0.04353083434099154 0.14629629629629629
0 0.620918984280532 0.9263888888888889 0.04353083434099154 0.14907407407407408
0 0.6517533252720678 0.9143518518518519 0.053204353083434096 0.16574074074074074
0 0.7164449818621523 0.6291666666666667 0.03990326481257558 0.16018518518518518
0 0.7735792019347038 0.6462962962962963 0.04897218863361548 0.1685185185185185
0 0.656590084643289 0.5935185185185186 0.03990326481257558 0.16296296296296298
0 0.9836759371221282 0.4046296296296296 0.03143893591293833 0.1537037037037037
0 0.9513301088270859 0.4074074074074074 0.04050785973397823 0.12037037037037036
0 0.9721886336154776 0.9115740740740741 0.04836759371221282 0.13796296296296295
0 0.9782345828295043 0.8004629629629629 0.04232164449818621 0.1787037037037037
0 0.8189238210399032 0.3425925925925926 0.039298669891172915 0.13703703703703704
0 0.8545949214026602 0.35555555555555557 0.034461910519951636 0.12407407407407407
0 0.9374244256348246 0.8078703703703703 0.05985489721886336 0.14907407407407408
0 0.8561064087061668 0.7175925925925926 0.049576783555018135 0.1574074074074074
0 0.8174123337363967 0.7212962962962963 0.05441354292623942 0.18703703703703703
0 0.8636638452237001 0.3138888888888889 0.04171704957678356 0.14629629629629629
0 0.9023579201934704 0.31296296296296294 0.04171704957678356 0.13333333333333333
0 0.9059854897218863 0.25 0.04171704957678356 0.13703703703703704
0 0.6045949214026602 0.20555555555555555 0.044740024183796856 0.15185185185185185
0 0.8896614268440145 0.35185185185185186 0.04050785973397823 0.12037037037037036
0 0.9235187424425635 0.3194444444444444 0.034461910519951636 0.12407407407407407
0 0.7406287787182587 0.6481481481481481 0.041112454655380895 0.1648148148148148
0 0.7070737605804112 0.6578703703703703 0.04171704957678356 0.16018518518518518
0 0.4492140266021765 0.9194444444444444 0.05441354292623942 0.16296296296296298
0 0.563180169286578 0.8898148148148148 0.04897218863361548 0.15925925925925927
0 0.13905683192261184 0.3388888888888889 0.041112454655380895 0.1574074074074074
0 0.7167472793228536 0.38472222222222224 0.051390568319226115 0.1638888888888889
0 0.7291414752116082 0.29444444444444445 0.037484885126964934 0.1259259259259259
0 0.8845223700120919 0.23148148148148148 0.03990326481257558 0.12962962962962962
0 0.9328899637243047 0.21296296296296297 0.03869407496977025 0.12962962962962962
0 0.9740024183796856 0.19953703703703704 0.04232164449818621 0.14351851851851852
0 0.9860943168077388 0.14166666666666666 0.026602176541717048 0.12777777777777777
0 0.9262394195888755 0.16712962962962963 0.03869407496977025 0.14907407407407408
0 0.9114268440145102 0.14675925925925926 0.03688029020556227 0.12129629629629629
0 0.9359129383313181 0.12129629629629629 0.03869407496977025 0.12962962962962962
0 0.967956469165659 0.041666666666666664 0.03990326481257558 0.08148148148148149
0 0.8766626360338573 0.12777777777777777 0.037484885126964934 0.11851851851851852
0 0.8482466747279322 0.08842592592592592 0.037484885126964934 0.12129629629629629
0 0.8681983071342201 0.09907407407407408 0.032648125755743655 0.10740740740740741
0 0.8926844014510278 0.09583333333333334 0.034461910519951636 0.10648148148148148
0 0.9220072551390568 0.06712962962962964 0.036275695284159616 0.10648148148148148
0 0.9062877871825876 0.07222222222222222 0.032648125755743655 0.11296296296296296
0 0.8730350665054414 0.04675925925925926 0.030229746070133012 0.09166666666666666
0 0.9008464328899637 0.044444444444444446 0.03385731559854897 0.08703703703703704
0 0.9304715840386941 0.03657407407407407 0.03506650544135429 0.0712962962962963
0 0.0048367593712212815 0.18703703703703703 0.008464328899637243 0.12407407407407407
0 0.12877871825876663 0.18518518518518517 0.045949214026602174 0.14074074074074075
0 0.093409915356711 0.17916666666666667 0.039298669891172915 0.1398148148148148
0 0.10550181378476421 0.11157407407407408 0.034461910519951636 0.12685185185185185
0 0.02629987908101572 0.1884259259259259 0.03688029020556227 0.13425925925925927
0 0.003929866989117291 0.09444444444444444 0.006650544135429262 0.12407407407407407
0 0.002116082224909311 0.11435185185185186 0.003022974607013301 0.13240740740740742
0 0.03990326481257558 0.1449074074074074 0.04232164449818621 0.1287037037037037
0 0.0752720677146312 0.1361111111111111 0.04171704957678356 0.13518518518518519
0 0.062273276904474005 0.10231481481481482 0.037484885126964934 0.13425925925925927
0 0.1033857315598549 0.060648148148148145 0.036275695284159616 0.11944444444444445
0 0.07557436517533253 0.05740740740740741 0.030229746070133012 0.10925925925925926
0 0.14328899637243048 0.06111111111111111 0.037484885126964934 0.12037037037037036
0 0.16444981862152358 0.07824074074074074 0.030229746070133012 0.10277777777777777
0 0.1674727932285369 0.05462962962962963 0.037484885126964934 0.10740740740740741
0 0.2617896009673519 0.17407407407407408 0.03990326481257558 0.13148148148148148
0 0.2941354292623942 0.14212962962962963 0.03688029020556227 0.13425925925925927
0 0.23367593712212817 0.1111111111111111 0.02962515114873035 0.11296296296296296
0 0.3422007255139057 0.14305555555555555 0.03990326481257558 0.15462962962962962
0 0.2660217654171705 0.10740740740740741 0.037484885126964934 0.13148148148148148
0 0.27871825876662637 0.12962962962962962 0.032648125755743655 0.12962962962962962
0 0.5341596130592503 0.2671296296296296 0.03688029020556227 0.14351851851851852
0 0.68409915356711 0.29305555555555557 0.04171704957678356 0.14722222222222223
0 0.7001209189842805 0.26435185185185184 0.03385731559854897 0.13796296296296295
0 0.5154171704957679 0.21666666666666667 0.039298669891172915 0.12962962962962962
0 0.5937122128174124 0.17083333333333334 0.03990326481257558 0.12685185185185185
0 0.6438935912938332 0.1675925925925926 0.03869407496977025 0.13518518518518519
0 0.7566505441354293 0.18703703703703703 0.039298669891172915 0.1259259259259259
0 0.7318621523579202 0.13796296296296295 0.03688029020556227 0.13703703703703704
0 0.7103990326481258 0.17407407407407408 0.03506650544135429 0.13703703703703704
0 0.6765417170495768 0.1699074074074074 0.030229746070133012 0.1287037037037037
0 0.7094921402660218 0.0837962962962963 0.03204353083434099 0.1175925925925926
0 0.6372430471584039 0.12175925925925926 0.04232164449818621 0.13240740740740742
0 0.6451027811366384 0.08055555555555556 0.03990326481257558 0.12037037037037036
0 0.5928053204353083 0.0763888888888889 0.03204353083434099 0.12685185185185185
0 0.5646916565900847 0.07222222222222222 0.03385731559854897 0.12407407407407407
0 0.5532043530834341 0.17314814814814813 0.037484885126964934 0.13148148148148148
0 0.47158403869407495 0.1476851851851852 0.04232164449818621 0.13425925925925927
0 0.42019347037484883 0.10416666666666667 0.03143893591293833 0.13796296296296295
0 0.5012091898428053 0.09398148148148149 0.037484885126964934 0.12685185185185185
0 0.5117896009673518 0.11435185185185186 0.034461910519951636 0.11574074074074074
0 0.5235792019347038 0.1050925925925926 0.032648125755743655 0.12685185185185185
0 0.45616686819830715 0.06388888888888888 0.034461910519951636 0.1259259259259259
0 0.4788391777509069 0.04953703703703704 0.036275695284159616 0.09722222222222222
0 0.9582829504232164 0.14907407407407408 0.03990326481257558 0.14629629629629629
0 0.2617896009673519 0.05185185185185185 0.02539298669891173 0.06296296296296296
0 0.3591293833131802 0.4935185185185185 0.04232164449818621 0.14814814814814814
0 0.23458282950423218 0.2796296296296296 0.041112454655380895 0.13518518518518519
0 0.1354292623941959 0.7546296296296297 0.049576783555018135 0.16296296296296298
0 0.02871825876662636 0.6212962962962963 0.05380894800483676 0.1648148148148148
0 0.14026602176541716 0.7199074074074074 0.049576783555018135 0.16018518518518518
0 0.8095525997581621 0.30185185185185187 0.04232164449818621 0.13518518518518519
0 0.840689238210399 0.2912037037037037 0.03204353083434099 0.11018518518518519
0 0.24758162031438935 0.6069444444444444 0.04897218863361548 0.1675925925925926
0 0.21704957678355502 0.5888888888888889 0.04232164449818621 0.1685185185185185
0 0.35761789600967353 0.5893518518518519 0.034461910519951636 0.15092592592592594
0 0.21463119709794437 0.5226851851851851 0.044740024183796856 0.14907407407407408
0 0.21825876662636035 0.5 0.037484885126964934 0.13518518518518519
0 0.1807738814993954 0.4930555555555556 0.041112454655380895 0.1398148148148148
0 0.1889359129383313 0.45787037037037037 0.04171704957678356 0.14351851851851852
0 0.13935912938331319 0.48935185185185187 0.039298669891172915 0.14351851851851852
0 0.3603385731559855 0.1685185185185185 0.032648125755743655 0.12962962962962962
0 0.3814993954050786 0.1638888888888889 0.03143893591293833 0.12962962962962962
0 0.27327690447400244 0.39490740740740743 0.0471584038694075 0.14351851851851852
0 0.2617896009673519 0.4097222222222222 0.036275695284159616 0.1398148148148148
0 0.18923821039903266 0.9194444444444444 0.056831922611850064 0.1574074074074074
0 0.2998790810157195 0.7222222222222222 0.04232164449818621 0.15
0 0.42321644498186217 0.575 0.03506650544135429 0.14074074074074075
0 0.34159613059250304 0.6435185185185185 0.03990326481257558 0.15925925925925927
0 0.3431076178960097 0.6824074074074075 0.04171704957678356 0.1685185185185185
0 0.4135429262394196 0.6782407407407407 0.049576783555018135 0.14907407407407408
0 0.6324062877871826 0.7203703703703703 0.041112454655380895 0.15925925925925927
0 0.4325876662636034 0.4777777777777778 0.034461910519951636 0.14074074074074075
0 0.4229141475211608 0.45046296296296295 0.034461910519951636 0.13240740740740742
0 0.4159613059250302 0.5300925925925926 0.03869407496977025 0.15462962962962962
0 0.42503022974607013 0.5027777777777778 0.03143893591293833 0.14629629629629629
0 0.23337363966142685 0.562962962962963 0.037484885126964934 0.14074074074074075
0 0.2747883917775091 0.5425925925925926 0.039298669891172915 0.16296296296296298
0 0.2799274486094317 0.5907407407407408 0.03990326481257558 0.1685185185185185
0 0.5541112454655381 0.5351851851851852 0.044135429262394194 0.14629629629629629
0 0.2560459492140266 0.35462962962962963 0.04171704957678356 0.16296296296296298
0 0.5550181378476421 0.44027777777777777 0.03869407496977025 0.14351851851851852
0 0.281136638452237 0.34444444444444444 0.04232164449818621 0.15185185185185185
0 0.3996372430471584 0.40046296296296297 0.04232164449818621 0.14351851851851852
0 0.4023579201934704 0.3527777777777778 0.034461910519951636 0.12962962962962962
0 0.47762998790810157 0.5148148148148148 0.03506650544135429 0.15185185185185185
0 0.2720677146311971 0.30324074074074076 0.037484885126964934 0.14351851851851852
0 0.6934703748488513 0.9486111111111111 0.0592503022974607 0.10277777777777777
0 0.6641475211608222 0.950925925925926 0.046553808948004836 0.09814814814814815
