0 0.5317708333333333 0.4685185185185185 0.051041666666666666 0.1648148148148148
0 0.7333333333333333 0.3402777777777778 0.036458333333333336 0.1398148148148148
0 0.4859375 0.3541666666666667 0.034375 0.15462962962962962
0 0.46536458333333336 0.36018518518518516 0.03177083333333333 0.15185185185185185
0 0.3424479166666667 0.350462962962963 0.03177083333333333 0.14351851851851852
0 0.56171875 0.5435185185185185 0.044270833333333336 0.20185185185185187
0 0.5119791666666667 0.3453703703703704 0.028125 0.12037037037037036
0 0.4239583333333333 0.2759259259259259 0.030208333333333334 0.12407407407407407
0 0.39557291666666666 0.28425925925925927 0.025520833333333333 0.10925925925925926
0 0.4080729166666667 0.3236111111111111 0.027604166666666666 0.12314814814814815
0 0.584375 0.38981481481481484 0.036458333333333336 0.1648148148148148
0 0.10859375 0.5675925925925925 0.04010416666666667 0.1962962962962963
0 0.5942708333333333 0.4046296296296296 0.04791666666666667 0.1648148148148148
0 0.18020833333333333 0.425 0.04791666666666667 0.16296296296296298
0 0.171875 0.9546296296296296 0.07604166666666666 0.08888888888888889
0 0.06614583333333333 0.950925925925926 0.06666666666666667 0.09814814814814815
0 0.08125 0.8851851851851852 0.08333333333333333 0.22962962962962963
0 0.1453125 0.9453703703703704 0.06041666666666667 0.10925925925925926
0 0.19791666666666666 0.736574074074074 0.06041666666666667 0.2638888888888889
0 0.3026041666666667 0.8055555555555556 0.07395833333333333 0.3277777777777778
0 0.27239583333333334 0.6666666666666666 0.05416666666666667 0.22407407407407406
0 0.3260416666666667 0.6680555555555555 0.05416666666666667 0.1935185185185185
0 0.24453125 0.4546296296296296 0.03802083333333333 0.17407407407407408
0 0.050520833333333334 0.7587962962962963 0.071875 0.30462962962962964
0 0.20755208333333333 0.6509259259259259 0.04635416666666667 0.21296296296296297
0 0.6158854166666666 0.48055555555555557 0.0421875 0.1814814814814815
0 0.86796875 0.5069444444444444 0.0484375 0.20833333333333334
0 0.76171875 0.44722222222222224 0.044270833333333336 0.1685185185185185
0 0.728125 0.4449074074074074 0.036458333333333336 0.16018518518518518
0 0.7447916666666666 0.5185185185185185 0.05520833333333333 0.2111111111111111
0 0.7908854166666667 0.47638888888888886 0.034895833333333334 0.1824074074074074
0 0.5348958333333333 0.3476851851851852 0.028125 0.14722222222222223
0 0.459375 0.3314814814814815 0.029166666666666667 0.13518518518518519
0 0.56015625 0.3384259259259259 0.033854166666666664 0.14907407407407408
0 0.32760416666666664 0.4300925925925926 0.03958333333333333 0.19537037037037036
0 0.5395833333333333 0.4078703703703704 0.03229166666666667 0.14907407407407408
0 0.5223958333333333 0.4300925925925926 0.03229166666666667 0.15648148148148147
0 0.5848958333333333 0.8865740740740741 0.09166666666666666 0.22870370370370371
0 0.9361979166666666 0.586574074074074 0.05260416666666667 0.2101851851851852
0 0.41302083333333334 0.44027777777777777 0.0375 0.1675925925925926
0 0.41171875 0.4 0.033854166666666664 0.15925925925925927
0 0.38671875 0.4050925925925926 0.0390625 0.17314814814814813
0 0.44583333333333336 0.3907407407407407 0.040625 0.1648148148148148
