0 0.3546462063086104 0.9477272727272728 0.057971014492753624 0.10681818181818181
0 0.42625745950554134 0.9886363636363636 0.03751065643648764 0.025
0 0.3674339300937766 0.8795454545454545 0.05115089514066496 0.14545454545454545
0 0.4475703324808184 0.8823863636363637 0.04603580562659847 0.1534090909090909
0 0.24893435635123615 0.8340909090909091 0.04603580562659847 0.15
0 0.29923273657289 0.8267045454545454 0.0494458653026428 0.15795454545454546
0 0.10358056265984655 0.5755681818181818 0.04688832054560955 0.13522727272727272
0 0.04049445865302643 0.6414772727272727 0.045183290707587385 0.14659090909090908
0 0.5098039215686274 0.9772727272727273 0.03751065643648764 0.04772727272727273
0 0.5473145780051151 0.9585227272727272 0.042625745950554135 0.08295454545454546
0 0.4514066496163683 0.7602272727272728 0.04859335038363171 0.15227272727272728
0 0.4083546462063086 0.7596590909090909 0.05456095481670929 0.15795454545454546
0 0.09249786871270248 0.5136363636363637 0.04688832054560955 0.12954545454545455
0 0.14194373401534527 0.5159090909090909 0.04688832054560955 0.1318181818181818
0 0.17647058823529413 0.5102272727272728 0.03751065643648764 0.1159090909090909
0 0.35080988917306055 0.7369318181818182 0.05370843989769821 0.14886363636363636
0 0.6014492753623188 0.7727272727272727 0.0639386189258312 0.1590909090909091
0 0.6483375959079284 0.7568181818181818 0.04688832054560955 0.14545454545454545
0 0.4957374254049446 0.6727272727272727 0.05200341005967604 0.1431818181818182
0 0.5294117647058824 0.5909090909090909 0.042625745950554135 0.1340909090909091
0 0.40878090366581415 0.5153409090909091 0.041773231031543054 0.1125
0 0.44884910485933505 0.5170454545454546 0.041773231031543054 0.12727272727272726
0 0.32225063938618925 0.47556818181818183 0.03580562659846547 0.11931818181818182
0 0.28815004262574595 0.45795454545454545 0.04092071611253197 0.12045454545454545
0 0.26555839727195224 0.4818181818181818 0.05029838022165388 0.12045454545454545
0 0.17689684569479966 0.46704545454545454 0.03836317135549872 0.12045454545454545
0 0.41304347826086957 0.4431818181818182 0.03324808184143223 0.11136363636363636
0 0.44501278772378516 0.44772727272727275 0.042625745950554135 0.1159090909090909
0 0.3635976129582268 0.5340909090909091 0.045183290707587385 0.1340909090909091
0 0.40494458653026427 0.35909090909090907 0.042625745950554135 0.11136363636363636
0 0.27365728900255754 0.3477272727272727 0.03410059676044331 0.1159090909090909
0 0.3013640238704177 0.35113636363636364 0.04688832054560955 0.11136363636363636
0 0.8533674339300937 0.7869318181818182 0.042625745950554135 0.13068181818181818
0 0.9147485080988917 0.6357954545454545 0.0443307757885763 0.1215909090909091
0 0.7617220801364024 0.4 0.041773231031543054 0.12954545454545455
0 0.5541346973572038 0.5977272727272728 0.042625745950554135 0.12045454545454545
0 0.38448422847399827 0.30170454545454545 0.03751065643648764 0.11022727272727273
0 0.35805626598465473 0.3028409090909091 0.0392156862745098 0.11704545454545455
0 0.9224211423699915 0.20795454545454545 0.03239556692242114 0.10454545454545454
0 0.8316283034953111 0.55625 0.04688832054560955 0.11931818181818182
0 0.8533674339300937 0.6227272727272727 0.04774083546462063 0.1340909090909091
0 0.8989769820971867 0.5511363636363636 0.045183290707587385 0.125
0 0.5839727195225917 0.5045454545454545 0.0392156862745098 0.125
0 0.4658994032395567 0.35965909090909093 0.041773231031543054 0.1215909090909091
0 0.4982949701619778 0.36022727272727273 0.041773231031543054 0.12045454545454545
0 0.4906223358908781 0.48579545454545453 0.043478260869565216 0.10340909090909091
0 0.014066496163682864 0.6352272727272728 0.026427962489343565 0.13636363636363635
0 0.8329070758738278 0.23636363636363636 0.0392156862745098 0.10454545454545454
0 0.2514919011082694 0.9738636363636364 0.05456095481670929 0.05454545454545454
0 0.16112531969309463 0.9409090909090909 0.04603580562659847 0.12045454545454545
0 0.19650468883205457 0.9431818181818182 0.043478260869565216 0.1159090909090909
0 0.8371696504688833 0.09375 0.03580562659846547 0.10795454545454546
0 0.8260869565217391 0.11136363636363636 0.03239556692242114 0.09090909090909091
0 0.9381926683716965 0.019886363636363636 0.03154305200341006 0.0375
0 0.8895993179880648 0.02159090909090909 0.03154305200341006 0.04090909090909091
0 0.8631713554987213 0.020454545454545454 0.028132992327365727 0.038636363636363635
0 0.7280477408354646 0.22272727272727272 0.03580562659846547 0.11363636363636363
0 0.7212276214833759 0.26420454545454547 0.0392156862745098 0.09431818181818181
0 0.7280477408354646 0.33636363636363636 0.03410059676044331 0.09545454545454546
0 0.782608695652174 0.33352272727272725 0.0392156862745098 0.11477272727272728
0 0.59846547314578 0.21022727272727273 0.0392156862745098 0.09772727272727273
0 0.5601023017902813 0.2056818181818182 0.03410059676044331 0.10454545454545454
0 0.5174765558397272 0.12045454545454545 0.027280477408354646 0.09090909090909091
0 0.3934356351236147 0.8585227272727273 0.05711849957374254 0.16477272727272727
0 0.8793691389599319 0.16022727272727272 0.03495311167945439 0.09772727272727273
0 0.7446717817561808 0.36704545454545456 0.028132992327365727 0.08409090909090909
0 0.8226768968456948 0.1625 0.042625745950554135 0.11136363636363636
0 0.7898550724637681 0.20170454545454544 0.041773231031543054 0.09659090909090909
0 0.8857630008525149 0.16818181818181818 0.03751065643648764 0.08863636363636364
0 0.13640238704177324 0.96875 0.04603580562659847 0.06477272727272727
0 0.73231031543052 0.6142045454545455 0.04603580562659847 0.1215909090909091
0 0.7502131287297528 0.5965909090909091 0.0392156862745098 0.12045454545454545
0 0.7770673486786018 0.5869318181818182 0.041773231031543054 0.1375
0 0.38491048593350385 0.9789772727272728 0.040068201193520885 0.042045454545454546
0 0.5302642796248934 0.5119318181818182 0.0392156862745098 0.12840909090909092
0 0.5613810741687979 0.5153409090909091 0.04688832054560955 0.12840909090909092
0 0.7463768115942029 0.45340909090909093 0.05029838022165388 0.12954545454545455
0 0.7702472293265132 0.3715909090909091 0.04688832054560955 0.12954545454545455
0 0.7996589940323956 0.37613636363636366 0.03751065643648764 0.09772727272727273
0 0.6057118499573743 0.2875 0.041773231031543054 0.11136363636363636
0 0.32225063938618925 0.03920454545454546 0.028985507246376812 0.07613636363636364
0 0.5311167945439045 0.21022727272727273 0.042625745950554135 0.1159090909090909
0 0.41261722080136404 0.22272727272727272 0.028985507246376812 0.08409090909090909
0 0.42838874680306904 0.225 0.03665814151747655 0.10681818181818181
0 0.4855072463768116 0.12215909090909091 0.041773231031543054 0.10113636363636364
0 0.5281329923273658 0.18977272727272726 0.03665814151747655 0.1159090909090909
0 0.3589087809036658 0.028977272727272727 0.03239556692242114 0.05568181818181818
0 0.11636828644501279 0.45 0.040068201193520885 0.1159090909090909
0 0.37595907928388744 0.014772727272727272 0.03410059676044331 0.02727272727272727
0 0.5042625745950554 0.03295454545454545 0.03495311167945439 0.06363636363636363
0 0.8393009377664109 0.15170454545454545 0.03836317135549872 0.09886363636363636
0 0.5622335890878091 0.17613636363636365 0.03495311167945439 0.11136363636363636
0 0.8537936913895993 0.9017045454545455 0.05029838022165388 0.15568181818181817
0 0.8947144075021313 0.7863636363636364 0.05711849957374254 0.15227272727272728
0 0.02514919011082694 0.7477272727272727 0.04859335038363171 0.14545454545454545
0 0.2557544757033248 0.5926136363636364 0.03751065643648764 0.13068181818181818
0 0.4236999147485081 0.5971590909090909 0.04774083546462063 0.13977272727272727
0 0.453537936913896 0.5971590909090909 0.04092071611253197 0.13068181818181818
0 0.566069906223359 0.5835227272727272 0.042625745950554135 0.13295454545454546
0 0.14492753623188406 0.4636363636363636 0.04092071611253197 0.125
0 0.23358908780903667 0.4431818181818182 0.042625745950554135 0.11136363636363636
0 0.8252344416027281 0.6857954545454545 0.056265984654731455 0.1534090909090909
0 0.7975277067348678 0.5607954545454545 0.04688832054560955 0.14204545454545456
0 0.8337595907928389 0.49318181818181817 0.042625745950554135 0.13863636363636364
0 0.8627450980392157 0.4914772727272727 0.04092071611253197 0.13068181818181818
0 0.8358908780903666 0.4346590909090909 0.04688832054560955 0.11704545454545455
0 0.8537936913895993 0.29545454545454547 0.03324808184143223 0.11136363636363636
0 0.1445012787723785 0.31079545454545454 0.05029838022165388 0.10568181818181818
0 0.1547314578005115 0.3573863636363636 0.03665814151747655 0.11477272727272728
0 0.09505541346973571 0.35 0.03324808184143223 0.11136363636363636
0 0.11679454390451834 0.3653409090909091 0.03239556692242114 0.10113636363636364
0 0.059676044330775786 0.3744318181818182 0.042625745950554135 0.12613636363636363
0 0.5285592497868713 0.48409090909090907 0.042625745950554135 0.1340909090909091
0 0.1155157715260017 0.26931818181818185 0.03665814151747655 0.10681818181818181
0 0.2531969309462916 0.17045454545454544 0.03580562659846547 0.10454545454545454
0 0.27365728900255754 0.2852272727272727 0.0392156862745098 0.10681818181818181
0 0.008098891730605285 0.1693181818181818 0.014492753623188406 0.09318181818181819
0 0.49744245524296676 0.325 0.03324808184143223 0.1159090909090909
0 0.4812446717817562 0.24829545454545454 0.03324808184143223 0.09886363636363636
0 0.026427962489343565 0.16079545454545455 0.04092071611253197 0.11022727272727273
0 0.40664961636828645 0.175 0.03751065643648764 0.10227272727272728
0 0.13469735720375106 0.26590909090909093 0.03410059676044331 0.1
0 0.16751918158567775 0.23522727272727273 0.03836317135549872 0.12045454545454545
0 0.17604433077578857 0.27329545454545456 0.03324808184143223 0.10568181818181818
0 0.2050298380221654 0.20170454545454544 0.03836317135549872 0.10795454545454546
0 0.30775788576300084 0.30511363636363636 0.05285592497868713 0.11022727272727273
0 0.2361466325660699 0.2034090909090909 0.03580562659846547 0.10454545454545454
0 0.5063938618925832 0.07272727272727272 0.04092071611253197 0.08409090909090909
0 0.4497016197783461 0.3159090909090909 0.041773231031543054 0.12045454545454545
0 0.05711849957374254 0.15056818181818182 0.03751065643648764 0.0875
0 0.46078431372549017 0.24488636363636362 0.03665814151747655 0.11022727272727273
0 0.008098891730605285 0.10340909090909091 0.014492753623188406 0.09545454545454546
0 0.06308610400682012 0.12670454545454546 0.03239556692242114 0.0875
0 0.08439897698209718 0.12840909090909092 0.030690537084398978 0.09090909090909091
0 0.021312872975277068 0.1125 0.027280477408354646 0.07954545454545454
0 0.04390451832907076 0.11477272727272728 0.03495311167945439 0.09090909090909091
0 0.45822676896845693 0.2215909090909091 0.03324808184143223 0.11136363636363636
0 0.5460358056265985 0.2681818181818182 0.04688832054560955 0.12045454545454545
0 0.43648763853367434 0.1715909090909091 0.03751065643648764 0.11136363636363636
0 0.29965899403239554 0.06761363636363636 0.040068201193520885 0.0875
0 0.5093776641091219 0.15 0.03324808184143223 0.09772727272727273
0 0.26982097186700765 0.18579545454545454 0.040068201193520885 0.09886363636363636
0 0.35208866155157714 0.12272727272727273 0.03751065643648764 0.10681818181818181
0 0.4032395566922421 0.07045454545454545 0.03239556692242114 0.08636363636363636
0 0.23870417732310314 0.03806818181818182 0.03410059676044331 0.07386363636363637
0 0.43265132139812446 0.07443181818181818 0.03665814151747655 0.09659090909090909
0 0.47144075021312876 0.13068181818181818 0.0392156862745098 0.11136363636363636
0 0.48721227621483376 0.15170454545454545 0.03665814151747655 0.10113636363636364
0 0.484228473998295 0.06875 0.03580562659846547 0.10113636363636364
0 0.45225916453537934 0.07670454545454546 0.03324808184143223 0.08522727272727272
0 0.4198635976129582 0.03465909090909091 0.028132992327365727 0.06704545454545455
0 0.5396419437340153 0.03295454545454545 0.03410059676044331 0.06363636363636363
0 0.9211423699914748 0.15 0.03495311167945439 0.10454545454545454
0 0.9002557544757033 0.08636363636363636 0.028985507246376812 0.08409090909090909
0 0.8806479113384484 0.26136363636363635 0.042625745950554135 0.10681818181818181
0 0.8704177323103154 0.08352272727272728 0.03410059676044331 0.09431818181818181
0 0.8601875532821824 0.24545454545454545 0.042625745950554135 0.11136363636363636
0 0.8572037510656436 0.2636363636363636 0.03495311167945439 0.10681818181818181
0 0.5451832907075874 0.55 0.05541346973572037 0.1340909090909091
0 0.8729752770673487 0.6886363636363636 0.059676044330775786 0.15
0 0.1888320545609548 0.23636363636363636 0.041773231031543054 0.10681818181818181
0 0.4744245524296675 0.23352272727272727 0.03324808184143223 0.10568181818181818
0 0.4057971014492754 0.30170454545454545 0.042625745950554135 0.11022727272727273
0 0.525149190110827 0.6897727272727273 0.05285592497868713 0.1409090909090909
0 0.4948849104859335 0.23238636363636364 0.03324808184143223 0.09886363636363636
0 0.4629156010230179 0.27102272727272725 0.04092071611253197 0.10340909090909091
0 0.46504688832054564 0.048863636363636366 0.03154305200341006 0.08636363636363636
0 0.008098891730605285 0.025 0.014492753623188406 0.04772727272727273
0 0.1606990622335891 0.3721590909090909 0.03495311167945439 0.09886363636363636
