0 0.17476555839727195 0.4636363636363636 0.0392156862745098 0.12727272727272726
0 0.9057971014492754 0.24204545454545454 0.03324808184143223 0.09318181818181819
0 0.13043478260869565 0.4460227272727273 0.03410059676044331 0.12840909090909092
0 0.5132139812446718 0.5068181818181818 0.05456095481670929 0.12954545454545455
0 0.4134697357203751 0.2125 0.03239556692242114 0.10227272727272728
0 0.8478260869565217 0.4318181818181818 0.03665814151747655 0.125
0 0.7659846547314578 0.40852272727272726 0.03324808184143223 0.10568181818181818
0 0.7566069906223359 0.4340909090909091 0.03836317135549872 0.1159090909090909
0 0.809462915601023 0.4193181818181818 0.03324808184143223 0.1159090909090909
0 0.7971014492753623 0.42613636363636365 0.03751065643648764 0.12045454545454545
0 0.7838874680306905 0.4642045454545455 0.040068201193520885 0.1215909090909091
0 0.7054560954816709 0.6221590909090909 0.04688832054560955 0.12613636363636363
0 0.921994884910486 0.6715909090909091 0.041773231031543054 0.13863636363636364
0 0.6253196930946292 0.7988636363636363 0.041773231031543054 0.1431818181818182
0 0.8341858482523444 0.18238636363636362 0.03154305200341006 0.10340909090909091
0 0.8486786018755328 0.03920454545454546 0.0247229326513214 0.07613636363636364
0 0.9450127877237852 0.02784090909090909 0.03154305200341006 0.053409090909090906
0 0.08482523444160273 0.08977272727272727 0.0247229326513214 0.09545454545454546
0 0.10358056265984655 0.08295454545454546 0.028132992327365727 0.09090909090909091
0 0.17476555839727195 0.08806818181818182 0.02557544757033248 0.08977272727272727
0 0.505541346973572 0.11761363636363636 0.030690537084398978 0.09659090909090909
0 0.4117647058823529 0.1159090909090909 0.03239556692242114 0.08636363636363636
0 0.3887468030690537 0.08977272727272727 0.028985507246376812 0.08863636363636364
0 0.48891730605285594 0.06477272727272727 0.028132992327365727 0.08636363636363636
0 0.23529411764705882 0.03465909090909091 0.027280477408354646 0.06704545454545455
0 0.43861892583120204 0.10909090909090909 0.03495311167945439 0.09318181818181819
0 0.46035805626598464 0.12727272727272726 0.023870417732310314 0.06363636363636363
0 0.2591645353793691 0.038636363636363635 0.028985507246376812 0.075
0 0.2796248934356351 0.03579545454545455 0.027280477408354646 0.06931818181818182
0 0.30861040068201195 0.053409090909090906 0.028985507246376812 0.09090909090909091
0 0.3316283034953112 0.07556818181818181 0.028985507246376812 0.09659090909090909
0 0.3533674339300938 0.07840909090909091 0.028132992327365727 0.08409090909090909
0 0.30477408354646207 0.023863636363636365 0.03154305200341006 0.045454545454545456
0 0.3495311167945439 0.0125 0.028985507246376812 0.022727272727272728
0 0.45481670929241264 0.05795454545454545 0.03154305200341006 0.09090909090909091
0 0.4219948849104859 0.033522727272727273 0.028985507246376812 0.06477272727272727
0 0.46248934356351235 0.0375 0.028132992327365727 0.07272727272727272
0 0.4876385336743393 0.03636363636363636 0.028985507246376812 0.0659090909090909
0 0.5451832907075874 0.5289772727272727 0.03154305200341006 0.08068181818181819
0 0.5562659846547314 0.5767045454545454 0.043478260869565216 0.13068181818181818
0 0.3410059676044331 0.011363636363636364 0.030690537084398978 0.020454545454545454
0 0.5200341005967605 0.02215909090909091 0.028985507246376812 0.042045454545454546
0 0.6764705882352942 0.9511363636363637 0.05029838022165388 0.09772727272727273
0 0.14279624893435636 0.3625 0.03495311167945439 0.11363636363636363
0 0.4121909633418585 0.2431818181818182 0.03495311167945439 0.11136363636363636
0 0.26555839727195224 0.6113636363636363 0.041773231031543054 0.1409090909090909
0 0.7740835464620631 0.5119318181818182 0.03751065643648764 0.11931818181818182
0 0.23657289002557544 0.9835227272727273 0.043478260869565216 0.035227272727272725
0 0.12105711849957375 0.959659090909091 0.04774083546462063 0.08068181818181819
0 0.16197783461210571 0.9556818181818182 0.04603580562659847 0.08863636363636364
0 0.42497868712702475 0.4590909090909091 0.03324808184143223 0.10227272727272728
0 0.6815856777493606 0.36363636363636365 0.03665814151747655 0.10681818181818181
0 0.39300937766410915 0.45227272727272727 0.03410059676044331 0.11136363636363636
0 0.3115942028985507 0.37329545454545454 0.040068201193520885 0.11477272727272728
0 0.7962489343563512 0.6238636363636364 0.04603580562659847 0.12954545454545455
0 0.9398976982097187 0.8357954545454546 0.04859335038363171 0.1375
0 0.9194373401534527 0.8607954545454546 0.05029838022165388 0.14659090909090908
0 0.8145780051150895 0.5159090909090909 0.03665814151747655 0.12727272727272726
0 0.6632566069906224 0.6568181818181819 0.03751065643648764 0.12954545454545455
0 0.3145780051150895 0.4914772727272727 0.04092071611253197 0.1215909090909091
0 0.3729752770673487 0.44431818181818183 0.03665814151747655 0.11363636363636363
0 0.6930946291560103 0.678409090909091 0.04092071611253197 0.13863636363636364
0 0.1104006820119352 0.22386363636363638 0.029838022165387893 0.09318181818181819
0 0.7519181585677749 0.6295454545454545 0.042625745950554135 0.13863636363636364
0 0.03239556692242114 0.5505681818181818 0.042625745950554135 0.11477272727272728
0 0.059676044330775786 0.5551136363636363 0.0443307757885763 0.12613636363636363
0 0.489769820971867 0.5818181818181818 0.04688832054560955 0.12954545454545455
0 0.5247229326513214 0.5965909090909091 0.04688832054560955 0.125
0 0.06606990622335891 0.32670454545454547 0.03324808184143223 0.09431818181818181
0 0.0814151747655584 0.32727272727272727 0.05200341005967604 0.10909090909090909
0 0.02557544757033248 0.8914772727272727 0.0494458653026428 0.15113636363636362
0 0.06606990622335891 0.7744318181818182 0.045183290707587385 0.1534090909090909
0 0.3171355498721228 0.3221590909090909 0.04092071611253197 0.11022727272727273
0 0.38832054560954815 0.25 0.028132992327365727 0.10227272727272728
0 0.2659846547314578 0.2096590909090909 0.028985507246376812 0.07386363636363637
0 0.13128729752770674 0.2125 0.028985507246376812 0.10227272727272728
0 0.16325660699062233 0.21818181818181817 0.028132992327365727 0.09318181818181819
0 0.45481670929241264 0.2318181818181818 0.03324808184143223 0.09772727272727273
0 0.4876385336743393 0.23352272727272727 0.03239556692242114 0.08977272727272727
0 0.05583972719522592 0.12215909090909091 0.03324808184143223 0.09659090909090909
0 0.13725490196078433 0.07443181818181818 0.030690537084398978 0.0875
0 0.236999147485081 0.19090909090909092 0.028985507246376812 0.09318181818181819
0 0.24680306905370844 0.21306818181818182 0.0247229326513214 0.06477272727272727
0 0.6295822676896846 0.7619318181818182 0.04688832054560955 0.14886363636363636
0 0.8320545609548167 0.7670454545454546 0.04774083546462063 0.15
0 0.7472293265132139 0.8818181818181818 0.041773231031543054 0.1590909090909091
0 0.7830349531116795 0.8710227272727272 0.04688832054560955 0.1625
0 0.41091219096334186 0.9244318181818182 0.04603580562659847 0.13977272727272727
0 0.6768968456947997 0.7892045454545454 0.04092071611253197 0.1375
0 0.7169650468883205 0.8863636363636364 0.04774083546462063 0.14772727272727273
0 0.7949701619778347 0.7784090909090909 0.04688832054560955 0.1431818181818182
0 0.32011935208866155 0.44829545454545455 0.029838022165387893 0.0875
0 0.2932651321398124 0.4329545454545455 0.03410059676044331 0.11136363636363636
0 0.2651321398124467 0.41647727272727275 0.03751065643648764 0.12613636363636363
0 0.8618925831202046 0.14204545454545456 0.03410059676044331 0.09318181818181819
0 0.7583120204603581 0.5295454545454545 0.03324808184143223 0.08409090909090909
0 0.6977834612105712 0.8102272727272727 0.04688832054560955 0.15227272727272728
0 0.15132139812446718 0.1744318181818182 0.03324808184143223 0.09204545454545454
0 0.014066496163682864 0.9323863636363636 0.026427962489343565 0.1375
0 0.3908780903665814 0.6829545454545455 0.04688832054560955 0.14772727272727273
0 0.5268542199488491 0.8926136363636363 0.056265984654731455 0.16022727272727272
0 0.5686274509803921 0.8875 0.042625745950554135 0.13863636363636364
0 0.2988064791133845 0.6238636363636364 0.041773231031543054 0.12045454545454545
0 0.5477408354646206 0.821590909090909 0.05029838022165388 0.13863636363636364
0 0.35507246376811596 0.4903409090909091 0.040068201193520885 0.11931818181818182
0 0.44799658994032393 0.4994318181818182 0.041773231031543054 0.11477272727272728
0 0.4701619778346121 0.8335227272727272 0.05541346973572037 0.1375
0 0.4978687127024723 0.9488636363636364 0.04603580562659847 0.10227272727272728
0 0.3878942881500426 0.8829545454545454 0.04092071611253197 0.14772727272727273
0 0.43648763853367434 0.8829545454545454 0.056265984654731455 0.15227272727272728
0 0.4599317988064791 0.9511363636363637 0.04688832054560955 0.1
0 0.42710997442455245 0.8301136363636363 0.056265984654731455 0.15113636363636362
0 0.48294970161977835 0.8909090909090909 0.05029838022165388 0.1340909090909091
0 0.5831202046035806 0.8301136363636363 0.04092071611253197 0.15113636363636362
0 0.9181585677749361 0.9392045454545455 0.03751065643648764 0.1215909090909091
0 0.886615515771526 0.9295454545454546 0.05115089514066496 0.1409090909090909
0 0.3981244671781756 0.65 0.04092071611253197 0.125
