0 0.7599758162031439 0.9078703703703703 0.0471584038694075 0.1638888888888889
0 0.8013905683192262 0.9606481481481481 0.04534461910519952 0.08055555555555556
0 0.3875453446191052 0.5532407407407407 0.037484885126964934 0.14907407407407408
0 0.24879081015719468 0.337037037037037 0.042926239419588876 0.14629629629629629
0 0.0782950423216445 0.4861111111111111 0.04171704957678356 0.15
0 0.040810157194679564 0.7615740740740741 0.058645707376058044 0.16944444444444445
0 0.10701330108827085 0.40555555555555556 0.03990326481257558 0.14444444444444443
0 0.10217654171704958 0.46296296296296297 0.041112454655380895 0.14629629629629629
0 0.8573155985489722 0.37083333333333335 0.04353083434099154 0.13240740740740742
0 0.8582224909310762 0.35324074074074074 0.04171704957678356 0.1287037037037037
0 0.28053204353083433 0.6675925925925926 0.044740024183796856 0.16296296296296298
0 0.3041112454655381 0.6365740740740741 0.03990326481257558 0.15092592592592594
0 0.3814993954050786 0.6398148148148148 0.03506650544135429 0.13703703703703704
0 0.7602781136638452 0.9606481481481481 0.039298669891172915 0.08055555555555556
0 0.599758162031439 0.9513888888888888 0.049576783555018135 0.09722222222222222
0 0.2327690447400242 0.5805555555555556 0.03385731559854897 0.14629629629629629
0 0.24365175332527206 0.5527777777777778 0.036275695284159616 0.13148148148148148
0 0.1989117291414752 0.5578703703703703 0.036275695284159616 0.13796296296296295
0 0.20707376058041113 0.5199074074074074 0.044135429262394194 0.14907407407407408
0 0.16928657799274485 0.538425925925926 0.04353083434099154 0.15648148148148147
0 0.38331318016928656 0.2263888888888889 0.032648125755743655 0.1287037037037037
0 0.405683192261185 0.23148148148148148 0.03143893591293833 0.13148148148148148
0 0.7155380894800484 0.37824074074074077 0.046553808948004836 0.12129629629629629
0 0.750906892382104 0.38796296296296295 0.041112454655380895 0.13518518518518519
0 0.27055622732769047 0.375 0.047762998790810154 0.14074074074074075
0 0.2457678355501814 0.3875 0.03325272067714631 0.1527777777777778
0 0.9894195888754534 0.7787037037037037 0.01995163240628779 0.13148148148148148
0 0.3672914147521161 0.9680555555555556 0.044135429262394194 0.06574074074074074
0 0.4848851269649335 0.45740740740740743 0.03869407496977025 0.14074074074074075
0 0.3186215235792019 0.7726851851851851 0.049576783555018135 0.1675925925925926
0 0.963422007255139 0.7898148148148149 0.044135429262394194 0.15185185185185185
0 0.4567714631197098 0.38935185185185184 0.04171704957678356 0.1398148148148148
0 0.35399032648125756 0.47314814814814815 0.03688029020556227 0.12962962962962962
0 0.3573155985489722 0.6703703703703704 0.05199516324062878 0.16296296296296298
0 0.5012091898428053 0.5819444444444445 0.03143893591293833 0.14351851851851852
0 0.3633615477629988 0.6981481481481482 0.032648125755743655 0.1574074074074074
0 0.3808948004836759 0.7273148148148149 0.04353083434099154 0.1712962962962963
0 0.5894800483675937 0.612037037037037 0.04232164449818621 0.1574074074074074
0 0.629081015719468 0.6351851851851852 0.044135429262394194 0.1648148148148148
0 0.4398428053204353 0.7310185185185185 0.044135429262394194 0.14537037037037037
0 0.6801692865779927 0.7171296296296297 0.05199516324062878 0.13796296296296295
0 0.4906287787182588 0.42962962962962964 0.03688029020556227 0.14074074074074075
0 0.466142684401451 0.5282407407407408 0.03869407496977025 0.1361111111111111
0 0.4573760580411125 0.49444444444444446 0.04897218863361548 0.10740740740740741
0 0.5078597339782346 0.5560185185185185 0.044740024183796856 0.15648148148148147
0 0.533857315598549 0.5824074074074074 0.04232164449818621 0.16111111111111112
0 0.530229746070133 0.6361111111111111 0.04232164449818621 0.10925925925925926
0 0.4362152357920194 0.03657407407407407 0.02720677146311971 0.0712962962962963
0 0.40538089480048367 0.04537037037037037 0.035671100362756954 0.08888888888888889
0 0.3827085852478839 0.9050925925925926 0.05199516324062878 0.1787037037037037
0 0.7648125755743652 0.7069444444444445 0.05199516324062878 0.16574074074074074
0 0.3908706166868198 0.9425925925925925 0.042926239419588876 0.11666666666666667
0 0.9416565900846433 0.5689814814814815 0.042926239419588876 0.1398148148148148
0 0.7128174123337364 0.7291666666666666 0.04353083434099154 0.16203703703703703
0 0.7478839177750907 0.7467592592592592 0.04353083434099154 0.15462962962962962
0 0.9108222490931076 0.5722222222222222 0.05501813784764208 0.1574074074074074
0 0.9156590084643289 0.775 0.044135429262394194 0.17037037037037037
0 0.7629987908101572 0.7986111111111112 0.04353083434099154 0.1787037037037037
0 0.9676541717049577 0.15555555555555556 0.03204353083434099 0.10555555555555556
0 0.875453446191052 0.8027777777777778 0.05562273276904474 0.17407407407407408
0 0.9461910519951633 0.825 0.0471584038694075 0.16296296296296298
0 0.8923821039903265 0.9819444444444444 0.041112454655380895 0.03796296296296296
0 0.846130592503023 0.9888888888888889 0.039298669891172915 0.024074074074074074
0 0.5928053204353083 0.8092592592592592 0.04534461910519952 0.16111111111111112
0 0.5456469165659008 0.8310185185185185 0.044135429262394194 0.14351851851851852
0 0.6729141475211609 0.5703703703703704 0.0471584038694075 0.15185185185185185
0 0.6596130592503023 0.5976851851851852 0.03506650544135429 0.14351851851851852
0 0.4322853688029021 0.5884259259259259 0.03506650544135429 0.15092592592592594
0 0.46735187424425634 0.5837962962962963 0.036275695284159616 0.14907407407407408
0 0.21856106408706166 0.6611111111111111 0.044135429262394194 0.1648148148148148
0 0.13452237001209189 0.5009259259259259 0.04534461910519952 0.14444444444444443
0 0.13935912938331319 0.737037037037037 0.046553808948004836 0.1685185185185185
0 0.5386940749697703 0.6837962962962963 0.04232164449818621 0.16574074074074074
0 0.5695284159613059 0.6902777777777778 0.04836759371221282 0.16018518518518518
0 0.1396614268440145 0.4787037037037037 0.03990326481257558 0.14074074074074075
0 0.22642079806529625 0.21481481481481482 0.03325272067714631 0.12037037037037036
0 0.2590689238210399 0.2050925925925926 0.042926239419588876 0.1361111111111111
0 0.977932285368803 0.14166666666666666 0.03325272067714631 0.12222222222222222
0 0.9434703748488513 0.1550925925925926 0.0380894800483676 0.13425925925925927
0 0.9522370012091899 0.12962962962962962 0.03506650544135429 0.11666666666666667
0 0.9785368802902056 0.5555555555555556 0.04171704957678356 0.15185185185185185
0 0.9800483675937122 0.575 0.03143893591293833 0.15
0 0.007557436517533253 0.8847222222222222 0.013905683192261185 0.1675925925925926
0 0.651148730350665 0.9694444444444444 0.045949214026602174 0.06111111111111111
0 0.8143893591293833 0.4199074074074074 0.04353083434099154 0.14907407407407408
0 0.786577992744861 0.4166666666666667 0.037484885126964934 0.13703703703703704
0 0.8004836759371221 0.6884259259259259 0.049576783555018135 0.17314814814814813
0 0.24909310761789602 0.6277777777777778 0.04353083434099154 0.13148148148148148
0 0.2717654171704958 0.5916666666666667 0.0501813784764208 0.15925925925925927
0 0.2953446191051995 0.6189814814814815 0.046553808948004836 0.16018518518518518
0 0.1798669891172914 0.42685185185185187 0.0380894800483676 0.12962962962962962
0 0.03083434099153567 0.4 0.04232164449818621 0.14629629629629629
0 0.0471584038694075 0.38425925925925924 0.037484885126964934 0.12962962962962962
0 0.19437726723095525 0.3990740740740741 0.044135429262394194 0.1388888888888889
0 0.3388754534461911 0.2824074074074074 0.0380894800483676 0.13333333333333333
0 0.33615477629987905 0.2638888888888889 0.05199516324062878 0.14074074074074075
0 0.12273276904474002 0.5412037037037037 0.036275695284159616 0.14351851851851852
0 0.906590084643289 0.8407407407407408 0.047762998790810154 0.1425925925925926
0 0.7968561064087062 0.8050925925925926 0.05078597339782346 0.15092592592592594
0 0.8857315598548973 0.7138888888888889 0.05078597339782346 0.16666666666666666
0 0.10217654171704958 0.5106481481481482 0.041112454655380895 0.16203703703703703
0 0.8358524788391778 0.7023148148148148 0.04897218863361548 0.1675925925925926
0 0.8669891172914147 0.5518518518518518 0.06529625151148731 0.17777777777777778
0 0.5689238210399032 0.20277777777777778 0.03990326481257558 0.13703703703703704
0 0.5374848851269649 0.2111111111111111 0.03506650544135429 0.14444444444444443
0 0.5187424425634825 0.2125 0.03506650544135429 0.13796296296296295
0 0.805925030229746 0.4787037037037037 0.041112454655380895 0.15555555555555556
0 0.7636033857315598 0.47824074074074074 0.05441354292623942 0.14351851851851852
0 0.6901451027811366 0.38935185185185184 0.046553808948004836 0.13425925925925927
0 0.6532648125755743 0.38333333333333336 0.04897218863361548 0.15555555555555556
0 0.651148730350665 0.44722222222222224 0.04836759371221282 0.15185185185185185
0 0.4821644498186215 0.08703703703703704 0.03325272067714631 0.12222222222222222
0 0.18954050785973398 0.2916666666666667 0.05259975816203144 0.16296296296296298
0 0.33615477629987905 0.2101851851851852 0.04836759371221282 0.14444444444444443
0 0.06771463119709795 0.2763888888888889 0.041112454655380895 0.13796296296296295
0 0.03688029020556227 0.26342592592592595 0.041112454655380895 0.14722222222222223
0 0.013301088270858524 0.5152777777777777 0.02539298669891173 0.15462962962962962
0 0.005743651753325272 0.3425925925925926 0.010278113663845224 0.15
0 0.02599758162031439 0.36203703703703705 0.044740024183796856 0.15185185185185185
0 0.56590084643289 0.2351851851851852 0.03506650544135429 0.14444444444444443
0 0.6003627569528416 0.1675925925925926 0.037484885126964934 0.13518518518518519
0 0.032648125755743655 0.49907407407407406 0.0471584038694075 0.1685185185185185
0 0.2430471584038694 0.16296296296296298 0.02781136638452237 0.11481481481481481
0 0.2548367593712213 0.10416666666666667 0.02962515114873035 0.11574074074074074
0 0.48941958887545345 0.26990740740740743 0.04171704957678356 0.13425925925925927
0 0.05199516324062878 0.46111111111111114 0.036275695284159616 0.14629629629629629
0 0.05259975816203144 0.43425925925925923 0.045949214026602174 0.1574074074074074
0 0.6178960096735188 0.4597222222222222 0.03506650544135429 0.11574074074074074
0 0.5665054413542926 0.3861111111111111 0.032648125755743655 0.11851851851851852
0 0.5332527206771464 0.3736111111111111 0.03990326481257558 0.14351851851851852
0 0.28597339782345826 0.12175925925925926 0.02902055622732769 0.12685185185185185
0 0.4900241837968561 0.36342592592592593 0.04171704957678356 0.13240740740740742
0 0.5386940749697703 0.3453703703703704 0.04232164449818621 0.14074074074074075
0 0.19105199516324062 0.37083333333333335 0.044740024183796856 0.15648148148148147
0 0.16928657799274485 0.39537037037037037 0.03506650544135429 0.13518518518518519
0 0.13603385731559856 0.41064814814814815 0.03385731559854897 0.13055555555555556
0 0.5102781136638452 0.262037037037037 0.032648125755743655 0.13518518518518519
0 0.18047158403869407 0.7981481481481482 0.06469165659008465 0.17592592592592593
0 0.04383313180169287 0.7143518518518519 0.044135429262394194 0.15462962962962962
0 0.18349455864570738 0.9587962962962963 0.04897218863361548 0.08425925925925926
0 0.3542926239419589 0.8092592592592592 0.07013301088270858 0.17777777777777778
0 0.2772067714631197 0.8203703703703704 0.04534461910519952 0.1685185185185185
0 0.501813784764208 0.7824074074074074 0.06892382103990327 0.17592592592592593
0 0.009975816203143894 0.7129629629629629 0.018742442563482467 0.15185185185185185
0 0.5287182587666264 0.7592592592592593 0.05380894800483676 0.1574074074074074
0 0.012998790810157194 0.6476851851851851 0.024788391777509067 0.15648148148148147
0 0.9220072551390568 0.4722222222222222 0.053204353083434096 0.16111111111111112
0 0.9126360338573156 0.16296296296296298 0.047762998790810154 0.13333333333333333
0 0.5456469165659008 0.1111111111111111 0.03325272067714631 0.1388888888888889
0 0.5668077388149939 0.1111111111111111 0.0380894800483676 0.13148148148148148
0 0.5776904474002419 0.0412037037037037 0.046553808948004836 0.08055555555555556
0 0.5323458282950423 0.028703703703703703 0.03325272067714631 0.05555555555555555
0 0.15538089480048367 0.20694444444444443 0.03506650544135429 0.12685185185185185
0 0.36094316807738813 0.06296296296296296 0.045949214026602174 0.11666666666666667
0 0.3313180169286578 0.06944444444444445 0.036275695284159616 0.1111111111111111
0 0.16989117291414751 0.10740740740740741 0.03990326481257558 0.1388888888888889
0 0.20163240628778717 0.09768518518518518 0.042926239419588876 0.14537037037037037
0 0.2478839177750907 0.08148148148148149 0.036275695284159616 0.14074074074074075
0 0.28567110036275695 0.03194444444444444 0.0380894800483676 0.062037037037037036
0 0.12454655380894801 0.21342592592592594 0.03143893591293833 0.12129629629629629
0 0.9824667472793228 0.2564814814814815 0.03385731559854897 0.15
0 0.3001813784764208 0.2064814814814815 0.034461910519951636 0.14444444444444443
0 0.0402055622732769 0.21203703703703702 0.0380894800483676 0.1388888888888889
0 0.05955259975816203 0.21944444444444444 0.03325272067714631 0.13333333333333333
0 0.07769044740024184 0.2351851851851852 0.04171704957678356 0.14074074074074075
0 0.10217654171704958 0.21203703703703702 0.03506650544135429 0.1388888888888889
0 0.03143893591293833 0.17731481481481481 0.036275695284159616 0.11944444444444445
0 0.14903264812575576 0.04398148148148148 0.042926239419588876 0.08611111111111111
0 0.2409310761789601 0.03888888888888889 0.0380894800483676 0.07592592592592592
0 0.028415961305925032 0.10925925925925926 0.03869407496977025 0.14444444444444443
0 0.08978234582829504 0.05277777777777778 0.0380894800483676 0.1037037037037037
0 0.061970979443772674 0.05092592592592592 0.04050785973397823 0.1
0 0.20525997581620314 0.02638888888888889 0.039298669891172915 0.05092592592592592
0 0.8787787182587666 0.1587962962962963 0.04534461910519952 0.12685185185185185
0 0.9549576783555018 0.10648148148148148 0.03688029020556227 0.1259259259259259
0 0.9059854897218863 0.05462962962962963 0.039298669891172915 0.10185185185185185
0 0.012696493349455865 0.4759259259259259 0.02418379685610641 0.1425925925925926
0 0.9740024183796856 0.19814814814814816 0.03869407496977025 0.12037037037037036
0 0.011487303506650543 0.18425925925925926 0.02176541717049577 0.13518518518518519
0 0.9582829504232164 0.04537037037037037 0.03506650544135429 0.08888888888888889
0 0.008162031438935914 0.15925925925925927 0.015114873035066506 0.13703703703703704
0 0.02599758162031439 0.1574074074074074 0.030229746070133012 0.11481481481481481
0 0.18712212817412333 0.050462962962962966 0.039298669891172915 0.09907407407407408
0 0.13452237001209189 0.032407407407407406 0.02962515114873035 0.06296296296296296
0 0.9250302297460702 0.04490740740740741 0.032648125755743655 0.08796296296296297
0 0.9458887545344619 0.06342592592592593 0.034461910519951636 0.10462962962962963
0 0.9836759371221282 0.07592592592592592 0.02539298669891173 0.1037037037037037
0 0.9059854897218863 0.125 0.039298669891172915 0.12777777777777777
0 0.19830713422007254 0.26944444444444443 0.041112454655380895 0.14444444444444443
0 0.2699516324062878 0.22592592592592592 0.039298669891172915 0.13518518518518519
