0 0.9020833333333333 0.8949074074074074 0.08020833333333334 0.21203703703703702
0 0.14791666666666667 0.9060185185185186 0.08229166666666667 0.18796296296296297
0 0.02265625 0.9361111111111111 0.044270833333333336 0.12962962962962962
0 0.225 0.6472222222222223 0.0625 0.2518518518518518
0 0.34348958333333335 0.6638888888888889 0.03697916666666667 0.21296296296296297
0 0.30755208333333334 0.6365740740740741 0.05572916666666667 0.24722222222222223
0 0.26536458333333335 0.6189814814814815 0.04739583333333333 0.24351851851851852
0 0.6247395833333333 0.6199074074074075 0.05260416666666667 0.225
0 0.5653645833333333 0.6157407407407407 0.050520833333333334 0.2351851851851852
0 0.8716145833333333 0.5199074074074074 0.058854166666666666 0.20277777777777778
0 0.37109375 0.5074074074074074 0.04635416666666667 0.1925925925925926
0 0.31328125 0.5032407407407408 0.0484375 0.19166666666666668
0 0.7997395833333333 0.4949074074074074 0.06510416666666667 0.19537037037037036
0 0.7731770833333333 0.5018518518518519 0.06197916666666667 0.2
0 0.46927083333333336 0.4134259259259259 0.03333333333333333 0.16018518518518518
0 0.23125 0.5 0.03333333333333333 0.14629629629629629
0 0.20703125 0.6027777777777777 0.050520833333333334 0.24259259259259258
0 0.47630208333333335 0.4412037037037037 0.03177083333333333 0.17685185185185184
0 0.4203125 0.43703703703703706 0.03125 0.14629629629629629
0 0.4973958333333333 0.4666666666666667 0.03958333333333333 0.19814814814814816
0 0.58359375 0.4949074074074074 0.049479166666666664 0.1787037037037037
0 0.45260416666666664 0.4638888888888889 0.041666666666666664 0.17037037037037037
0 0.43125 0.3333333333333333 0.03125 0.14629629629629629
0 0.3145833333333333 0.3675925925925926 0.028125 0.11851851851851852
0 0.5333333333333333 0.45231481481481484 0.034375 0.1935185185185185
0 0.5575520833333333 0.48009259259259257 0.04010416666666667 0.1712962962962963
0 0.42630208333333336 0.49027777777777776 0.050520833333333334 0.1935185185185185
0 0.3536458333333333 0.4773148148148148 0.040625 0.18796296296296297
0 0.31744791666666666 0.45046296296296295 0.044270833333333336 0.17685185185185184
0 0.3893229166666667 0.42407407407407405 0.03177083333333333 0.17407407407407408
0 0.425 0.40555555555555556 0.034375 0.16296296296296298
0 0.34739583333333335 0.4074074074074074 0.036458333333333336 0.15185185185185185
0 0.44895833333333335 0.37546296296296294 0.034375 0.14166666666666666
0 0.5604166666666667 0.4393518518518518 0.036458333333333336 0.18796296296296297
0 0.48984375 0.3731481481481482 0.03177083333333333 0.13148148148148148
0 0.40651041666666665 0.3537037037037037 0.033854166666666664 0.15555555555555556
0 0.43723958333333335 0.34953703703703703 0.03177083333333333 0.13796296296296295
0 0.359375 0.3300925925925926 0.03229166666666667 0.15462962962962962
0 0.37083333333333335 0.35555555555555557 0.026041666666666668 0.12962962962962962
0 0.34817708333333336 0.35185185185185186 0.0296875 0.14074074074074075
0 0.3924479166666667 0.31342592592592594 0.027604166666666666 0.125
0 0.46536458333333336 0.3162037037037037 0.03177083333333333 0.13055555555555556
0 0.1359375 0.5032407407407408 0.042708333333333334 0.19537037037037036
0 0.49192708333333335 0.31851851851851853 0.025520833333333333 0.13148148148148148
0 0.09947916666666666 0.7023148148148148 0.07916666666666666 0.275
0 0.27005208333333336 0.4722222222222222 0.0421875 0.18333333333333332
0 0.5578125 0.3148148148148148 0.029166666666666667 0.12962962962962962
0 0.5065104166666666 0.3148148148148148 0.0296875 0.14629629629629629
0 0.36432291666666666 0.2518518518518518 0.0234375 0.12037037037037036
0 0.4036458333333333 0.24583333333333332 0.026041666666666668 0.11018518518518519
0 0.35390625 0.24027777777777778 0.0234375 0.10462962962962963
0 0.6768229166666667 0.3578703703703704 0.03802083333333333 0.16203703703703703
0 0.7190104166666667 0.3611111111111111 0.044270833333333336 0.17037037037037037
0 0.40078125 0.25462962962962965 0.0234375 0.09814814814814815
0 0.7822916666666667 0.36666666666666664 0.03125 0.1685185185185185
0 0.5442708333333334 0.3189814814814815 0.030208333333333334 0.12129629629629629
