0 0.2421875 0.7837962962962963 0.06354166666666666 0.23425925925925925
0 0.29739583333333336 0.7861111111111111 0.05520833333333333 0.23333333333333334
0 0.34739583333333335 0.7601851851851852 0.042708333333333334 0.2074074074074074
0 0.33046875 0.8736111111111111 0.0609375 0.24722222222222223
0 0.39375 0.8703703703703703 0.058333333333333334 0.22962962962962963
0 0.8036458333333333 0.5388888888888889 0.028125 0.09259259259259259
0 0.64609375 0.662962962962963 0.034895833333333334 0.1814814814814815
0 0.8427083333333333 0.7046296296296296 0.04479166666666667 0.18703703703703703
0 0.7630208333333334 0.75 0.04479166666666667 0.20555555555555555
0 0.6984375 0.7555555555555555 0.04479166666666667 0.2074074074074074
0 0.8333333333333334 0.6893518518518519 0.041666666666666664 0.18425925925925926
0 0.446875 0.538425925925926 0.023958333333333335 0.10833333333333334
0 0.4752604166666667 0.5263888888888889 0.030729166666666665 0.12685185185185185
0 0.43333333333333335 0.5634259259259259 0.027083333333333334 0.1287037037037037
0 0.4921875 0.55 0.03125 0.12407407407407407
0 0.5 0.5273148148148148 0.026041666666666668 0.12129629629629629
0 0.5447916666666667 0.5305555555555556 0.03125 0.1259259259259259
0 0.5203125 0.5509259259259259 0.030208333333333334 0.12962962962962962
0 0.48880208333333336 0.6467592592592593 0.0453125 0.1824074074074074
0 0.5072916666666667 0.6453703703703704 0.036458333333333336 0.17407407407407408
0 0.5440104166666667 0.6416666666666667 0.033854166666666664 0.15925925925925927
0 0.5682291666666667 0.6199074074074075 0.03229166666666667 0.15462962962962962
0 0.59921875 0.6175925925925926 0.034895833333333334 0.1574074074074074
0 0.5518229166666667 0.6814814814814815 0.044270833333333336 0.1685185185185185
0 0.5815104166666667 0.6981481481481482 0.0296875 0.12962962962962962
0 0.6520833333333333 0.6976851851851852 0.040625 0.1935185185185185
0 0.6536458333333334 0.7523148148148148 0.04479166666666667 0.21574074074074073
0 0.014583333333333334 0.9458333333333333 0.028125 0.11018518518518519
0 0.05026041666666667 0.9671296296296297 0.04739583333333333 0.06759259259259259
0 0.615625 0.8361111111111111 0.052083333333333336 0.2037037037037037
0 0.7830729166666667 0.8162037037037037 0.0484375 0.21203703703703702
0 0.4546875 0.48657407407407405 0.03958333333333333 0.10462962962962963
0 0.4119791666666667 0.4837962962962963 0.03333333333333333 0.1287037037037037
