0 0.48125755743651755 0.31203703703703706 0.03990326481257558 0.14074074074074075
0 0.5021160822249093 0.2884259259259259 0.034461910519951636 0.12685185185185185
0 0.6239419588875453 0.8282407407407407 0.049576783555018135 0.15092592592592594
0 0.5643893591293833 0.8337962962962963 0.05380894800483676 0.1712962962962963
0 0.5477629987908101 0.4115740740740741 0.05199516324062878 0.14722222222222223
0 0.5773881499395405 0.47175925925925927 0.04232164449818621 0.14907407407407408
0 0.9534461910519951 0.9361111111111111 0.045949214026602174 0.1259259259259259
0 0.9111245465538089 0.9268518518518518 0.05078597339782346 0.14814814814814814
0 0.8645707376058042 0.9310185185185185 0.04232164449818621 0.13240740740740742
0 0.9035671100362757 0.4685185185185185 0.04534461910519952 0.1648148148148148
0 0.6203143893591294 0.4439814814814815 0.032648125755743655 0.1287037037037037
0 0.9600967351874244 0.5351851851851852 0.0471584038694075 0.1574074074074074
0 0.5459492140266021 0.29444444444444445 0.03990326481257558 0.1537037037037037
0 0.45828295042321643 0.20694444444444443 0.04232164449818621 0.15462962962962962
0 0.6185006045949214 0.48935185185185187 0.03990326481257558 0.16574074074074074
0 0.6526602176541717 0.4689814814814815 0.034461910519951636 0.13796296296296295
0 0.6221281741233373 0.5148148148148148 0.04232164449818621 0.15185185185185185
0 0.6744256348246674 0.38935185185185184 0.04171704957678356 0.14351851851851852
0 0.8249697702539298 0.8773148148148148 0.05743651753325272 0.19907407407407407
0 0.7049576783555018 0.5648148148148148 0.0471584038694075 0.1685185185185185
0 0.6590084643288996 0.5703703703703704 0.04836759371221282 0.17777777777777778
0 0.6810761789600968 0.4685185185185185 0.03688029020556227 0.15185185185185185
0 0.7877871825876662 0.9023148148148148 0.04353083434099154 0.15648148148148147
0 0.5423216444981862 0.500462962962963 0.04353083434099154 0.1527777777777778
0 0.722490931076179 0.5217592592592593 0.044740024183796856 0.15648148148148147
0 0.49455864570737607 0.225 0.04353083434099154 0.1537037037037037
0 0.6998186215235792 0.3574074074074074 0.046553808948004836 0.16296296296296298
0 0.777509068923821 0.5300925925925926 0.05078597339782346 0.16574074074074074
0 0.9709794437726723 0.8412037037037037 0.05078597339782346 0.18055555555555555
0 0.8065296251511487 0.5916666666666667 0.045949214026602174 0.1537037037037037
0 0.8035066505441354 0.5435185185185185 0.04232164449818621 0.14444444444444443
0 0.6847037484885127 0.5194444444444445 0.039298669891172915 0.15
0 0.9746070133010882 0.5032407407407408 0.044740024183796856 0.15462962962962962
0 0.9510278113663845 0.5976851851851852 0.044740024183796856 0.14351851851851852
0 0.9407496977025392 0.5046296296296297 0.04232164449818621 0.14629629629629629
0 0.8536880290205562 0.5060185185185185 0.0471584038694075 0.14907407407407408
0 0.845223700120919 0.5990740740740741 0.04836759371221282 0.1648148148148148
0 0.7031438935912938 0.44351851851851853 0.04232164449818621 0.14629629629629629
0 0.5214631197097944 0.4236111111111111 0.02962515114873035 0.11203703703703703
0 0.596130592503023 0.35462962962962963 0.03869407496977025 0.14074074074074075
0 0.9839782345828295 0.5800925925925926 0.03204353083434099 0.10277777777777777
0 0.13422007255139057 0.29305555555555557 0.03869407496977025 0.10462962962962963
0 0.5792019347037485 0.5106481481481482 0.04232164449818621 0.1712962962962963
0 0.5504836759371221 0.4564814814814815 0.03204353083434099 0.12407407407407407
0 0.6451027811366384 0.3449074074074074 0.03506650544135429 0.13425925925925927
0 0.8246674727932285 0.5046296296296297 0.037484885126964934 0.11296296296296296
0 0.2240024183796856 0.7777777777777778 0.05985489721886336 0.17777777777777778
0 0.1928657799274486 0.7398148148148148 0.044740024183796856 0.16111111111111112
0 0.028415961305925032 0.4273148148148148 0.041112454655380895 0.14537037037037037
0 0.05743651753325272 0.42268518518518516 0.041112454655380895 0.15833333333333333
0 0.02992744860943168 0.16666666666666666 0.039298669891172915 0.12962962962962962
0 0.22309552599758162 0.23333333333333334 0.041112454655380895 0.12407407407407407
0 0.29050785973397825 0.1837962962962963 0.04534461910519952 0.12314814814814815
0 0.041414752116082226 0.2361111111111111 0.039298669891172915 0.12962962962962962
0 0.06892382103990327 0.18055555555555555 0.037484885126964934 0.12962962962962962
0 0.16293833131801694 0.11990740740740741 0.04897218863361548 0.13240740740740742
0 0.07950423216444982 0.22453703703703703 0.04050785973397823 0.13240740740740742
0 0.13784764207980654 0.09861111111111111 0.03385731559854897 0.1287037037037037
0 0.012998790810157194 0.5486111111111112 0.024788391777509067 0.1638888888888889
0 0.2418379685610641 0.12407407407407407 0.04232164449818621 0.14629629629629629
0 0.23639661426844014 0.17962962962962964 0.04232164449818621 0.13518518518518519
0 0.2953446191051995 0.14722222222222223 0.03688029020556227 0.13518518518518519
0 0.4486094316807739 0.24722222222222223 0.03506650544135429 0.1388888888888889
0 0.439540507859734 0.07407407407407407 0.03990326481257558 0.13148148148148148
0 0.40326481257557434 0.1574074074074074 0.037484885126964934 0.12962962962962962
0 0.5535066505441354 0.1824074074074074 0.034461910519951636 0.12962962962962962
0 0.5737605804111245 0.16435185185185186 0.04232164449818621 0.14351851851851852
0 0.5577388149939541 0.13240740740740742 0.03688029020556227 0.12777777777777777
0 0.5807134220072552 0.11064814814814815 0.034461910519951636 0.12685185185185185
0 0.467049576783555 0.16203703703703703 0.03204353083434099 0.12407407407407407
0 0.6251511487303507 0.09814814814814815 0.03990326481257558 0.14814814814814814
0 0.653869407496977 0.10833333333333334 0.035671100362756954 0.13703703703703704
0 0.6402660217654171 0.04537037037037037 0.032648125755743655 0.08888888888888889
0 0.49274486094316805 0.18055555555555555 0.03990326481257558 0.13518518518518519
0 0.5096735187424426 0.20555555555555555 0.03990326481257558 0.16296296296296298
0 0.5459492140266021 0.20092592592592592 0.036275695284159616 0.12962962962962962
0 0.558645707376058 0.22314814814814815 0.03990326481257558 0.13703703703703704
0 0.5840386940749698 0.24351851851851852 0.03869407496977025 0.14074074074074075
0 0.6553808948004837 0.21203703703703702 0.04353083434099154 0.13518518518518519
0 0.6783555018137848 0.22685185185185186 0.036275695284159616 0.12037037037037036
0 0.7113059250302297 0.23564814814814813 0.039298669891172915 0.13240740740740742
0 0.841596130592503 0.23148148148148148 0.036275695284159616 0.14814814814814814
0 0.7061668681983071 0.2865740740740741 0.04232164449818621 0.14351851851851852
0 0.7503022974607013 0.44351851851851853 0.041112454655380895 0.14444444444444443
0 0.7744860943168077 0.42916666666666664 0.03990326481257558 0.16203703703703703
0 0.7460701330108828 0.3287037037037037 0.037484885126964934 0.1425925925925926
0 0.8186215235792019 0.3925925925925926 0.03990326481257558 0.14814814814814814
0 0.7847642079806529 0.35324074074074074 0.044740024183796856 0.16574074074074074
0 0.9667472793228536 0.1574074074074074 0.041112454655380895 0.1425925925925926
0 0.9443772672309553 0.11944444444444445 0.044740024183796856 0.13148148148148148
0 0.93409915356711 0.15694444444444444 0.03143893591293833 0.11018518518518519
0 0.9758162031438936 0.19074074074074074 0.037484885126964934 0.13148148148148148
0 0.8857315598548973 0.49212962962962964 0.03506650544135429 0.14351851851851852
0 0.9727932285368803 0.3990740740740741 0.03869407496977025 0.15
0 0.8706166868198307 0.2162037037037037 0.03506650544135429 0.1287037037037037
0 0.903869407496977 0.22083333333333333 0.037484885126964934 0.11574074074074074
0 0.9776299879081015 0.34675925925925927 0.04353083434099154 0.14351851851851852
0 0.9519347037484885 0.32222222222222224 0.039298669891172915 0.14074074074074075
0 0.9207980652962515 0.3296296296296296 0.049576783555018135 0.16296296296296298
0 0.8772672309552599 0.1925925925925926 0.03990326481257558 0.14629629629629629
0 0.9241233373639661 0.5717592592592593 0.02962515114873035 0.09166666666666666
0 0.9050785973397824 0.07314814814814814 0.03506650544135429 0.11481481481481481
0 0.38905683192261187 0.06111111111111111 0.04171704957678356 0.12037037037037036
0 0.3694074969770254 0.06620370370370371 0.032648125755743655 0.11018518518518519
0 0.8503627569528416 0.1814814814814815 0.02962515114873035 0.11481481481481481
0 0.912031438935913 0.20601851851851852 0.03204353083434099 0.12129629629629629
0 0.9081015719467956 0.18287037037037038 0.03143893591293833 0.12129629629629629
0 0.7762998790810157 0.3875 0.036275695284159616 0.14537037037037037
0 0.9174727932285369 0.38842592592592595 0.0743651753325272 0.19537037037037036
0 0.3252720677146312 0.06342592592592593 0.041112454655380895 0.125
0 0.5377871825876662 0.07361111111111111 0.046553808948004836 0.13796296296296295
0 0.6203143893591294 0.07175925925925926 0.03506650544135429 0.11203703703703703
0 0.8854292623941958 0.059722222222222225 0.034461910519951636 0.11203703703703703
0 0.9298669891172914 0.049074074074074076 0.03506650544135429 0.0962962962962963
0 0.9613059250302297 0.060648148148148145 0.04232164449818621 0.11944444444444445
0 0.16837968561064087 0.0412037037037037 0.03688029020556227 0.08055555555555556
0 0.28174123337363965 0.04537037037037037 0.04232164449818621 0.08888888888888889
0 0.24848851269649336 0.040740740740740744 0.03506650544135429 0.07962962962962963
0 0.2007255139056832 0.04212962962962963 0.03506650544135429 0.0824074074074074
0 0.40054413542926237 0.04259259259259259 0.044135429262394194 0.08333333333333333
0 0.5731559854897219 0.06111111111111111 0.036275695284159616 0.12037037037037036
0 0.5955259975816203 0.06388888888888888 0.03385731559854897 0.11666666666666667
0 0.10640870616686819 0.05092592592592592 0.03990326481257558 0.1
0 0.07678355501813784 0.05092592592592592 0.03506650544135429 0.1
0 0.05562273276904474 0.05 0.03506650544135429 0.09814814814814815
0 0.04897218863361548 0.030555555555555555 0.03506650544135429 0.05925925925925926
0 0.9108222490931076 0.05138888888888889 0.02962515114873035 0.09907407407407408
0 0.36698911729141476 0.5236111111111111 0.03990326481257558 0.14907407407407408
0 0.11668681983071343 0.4152777777777778 0.04232164449818621 0.14907407407407408
0 0.06680773881499395 0.6787037037037037 0.04171704957678356 0.15555555555555556
0 0.04201934703748488 0.6125 0.046553808948004836 0.17685185185185184
0 0.10882708585247884 0.6652777777777777 0.04836759371221282 0.16574074074074074
0 0.813180169286578 0.3263888888888889 0.04232164449818621 0.13425925925925927
0 0.8349455864570737 0.32314814814814813 0.03385731559854897 0.12407407407407407
0 0.25634824667472794 0.6351851851851852 0.0471584038694075 0.1685185185185185
0 0.22853688029020555 0.612037037037037 0.03990326481257558 0.1685185185185185
0 0.35368802902055624 0.6185185185185185 0.03506650544135429 0.14814814814814814
0 0.2279322853688029 0.549537037037037 0.04232164449818621 0.14907407407407408
0 0.22551390568319227 0.5203703703703704 0.037484885126964934 0.13518518518518519
0 0.187726723095526 0.5226851851851851 0.04171704957678356 0.1398148148148148
0 0.1937726723095526 0.487962962962963 0.044135429262394194 0.1425925925925926
0 0.154776299879081 0.5143518518518518 0.03990326481257558 0.14351851851851852
0 0.36577992744860943 0.19814814814814816 0.03385731559854897 0.13148148148148148
0 0.3866384522370012 0.19444444444444445 0.02720677146311971 0.12407407407407407
0 0.280229746070133 0.42083333333333334 0.044135429262394194 0.14351851851851852
0 0.26904474002418377 0.43657407407407406 0.037484885126964934 0.1398148148148148
0 0.1925634824667473 0.9356481481481481 0.05259975816203144 0.1287037037037037
0 0.31106408706166866 0.7467592592592592 0.04171704957678356 0.15462962962962962
0 0.32496977025392987 0.5527777777777778 0.039298669891172915 0.14629629629629629
0 0.34159613059250304 0.6736111111111112 0.045949214026602174 0.15648148148148147
0 0.3512696493349456 0.7064814814814815 0.04232164449818621 0.17037037037037037
0 0.686819830713422 0.9291666666666667 0.05441354292623942 0.14166666666666666
0 0.7496977025392987 0.9560185185185185 0.045949214026602174 0.08796296296296297
0 0.7484885126964933 0.9319444444444445 0.03990326481257558 0.13240740740740742
0 0.4204957678355502 0.7069444444444445 0.05259975816203144 0.14907407407407408
0 0.6327085852478839 0.7379629629629629 0.04050785973397823 0.15185185185185185
0 0.4410519951632406 0.5083333333333333 0.034461910519951636 0.14074074074074075
0 0.4356106408706167 0.48009259259259257 0.034461910519951636 0.13240740740740742
0 0.17049576783555018 0.2814814814814815 0.04836759371221282 0.14629629629629629
0 0.4189842805320435 0.5583333333333333 0.037484885126964934 0.14814814814814814
0 0.435912938331318 0.5254629629629629 0.036275695284159616 0.14537037037037037
0 0.2880894800483676 0.5703703703703704 0.042926239419588876 0.16296296296296298
0 0.28960096735187424 0.6194444444444445 0.03990326481257558 0.1685185185185185
0 0.3270858524788392 0.34074074074074073 0.05441354292623942 0.13148148148148148
0 0.310459492140266 0.37777777777777777 0.04534461910519952 0.1425925925925926
0 0.34159613059250304 0.3712962962962963 0.03990326481257558 0.13148148148148148
0 0.3083434099153567 0.34629629629629627 0.04232164449818621 0.15185185185185185
0 0.406590084643289 0.43194444444444446 0.039298669891172915 0.14351851851851852
0 0.7088875453446191 0.11805555555555555 0.034461910519951636 0.13240740740740742
0 0.6783555018137848 0.0837962962962963 0.03143893591293833 0.12314814814814815
0 0.48548972188633616 0.5212962962962963 0.03385731559854897 0.14074074074074075
0 0.48246674727932287 0.5398148148148149 0.037484885126964934 0.15185185185185185
0 0.6284764207980653 0.9458333333333333 0.047762998790810154 0.10833333333333334
0 0.9310761789600968 0.8296296296296296 0.045949214026602174 0.1648148148148148
0 0.25634824667472794 0.34675925925925927 0.037484885126964934 0.14351851851851852
0 0.5432285368802902 0.5981481481481481 0.04897218863361548 0.1537037037037037
0 0.528415961305925 0.5796296296296296 0.04232164449818621 0.16296296296296298
0 0.25755743651753327 0.37453703703703706 0.032648125755743655 0.12685185185185185
0 0.650241837968561 0.9268518518518518 0.051390568319226115 0.14629629629629629
