0 0.15217391304347827 0.5125 0.040068201193520885 0.13636363636363635
0 0.9160272804774083 0.27386363636363636 0.03324808184143223 0.10681818181818181
0 0.13384484228473997 0.4948863636363636 0.04774083546462063 0.13522727272727272
0 0.4940323955669224 0.5607954545454545 0.05029838022165388 0.13295454545454546
0 0.3895993179880648 0.24431818181818182 0.03239556692242114 0.10227272727272728
0 0.8529411764705882 0.47102272727272726 0.03836317135549872 0.12840909090909092
0 0.768542199488491 0.45170454545454547 0.03324808184143223 0.10568181818181818
0 0.7710997442455243 0.48295454545454547 0.041773231031543054 0.125
0 0.8252344416027281 0.4653409090909091 0.03751065643648764 0.11477272727272728
0 0.8013640238704177 0.47102272727272726 0.042625745950554135 0.1215909090909091
0 0.7983802216538789 0.5051136363636364 0.03836317135549872 0.12386363636363637
0 0.7011935208866155 0.6704545454545454 0.04688832054560955 0.12954545454545455
0 0.9326513213981245 0.7227272727272728 0.042625745950554135 0.13863636363636364
0 0.6346973572037511 0.8579545454545454 0.041773231031543054 0.14545454545454545
0 0.8887468030690537 0.03579545454545455 0.0247229326513214 0.06931818181818182
0 0.8554987212276215 0.2028409090909091 0.03154305200341006 0.10340909090909091
0 0.8687127024722933 0.03977272727272727 0.02557544757033248 0.07727272727272727
0 0.9416027280477408 0.014772727272727272 0.03495311167945439 0.02727272727272727
0 0.0443307757885763 0.11534090909090909 0.027280477408354646 0.09659090909090909
0 0.06436487638533675 0.11136363636363636 0.028132992327365727 0.09090909090909091
0 0.15089514066496162 0.11534090909090909 0.028985507246376812 0.09204545454545454
0 0.5098039215686274 0.14147727272727273 0.03239556692242114 0.09659090909090909
0 0.40451832907075874 0.13977272727272727 0.03154305200341006 0.08636363636363636
0 0.3908780903665814 0.11818181818181818 0.029838022165387893 0.09772727272727273
0 0.505541346973572 0.09090909090909091 0.027280477408354646 0.08636363636363636
0 0.19820971867007672 0.04602272727272727 0.028132992327365727 0.08977272727272727
0 0.4360613810741688 0.13636363636363635 0.03495311167945439 0.09090909090909091
0 0.4578005115089514 0.15284090909090908 0.023870417732310314 0.0625
0 0.21909633418584826 0.04943181818181818 0.028985507246376812 0.08977272727272727
0 0.2421142369991475 0.05227272727272727 0.028985507246376812 0.08636363636363636
0 0.29198635976129583 0.08181818181818182 0.028132992327365727 0.09318181818181819
0 0.3205456095481671 0.0971590909090909 0.028985507246376812 0.09659090909090909
0 0.3431372549019608 0.10568181818181818 0.03154305200341006 0.09090909090909091
0 0.27664109121909636 0.03579545454545455 0.03154305200341006 0.06931818181818182
0 0.2297527706734868 0.008522727272727272 0.026427962489343565 0.014772727272727272
0 0.24467178175618073 0.014772727272727272 0.023870417732310314 0.02727272727272727
0 0.32395566922421143 0.022727272727272728 0.028985507246376812 0.04318181818181818
0 0.4616368286445013 0.08125 0.03154305200341006 0.08977272727272727
0 0.4185848252344416 0.04715909090909091 0.028985507246376812 0.0875
0 0.4616368286445013 0.053409090909090906 0.028132992327365727 0.09090909090909091
0 0.37809036658141515 0.009659090909090909 0.029838022165387893 0.017045454545454544
0 0.44458653026427963 0.013068181818181817 0.026427962489343565 0.023863636363636365
0 0.49019607843137253 0.05454545454545454 0.028985507246376812 0.08181818181818182
0 0.4859335038363171 0.007954545454545454 0.027280477408354646 0.013636363636363636
0 0.5886615515771526 0.6181818181818182 0.045183290707587385 0.12727272727272726
0 0.30434782608695654 0.020454545454545454 0.030690537084398978 0.038636363636363635
0 0.3934356351236147 0.013068181818181817 0.028132992327365727 0.023863636363636365
0 0.5404944586530265 0.013636363636363636 0.03751065643648764 0.025
0 0.5085251491901108 0.035227272727272725 0.028132992327365727 0.06818181818181818
0 0.35848252344416026 0.007954545454545454 0.03154305200341006 0.013636363636363636
0 0.11977834612105712 0.40852272727272726 0.03836317135549872 0.11704545454545455
0 0.41261722080136404 0.2784090909090909 0.03239556692242114 0.11136363636363636
0 0.2770673486786019 0.6619318181818182 0.042625745950554135 0.14886363636363636
0 0.7736572890025576 0.5505681818181818 0.041773231031543054 0.11931818181818182
0 0.23742540494458653 0.9869318181818182 0.03836317135549872 0.028409090909090908
0 0.12105711849957375 0.9630681818181818 0.04603580562659847 0.07613636363636364
0 0.16240409207161124 0.959659090909091 0.045183290707587385 0.08068181818181819
0 0.4215686274509804 0.5045454545454545 0.03324808184143223 0.10227272727272728
0 0.6854219948849105 0.4056818181818182 0.03751065643648764 0.1159090909090909
0 0.39215686274509803 0.4960227272727273 0.03751065643648764 0.10795454545454546
0 0.3090366581415175 0.4113636363636364 0.040068201193520885 0.1159090909090909
0 0.7958226768968457 0.6573863636363636 0.04688832054560955 0.12613636363636363
0 0.9650468883205456 0.8892045454545454 0.04603580562659847 0.12840909090909092
0 0.9475703324808185 0.9232954545454546 0.05029838022165388 0.13522727272727272
0 0.8162830349531117 0.5556818181818182 0.03836317135549872 0.12954545454545455
0 0.7020460358056266 0.7090909090909091 0.03665814151747655 0.12954545454545455
0 0.3145780051150895 0.5318181818181819 0.04092071611253197 0.1159090909090909
0 0.36445012787723785 0.4909090909090909 0.03665814151747655 0.1159090909090909
0 0.7357203751065644 0.7215909090909091 0.0392156862745098 0.1409090909090909
0 0.08397271952259165 0.26022727272727275 0.029838022165387893 0.09318181818181819
0 0.7506393861892583 0.6602272727272728 0.045183290707587385 0.12727272727272726
0 0.014919011082693947 0.6068181818181818 0.028132992327365727 0.125
0 0.022591645353793693 0.6034090909090909 0.040068201193520885 0.125
0 0.5029838022165388 0.6278409090909091 0.04774083546462063 0.1375
0 0.5404944586530265 0.6403409090909091 0.042625745950554135 0.11931818181818182
0 0.03410059676044331 0.3721590909090909 0.03410059676044331 0.10340909090909091
0 0.05328218243819267 0.3664772727272727 0.05370843989769821 0.11022727272727273
0 0.03793691389599318 0.9454545454545454 0.05541346973572037 0.11136363636363636
0 0.13341858482523444 0.8232954545454545 0.05200341005967604 0.15113636363636362
0 0.30775788576300084 0.3653409090909091 0.042625745950554135 0.11704545454545455
0 0.3887468030690537 0.2806818181818182 0.028985507246376812 0.09772727272727273
0 0.25404944586530265 0.23295454545454544 0.03410059676044331 0.075
0 0.10699062233589088 0.2471590909090909 0.029838022165387893 0.10113636363636364
0 0.13640238704177324 0.2534090909090909 0.028985507246376812 0.09318181818181819
0 0.45225916453537934 0.26022727272727275 0.03665814151747655 0.1
0 0.4820971867007673 0.2681818181818182 0.03324808184143223 0.09772727272727273
0 0.011935208866155157 0.15227272727272728 0.02216538789428815 0.09772727272727273
0 0.10699062233589088 0.09829545454545455 0.03154305200341006 0.0875
0 0.2195225916453538 0.21363636363636362 0.028132992327365727 0.09318181818181819
0 0.23017902813299232 0.23806818181818182 0.023870417732310314 0.06477272727272727
0 0.5801364023870418 0.8284090909090909 0.04688832054560955 0.16136363636363638
0 0.8393009377664109 0.8244318181818182 0.04688832054560955 0.15568181818181817
0 0.7689684569479965 0.9318181818181818 0.0494458653026428 0.1340909090909091
0 0.8043478260869565 0.9272727272727272 0.04688832054560955 0.14545454545454545
0 0.38405797101449274 0.9573863636363636 0.04688832054560955 0.08522727272727272
0 0.6896845694799659 0.8505681818181818 0.04092071611253197 0.14886363636363636
0 0.7352941176470589 0.9443181818181818 0.05029838022165388 0.11363636363636363
0 0.8090366581415175 0.8340909090909091 0.04603580562659847 0.1431818181818182
0 0.29624893435635125 0.4869318181818182 0.029838022165387893 0.0875
0 0.2647058823529412 0.4744318181818182 0.03324808184143223 0.11477272727272728
0 0.23017902813299232 0.45852272727272725 0.04092071611253197 0.12386363636363637
0 0.86615515771526 0.17272727272727273 0.03410059676044331 0.09318181818181819
0 0.7570332480818415 0.5727272727272728 0.03239556692242114 0.08409090909090909
0 0.6807331628303496 0.8636363636363636 0.04688832054560955 0.16363636363636364
0 0.1287297527706735 0.20909090909090908 0.028985507246376812 0.10227272727272728
0 0.004688832054560955 0.96875 0.0076726342710997444 0.0625
0 0.3917306052855925 0.7465909090909091 0.05029838022165388 0.15227272727272728
0 0.5319693094629157 0.9431818181818182 0.061381074168797956 0.11136363636363636
0 0.5801364023870418 0.9443181818181818 0.04688832054560955 0.11136363636363636
0 0.3103154305200341 0.6767045454545455 0.04092071611253197 0.12613636363636363
0 0.5775788576300085 0.8943181818181818 0.05541346973572037 0.14772727272727273
0 0.3491048593350384 0.5369318181818182 0.041773231031543054 0.1215909090909091
0 0.45012787723785164 0.5448863636363637 0.042625745950554135 0.11931818181818182
0 0.4799658994032396 0.9 0.056265984654731455 0.1431818181818182
0 0.4062233589087809 0.9357954545454545 0.041773231031543054 0.13068181818181818
0 0.45268542199488493 0.9323863636363636 0.056265984654731455 0.1375
0 0.43350383631713557 0.8863636363636364 0.060528559249786874 0.15227272727272728
0 0.4940323955669224 0.9414772727272728 0.05029838022165388 0.11931818181818182
0 0.6014492753623188 0.8965909090909091 0.04688832054560955 0.15454545454545454
0 0.9518329070758739 0.9772727272727273 0.03495311167945439 0.04772727272727273
0 0.9143222506393862 0.9698863636363636 0.05029838022165388 0.060227272727272727
0 0.4040920716112532 0.6977272727272728 0.042625745950554135 0.12954545454545455
