0 0.2869791666666667 0.6625 0.053125 0.19722222222222222
0 0.34322916666666664 0.6685185185185185 0.04479166666666667 0.2074074074074074
0 0.43020833333333336 0.6625 0.036458333333333336 0.1824074074074074
0 0.19479166666666667 0.9537037037037037 0.06666666666666667 0.09259259259259259
0 0.284375 0.9592592592592593 0.078125 0.08333333333333333
0 0.5309895833333333 0.6138888888888889 0.03802083333333333 0.17962962962962964
0 0.559375 0.6125 0.034375 0.17314814814814813
0 0.7947916666666667 0.5111111111111111 0.023958333333333335 0.09259259259259259
0 0.621875 0.6351851851851852 0.036458333333333336 0.17592592592592593
0 0.7317708333333334 0.8708333333333333 0.053125 0.25462962962962965
0 0.6760416666666667 0.8712962962962963 0.058333333333333334 0.24814814814814815
0 0.46171875 0.5648148148148148 0.0234375 0.11296296296296296
0 0.4942708333333333 0.5509259259259259 0.028125 0.14629629629629629
0 0.45416666666666666 0.5967592592592592 0.030208333333333334 0.14351851851851852
0 0.5557291666666667 0.5800925925925926 0.034375 0.14537037037037037
0 0.5166666666666667 0.5546296296296296 0.026041666666666668 0.13518518518518519
0 0.53515625 0.5504629629629629 0.03177083333333333 0.14537037037037037
0 0.5854166666666667 0.5791666666666667 0.03125 0.14537037037037037
0 0.7791666666666667 0.6935185185185185 0.046875 0.18333333333333332
0 0.6638020833333333 0.6731481481481482 0.0515625 0.17962962962962964
0 0.7973958333333333 0.6532407407407408 0.03125 0.1675925925925926
0 0.8432291666666667 0.7166666666666667 0.05520833333333333 0.18518518518518517
0 0.6010416666666667 0.8666666666666667 0.05625 0.25925925925925924
0 0.8286458333333333 0.6486111111111111 0.040625 0.1712962962962963
0 0.9338541666666667 0.7018518518518518 0.04583333333333333 0.1962962962962963
0 0.09375 0.8819444444444444 0.0625 0.2361111111111111
0 0.153125 0.8962962962962963 0.05520833333333333 0.20925925925925926
0 0.08854166666666667 0.9398148148148148 0.05520833333333333 0.12222222222222222
0 0.21171875 0.8069444444444445 0.05260416666666667 0.20462962962962963
0 0.32057291666666665 0.8203703703703704 0.06614583333333333 0.2222222222222222
0 0.8526041666666667 0.7449074074074075 0.057291666666666664 0.2064814814814815
0 0.7606770833333333 0.736574074074074 0.043229166666666666 0.2101851851851852
0 0.7973958333333333 0.737037037037037 0.046875 0.17407407407407408
0 0.8848958333333333 0.7699074074074074 0.042708333333333334 0.13240740740740742
0 0.9729166666666667 0.7722222222222223 0.04791666666666667 0.1648148148148148
0 0.5317708333333333 0.500462962962963 0.028125 0.10648148148148148
0 0.503125 0.4962962962962963 0.03229166666666667 0.12407407407407407
0 0.42265625 0.49907407407407406 0.0296875 0.1259259259259259
0 0.7997395833333333 0.5708333333333333 0.03177083333333333 0.1398148148148148
0 0.465625 0.4842592592592593 0.022916666666666665 0.09074074074074075
0 0.446875 0.4787037037037037 0.026041666666666668 0.10185185185185185
0 0.4015625 0.4703703703703704 0.029166666666666667 0.11296296296296296
0 0.7557291666666667 0.42824074074074076 0.027083333333333334 0.0824074074074074
