0 0.6879795396419437 0.2505681818181818 0.03239556692242114 0.10340909090909091
0 0.9663256606990622 0.013636363636363636 0.03495311167945439 0.025
0 0.09462915601023018 0.6795454545454546 0.04603580562659847 0.15227272727272728
0 0.03495311167945439 0.6465909090909091 0.04603580562659847 0.14545454545454545
0 0.6406649616368286 0.7392045454545455 0.06223358908780904 0.15113636363636362
0 0.3337595907928389 0.34261363636363634 0.041773231031543054 0.11022727272727273
0 0.8959931798806479 0.5920454545454545 0.042625745950554135 0.125
0 0.80306905370844 0.6039772727272728 0.0392156862745098 0.14431818181818182
0 0.7966751918158568 0.63125 0.041773231031543054 0.14204545454545456
0 0.8593350383631714 0.602840909090909 0.042625745950554135 0.14204545454545456
0 0.8670076726342711 0.6289772727272728 0.04774083546462063 0.15113636363636362
0 0.8333333333333334 0.6494318181818182 0.04859335038363171 0.13977272727272727
0 0.7289002557544757 0.8329545454545455 0.056265984654731455 0.14545454545454545
0 0.9526854219948849 0.8403409090909091 0.041773231031543054 0.14659090909090908
0 0.8508098891730606 0.048295454545454544 0.028985507246376812 0.09204545454545454
0 0.9803921568627451 0.0375 0.03410059676044331 0.07272727272727272
0 0.8103154305200341 0.03238636363636364 0.028132992327365727 0.0625
0 0.06905370843989769 0.21704545454545454 0.03751065643648764 0.11363636363636363
0 0.5115089514066496 0.21875 0.03580562659846547 0.10795454545454546
0 0.4011082693947144 0.21420454545454545 0.03665814151747655 0.0875
0 0.38917306052855927 0.18636363636363637 0.03324808184143223 0.10227272727272728
0 0.505541346973572 0.17045454545454544 0.03410059676044331 0.09090909090909091
0 0.057971014492753624 0.10795454545454546 0.03239556692242114 0.09772727272727273
0 0.43052003410059675 0.21136363636363636 0.0392156862745098 0.10227272727272728
0 0.4514066496163683 0.22840909090909092 0.0247229326513214 0.06136363636363636
0 0.07544757033248081 0.11420454545454546 0.03154305200341006 0.10113636363636364
0 0.09846547314578005 0.12215909090909091 0.03154305200341006 0.09431818181818181
0 0.24381926683716965 0.1806818181818182 0.03580562659846547 0.10454545454545454
0 0.3188405797101449 0.17329545454545456 0.03239556692242114 0.09886363636363636
0 0.3393009377664109 0.18181818181818182 0.03239556692242114 0.09545454545454546
0 0.16197783461210571 0.09488636363636363 0.03410059676044331 0.10113636363636364
0 0.10741687979539642 0.030113636363636363 0.027280477408354646 0.05795454545454545
0 0.1184995737425405 0.0375 0.027280477408354646 0.07272727272727272
0 0.2186700767263427 0.06931818181818182 0.028132992327365727 0.09772727272727273
0 0.48081841432225064 0.16079545454545455 0.03751065643648764 0.10568181818181818
0 0.42838874680306904 0.12840909090909092 0.03665814151747655 0.09772727272727273
0 0.4722932651321398 0.12102272727272727 0.03239556692242114 0.09886363636363636
0 0.2310315430520034 0.0375 0.03239556692242114 0.07272727272727272
0 0.28431372549019607 0.05284090909090909 0.03324808184143223 0.09431818181818181
0 0.25618073316283035 0.04659090909090909 0.028132992327365727 0.08181818181818182
0 0.29028132992327366 0.02784090909090909 0.03154305200341006 0.053409090909090906
0 0.5191815856777494 0.035227272727272725 0.03239556692242114 0.06818181818181818
0 0.32864450127877237 0.040340909090909094 0.03324808184143223 0.07840909090909091
0 0.37638533674339303 0.040340909090909094 0.03154305200341006 0.07840909090909091
0 0.4057971014492754 0.04375 0.03239556692242114 0.08522727272727272
0 0.42924126172208016 0.04090909090909091 0.03154305200341006 0.07954545454545454
0 0.4484228473998295 0.060227272727272727 0.027280477408354646 0.07954545454545454
0 0.505541346973572 0.1215909090909091 0.03239556692242114 0.09772727272727273
0 0.5366581415174766 0.03465909090909091 0.03324808184143223 0.06704545454545455
0 0.4961636828644501 0.04261363636363636 0.03239556692242114 0.08295454545454546
0 0.5375106564364877 0.4153409090909091 0.03665814151747655 0.11704545454545455
0 0.6760443307757886 0.775 0.042625745950554135 0.1
0 0.7178175618073316 0.7806818181818181 0.0494458653026428 0.13863636363636364
0 0.8226768968456948 0.03977272727272727 0.028985507246376812 0.07727272727272727
0 0.15004262574595056 0.04715909090909091 0.028985507246376812 0.0875
0 0.16453537936913895 0.0625 0.030690537084398978 0.08636363636363636
0 0.4578005115089514 0.028977272727272727 0.03239556692242114 0.05568181818181818
0 0.34867860187553285 0.044886363636363634 0.027280477408354646 0.08068181818181819
0 0.47101449275362317 0.058522727272727275 0.03324808184143223 0.09659090909090909
0 0.5647911338448423 0.08181818181818182 0.03495311167945439 0.09090909090909091
0 0.3205456095481671 0.026704545454545453 0.028985507246376812 0.05113636363636364
0 0.02855924978687127 0.5602272727272727 0.04859335038363171 0.13863636363636364
0 0.44799658994032393 0.37386363636363634 0.03665814151747655 0.125
0 0.3256606990622336 0.8306818181818182 0.05115089514066496 0.16590909090909092
0 0.7442455242966752 0.6693181818181818 0.0443307757885763 0.1340909090909091
0 0.24381926683716965 0.9914772727272727 0.03239556692242114 0.019318181818181818
0 0.12020460358056266 0.9625 0.04092071611253197 0.07727272727272727
0 0.16027280477408354 0.9613636363636363 0.0443307757885763 0.07954545454545454
0 0.4083546462063086 0.6494318181818182 0.030690537084398978 0.11477272727272728
0 0.7361466325660699 0.5210227272727272 0.03836317135549872 0.12386363636363637
0 0.3815004262574595 0.6357954545454545 0.03836317135549872 0.12386363636363637
0 0.30434782608695654 0.5306818181818181 0.0443307757885763 0.12727272727272726
0 0.8098891730605285 0.7744318181818182 0.04092071611253197 0.13068181818181818
0 0.7902813299232737 0.6698863636363637 0.0443307757885763 0.13977272727272727
0 0.7919863597612958 0.8727272727272727 0.042625745950554135 0.14545454545454545
0 0.2988064791133845 0.6914772727272728 0.04859335038363171 0.13068181818181818
0 0.3554987212276215 0.6193181818181818 0.042625745950554135 0.11818181818181818
0 0.8252344416027281 0.8630681818181818 0.042625745950554135 0.15568181818181817
0 0.7757885763000852 0.7801136363636364 0.04603580562659847 0.15113636363636362
0 0.5912190963341859 0.7772727272727272 0.05200341005967604 0.1431818181818182
0 0.6295822676896846 0.7880681818181818 0.045183290707587385 0.13068181818181818
0 0.45822676896845693 0.9647727272727272 0.05200341005967604 0.07272727272727272
0 0.2570332480818414 0.5 0.04688832054560955 0.12727272727272726
0 0.41602728047740833 0.3778409090909091 0.027280477408354646 0.11704545454545455
0 0.19607843137254902 0.3170454545454545 0.02557544757033248 0.09318181818181819
0 0.010230179028132993 0.36363636363636365 0.01875532821824382 0.12045454545454545
0 0.03239556692242114 0.36818181818181817 0.03410059676044331 0.10454545454545454
0 0.44714407502131287 0.35113636363636364 0.03495311167945439 0.10681818181818181
0 0.4833759590792839 0.35795454545454547 0.0443307757885763 0.10681818181818181
0 0.014066496163682864 0.1590909090909091 0.026427962489343565 0.09090909090909091
0 0.16027280477408354 0.28863636363636364 0.03580562659846547 0.10454545454545454
0 0.17902813299232737 0.3125 0.023870417732310314 0.075
0 0.41048593350383633 0.9795454545454545 0.045183290707587385 0.04318181818181818
0 0.9224211423699915 0.9630681818181818 0.04774083546462063 0.0715909090909091
0 0.8789428815004262 0.9806818181818182 0.05115089514066496 0.04090909090909091
0 0.1969309462915601 0.6335227272727273 0.0392156862745098 0.09431818181818181
0 0.16965046888320545 0.6125 0.042625745950554135 0.125
0 0.12148337595907928 0.5880681818181818 0.04859335038363171 0.14886363636363636
0 0.8371696504688833 0.24943181818181817 0.03239556692242114 0.09431818181818181
0 0.7092924126172208 0.6960227272727273 0.030690537084398978 0.09431818181818181
0 0.08184143222506395 0.3068181818181818 0.03751065643648764 0.10681818181818181
0 0.3734015345268542 0.9448863636363637 0.05115089514066496 0.11022727272727273
0 0.3567774936061381 0.8545454545454545 0.04859335038363171 0.15227272727272728
0 0.36018755328218244 0.6875 0.04859335038363171 0.13863636363636364
0 0.46121057118499575 0.6977272727272728 0.0494458653026428 0.1340909090909091
0 0.4416027280477408 0.865909090909091 0.0443307757885763 0.13863636363636364
