0 0.08671875 0.46620370370370373 0.049479166666666664 0.18981481481481483
0 0.6033854166666667 0.26944444444444443 0.0296875 0.11851851851851852
0 0.6981770833333333 0.3333333333333333 0.034895833333333334 0.15925925925925927
0 0.06901041666666667 0.913425925925926 0.0984375 0.175
0 0.10572916666666667 0.8379629629629629 0.065625 0.32592592592592595
0 0.1828125 0.8537037037037037 0.08333333333333333 0.29259259259259257
0 0.8796875 0.5111111111111111 0.06145833333333333 0.21296296296296297
0 0.20755208333333333 0.6263888888888889 0.0609375 0.23796296296296296
0 0.32395833333333335 0.6967592592592593 0.057291666666666664 0.27685185185185185
0 0.19270833333333334 0.7236111111111111 0.07916666666666666 0.30277777777777776
0 0.2625 0.7555555555555555 0.06354166666666666 0.28888888888888886
0 0.32890625 0.575462962962963 0.05677083333333333 0.2490740740740741
0 0.47213541666666664 0.37083333333333335 0.0515625 0.18981481481481483
0 0.3151041666666667 0.475462962962963 0.05 0.21574074074074073
0 0.6981770833333333 0.4101851851851852 0.04739583333333333 0.18333333333333332
0 0.7145833333333333 0.41712962962962963 0.04479166666666667 0.15092592592592594
0 0.5963541666666666 0.40879629629629627 0.03854166666666667 0.11203703703703703
0 0.3658854166666667 0.3439814814814815 0.03697916666666667 0.17685185185185184
0 0.6026041666666667 0.4013888888888889 0.041666666666666664 0.18425925925925926
0 0.6033854166666667 0.12638888888888888 0.0234375 0.09907407407407408
0 0.521875 0.25 0.028125 0.14074074074074075
0 0.48203125 0.2523148148148148 0.03177083333333333 0.1361111111111111
0 0.2708333333333333 0.5634259259259259 0.058333333333333334 0.24722222222222223
0 0.4388020833333333 0.30277777777777776 0.043229166666666666 0.21481481481481482
0 0.53984375 0.2953703703703704 0.03177083333333333 0.1574074074074074
0 0.4046875 0.29768518518518516 0.03854166666666667 0.15092592592592594
0 0.31145833333333334 0.27824074074074073 0.03333333333333333 0.14537037037037037
0 0.43255208333333334 0.2199074074074074 0.03177083333333333 0.11574074074074074
0 0.46510416666666665 0.21388888888888888 0.026041666666666668 0.11851851851851852
0 0.43255208333333334 0.1837962962962963 0.0296875 0.12314814814814815
0 0.5466145833333333 0.23148148148148148 0.021354166666666667 0.07962962962962963
0 0.5677083333333334 0.21296296296296297 0.028125 0.13518518518518519
0 0.3572916666666667 0.16574074074074074 0.027083333333333334 0.12407407407407407
