0 0.10059676044330776 0.7636363636363637 0.05115089514066496 0.15227272727272728
0 0.03793691389599318 0.6943181818181818 0.05541346973572037 0.15227272727272728
0 0.10400682011935208 0.6994318181818182 0.05115089514066496 0.14431818181818182
0 0.7549019607843137 0.9034090909090909 0.05541346973572037 0.16136363636363638
0 0.3640238704177323 0.6573863636363636 0.042625745950554135 0.14431818181818182
0 0.5498721227621484 0.9204545454545454 0.05456095481670929 0.1590909090909091
0 0.473998294970162 0.9181818181818182 0.042625745950554135 0.16590909090909092
0 0.2877237851662404 0.38238636363636364 0.041773231031543054 0.11704545454545455
0 0.8768115942028986 0.6409090909090909 0.04859335038363171 0.14545454545454545
0 0.829070758738278 0.6602272727272728 0.041773231031543054 0.12727272727272726
0 0.5353793691389599 0.35625 0.03410059676044331 0.1215909090909091
0 0.9249786871270247 0.8278409090909091 0.0494458653026428 0.16477272727272727
0 0.9458653026427962 0.977840909090909 0.043478260869565216 0.04659090909090909
0 0.8917306052855924 0.8392045454545455 0.04774083546462063 0.15568181818181817
0 0.7510656436487638 0.6323863636363637 0.0443307757885763 0.14431818181818182
0 0.80306905370844 0.6375 0.04092071611253197 0.1318181818181818
0 0.8593350383631714 0.20681818181818182 0.04092071611253197 0.11136363636363636
0 0.8363171355498721 0.19602272727272727 0.03751065643648764 0.11022727272727273
0 0.3422847399829497 0.3789772727272727 0.045183290707587385 0.1215909090909091
0 0.3188405797101449 0.38977272727272727 0.04774083546462063 0.12045454545454545
0 0.08439897698209718 0.32727272727272727 0.04092071611253197 0.1159090909090909
0 0.14492753623188406 0.2755681818181818 0.03410059676044331 0.11704545454545455
0 0.345694799658994 0.34147727272727274 0.03495311167945439 0.12386363636363637
0 0.3635976129582268 0.35397727272727275 0.03495311167945439 0.1125
0 0.4595055413469736 0.6721590909090909 0.0443307757885763 0.1534090909090909
0 0.4194373401534527 0.35454545454545455 0.042625745950554135 0.11136363636363636
0 0.45012787723785164 0.35454545454545455 0.042625745950554135 0.11136363636363636
0 0.4398976982097187 0.4653409090909091 0.042625745950554135 0.12613636363636363
0 0.48891730605285594 0.3568181818181818 0.041773231031543054 0.10909090909090909
0 0.46547314578005117 0.31136363636363634 0.042625745950554135 0.11818181818181818
0 0.3895993179880648 0.26193181818181815 0.04092071611253197 0.10795454545454546
0 0.15430520034100598 0.21079545454545454 0.03580562659846547 0.10795454545454546
0 0.17561807331628304 0.2625 0.0392156862745098 0.11363636363636363
0 0.1845694799658994 0.28806818181818183 0.03495311167945439 0.11704545454545455
0 0.2229326513213981 0.29204545454545455 0.03836317135549872 0.11136363636363636
0 0.21184995737425405 0.2715909090909091 0.03324808184143223 0.11818181818181818
0 0.2570332480818414 0.23579545454545456 0.041773231031543054 0.10113636363636364
0 0.48721227621483376 0.2727272727272727 0.041773231031543054 0.12045454545454545
0 0.40451832907075874 0.22670454545454546 0.041773231031543054 0.11477272727272728
0 0.4514066496163683 0.21136363636363636 0.03836317135549872 0.09772727272727273
0 0.34612105711849955 0.25795454545454544 0.03580562659846547 0.11818181818181818
0 0.4356351236146633 0.15454545454545454 0.0392156862745098 0.09318181818181819
0 0.42071611253196933 0.16477272727272727 0.0247229326513214 0.07727272727272727
0 0.28175618073316283 0.14602272727272728 0.03836317135549872 0.10795454545454546
0 0.5098039215686274 0.39886363636363636 0.0392156862745098 0.1318181818181818
0 0.028132992327365727 0.9426136363636364 0.05456095481670929 0.11477272727272728
0 0.31841432225063937 0.31079545454545454 0.045183290707587385 0.1215909090909091
0 0.4722932651321398 0.4420454545454545 0.05115089514066496 0.1159090909090909
0 0.2348678601875533 0.24772727272727274 0.03154305200341006 0.09318181818181819
0 0.2557544757033248 0.9818181818181818 0.03751065643648764 0.038636363636363635
0 0.30818414322250637 0.9789772727272728 0.03836317135549872 0.04431818181818182
0 0.3857630008525149 0.9835227272727273 0.028132992327365727 0.035227272727272725
0 0.016624040920716114 0.3153409090909091 0.03154305200341006 0.11477272727272728
0 0.21312872975277067 0.7698863636363636 0.05285592497868713 0.15568181818181817
0 0.04859335038363171 0.32045454545454544 0.03580562659846547 0.11136363636363636
0 0.024296675191815855 0.9073863636363636 0.04688832054560955 0.14431818181818182
0 0.3188405797101449 0.3494318181818182 0.03239556692242114 0.1215909090909091
0 0.8218243819266837 0.7761363636363636 0.059676044330775786 0.15227272727272728
0 0.8115942028985508 0.38579545454545455 0.0392156862745098 0.13068181818181818
0 0.7612958226768969 0.38295454545454544 0.03751065643648764 0.12045454545454545
0 0.7800511508951407 0.35113636363636364 0.04603580562659847 0.12954545454545455
0 0.7378516624040921 0.34375 0.041773231031543054 0.11704545454545455
0 0.814151747655584 0.07102272727272728 0.03751065643648764 0.09659090909090909
0 0.08780903665814152 0.017045454545454544 0.03239556692242114 0.031818181818181815
0 0.21739130434782608 0.017613636363636363 0.03580562659846547 0.03295454545454545
0 0.18584825234441602 0.0659090909090909 0.03239556692242114 0.1
0 0.5652173913043478 0.36306818181818185 0.03580562659846547 0.13068181818181818
0 0.20630861040068202 0.07556818181818181 0.03239556692242114 0.10568181818181818
0 0.26342710997442453 0.03295454545454545 0.03410059676044331 0.06363636363636363
0 0.3030690537084399 0.05909090909090909 0.028132992327365727 0.1
0 0.3678601875532822 0.18579545454545454 0.028132992327365727 0.11477272727272728
0 0.3337595907928389 0.06079545454545455 0.028132992327365727 0.0875
0 0.37595907928388744 0.09375 0.03239556692242114 0.10340909090909091
0 0.3691389599317988 0.24772727272727274 0.04092071611253197 0.1159090909090909
0 0.49019607843137253 0.11818181818181818 0.03580562659846547 0.1
0 0.5174765558397272 0.11931818181818182 0.03751065643648764 0.10454545454545454
0 0.41901108269394716 0.07215909090909091 0.03154305200341006 0.09431818181818181
0 0.4492753623188406 0.07727272727272727 0.03751065643648764 0.09772727272727273
0 0.3678601875532822 0.01875 0.03154305200341006 0.035227272727272725
0 0.45822676896845693 0.1534090909090909 0.03836317135549872 0.09772727272727273
0 0.40664961636828645 0.017045454545454544 0.028985507246376812 0.031818181818181815
0 0.3989769820971867 0.18579545454545454 0.03239556692242114 0.11477272727272728
