0 0.4525392986698912 0.6935185185185185 0.039298669891172915 0.1648148148148148
0 0.48428053204353083 0.6842592592592592 0.03990326481257558 0.14814814814814814
0 0.4836759371221282 0.8574074074074074 0.049576783555018135 0.17962962962962964
0 0.47642079806529625 0.9388888888888889 0.060459492140266025 0.12407407407407407
0 0.5123941958887546 0.8245370370370371 0.044135429262394194 0.14351851851851852
0 0.5374848851269649 0.6875 0.05441354292623942 0.1824074074074074
0 0.47158403869407495 0.324537037037037 0.049576783555018135 0.14907407407407408
0 0.563180169286578 0.8541666666666666 0.051390568319226115 0.17314814814814813
0 0.5761789600967352 0.8087962962962963 0.036275695284159616 0.15092592592592594
0 0.4183796856106409 0.7870370370370371 0.05199516324062878 0.1685185185185185
0 0.6698911729141476 0.9773148148148149 0.044740024183796856 0.04722222222222222
0 0.4758162031438936 0.3541666666666667 0.04232164449818621 0.16203703703703703
0 0.7037484885126964 0.7888888888888889 0.060459492140266025 0.18888888888888888
0 0.23609431680773882 0.9685185185185186 0.04050785973397823 0.06481481481481481
0 0.6112454655380894 0.8342592592592593 0.053204353083434096 0.1814814814814815
0 0.5465538089480049 0.788425925925926 0.045949214026602174 0.15462962962962962
0 0.4371221281741233 0.887962962962963 0.03990326481257558 0.14629629629629629
0 0.3851269649334946 0.7680555555555556 0.045949214026602174 0.16018518518518518
0 0.6559854897218863 0.462037037037037 0.0471584038694075 0.15185185185185185
0 0.7019347037484885 0.4583333333333333 0.0471584038694075 0.15555555555555556
0 0.05804111245465538 0.9430555555555555 0.060459492140266025 0.11203703703703703
0 0.7971584038694075 0.7342592592592593 0.047762998790810154 0.1685185185185185
0 0.6045949214026602 0.4532407407407407 0.049576783555018135 0.17314814814814813
0 0.4833736396614268 0.5361111111111111 0.0380894800483676 0.1574074074074074
0 0.7778113663845224 0.6314814814814815 0.046553808948004836 0.15925925925925927
0 0.8171100362756953 0.6180555555555556 0.04897218863361548 0.1824074074074074
0 0.532950423216445 0.5254629629629629 0.04171704957678356 0.16018518518518518
0 0.5574365175332527 0.5458333333333333 0.04353083434099154 0.13796296296296295
0 0.5692261185006046 0.2675925925925926 0.034461910519951636 0.1574074074074074
0 0.8527811366384522 0.9060185185185186 0.06106408706166868 0.18981481481481483
0 0.9053808948004837 0.8953703703703704 0.0501813784764208 0.2
0 0.5408101571946796 0.28935185185185186 0.04171704957678356 0.14907407407407408
0 0.5166263603385731 0.362962962962963 0.039298669891172915 0.15925925925925927
0 0.5432285368802902 0.35 0.039298669891172915 0.1425925925925926
0 0.4836759371221282 0.5847222222222223 0.03990326481257558 0.16203703703703703
0 0.5096735187424426 0.575925925925926 0.04232164449818621 0.15
0 0.5229746070133011 0.6106481481481482 0.045949214026602174 0.1712962962962963
0 0.5538089480048367 0.638425925925926 0.036275695284159616 0.14907407407407408
0 0.589782345828295 0.6347222222222222 0.046553808948004836 0.15462962962962962
0 0.687726723095526 0.662962962962963 0.046553808948004836 0.17037037037037037
0 0.5550181378476421 0.9097222222222222 0.04836759371221282 0.15462962962962962
0 0.5994558645707376 0.9291666666666667 0.09008464328899637 0.13796296296296295
0 0.5024183796856106 0.7791666666666667 0.0471584038694075 0.17314814814814813
0 0.7899032648125756 0.49212962962962964 0.039298669891172915 0.14351851851851852
0 0.8195284159613059 0.48935185185185187 0.039298669891172915 0.13240740740740742
0 0.7905078597339782 0.4583333333333333 0.0501813784764208 0.1537037037037037
0 0.8180169286577993 0.44166666666666665 0.03385731559854897 0.12962962962962962
0 0.9090084643288996 0.5009259259259259 0.044135429262394194 0.14814814814814814
0 0.9081015719467956 0.37407407407407406 0.04836759371221282 0.15185185185185185
0 0.8760580411124547 0.3925925925925926 0.03990326481257558 0.14814814814814814
0 0.837968561064087 0.47129629629629627 0.03506650544135429 0.13148148148148148
0 0.8409915356711004 0.4388888888888889 0.032648125755743655 0.13333333333333333
0 0.5616686819830713 0.9268518518518518 0.044740024183796856 0.14814814814814814
0 0.5819226118500604 0.912962962962963 0.039298669891172915 0.16111111111111112
0 0.32799274486094315 0.7398148148148148 0.058645707376058044 0.15
0 0.25755743651753327 0.75 0.053204353083434096 0.14814814814814814
0 0.07496977025392987 0.7703703703703704 0.049576783555018135 0.17592592592592593
0 0.8313180169286578 0.8060185185185185 0.060459492140266025 0.20092592592592592
0 0.778415961305925 0.5356481481481481 0.03688029020556227 0.1361111111111111
0 0.8748488512696493 0.49444444444444446 0.03990326481257558 0.1537037037037037
0 0.9851874244256348 0.4537037037037037 0.02720677146311971 0.14444444444444443
0 0.8162031438935913 0.3712962962962963 0.05562273276904474 0.17037037037037037
0 0.9177750906892382 0.31527777777777777 0.037484885126964934 0.14537037037037037
0 0.9498186215235792 0.29907407407407405 0.041112454655380895 0.1537037037037037
0 0.9691656590084643 0.17824074074074073 0.03990326481257558 0.13425925925925927
0 0.8948004836759371 0.3296296296296296 0.03506650544135429 0.15185185185185185
0 0.7424425634824667 0.21296296296296297 0.04353083434099154 0.14629629629629629
0 0.7669286577992744 0.22407407407407406 0.04050785973397823 0.1425925925925926
0 0.8772672309552599 0.2833333333333333 0.041112454655380895 0.13518518518518519
0 0.9289600967351874 0.24953703703703703 0.039298669891172915 0.13796296296296295
0 0.9032648125755743 0.25833333333333336 0.03506650544135429 0.13518518518518519
0 0.8802902055622733 0.20462962962962963 0.03990326481257558 0.13148148148148148
0 0.9135429262394196 0.21157407407407408 0.04232164449818621 0.13240740740740742
0 0.9298669891172914 0.16342592592592592 0.03990326481257558 0.1398148148148148
0 0.9135429262394196 0.10740740740740741 0.03869407496977025 0.13703703703703704
0 0.021160822249093107 0.3337962962962963 0.041112454655380895 0.14537037037037037
0 0.044135429262394194 0.25601851851851853 0.037484885126964934 0.14351851851851852
0 0.06771463119709795 0.23148148148148148 0.036275695284159616 0.12407407407407407
0 0.09492140266021766 0.21064814814814814 0.04232164449818621 0.14907407407407408
0 0.09371221281741234 0.34953703703703703 0.04232164449818621 0.14907407407407408
0 0.14087061668681983 0.3138888888888889 0.03869407496977025 0.14629629629629629
0 0.061970979443772674 0.29398148148148145 0.03204353083434099 0.1175925925925926
0 0.034461910519951636 0.43148148148148147 0.045949214026602174 0.17407407407407408
0 0.08343409915356712 0.2796296296296296 0.04353083434099154 0.1537037037037037
0 0.11517533252720677 0.2967592592592593 0.03204353083434099 0.1287037037037037
0 0.11668681983071343 0.33055555555555555 0.02539298669891173 0.10185185185185185
0 0.5229746070133011 0.4546296296296296 0.056831922611850064 0.1685185185185185
0 0.7406287787182587 0.5375 0.05441354292623942 0.1675925925925926
0 0.7445586457073761 0.5032407407407408 0.046553808948004836 0.15462962962962962
0 0.5598548972188634 0.44027777777777777 0.0471584038694075 0.15462962962962962
0 0.6499395405078597 0.40370370370370373 0.04353083434099154 0.15925925925925927
0 0.718863361547763 0.36018518518518516 0.04232164449818621 0.13148148148148148
0 0.619105199516324 0.3680555555555556 0.04232164449818621 0.14537037037037037
0 0.7962515114873036 0.31574074074074077 0.03990326481257558 0.14074074074074075
0 0.7690447400241838 0.3365740740740741 0.03869407496977025 0.14907407407407408
0 0.7354897218863361 0.3263888888888889 0.044135429262394194 0.14537037037037037
0 0.752720677146312 0.26064814814814813 0.032648125755743655 0.11203703703703703
0 0.6692865779927448 0.32592592592592595 0.04836759371221282 0.14074074074074075
0 0.7173518742442564 0.25462962962962965 0.044135429262394194 0.1425925925925926
0 0.6599153567110037 0.24722222222222223 0.03688029020556227 0.14074074074074075
0 0.6807738814993954 0.27037037037037037 0.037484885126964934 0.14074074074074075
0 0.601571946795647 0.4009259259259259 0.044740024183796856 0.1574074074074074
0 0.5671100362756953 0.3851851851851852 0.04232164449818621 0.1425925925925926
0 0.6175937122128174 0.33240740740740743 0.039298669891172915 0.15925925925925927
0 0.5713422007255139 0.30648148148148147 0.03990326481257558 0.13148148148148148
0 0.5701330108827086 0.3300925925925926 0.032648125755743655 0.13796296296296295
0 0.598851269649335 0.30694444444444446 0.03325272067714631 0.15648148148148147
0 0.6248488512696493 0.2902777777777778 0.04050785973397823 0.16018518518518518
0 0.6777509068923822 0.17777777777777778 0.036275695284159616 0.12222222222222222
0 0.2669286577992745 0.10694444444444444 0.039298669891172915 0.14166666666666666
0 0.2370012091898428 0.10787037037037037 0.03506650544135429 0.13240740740740742
0 0.722490931076179 0.12962962962962962 0.03990326481257558 0.14444444444444443
0 0.7530229746070133 0.12268518518518519 0.04171704957678356 0.1287037037037037
0 0.7182587666263603 0.5092592592592593 0.03506650544135429 0.10925925925925926
0 0.9540507859733979 0.4597222222222222 0.041112454655380895 0.12685185185185185
0 0.9788391777509069 0.056018518518518516 0.03385731559854897 0.11018518518518519
0 0.9419588875453446 0.12314814814814815 0.037484885126964934 0.1259259259259259
0 0.9434703748488513 0.04537037037037037 0.03688029020556227 0.08888888888888889
0 0.8648730350665055 0.08888888888888889 0.034461910519951636 0.14074074074074075
0 0.9235187424425635 0.06388888888888888 0.03688029020556227 0.1259259259259259
0 0.8848246674727932 0.05694444444444444 0.03325272067714631 0.11203703703703703
0 0.8609431680773881 0.03194444444444444 0.036275695284159616 0.062037037037037036
0 0.5931076178960096 0.22175925925925927 0.03385731559854897 0.13425925925925927
0 0.6517533252720678 0.11481481481481481 0.03869407496977025 0.13148148148148148
0 0.620918984280532 0.12777777777777777 0.037484885126964934 0.13333333333333333
0 0.5900846432889963 0.12638888888888888 0.03990326481257558 0.12314814814814815
0 0.5976420798065296 0.08194444444444444 0.044135429262394194 0.14351851851851852
0 0.5698307134220073 0.08425925925925926 0.034461910519951636 0.1425925925925926
0 0.19044740024183796 0.0875 0.03143893591293833 0.12685185185185185
0 0.20525997581620314 0.11064814814814815 0.039298669891172915 0.1398148148148148
0 0.25181378476420796 0.04537037037037037 0.04171704957678356 0.08888888888888889
0 0.12031438935912939 0.04490740740740741 0.032648125755743655 0.08796296296296297
0 0.35096735187424427 0.05462962962962963 0.04171704957678356 0.10740740740740741
0 0.5151148730350665 0.030555555555555555 0.03990326481257558 0.05925925925925926
0 0.3875453446191052 0.038425925925925926 0.037484885126964934 0.075
0 0.5459492140266021 0.03148148148148148 0.036275695284159616 0.06111111111111111
0 0.8288996372430472 0.055092592592592596 0.037484885126964934 0.10833333333333334
0 0.156590084643289 0.04398148148148148 0.036275695284159616 0.08611111111111111
0 0.3555018137847642 0.4666666666666667 0.03506650544135429 0.1574074074074074
0 0.32678355501813783 0.24027777777777778 0.03325272067714631 0.13796296296296295
0 0.13603385731559856 0.7199074074074074 0.044740024183796856 0.16203703703703703
0 0.26481257557436516 0.24166666666666667 0.041112454655380895 0.1425925925925926
0 0.12817412333736397 0.6865740740740741 0.05562273276904474 0.16203703703703703
0 0.8228536880290206 0.3074074074074074 0.037484885126964934 0.13148148148148148
0 0.8428053204353083 0.29953703703703705 0.02902055622732769 0.12314814814814815
0 0.2409310761789601 0.5740740740740741 0.044135429262394194 0.1685185185185185
0 0.2079806529625151 0.5578703703703703 0.03385731559854897 0.17685185185185184
0 0.3482466747279323 0.5564814814814815 0.032648125755743655 0.14074074074074075
0 0.2058645707376058 0.49074074074074076 0.03688029020556227 0.14814814814814814
0 0.21432889963724305 0.475 0.03204353083434099 0.1574074074074074
0 0.1807738814993954 0.4689814814814815 0.03143893591293833 0.12685185185185185
0 0.17503022974607013 0.42407407407407405 0.039298669891172915 0.14629629629629629
0 0.12696493349455865 0.4546296296296296 0.037484885126964934 0.14814814814814814
0 0.3564087061668682 0.13333333333333333 0.02962515114873035 0.12962962962962962
0 0.3766626360338573 0.1310185185185185 0.03143893591293833 0.1287037037037037
0 0.26541717049576785 0.35138888888888886 0.044740024183796856 0.1398148148148148
0 0.2569528415961306 0.37777777777777777 0.03506650544135429 0.14629629629629629
0 0.17654171704957677 0.8833333333333333 0.04353083434099154 0.16111111111111112
0 0.29474002418379686 0.6893518518518519 0.04171704957678356 0.15462962962962962
0 0.45102781136638453 0.5254629629629629 0.04232164449818621 0.15462962962962962
0 0.3316203143893591 0.6097222222222223 0.034461910519951636 0.15462962962962962
0 0.3352478839177751 0.6439814814814815 0.039298669891172915 0.1675925925925926
0 0.4096130592503023 0.65 0.051390568319226115 0.15185185185185185
0 0.620918984280532 0.6953703703703704 0.05078597339782346 0.1574074074074074
0 0.42503022974607013 0.4398148148148148 0.03506650544135429 0.12407407407407407
0 0.4147521160822249 0.4046296296296296 0.037484885126964934 0.10740740740740741
0 0.40991535671100365 0.4986111111111111 0.03506650544135429 0.14907407407407408
0 0.4192865779927449 0.4634259259259259 0.02962515114873035 0.13240740740740742
0 0.22309552599758162 0.5333333333333333 0.037484885126964934 0.14629629629629629
0 0.27750906892382105 0.5143518518518518 0.05199516324062878 0.15648148148148147
0 0.2747883917775091 0.5486111111111112 0.039298669891172915 0.17314814814814813
0 0.5625755743651754 0.7439814814814815 0.047762998790810154 0.16018518518518518
0 0.24062877871825877 0.32407407407407407 0.03506650544135429 0.14074074074074075
0 0.7469770253929867 0.6930555555555555 0.04171704957678356 0.15833333333333333
0 0.28083434099153565 0.31296296296296294 0.0380894800483676 0.14814814814814814
0 0.39510278113663844 0.3662037037037037 0.039298669891172915 0.13796296296296295
0 0.2327690447400242 0.27824074074074073 0.032648125755743655 0.12685185185185185
0 0.46735187424425634 0.475 0.037484885126964934 0.1425925925925926
0 0.19044740024183796 0.29259259259259257 0.03506650544135429 0.13703703703703704
0 0.22037484885126965 0.30833333333333335 0.034461910519951636 0.11851851851851852
