0 0.9197916666666667 0.9259259259259259 0.084375 0.15
0 0.04479166666666667 0.9606481481481481 0.06666666666666667 0.0787037037037037
0 0.1875 0.7064814814814815 0.06666666666666667 0.26851851851851855
0 0.32317708333333334 0.7277777777777777 0.04114583333333333 0.22037037037037038
0 0.2903645833333333 0.6986111111111111 0.0671875 0.27314814814814814
0 0.23567708333333334 0.6703703703703704 0.0546875 0.2518518518518518
0 0.6372395833333333 0.674537037037037 0.0609375 0.24166666666666667
0 0.5830729166666667 0.6763888888888889 0.050520833333333334 0.25833333333333336
0 0.35130208333333335 0.5601851851851852 0.050520833333333334 0.20925925925925926
0 0.25338541666666664 0.5546296296296296 0.03697916666666667 0.18518518518518517
0 0.284375 0.5416666666666666 0.04895833333333333 0.1962962962962963
0 0.48984375 0.44583333333333336 0.04010416666666667 0.18981481481481483
0 0.24166666666666667 0.5314814814814814 0.03333333333333333 0.14629629629629629
0 0.17682291666666666 0.6453703703703704 0.0578125 0.2351851851851852
0 0.74375 0.5083333333333333 0.04479166666666667 0.19074074074074074
0 0.4583333333333333 0.4685185185185185 0.03125 0.1648148148148148
0 0.5927083333333333 0.49537037037037035 0.058333333333333334 0.2111111111111111
0 0.7033854166666667 0.5157407407407407 0.0515625 0.19814814814814816
0 0.4609375 0.35694444444444445 0.034375 0.16203703703703703
0 0.31875 0.37083333333333335 0.036458333333333336 0.16574074074074074
0 0.3484375 0.3912037037037037 0.03333333333333333 0.1287037037037037
0 0.515625 0.4842592592592593 0.042708333333333334 0.2074074074074074
0 0.5330729166666667 0.5268518518518519 0.0515625 0.1925925925925926
0 0.4140625 0.5319444444444444 0.051041666666666666 0.20462962962962963
0 0.33958333333333335 0.5185185185185185 0.05 0.20185185185185187
0 0.30572916666666666 0.49907407407407406 0.04583333333333333 0.20185185185185187
0 0.35989583333333336 0.462037037037037 0.03229166666666667 0.17407407407407408
0 0.39479166666666665 0.45046296296296295 0.03854166666666667 0.1824074074074074
0 0.3333333333333333 0.4324074074074074 0.034375 0.15185185185185185
0 0.4354166666666667 0.40879629629629627 0.035416666666666666 0.15648148148148147
0 0.5604166666666667 0.45694444444444443 0.036458333333333336 0.18796296296296297
0 0.4901041666666667 0.40185185185185185 0.034375 0.1388888888888889
0 0.41432291666666665 0.3736111111111111 0.044270833333333336 0.15648148148148147
0 0.37421875 0.3435185185185185 0.03802083333333333 0.1537037037037037
0 0.3776041666666667 0.3773148148148148 0.026041666666666668 0.1398148148148148
0 0.35572916666666665 0.3680555555555556 0.0375 0.1398148148148148
0 0.4 0.33240740740740743 0.028125 0.13518518518518519
0 0.11197916666666667 0.5569444444444445 0.035416666666666666 0.1935185185185185
0 0.47161458333333334 0.3453703703703704 0.03177083333333333 0.1537037037037037
0 0.4986979166666667 0.34074074074074073 0.03177083333333333 0.13703703703703704
0 0.3359375 0.324537037037037 0.028125 0.13240740740740742
0 0.13802083333333334 0.6287037037037037 0.065625 0.24259259259259258
0 0.9760416666666667 0.4708333333333333 0.03125 0.1712962962962963
0 0.36302083333333335 0.2689814814814815 0.03229166666666667 0.12685185185185185
0 0.25703125 0.45185185185185184 0.0421875 0.18518518518518517
0 0.5575520833333333 0.337037037037037 0.0296875 0.13703703703703704
0 0.5059895833333333 0.3287037037037037 0.0296875 0.14629629629629629
0 0.42109375 0.25972222222222224 0.03177083333333333 0.12314814814814815
0 0.45859375 0.2652777777777778 0.028645833333333332 0.11018518518518519
0 0.3875 0.2375 0.023958333333333335 0.11018518518518519
0 0.46197916666666666 0.2791666666666667 0.026041666666666668 0.10277777777777777
0 0.78359375 0.3638888888888889 0.0296875 0.1685185185185185
0 0.4669270833333333 0.25046296296296294 0.025520833333333333 0.09907407407407408
0 0.5395833333333333 0.3375 0.030208333333333334 0.12129629629629629
