0 0.4015625 0.2337962962962963 0.036458333333333336 0.12685185185185185
0 0.3768229166666667 0.2449074074074074 0.0296875 0.1287037037037037
0 0.5536458333333333 0.4300925925925926 0.041666666666666664 0.18425925925925926
0 0.43125 0.2625 0.028125 0.12314814814814815
0 0.43072916666666666 0.3592592592592593 0.036458333333333336 0.16296296296296298
0 0.4002604166666667 0.3435185185185185 0.0359375 0.1685185185185185
0 0.11302083333333333 0.5259259259259259 0.040625 0.1925925925925926
0 0.5640625 0.30787037037037035 0.030208333333333334 0.1398148148148148
0 0.38776041666666666 0.3458333333333333 0.0296875 0.16018518518518518
0 0.052083333333333336 0.9231481481481482 0.08125 0.1537037037037037
0 0.32578125 0.9041666666666667 0.0609375 0.1935185185185185
0 0.22109375 0.5259259259259259 0.0671875 0.22407407407407406
0 0.21614583333333334 0.7541666666666667 0.059375 0.2638888888888889
0 0.2825520833333333 0.6449074074074074 0.0609375 0.24537037037037038
0 0.3341145833333333 0.6310185185185185 0.050520833333333334 0.2175925925925926
0 0.35494791666666664 0.6949074074074074 0.050520833333333334 0.20462962962962963
0 0.30963541666666666 0.5773148148148148 0.05572916666666667 0.25833333333333336
0 0.36223958333333334 0.6143518518518518 0.04114583333333333 0.16203703703703703
0 0.7294270833333333 0.4837962962962963 0.05572916666666667 0.2101851851851852
0 0.31614583333333335 0.45601851851851855 0.041666666666666664 0.17685185185185184
0 0.36796875 0.4666666666666667 0.0484375 0.2
0 0.3809895833333333 0.44675925925925924 0.04010416666666667 0.1675925925925926
0 0.4278645833333333 0.4564814814814815 0.03802083333333333 0.1574074074074074
0 0.5229166666666667 0.4152777777777778 0.042708333333333334 0.17314814814814813
0 0.13802083333333334 0.5949074074074074 0.052083333333333336 0.23981481481481481
0 0.30859375 0.4203703703703704 0.0359375 0.16296296296296298
0 0.7390625 0.3976851851851852 0.03958333333333333 0.19907407407407407
0 0.44088541666666664 0.3416666666666667 0.0359375 0.13703703703703704
0 0.6083333333333333 0.3375 0.034375 0.16203703703703703
0 0.565625 0.3212962962962963 0.034375 0.13333333333333333
0 0.5208333333333334 0.3625 0.03125 0.15462962962962962
0 0.5359375 0.3175925925925926 0.03229166666666667 0.12962962962962962
0 0.49375 0.36666666666666664 0.03854166666666667 0.17222222222222222
0 0.4875 0.34074074074074073 0.028125 0.14629629629629629
0 0.4828125 0.2490740740740741 0.027083333333333334 0.12962962962962962
0 0.45677083333333335 0.23425925925925925 0.03125 0.13518518518518519
0 0.334375 0.3037037037037037 0.029166666666666667 0.13703703703703704
0 0.8791666666666667 0.49722222222222223 0.051041666666666666 0.18518518518518517
0 0.5734375 0.4078703703703704 0.041666666666666664 0.175
