0 0.36094316807738813 0.9796296296296296 0.04232164449818621 0.04259259259259259
0 0.3954050785973398 0.9814814814814815 0.030229746070133012 0.037037037037037035
0 0.45223700120918986 0.9638888888888889 0.05199516324062878 0.07037037037037037
0 0.4498186215235792 0.41805555555555557 0.036275695284159616 0.15462962962962962
0 0.46856106408706166 0.4546296296296296 0.05441354292623942 0.16296296296296298
0 0.7333736396614269 0.8759259259259259 0.05199516324062878 0.17222222222222222
0 0.7759975816203144 0.8763888888888889 0.046553808948004836 0.175
0 0.538391777509069 0.8425925925925926 0.0562273276904474 0.18703703703703703
0 0.26844014510278114 0.799074074074074 0.04232164449818621 0.15
0 0.40507859733978235 0.8199074074074074 0.049576783555018135 0.1712962962962963
0 0.4286577992744861 0.8435185185185186 0.04353083434099154 0.1425925925925926
0 0.6481257557436517 0.5143518518518518 0.03990326481257558 0.15462962962962962
0 0.6148730350665055 0.4925925925925926 0.03385731559854897 0.14074074074074075
0 0.5299274486094316 0.4976851851851852 0.03688029020556227 0.16018518518518518
0 0.5172309552599759 0.45092592592592595 0.046553808948004836 0.1425925925925926
0 0.2209794437726723 0.8236111111111111 0.04897218863361548 0.16203703703703703
0 0.34159613059250304 0.8537037037037037 0.04353083434099154 0.16296296296296298
0 0.32889963724304716 0.9157407407407407 0.0471584038694075 0.1648148148148148
0 0.35399032648125756 0.9416666666666667 0.04171704957678356 0.11666666666666667
0 0.4117291414752116 0.9365740740740741 0.0471584038694075 0.12314814814814815
0 0.7300483675937122 0.9643518518518519 0.04534461910519952 0.07314814814814814
0 0.8802902055622733 0.8069444444444445 0.041112454655380895 0.15648148148148147
0 0.9226118500604595 0.825925925925926 0.044740024183796856 0.14074074074074075
0 0.8896614268440145 0.7592592592592593 0.04897218863361548 0.1537037037037037
0 0.9443772672309553 0.7458333333333333 0.03506650544135429 0.14351851851851852
0 0.9703748488512697 0.912962962962963 0.05199516324062878 0.15185185185185185
0 0.9201934703748489 0.7486111111111111 0.032648125755743655 0.12314814814814815
0 0.841596130592503 0.7819444444444444 0.037484885126964934 0.1175925925925926
0 0.9280532043530835 0.7953703703703704 0.032648125755743655 0.13518518518518519
0 0.9652357920193471 0.7384259259259259 0.039298669891172915 0.1398148148148148
0 0.8585247883917775 0.9768518518518519 0.032648125755743655 0.04814814814814815
0 0.932285368802902 0.9037037037037037 0.044740024183796856 0.17037037037037037
0 0.7871825876662636 0.7865740740740741 0.06166868198307134 0.18981481481481483
0 0.9870012091898428 0.6268518518518519 0.024788391777509067 0.14444444444444443
0 0.8168077388149939 0.38101851851851853 0.04353083434099154 0.1398148148148148
0 0.7584643288996372 0.5314814814814814 0.05259975816203144 0.1537037037037037
0 0.7998790810157195 0.5453703703703704 0.044740024183796856 0.14629629629629629
0 0.9712817412333736 0.6532407407407408 0.051390568319226115 0.14537037037037037
0 0.9401451027811366 0.5930555555555556 0.04232164449818621 0.15462962962962962
0 0.9071946795646917 0.6060185185185185 0.03688029020556227 0.14537037037037037
0 0.8047158403869408 0.33287037037037037 0.041112454655380895 0.13240740740740742
0 0.9135429262394196 0.38472222222222224 0.037484885126964934 0.1398148148148148
0 0.008766626360338573 0.6990740740740741 0.016324062877871828 0.1685185185185185
0 0.02902055622732769 0.6435185185185185 0.045949214026602174 0.15925925925925927
0 0.009673518742442563 0.5967592592592592 0.018137847642079808 0.13425925925925927
0 0.46372430471584036 0.8013888888888889 0.0592503022974607 0.1712962962962963
0 0.7944377267230955 0.9662037037037037 0.05078597339782346 0.06759259259259259
0 0.8657799274486094 0.9365740740740741 0.05078597339782346 0.12314814814814815
0 0.5090689238210399 0.7953703703703704 0.053204353083434096 0.17777777777777778
0 0.6774486094316807 0.8564814814814815 0.0501813784764208 0.17222222222222222
0 0.7920193470374849 0.6587962962962963 0.049576783555018135 0.1398148148148148
0 0.36577992744860943 0.7143518518518519 0.04836759371221282 0.16944444444444445
0 0.8775695284159613 0.6046296296296296 0.03688029020556227 0.15925925925925927
0 0.8494558645707376 0.6171296296296296 0.04353083434099154 0.14351851851851852
0 0.8125755743651754 0.6083333333333333 0.045949214026602174 0.14629629629629629
0 0.7309552599758162 0.6856481481481481 0.04353083434099154 0.1675925925925926
0 0.8836154776299879 0.5138888888888888 0.04897218863361548 0.13703703703703704
0 0.7191656590084643 0.5856481481481481 0.03688029020556227 0.14537037037037037
0 0.7433494558645707 0.5935185185185186 0.03688029020556227 0.13703703703703704
0 0.6275695284159613 0.8435185185185186 0.05078597339782346 0.16666666666666666
0 0.4619105199516324 0.7185185185185186 0.04353083434099154 0.15185185185185185
0 0.6577992744860943 0.7111111111111111 0.044740024183796856 0.17037037037037037
0 0.49727932285368803 0.6305555555555555 0.046553808948004836 0.15
0 0.5060459492140266 0.6782407407407407 0.04232164449818621 0.14351851851851852
0 0.5541112454655381 0.6537037037037037 0.042926239419588876 0.17037037037037037
0 0.7007255139056832 0.7129629629629629 0.05078597339782346 0.17592592592592593
0 0.9171704957678356 0.4726851851851852 0.04353083434099154 0.14537037037037037
0 0.16384522370012092 0.33101851851851855 0.03506650544135429 0.1398148148148148
0 0.13663845223700122 0.34953703703703703 0.03385731559854897 0.14722222222222223
0 0.7436517533252721 0.4273148148148148 0.044740024183796856 0.1527777777777778
0 0.7835550181378477 0.43287037037037035 0.045949214026602174 0.14351851851851852
0 0.8301088270858524 0.9606481481481481 0.032648125755743655 0.07685185185185185
0 0.010278113663845224 0.9828703703703704 0.019347037484885126 0.030555555555555555
0 0.056831922611850064 0.9476851851851852 0.04232164449818621 0.10462962962962963
0 0.1735187424425635 0.9425925925925925 0.04836759371221282 0.11666666666666667
0 0.9389359129383313 0.38981481481481484 0.03506650544135429 0.1259259259259259
0 0.9691656590084643 0.3435185185185185 0.041112454655380895 0.1574074074074074
0 0.8694074969770254 0.3675925925925926 0.03869407496977025 0.14444444444444443
0 0.9691656590084643 0.30416666666666664 0.02902055622732769 0.13240740740740742
0 0.9371221281741233 0.2962962962962963 0.03506650544135429 0.13703703703703704
0 0.8972188633615478 0.33194444444444443 0.03990326481257558 0.1175925925925926
0 0.977932285368803 0.05462962962962963 0.03688029020556227 0.10740740740740741
0 0.9510278113663845 0.05462962962962963 0.032648125755743655 0.10740740740740741
0 0.9301692865779927 0.053703703703703705 0.034461910519951636 0.1
0 0.9900241837968561 0.18796296296296297 0.018742442563482467 0.12962962962962962
0 0.9477025392986699 0.2587962962962963 0.03325272067714631 0.12314814814814815
0 0.9407496977025392 0.1300925925925926 0.044740024183796856 0.15092592592592594
0 0.9026602176541717 0.3037037037037037 0.037484885126964934 0.11481481481481481
0 0.874546553808948 0.05 0.03204353083434099 0.09814814814814815
0 0.8978234582829504 0.056018518518518516 0.037484885126964934 0.10648148148148148
0 0.8733373639661427 0.08425925925925926 0.035671100362756954 0.10925925925925926
0 0.8938935912938332 0.10185185185185185 0.03688029020556227 0.12037037037037036
0 0.9153567110036276 0.18472222222222223 0.037484885126964934 0.12314814814814815
0 0.9026602176541717 0.2462962962962963 0.03385731559854897 0.11481481481481481
0 0.8639661426844014 0.15648148148148147 0.03385731559854897 0.12962962962962962
0 0.8624546553808948 0.22870370370370371 0.03688029020556227 0.12037037037037036
0 0.8642684401451027 0.2828703703703704 0.0380894800483676 0.1175925925925926
0 0.6296856106408706 0.6097222222222223 0.04050785973397823 0.15092592592592594
0 0.7164449818621523 0.38425925925925924 0.04232164449818621 0.14629629629629629
0 0.6801692865779927 0.38842592592592595 0.03506650544135429 0.15092592592592594
0 0.6550785973397824 0.38287037037037036 0.035671100362756954 0.14907407407407408
0 0.6058041112454655 0.42407407407407405 0.03990326481257558 0.1574074074074074
0 0.5758766626360339 0.4162037037037037 0.039298669891172915 0.15092592592592594
0 0.772067714631197 0.2375 0.030229746070133012 0.09351851851851851
0 0.8053204353083434 0.14305555555555555 0.032648125755743655 0.11018518518518519
0 0.7968561064087062 0.12731481481481483 0.03506650544135429 0.11018518518518519
0 0.7636033857315598 0.14351851851851852 0.03143893591293833 0.11851851851851852
0 0.7539298669891172 0.22314814814814815 0.036275695284159616 0.12407407407407407
0 0.7079806529625151 0.2212962962962963 0.041112454655380895 0.14629629629629629
0 0.7209794437726723 0.16944444444444445 0.0380894800483676 0.1259259259259259
0 0.654776299879081 0.26296296296296295 0.030229746070133012 0.12962962962962962
0 0.08585247883917775 0.38101851851851853 0.036275695284159616 0.14722222222222223
0 0.032345828295042324 0.36666666666666664 0.03688029020556227 0.14629629629629629
0 0.0592503022974607 0.3875 0.04232164449818621 0.15092592592592594
0 0.06166868198307134 0.30972222222222223 0.03990326481257558 0.14351851851851852
0 0.005743651753325272 0.2587962962962963 0.010278113663845224 0.14537037037037037
0 0.003022974607013301 0.16944444444444445 0.0048367593712212815 0.15
0 0.02176541717049577 0.26435185185185184 0.030229746070133012 0.13425925925925927
0 0.016324062877871828 0.3 0.030229746070133012 0.1425925925925926
0 0.015417170495767836 0.19490740740740742 0.02962515114873035 0.14351851851851852
0 0.03143893591293833 0.22916666666666666 0.03506650544135429 0.13796296296296295
0 0.05108827085852479 0.24722222222222223 0.034461910519951636 0.13148148148148148
0 0.06529625151148731 0.1884259259259259 0.03990326481257558 0.13425925925925927
0 0.1003627569528416 0.2791666666666667 0.030229746070133012 0.13425925925925927
0 0.09854897218863362 0.20694444444444443 0.032648125755743655 0.15462962962962962
0 0.05471584038694075 0.14629629629629629 0.04050785973397823 0.14074074074074075
0 0.09250302297460701 0.15833333333333333 0.03506650544135429 0.12962962962962962
0 0.1275695284159613 0.1439814814814815 0.036275695284159616 0.14537037037037037
0 0.11426844014510278 0.12129629629629629 0.03385731559854897 0.13518518518518519
0 0.20344619105199516 0.27314814814814814 0.028415961305925032 0.09074074074074075
0 0.22853688029020555 0.2662037037037037 0.03506650544135429 0.12685185185185185
0 0.26058041112454655 0.2884259259259259 0.044740024183796856 0.1287037037037037
0 0.15356711003627568 0.10046296296296296 0.03506650544135429 0.12314814814814815
0 0.28143893591293834 0.07731481481481481 0.03688029020556227 0.13425925925925927
0 0.27781136638452236 0.13796296296296295 0.034461910519951636 0.13333333333333333
0 0.3162031438935913 0.1486111111111111 0.032648125755743655 0.13240740740740742
0 0.33192261185006044 0.2523148148148148 0.02902055622732769 0.09351851851851851
0 0.313180169286578 0.08657407407407407 0.03869407496977025 0.125
0 0.33675937122128174 0.10694444444444444 0.03385731559854897 0.12314814814814815
0 0.5332527206771464 0.28379629629629627 0.04353083434099154 0.125
0 0.4192865779927449 0.23425925925925925 0.03325272067714631 0.13148148148148148
0 0.3824062877871826 0.10601851851851851 0.02962515114873035 0.11574074074074074
0 0.3597339782345828 0.13055555555555556 0.032648125755743655 0.10185185185185185
0 0.37424425634824665 0.15231481481481482 0.032648125755743655 0.1175925925925926
0 0.34885126964933494 0.23564814814814813 0.03506650544135429 0.13425925925925927
0 0.5776904474002419 0.2759259259259259 0.03688029020556227 0.1425925925925926
0 0.6000604594921403 0.23981481481481481 0.039298669891172915 0.1425925925925926
0 0.6333131801692866 0.2662037037037037 0.039298669891172915 0.13796296296296295
0 0.4740024183796856 0.18333333333333332 0.041112454655380895 0.15185185185185185
0 0.5024183796856106 0.19444444444444445 0.02902055622732769 0.12962962962962962
0 0.5323458282950423 0.1884259259259259 0.03325272067714631 0.1398148148148148
0 0.5501813784764208 0.19583333333333333 0.026602176541717048 0.09537037037037037
0 0.5773881499395405 0.17777777777777778 0.037484885126964934 0.13703703703703704
0 0.6305925030229746 0.22777777777777777 0.03506650544135429 0.13518518518518519
0 0.6139661426844014 0.1625 0.03688029020556227 0.13796296296296295
0 0.6417775090689238 0.17916666666666667 0.034461910519951636 0.1287037037037037
0 0.5568319226118501 0.14675925925925926 0.03506650544135429 0.13240740740740742
0 0.3887545344619105 0.2351851851851852 0.036275695284159616 0.12407407407407407
0 0.46372430471584036 0.05740740740740741 0.03506650544135429 0.11296296296296296
0 0.48911729141475213 0.06527777777777778 0.02781136638452237 0.11203703703703703
0 0.5063482466747279 0.04722222222222222 0.02720677146311971 0.09259259259259259
0 0.6018742442563483 0.08055555555555556 0.035671100362756954 0.12777777777777777
0 0.5640870616686819 0.05787037037037037 0.032648125755743655 0.09907407407407408
0 0.6399637243047158 0.07546296296296297 0.035671100362756954 0.1287037037037037
0 0.5535066505441354 0.04953703703703704 0.034461910519951636 0.09722222222222222
0 0.6475211608222491 0.04398148148148148 0.03506650544135429 0.08611111111111111
0 0.5828295042321644 0.05092592592592592 0.032648125755743655 0.1
0 0.7880894800483675 0.1486111111111111 0.034461910519951636 0.10648148148148148
0 0.6952841596130592 0.19583333333333333 0.036275695284159616 0.13055555555555556
0 0.2832527206771463 0.15833333333333333 0.03083434099153567 0.11666666666666667
0 0.8536880290205562 0.30833333333333335 0.036275695284159616 0.1425925925925926
0 0.7950423216444982 0.1962962962962963 0.037484885126964934 0.12407407407407407
0 0.1215235792019347 0.26805555555555555 0.03869407496977025 0.14537037037037037
0 0.15538089480048367 0.06574074074074074 0.03869407496977025 0.12962962962962962
0 0.34401451027811364 0.5435185185185185 0.03506650544135429 0.1574074074074074
0 0.34522370012091896 0.29398148148148145 0.030229746070133012 0.1175925925925926
0 0.12908101571946795 0.7972222222222223 0.0501813784764208 0.16296296296296298
0 0.36275695284159615 0.3101851851851852 0.02781136638452237 0.1259259259259259
0 0.12575574365175332 0.7587962962962963 0.05562273276904474 0.16574074074074074
0 0.8464328899637243 0.49212962962962964 0.03506650544135429 0.14907407407407408
0 0.873639661426844 0.48148148148148145 0.030229746070133012 0.13148148148148148
0 0.23004836759371222 0.6555555555555556 0.04171704957678356 0.1685185185185185
0 0.2007255139056832 0.6472222222222223 0.04232164449818621 0.16111111111111112
0 0.33978234582829503 0.637962962962963 0.032648125755743655 0.14629629629629629
0 0.20253929866989118 0.5810185185185185 0.037484885126964934 0.14537037037037037
0 0.20314389359129384 0.5476851851851852 0.03385731559854897 0.15648148148148147
0 0.16928657799274485 0.5509259259259259 0.037484885126964934 0.13148148148148148
0 0.16233373639661428 0.5037037037037037 0.039298669891172915 0.14629629629629629
0 0.13391777509068925 0.5324074074074074 0.044135429262394194 0.14814814814814814
0 0.34099153567110035 0.19814814814814816 0.03143893591293833 0.11481481481481481
0 0.36275695284159615 0.20277777777777778 0.03143893591293833 0.12407407407407407
0 0.2578597339782346 0.4425925925925926 0.04171704957678356 0.1388888888888889
0 0.24032648125755743 0.46574074074074073 0.034461910519951636 0.14629629629629629
0 0.26934703748488514 0.9097222222222222 0.04171704957678356 0.14722222222222223
0 0.28143893591293834 0.7638888888888888 0.05380894800483676 0.1574074074074074
0 0.3978234582829504 0.625 0.045949214026602174 0.1537037037037037
0 0.31952841596130593 0.6856481481481481 0.03688029020556227 0.15462962962962962
0 0.31106408706166866 0.7263888888888889 0.04534461910519952 0.16574074074074074
0 0.39993954050785974 0.7231481481481481 0.051390568319226115 0.14444444444444443
0 0.5828295042321644 0.774074074074074 0.05441354292623942 0.14814814814814814
0 0.42533252720677145 0.5236111111111111 0.0380894800483676 0.12314814814814815
0 0.4108222490931076 0.4875 0.04171704957678356 0.10648148148148148
0 0.3978234582829504 0.5671296296296297 0.03506650544135429 0.14351851851851852
0 0.41717049576783555 0.5444444444444444 0.02902055622732769 0.13148148148148148
0 0.21644498186215236 0.6259259259259259 0.037484885126964934 0.14444444444444443
0 0.2669286577992745 0.5967592592592592 0.046553808948004836 0.15648148148148147
0 0.2681378476420798 0.6388888888888888 0.039298669891172915 0.16111111111111112
0 0.2330713422007255 0.4013888888888889 0.039298669891172915 0.14351851851851852
0 0.2717654171704958 0.38472222222222224 0.039298669891172915 0.15092592592592594
0 0.3824062877871826 0.4439814814814815 0.039298669891172915 0.13796296296296295
0 0.2140266021765417 0.37222222222222223 0.041112454655380895 0.12962962962962962
0 0.4873035066505441 0.575925925925926 0.037484885126964934 0.15
0 0.0036275695284159614 0.412962962962963 0.006045949214026602 0.14074074074074075
