0 0.6417775090689238 0.9810185185185185 0.03688029020556227 0.03796296296296296
0 0.6995163240628779 0.9486111111111111 0.045949214026602174 0.10462962962962963
0 0.650241837968561 0.9611111111111111 0.04171704957678356 0.07777777777777778
0 0.8685006045949214 0.8407407407407408 0.04534461910519952 0.14814814814814814
0 0.1444981862152358 0.7550925925925925 0.04232164449818621 0.17685185185185184
0 0.10580411124546554 0.7865740740740741 0.03990326481257558 0.1675925925925926
0 0.6463119709794438 0.5694444444444444 0.044740024183796856 0.1537037037037037
0 0.32980652962515117 0.5587962962962963 0.044135429262394194 0.14907407407407408
0 0.28869407496977023 0.5467592592592593 0.044135429262394194 0.14537037037037037
0 0.12515114873035066 0.3736111111111111 0.041112454655380895 0.13240740740740742
0 0.019649334945586457 0.43796296296296294 0.0380894800483676 0.1425925925925926
0 0.08645707376058041 0.48009259259259257 0.049576783555018135 0.16018518518518518
0 0.13784764207980654 0.48194444444444445 0.044740024183796856 0.1675925925925926
0 0.6030834340991535 0.3101851851851852 0.034461910519951636 0.1574074074074074
0 0.019347037484885126 0.5282407407407408 0.037484885126964934 0.16574074074074074
0 0.5876662636033857 0.33287037037037037 0.04353083434099154 0.1527777777777778
0 0.6260580411124547 0.3537037037037037 0.039298669891172915 0.14629629629629629
0 0.7100967351874244 0.6574074074074074 0.044135429262394194 0.1537037037037037
0 0.7424425634824667 0.6884259259259259 0.05199516324062878 0.14907407407407408
0 0.35822249093107617 0.2800925925925926 0.042926239419588876 0.1287037037037037
0 0.3183192261185006 0.3037037037037037 0.034461910519951636 0.13518518518518519
0 0.44619105199516323 0.26481481481481484 0.037484885126964934 0.13518518518518519
0 0.43409915356711004 0.2861111111111111 0.041112454655380895 0.13518518518518519
0 0.5057436517533253 0.5518518518518518 0.03688029020556227 0.15185185185185185
0 0.5196493349455864 0.47685185185185186 0.039298669891172915 0.14444444444444443
0 0.5232769044740024 0.5074074074074074 0.039298669891172915 0.1425925925925926
0 0.48428053204353083 0.5935185185185186 0.03990326481257558 0.17407407407407408
0 0.3352478839177751 0.3125 0.04050785973397823 0.14166666666666666
0 0.655683192261185 0.7680555555555556 0.046553808948004836 0.16944444444444445
0 0.7418379685610641 0.7699074074074074 0.045949214026602174 0.15462962962962962
0 0.7636033857315598 0.736574074074074 0.0471584038694075 0.15462962962962962
0 0.9918379685610641 0.7935185185185185 0.015114873035066506 0.13703703703703704
0 0.9446795646916566 0.7736111111111111 0.05743651753325272 0.17314814814814813
0 0.6012696493349455 0.8888888888888888 0.051390568319226115 0.17407407407407408
0 0.903869407496977 0.6023148148148149 0.049576783555018135 0.16018518518518518
0 0.8624546553808948 0.5523148148148148 0.051390568319226115 0.14537037037037037
0 0.9280532043530835 0.549074074074074 0.0471584038694075 0.1574074074074074
0 0.8700120918984281 0.6842592592592592 0.05078597339782346 0.1574074074074074
0 0.9081015719467956 0.6837962962962963 0.04232164449818621 0.16574074074074074
0 0.8285973397823458 0.6782407407407407 0.046553808948004836 0.16018518518518518
0 0.8035066505441354 0.6356481481481482 0.0471584038694075 0.17314814814814813
0 0.8609431680773881 0.36157407407407405 0.036275695284159616 0.13425925925925927
0 0.8938935912938332 0.38981481481481484 0.046553808948004836 0.15185185185185185
0 0.903869407496977 0.3425925925925926 0.026602176541717048 0.1037037037037037
0 0.9226118500604595 0.3365740740740741 0.030229746070133012 0.11018518518518519
0 0.5465538089480049 0.9560185185185185 0.05078597339782346 0.08981481481481482
0 0.7587666263603385 0.8634259259259259 0.05804111245465538 0.1787037037037037
0 0.8258766626360339 0.7731481481481481 0.06408706166868199 0.16111111111111112
0 0.7986698911729141 0.8171296296296297 0.05441354292623942 0.16018518518518518
0 0.22309552599758162 0.0412037037037037 0.030229746070133012 0.08055555555555556
0 0.1396614268440145 0.10648148148148148 0.03990326481257558 0.14629629629629629
0 0.32285368802902054 0.06898148148148148 0.045949214026602174 0.1175925925925926
0 0.3978234582829504 0.033796296296296297 0.03506650544135429 0.06574074074074074
0 0.4268440145102781 0.024074074074074074 0.032648125755743655 0.046296296296296294
0 0.435912938331318 0.04861111111111111 0.030229746070133012 0.09537037037037037
0 0.4785368802902056 0.10416666666666667 0.03688029020556227 0.13425925925925927
0 0.4957678355501814 0.060648148148148145 0.037484885126964934 0.11944444444444445
0 0.5253929866989118 0.03148148148148148 0.032648125755743655 0.06111111111111111
0 0.5399032648125756 0.05555555555555555 0.030229746070133012 0.10925925925925926
0 0.5595525997581621 0.06435185185185185 0.034461910519951636 0.12314814814814815
0 0.5973397823458283 0.041666666666666664 0.03506650544135429 0.08148148148148149
0 0.6632406287787183 0.05787037037037037 0.03869407496977025 0.11388888888888889
0 0.6919588875453446 0.043055555555555555 0.02962515114873035 0.08425925925925926
0 0.7131197097944377 0.04351851851851852 0.03204353083434099 0.08518518518518518
0 0.7309552599758162 0.12268518518518519 0.03869407496977025 0.12685185185185185
0 0.7551390568319226 0.12916666666666668 0.030229746070133012 0.10462962962962963
0 0.774788391777509 0.11064814814814815 0.034461910519951636 0.12314814814814815
0 0.9646311970979444 0.05462962962962963 0.03204353083434099 0.10740740740740741
0 0.9304715840386941 0.08703703703703704 0.03385731559854897 0.12407407407407407
0 0.963422007255139 0.10324074074074074 0.039298669891172915 0.1398148148148148
0 0.9594921402660218 0.1726851851851852 0.041112454655380895 0.13796296296296295
0 0.9135429262394196 0.16296296296296298 0.03869407496977025 0.14074074074074075
0 0.8500604594921403 0.1712962962962963 0.03506650544135429 0.08703703703703704
0 0.876360338573156 0.175 0.03688029020556227 0.12407407407407407
0 0.9903264812575574 0.09074074074074075 0.018137847642079808 0.12962962962962962
0 0.9062877871825876 0.2449074074074074 0.0471584038694075 0.13796296296296295
0 0.936819830713422 0.2722222222222222 0.04171704957678356 0.1574074074074074
0 0.9504232164449818 0.2518518518518518 0.03869407496977025 0.13518518518518519
0 0.9737001209189843 0.24166666666666667 0.03688029020556227 0.14629629629629629
0 0.9824667472793228 0.27824074074074073 0.03385731559854897 0.14351851851851852
0 0.9703748488512697 0.32083333333333336 0.037484885126964934 0.13425925925925927
0 0.9897218863361548 0.33564814814814814 0.019347037484885126 0.14907407407407408
0 0.9555622732769045 0.34120370370370373 0.044135429262394194 0.14351851851851852
0 0.9374244256348246 0.3787037037037037 0.042926239419588876 0.1388888888888889
0 0.5964328899637243 0.13425925925925927 0.039298669891172915 0.12407407407407407
0 0.6354292623941958 0.1388888888888889 0.03869407496977025 0.1388888888888889
0 0.6293833131801693 0.1699074074074074 0.02781136638452237 0.11574074074074074
0 0.6118500604594922 0.17222222222222222 0.032648125755743655 0.12407407407407407
0 0.6061064087061668 0.20416666666666666 0.03688029020556227 0.13796296296296295
0 0.5710399032648126 0.2 0.03688029020556227 0.13518518518518519
0 0.6478234582829504 0.21435185185185185 0.034461910519951636 0.11574074074074074
0 0.6723095525997581 0.22962962962962963 0.030229746070133012 0.10185185185185185
0 0.6977025392986699 0.225 0.0471584038694075 0.13703703703703704
0 0.7605804111245466 0.2810185185185185 0.03990326481257558 0.13240740740740742
0 0.7862756952841596 0.2800925925925926 0.03083434099153567 0.12129629629629629
0 0.8107617896009673 0.3699074074074074 0.04353083434099154 0.14537037037037037
0 0.29836759371221283 0.18611111111111112 0.039298669891172915 0.12962962962962962
0 0.3512696493349456 0.19212962962962962 0.036275695284159616 0.12685185185185185
0 0.3778718258766626 0.2152777777777778 0.036275695284159616 0.1361111111111111
0 0.3391777509068924 0.22546296296296298 0.037484885126964934 0.12685185185185185
0 0.2227932285368803 0.2662037037037037 0.0380894800483676 0.14351851851851852
0 0.2548367593712213 0.2875 0.0380894800483676 0.14907407407407408
0 0.27660217654171704 0.3143518518518518 0.03204353083434099 0.08796296296296297
0 0.5426239419588875 0.4425925925925926 0.039298669891172915 0.1425925925925926
0 0.16021765417170497 0.18287037037037038 0.037484885126964934 0.12314814814814815
0 0.08645707376058041 0.18101851851851852 0.045949214026602174 0.11574074074074074
0 0.034461910519951636 0.28194444444444444 0.04232164449818621 0.14351851851851852
0 0.04685610640870617 0.3023148148148148 0.046553808948004836 0.1398148148148148
0 0.15779927448609432 0.3611111111111111 0.05199516324062878 0.15555555555555556
0 0.08222490931076179 0.6675925925925926 0.044740024183796856 0.1685185185185185
0 0.09068923821039904 0.625462962962963 0.036275695284159616 0.16018518518518518
0 0.12484885126964934 0.6166666666666667 0.04050785973397823 0.14814814814814814
0 0.20042321644498187 0.9324074074074075 0.051390568319226115 0.13703703703703704
0 0.20405078597339782 0.8902777777777777 0.06469165659008465 0.16944444444444445
0 0.22611850060459493 0.8712962962962963 0.03869407496977025 0.14629629629629629
0 0.6641475211608222 0.10138888888888889 0.03688029020556227 0.10833333333333334
0 0.03657799274486094 0.7328703703703704 0.0562273276904474 0.1712962962962963
0 0.007859733978234583 0.35694444444444445 0.014510278113663845 0.09351851851851851
0 0.7264207980652962 0.09907407407407408 0.034461910519951636 0.12962962962962962
0 0.4588875453446191 0.05092592592592592 0.03143893591293833 0.1
0 0.4528415961305925 0.09814814814814815 0.04232164449818621 0.12037037037037036
0 0.6384522370012092 0.07962962962962963 0.03990326481257558 0.1537037037037037
0 0.2418379685610641 0.587037037037037 0.04232164449818621 0.15925925925925927
0 0.2430471584038694 0.562962962962963 0.037484885126964934 0.14629629629629629
0 0.15084643288996372 0.5819444444444445 0.044135429262394194 0.14907407407407408
0 0.19800483675937122 0.5875 0.04171704957678356 0.14537037037037037
0 0.21311970979443773 0.5398148148148149 0.039298669891172915 0.14814814814814814
0 0.16444981862152358 0.5740740740740741 0.044740024183796856 0.14629629629629629
0 0.5870616686819831 0.5555555555555556 0.04353083434099154 0.1574074074074074
0 0.39631197097944376 0.2388888888888889 0.03204353083434099 0.12962962962962962
0 0.4189842805320435 0.24444444444444444 0.032648125755743655 0.12962962962962962
0 0.6064087061668681 0.5337962962962963 0.03385731559854897 0.15092592592592594
0 0.7146311970979444 0.8055555555555556 0.04353083434099154 0.14444444444444443
0 0.8748488512696493 0.6157407407407407 0.04353083434099154 0.14444444444444443
0 0.7043530834340992 0.7763888888888889 0.03990326481257558 0.13796296296296295
0 0.7255139056831923 0.3800925925925926 0.03990326481257558 0.11574074074074074
0 0.7702539298669892 0.3824074074074074 0.04232164449818621 0.13518518518518519
0 0.28204353083434097 0.37916666666666665 0.042926239419588876 0.1398148148148148
0 0.2590689238210399 0.3939814814814815 0.034461910519951636 0.13796296296296295
0 0.24909310761789602 0.9787037037037037 0.03990326481257558 0.044444444444444446
0 0.4800483675937122 0.9763888888888889 0.03869407496977025 0.04722222222222222
0 0.528415961305925 0.8212962962962963 0.044740024183796856 0.1814814814814815
0 0.4492140266021765 0.8726851851851852 0.044740024183796856 0.16018518518518518
0 0.5371825876662636 0.5879629629629629 0.039298669891172915 0.15925925925925927
0 0.5713422007255139 0.7606481481481482 0.053204353083434096 0.1638888888888889
0 0.3258766626360339 0.7800925925925926 0.0471584038694075 0.16203703703703703
0 0.5571342200725514 0.5199074074074074 0.039298669891172915 0.13240740740740742
0 0.5640870616686819 0.6212962962962963 0.04232164449818621 0.1537037037037037
0 0.502720677146312 0.8685185185185185 0.051390568319226115 0.18518518518518517
0 0.3639661426844015 0.4888888888888889 0.037484885126964934 0.12962962962962962
0 0.2871825876662636 0.41388888888888886 0.04232164449818621 0.14814814814814814
0 0.3573155985489722 0.4305555555555556 0.04232164449818621 0.15185185185185185
0 0.4882103990326481 0.42824074074074076 0.03204353083434099 0.12129629629629629
0 0.37484885126964934 0.7194444444444444 0.037484885126964934 0.1574074074074074
0 0.39721886336154777 0.7731481481481481 0.05199516324062878 0.1648148148148148
0 0.4156590084643289 0.7402777777777778 0.04171704957678356 0.1712962962962963
0 0.3688029020556227 0.7388888888888889 0.03990326481257558 0.17407407407407408
0 0.1414752116082225 0.29583333333333334 0.03869407496977025 0.14907407407407408
0 0.05562273276904474 0.2175925925925926 0.030229746070133012 0.13148148148148148
0 0.07496977025392987 0.22268518518518518 0.03506650544135429 0.13240740740740742
0 0.007557436517533253 0.9041666666666667 0.013905683192261185 0.18425925925925926
0 0.0036275695284159614 0.2101851851851852 0.006045949214026602 0.1259259259259259
0 0.1033857315598549 0.29444444444444445 0.03869407496977025 0.14629629629629629
0 0.5459492140266021 0.7134259259259259 0.049576783555018135 0.14351851851851852
0 0.1396614268440145 0.8699074074074075 0.06166868198307134 0.18055555555555555
0 0.20012091898428053 0.8402777777777778 0.053204353083434096 0.17314814814814813
0 0.6831922611850061 0.6944444444444444 0.05199516324062878 0.14814814814814814
0 0.25634824667472794 0.4625 0.0471584038694075 0.14166666666666666
0 0.47339782345828296 0.5453703703703704 0.036275695284159616 0.13703703703703704
0 0.46372430471584036 0.5175925925925926 0.049576783555018135 0.13518518518518519
0 0.33192261185006044 0.40925925925925927 0.03385731559854897 0.14074074074074075
0 0.3047158403869408 0.6462962962962963 0.05441354292623942 0.14814814814814814
0 0.469770253929867 0.4166666666666667 0.032648125755743655 0.14629629629629629
0 0.4909310761789601 0.3925925925925926 0.03506650544135429 0.14074074074074075
0 0.5151148730350665 0.6421296296296296 0.037484885126964934 0.1638888888888889
0 0.08313180169286578 0.2912037037037037 0.03204353083434099 0.12314814814814815
0 0.9885126964933495 0.9851851851851852 0.020556227327690448 0.03148148148148148
0 0.44740024183796856 0.4486111111111111 0.030229746070133012 0.11574074074074074
0 0.49788391777509067 0.4648148148148148 0.03204353083434099 0.11851851851851852
0 0.3186215235792019 0.44074074074074077 0.0471584038694075 0.15925925925925927
0 0.9894195888754534 0.20555555555555555 0.01995163240628779 0.12407407407407407
0 0.9005441354292624 0.20324074074074075 0.044135429262394194 0.13240740740740742
0 0.9897218863361548 0.04722222222222222 0.018137847642079808 0.09259259259259259
