0 0.696875 0.549537037037037 0.05625 0.1935185185185185
0 0.2994791666666667 0.4527777777777778 0.036458333333333336 0.1685185185185185
0 0.55859375 0.42453703703703705 0.04010416666666667 0.18425925925925926
0 0.5158854166666667 0.43472222222222223 0.043229166666666666 0.17685185185185184
0 0.58671875 0.5601851851851852 0.044270833333333336 0.22037037037037038
0 0.55859375 0.3763888888888889 0.03177083333333333 0.1287037037037037
0 0.5127604166666667 0.32083333333333336 0.0296875 0.12685185185185185
0 0.5296875 0.3236111111111111 0.027083333333333334 0.11203703703703703
0 0.46901041666666665 0.3300925925925926 0.0296875 0.13425925925925927
0 0.809375 0.3625 0.03125 0.15462962962962962
0 0.45729166666666665 0.36527777777777776 0.030208333333333334 0.14351851851851852
0 0.026302083333333334 0.7717592592592593 0.0515625 0.275
0 0.42552083333333335 0.28935185185185186 0.03333333333333333 0.12129629629629629
0 0.37864583333333335 0.2847222222222222 0.03125 0.1287037037037037
0 0.36640625 0.2791666666666667 0.027604166666666666 0.12685185185185185
0 0.79765625 0.8708333333333333 0.0796875 0.2601851851851852
0 0.6989583333333333 0.8791666666666667 0.07916666666666666 0.24351851851851852
0 0.51875 0.9671296296296297 0.05 0.06759259259259259
0 0.10078125 0.562962962962963 0.044270833333333336 0.1962962962962963
0 0.33515625 0.36157407407407405 0.0328125 0.14351851851851852
0 0.7799479166666666 0.3925925925925926 0.033854166666666664 0.1685185185185185
0 0.07161458333333333 0.9305555555555556 0.08802083333333334 0.14074074074074075
0 0.1390625 0.8736111111111111 0.071875 0.25277777777777777
0 0.20651041666666667 0.8856481481481482 0.07135416666666666 0.23055555555555557
0 0.2513020833333333 0.5393518518518519 0.04635416666666667 0.22870370370370371
0 0.06875 0.8893518518518518 0.06145833333333333 0.22314814814814815
0 0.4934895833333333 0.3912037037037037 0.033854166666666664 0.16203703703703703
0 0.27395833333333336 0.5597222222222222 0.04895833333333333 0.24166666666666667
0 0.759375 0.4532407407407407 0.03229166666666667 0.16203703703703703
0 0.8432291666666667 0.6606481481481481 0.0625 0.23796296296296296
0 0.5268229166666667 0.5162037037037037 0.05677083333333333 0.19537037037037036
0 0.40859375 0.5912037037037037 0.0453125 0.21574074074074073
0 0.72109375 0.475 0.04114583333333333 0.18518518518518517
0 0.6328125 0.48703703703703705 0.04583333333333333 0.2037037037037037
0 0.40729166666666666 0.43703703703703706 0.04479166666666667 0.1685185185185185
