0 0.010882708585247884 0.9824074074074074 0.020556227327690448 0.037037037037037035
0 0.2327690447400242 0.8634259259259259 0.0471584038694075 0.13796296296296295
0 0.2587666263603386 0.8291666666666667 0.049576783555018135 0.15648148148148147
0 0.09220072551390568 0.8231481481481482 0.05259975816203144 0.17592592592592593
0 0.1414752116082225 0.7680555555555556 0.045949214026602174 0.16203703703703703
0 0.07315598548972188 0.775 0.0471584038694075 0.15185185185185185
0 0.3485489721886336 0.662962962962963 0.04050785973397823 0.14629629629629629
0 0.13663845223700122 0.4115740740740741 0.03990326481257558 0.14907407407407408
0 0.20435308343409916 0.2361111111111111 0.03990326481257558 0.13518518518518519
0 0.061970979443772674 0.17824074074074073 0.04171704957678356 0.13796296296296295
0 0.036275695284159616 0.17407407407407408 0.032648125755743655 0.12962962962962962
0 0.06076178960096735 0.06111111111111111 0.039298669891172915 0.11851851851851852
0 0.08887545344619105 0.06296296296296296 0.03990326481257558 0.12407407407407407
0 0.21130592503022974 0.040740740740740744 0.034461910519951636 0.07962962962962963
0 0.17533252720677148 0.06712962962962964 0.03385731559854897 0.1287037037037037
0 0.2279322853688029 0.08425925925925926 0.036275695284159616 0.12407407407407407
0 0.19830713422007254 0.1287037037037037 0.03869407496977025 0.13518518518518519
0 0.2593712212817412 0.1287037037037037 0.03506650544135429 0.15185185185185185
0 0.2666263603385732 0.2986111111111111 0.03990326481257558 0.1398148148148148
0 0.23851269649334947 0.29444444444444445 0.04171704957678356 0.13148148148148148
0 0.3645707376058041 0.058333333333333334 0.030229746070133012 0.11481481481481481
0 0.3926844014510278 0.14027777777777778 0.04171704957678356 0.12685185185185185
0 0.4183796856106409 0.16666666666666666 0.037484885126964934 0.13518518518518519
0 0.47944377267230953 0.12685185185185185 0.03506650544135429 0.13148148148148148
0 0.43923821039903266 0.11574074074074074 0.034461910519951636 0.1259259259259259
0 0.4356106408706167 0.05694444444444444 0.039298669891172915 0.11203703703703703
0 0.4507255139056832 0.05185185185185185 0.02599758162031439 0.10185185185185185
0 0.5553204353083434 0.2412037037037037 0.04171704957678356 0.13796296296296295
0 0.601571946795647 0.23796296296296296 0.044740024183796856 0.12777777777777777
0 0.5362756952841596 0.12638888888888888 0.03143893591293833 0.13055555555555556
0 0.5746674727932285 0.15925925925925927 0.03204353083434099 0.12962962962962962
0 0.5580411124546554 0.12777777777777777 0.030229746070133012 0.12407407407407407
0 0.5522974607013301 0.08425925925925926 0.03204353083434099 0.12962962962962962
0 0.6345223700120919 0.041666666666666664 0.03325272067714631 0.08148148148148149
0 0.6671704957678356 0.040740740740740744 0.02962515114873035 0.07962962962962963
0 0.6865175332527207 0.03935185185185185 0.02962515114873035 0.07685185185185185
0 0.7200725513905684 0.04398148148148148 0.032648125755743655 0.08611111111111111
0 0.6154776299879081 0.14444444444444443 0.03869407496977025 0.12037037037037036
0 0.7744860943168077 0.5402777777777777 0.045949214026602174 0.15092592592592594
0 0.6671704957678356 0.38055555555555554 0.04171704957678356 0.1537037037037037
0 0.7103990326481258 0.3574074074074074 0.036275695284159616 0.13518518518518519
0 0.6783555018137848 0.32222222222222224 0.037484885126964934 0.12962962962962962
0 0.7642079806529625 0.27685185185185185 0.03143893591293833 0.1259259259259259
0 0.7351874244256348 0.2740740740740741 0.041112454655380895 0.13703703703703704
0 0.6922611850060459 0.26342592592592595 0.037484885126964934 0.13796296296296295
0 0.7959492140266021 0.22546296296296298 0.04171704957678356 0.13796296296296295
0 0.7696493349455864 0.20277777777777778 0.04232164449818621 0.11851851851851852
0 0.7971584038694075 0.1824074074074074 0.04050785973397823 0.12407407407407407
0 0.7756952841596131 0.16898148148148148 0.037484885126964934 0.13055555555555556
0 0.7478839177750907 0.16620370370370371 0.03506650544135429 0.13425925925925927
0 0.7998790810157195 0.1162037037037037 0.036275695284159616 0.1287037037037037
0 0.8180169286577993 0.1527777777777778 0.037484885126964934 0.12037037037037036
0 0.849758162031439 0.14027777777777778 0.03688029020556227 0.13055555555555556
0 0.9431680773881499 0.08055555555555556 0.03506650544135429 0.11296296296296296
0 0.9821644498186215 0.09166666666666666 0.034461910519951636 0.12777777777777777
0 0.9401451027811366 0.047685185185185185 0.030229746070133012 0.08425925925925926
0 0.9649334945586457 0.0587962962962963 0.02902055622732769 0.09537037037037037
0 0.9214026602176542 0.22175925925925927 0.032648125755743655 0.13425925925925927
0 0.9477025392986699 0.2884259259259259 0.039298669891172915 0.15462962962962962
0 0.9649334945586457 0.2037037037037037 0.03990326481257558 0.13518518518518519
0 0.9882103990326482 0.24953703703703703 0.022370012091898428 0.14351851851851852
0 0.9204957678355502 0.4166666666666667 0.0501813784764208 0.14074074074074075
0 0.9425634824667473 0.4023148148148148 0.032648125755743655 0.1287037037037037
0 0.5834340991535671 0.025 0.03506650544135429 0.04814814814814815
0 0.6160822249093107 0.027314814814814816 0.02539298669891173 0.05277777777777778
0 0.14026602176541716 0.625462962962963 0.036275695284159616 0.15462962962962962
0 0.1946795646916566 0.6162037037037037 0.032648125755743655 0.14907407407407408
0 0.1656590084643289 0.5810185185185185 0.04232164449818621 0.13796296296296295
0 0.20495767835550183 0.5800925925925926 0.03990326481257558 0.15462962962962962
0 0.1928657799274486 0.5282407407407408 0.03990326481257558 0.15092592592592594
0 0.15779927448609432 0.5175925925925926 0.037484885126964934 0.12962962962962962
0 0.685006045949214 0.8856481481481482 0.04836759371221282 0.2101851851851852
0 0.5178355501813785 0.30694444444444446 0.03325272067714631 0.1398148148148148
0 0.40719467956469163 0.2222222222222222 0.03204353083434099 0.12407407407407407
0 0.4274486094316808 0.22361111111111112 0.02781136638452237 0.12685185185185185
0 0.4821644498186215 0.30462962962962964 0.034461910519951636 0.12777777777777777
0 0.10640870616686819 0.4842592592592593 0.044740024183796856 0.1388888888888889
0 0.2998790810157195 0.5990740740740741 0.0471584038694075 0.1537037037037037
0 0.3234582829504232 0.6962962962962963 0.041112454655380895 0.1574074074074074
0 0.2932285368802902 0.7138888888888889 0.04353083434099154 0.1814814814814815
0 0.13512696493349455 0.487962962962963 0.034461910519951636 0.14074074074074075
0 0.27660217654171704 0.549074074074074 0.04171704957678356 0.16296296296296298
0 0.05108827085852479 0.4 0.04534461910519952 0.12777777777777777
0 0.06499395405078598 0.4041666666666667 0.03083434099153567 0.1398148148148148
0 0.6372430471584039 0.9365740740740741 0.06892382103990327 0.125
0 0.585247883917775 0.9018518518518519 0.06771463119709795 0.19814814814814816
0 0.8313180169286578 0.8513888888888889 0.045949214026602174 0.1935185185185185
0 0.9156590084643289 0.8777777777777778 0.051390568319226115 0.19814814814814816
0 0.8678960096735188 0.8694444444444445 0.0562273276904474 0.17962962962962964
0 0.16384522370012092 0.42407407407407405 0.04353083434099154 0.14629629629629629
0 0.7294437726723095 0.40694444444444444 0.03688029020556227 0.12314814814814815
0 0.7357920193470375 0.7069444444444445 0.03990326481257558 0.16018518518518518
0 0.9135429262394196 0.7092592592592593 0.06166868198307134 0.15185185185185185
0 0.971584038694075 0.6652777777777777 0.05562273276904474 0.15833333333333333
0 0.8796856106408706 0.687037037037037 0.05199516324062878 0.16111111111111112
0 0.8845223700120919 0.5282407407407408 0.032648125755743655 0.10462962962962963
0 0.871825876662636 0.4828703703703704 0.0471584038694075 0.13796296296296295
0 0.9489117291414753 0.6986111111111111 0.044135429262394194 0.15462962962962962
0 0.20012091898428053 0.18611111111111112 0.03385731559854897 0.1388888888888889
0 0.07920193470374849 0.6615740740740741 0.0592503022974607 0.16944444444444445
0 0.7756952841596131 0.2490740740740741 0.03869407496977025 0.12407407407407407
0 0.9860943168077388 0.5851851851851851 0.026602176541717048 0.14814814814814814
0 0.967956469165659 0.41435185185185186 0.026602176541717048 0.12129629629629629
0 0.6916565900846433 0.3814814814814815 0.03385731559854897 0.11851851851851852
0 0.9516324062877872 0.6087962962962963 0.05078597339782346 0.15833333333333333
0 0.9824667472793228 0.5106481481481482 0.03385731559854897 0.15462962962962962
0 0.7227932285368803 0.9092592592592592 0.046553808948004836 0.1574074074074074
0 0.7536275695284159 0.8962962962962963 0.04171704957678356 0.15185185185185185
0 0.8376662636033857 0.7731481481481481 0.0501813784764208 0.1648148148148148
0 0.7430471584038694 0.3587962962962963 0.04232164449818621 0.12314814814814815
0 0.7799274486094316 0.36064814814814816 0.03990326481257558 0.13796296296296295
0 0.9691656590084643 0.8574074074074074 0.05078597339782346 0.18703703703703703
0 0.5093712212817413 0.711574074074074 0.046553808948004836 0.14537037037037037
0 0.2968561064087062 0.35509259259259257 0.044740024183796856 0.13796296296296295
0 0.28476420798065294 0.3675925925925926 0.03506650544135429 0.14074074074074075
0 0.5634824667472793 0.4824074074074074 0.032648125755743655 0.12407407407407407
0 0.8089480048367593 0.7615740740740741 0.04353083434099154 0.16203703703703703
0 0.43893591293833134 0.9481481481481482 0.05441354292623942 0.10555555555555556
0 0.5108827085852479 0.7976851851851852 0.04836759371221282 0.1824074074074074
0 0.4570737605804111 0.850925925925926 0.0471584038694075 0.16296296296296298
0 0.5761789600967352 0.5981481481481481 0.04232164449818621 0.1537037037037037
0 0.6064087061668681 0.6129629629629629 0.045949214026602174 0.15185185185185185
0 0.3518742442563482 0.7736111111111111 0.05441354292623942 0.16018518518518518
0 0.5728536880290206 0.512962962962963 0.034461910519951636 0.13703703703703704
0 0.5374848851269649 0.5259259259259259 0.02902055622732769 0.10740740740740741
0 0.5991535671100363 0.5796296296296296 0.041112454655380895 0.14629629629629629
0 0.5154171704957679 0.8486111111111111 0.044135429262394194 0.1824074074074074
0 0.3639661426844015 0.44814814814814813 0.04232164449818621 0.12962962962962962
0 0.34582829504232165 0.6175925925925926 0.03990326481257558 0.1648148148148148
0 0.3848246674727932 0.3648148148148148 0.04171704957678356 0.15185185185185185
0 0.5048367593712213 0.41805555555555557 0.03143893591293833 0.14351851851851852
0 0.3987303506650544 0.6953703703703704 0.03204353083434099 0.14629629629629629
0 0.4068923821039903 0.7532407407407408 0.04836759371221282 0.16203703703703703
0 0.43893591293833134 0.7189814814814814 0.03990326481257558 0.15833333333333333
0 0.3802902055622733 0.7194444444444444 0.04232164449818621 0.17037037037037037
0 0.34280532043530837 0.11574074074074074 0.03506650544135429 0.13518518518518519
0 0.3177146311970979 0.03796296296296296 0.034461910519951636 0.07407407407407407
0 0.29564691656590086 0.03796296296296296 0.022974607013301087 0.07407407407407407
0 0.011487303506650543 0.8912037037037037 0.02176541717049577 0.1824074074074074
0 0.28869407496977023 0.12175925925925926 0.02962515114873035 0.1287037037037037
0 0.5704353083434099 0.6648148148148149 0.044135429262394194 0.14629629629629629
0 0.4740024183796856 0.6106481481481482 0.041112454655380895 0.16018518518518518
0 0.5707376058041113 0.649537037037037 0.0471584038694075 0.15092592592592594
0 0.6856106408706167 0.6777777777777778 0.044740024183796856 0.15185185185185185
0 0.2587666263603386 0.43796296296296294 0.04232164449818621 0.14074074074074075
0 0.5057436517533253 0.5217592592592593 0.034461910519951636 0.13796296296296295
0 0.47672309552599756 0.49166666666666664 0.046553808948004836 0.13518518518518519
0 0.405683192261185 0.3449074074074074 0.03990326481257558 0.13240740740740742
0 0.3222490931076179 0.47962962962962963 0.04836759371221282 0.14814814814814814
0 0.4800483675937122 0.38657407407407407 0.030229746070133012 0.1398148148148148
0 0.5123941958887546 0.387037037037037 0.03688029020556227 0.13518518518518519
0 0.45042321644498184 0.5351851851851852 0.03990326481257558 0.14629629629629629
0 0.31650544135429265 0.13796296296296295 0.02720677146311971 0.11851851851851852
0 0.4746070133010883 0.6898148148148148 0.049576783555018135 0.1537037037037037
0 0.4779322853688029 0.43148148148148147 0.02962515114873035 0.11851851851851852
0 0.6856106408706167 0.14027777777777778 0.044740024183796856 0.14351851851851852
0 0.003022974607013301 0.1726851851851852 0.0048367593712212815 0.12129629629629629
