0 0.5393229166666667 0.21666666666666667 0.028645833333333332 0.12407407407407407
0 0.37265625 0.22361111111111112 0.027604166666666666 0.1287037037037037
0 0.11354166666666667 0.4837962962962963 0.034375 0.18981481481481483
0 0.60390625 0.2986111111111111 0.03177083333333333 0.14907407407407408
0 0.3528645833333333 0.22268518518518518 0.027604166666666666 0.14166666666666666
0 0.033854166666666664 0.9120370370370371 0.06666666666666667 0.17777777777777778
0 0.2484375 0.8736111111111111 0.090625 0.25462962962962965
0 0.35598958333333336 0.7046296296296296 0.06197916666666667 0.2833333333333333
0 0.7666666666666667 0.47314814814814815 0.071875 0.2074074074074074
0 0.14244791666666667 0.8629629629629629 0.09114583333333333 0.2740740740740741
0 0.39140625 0.4532407407407407 0.05572916666666667 0.27685185185185185
0 0.5705729166666667 0.4 0.04114583333333333 0.1925925925925926
0 0.4661458333333333 0.4125 0.03333333333333333 0.16018518518518518
0 0.4265625 0.4009259259259259 0.046875 0.17962962962962964
0 0.31302083333333336 0.3875 0.035416666666666666 0.17314814814814813
0 0.2796875 0.3263888888888889 0.03229166666666667 0.15648148148148147
0 0.4276041666666667 0.2962962962962963 0.035416666666666666 0.13703703703703704
0 0.43697916666666664 0.2861111111111111 0.030208333333333334 0.13518518518518519
0 0.38307291666666665 0.29907407407407405 0.027604166666666666 0.10740740740740741
0 0.4583333333333333 0.2569444444444444 0.03333333333333333 0.14907407407407408
0 0.48541666666666666 0.2777777777777778 0.03333333333333333 0.09814814814814815
0 0.4205729166666667 0.23935185185185184 0.04010416666666667 0.1398148148148148
0 0.41302083333333334 0.2152777777777778 0.030208333333333334 0.12129629629629629
0 0.53125 0.3013888888888889 0.023958333333333335 0.10648148148148148
0 0.5557291666666667 0.28703703703703703 0.03333333333333333 0.1648148148148148
0 0.4921875 0.2162037037037037 0.03125 0.13796296296296295
0 0.428125 0.20046296296296295 0.030208333333333334 0.1287037037037037
