0 0.05754475703324808 0.7465909090909091 0.045183290707587385 0.15227272727272728
0 0.05839727195225917 0.8005681818181818 0.05200341005967604 0.15568181818181817
0 0.14407502131287298 0.7585227272727273 0.03751065643648764 0.14204545454545456
0 0.6163682864450127 0.9607954545454546 0.05115089514066496 0.08068181818181819
0 0.670076726342711 0.8579545454545454 0.0443307757885763 0.15227272727272728
0 0.44501278772378516 0.8414772727272727 0.04603580562659847 0.14886363636363636
0 0.4833759590792839 0.8375 0.04603580562659847 0.15227272727272728
0 0.3410059676044331 0.7147727272727272 0.042625745950554135 0.1409090909090909
0 0.3030690537084399 0.6829545454545455 0.04859335038363171 0.13863636363636364
0 0.2753623188405797 0.7159090909090909 0.05115089514066496 0.1318181818181818
0 0.01619778346121057 0.727840909090909 0.030690537084398978 0.1375
0 0.4641943734015345 0.7073863636363636 0.03836317135549872 0.14886363636363636
0 0.5004262574595055 0.7136363636363636 0.0443307757885763 0.15227272727272728
0 0.4057971014492754 0.8852272727272728 0.0443307757885763 0.15227272727272728
0 0.38022165387894286 0.5585227272727272 0.0392156862745098 0.13522727272727272
0 0.14151747655583974 0.54375 0.03580562659846547 0.12840909090909092
0 0.17050298380221654 0.5573863636363636 0.04603580562659847 0.12840909090909092
0 0.7472293265132139 0.5892045454545455 0.045183290707587385 0.15113636363636362
0 0.710997442455243 0.8693181818181818 0.0443307757885763 0.1431818181818182
0 0.3452685421994885 0.5005681818181819 0.03751065643648764 0.12840909090909092
0 0.30264279624893436 0.4965909090909091 0.04092071611253197 0.12727272727272726
0 0.07289002557544758 0.48068181818181815 0.03836317135549872 0.13636363636363635
0 0.881926683716965 0.05454545454545454 0.0247229326513214 0.08409090909090909
0 0.8431372549019608 0.8011363636363636 0.05285592497868713 0.1409090909090909
0 0.9893435635123614 0.83125 0.021312872975277068 0.1375
0 0.5187553282182438 0.5034090909090909 0.041773231031543054 0.11363636363636363
0 0.4373401534526854 0.5653409090909091 0.0392156862745098 0.13522727272727272
0 0.4761295822676897 0.5744318181818182 0.040068201193520885 0.13522727272727272
0 0.5349531116794544 0.6948863636363637 0.045183290707587385 0.12840909090909092
0 0.3137254901960784 0.061931818181818185 0.030690537084398978 0.09886363636363636
0 0.7996589940323956 0.37727272727272726 0.042625745950554135 0.10454545454545454
0 0.10528559249786872 0.9880681818181818 0.03495311167945439 0.023863636363636365
0 0.2813299232736573 0.9715909090909091 0.04603580562659847 0.05909090909090909
0 0.2050298380221654 0.9789772727272728 0.045183290707587385 0.04431818181818182
0 0.23572037510656438 0.959659090909091 0.04859335038363171 0.08295454545454546
0 0.14791133844842286 0.9255681818181818 0.041773231031543054 0.14886363636363636
0 0.18329070758738278 0.9306818181818182 0.042625745950554135 0.1409090909090909
0 0.4300937766410912 0.017613636363636363 0.0247229326513214 0.03295454545454545
0 0.4143222506393862 0.021022727272727273 0.028985507246376812 0.03977272727272727
0 0.35080988917306055 0.007386363636363636 0.028132992327365727 0.0125
0 0.24083546462063085 0.04261363636363636 0.028132992327365727 0.0715909090909091
0 0.8026427962489343 0.20170454545454544 0.03836317135549872 0.11477272727272728
0 0.8563512361466326 0.20113636363636364 0.03495311167945439 0.11818181818181818
0 0.8175618073316283 0.20852272727272728 0.03239556692242114 0.11477272727272728
0 0.8265132139812447 0.04431818181818182 0.03495311167945439 0.08636363636363636
0 0.7127024722932651 0.3659090909090909 0.03751065643648764 0.11818181818181818
0 0.5029838022165388 0.27045454545454545 0.03239556692242114 0.11136363636363636
0 0.5473145780051151 0.2630681818181818 0.03751065643648764 0.11477272727272728
0 0.793691389599318 0.3397727272727273 0.0392156862745098 0.10454545454545454
0 0.7621483375959079 0.3715909090909091 0.03751065643648764 0.11818181818181818
0 0.7689684569479965 0.5284090909090909 0.03751065643648764 0.1318181818181818
0 0.8069053708439897 0.4732954545454545 0.03154305200341006 0.11704545454545455
0 0.7885763000852515 0.5693181818181818 0.03410059676044331 0.10454545454545454
0 0.8418584825234442 0.5664772727272728 0.03836317135549872 0.13068181818181818
0 0.793691389599318 0.4954545454545455 0.0392156862745098 0.11818181818181818
0 0.5639386189258312 0.3784090909090909 0.045183290707587385 0.12045454545454545
0 0.5336743393009378 0.38693181818181815 0.04092071611253197 0.1215909090909091
0 0.34185848252344414 0.24147727272727273 0.03580562659846547 0.11477272727272728
0 0.49701619778346123 0.09090909090909091 0.027280477408354646 0.08636363636363636
0 0.2907075873827792 0.014204545454545454 0.023870417732310314 0.026136363636363635
0 0.3614663256606991 0.026136363636363635 0.02557544757033248 0.05
0 0.34398976982097185 0.98125 0.029838022165387893 0.03977272727272727
0 0.8205456095481671 0.2857954545454545 0.03836317135549872 0.10340909090909091
0 0.8269394714407502 0.6125 0.02557544757033248 0.10454545454545454
0 0.25404944586530265 0.035227272727272725 0.027280477408354646 0.06818181818181818
0 0.7169650468883205 0.2727272727272727 0.04774083546462063 0.11363636363636363
0 0.8201193520886616 0.3375 0.042625745950554135 0.125
0 0.5575447570332481 0.33352272727272725 0.03410059676044331 0.10795454545454546
0 0.8069053708439897 0.29261363636363635 0.03836317135549872 0.10113636363636364
0 0.7681159420289855 0.4732954545454545 0.04092071611253197 0.11477272727272728
0 0.5221653878942881 0.09488636363636363 0.03154305200341006 0.09204545454545454
0 0.5626598465473146 0.5011363636363636 0.03751065643648764 0.1318181818181818
0 0.5814151747655584 0.3261363636363636 0.0392156862745098 0.11818181818181818
0 0.5711849957374254 0.03579545454545455 0.028985507246376812 0.06931818181818182
0 0.052429667519181586 0.9806818181818182 0.028132992327365727 0.04090909090909091
0 0.7698209718670077 0.9630681818181818 0.0443307757885763 0.07386363636363637
0 0.8209718670076727 0.946590909090909 0.05115089514066496 0.10909090909090909
0 0.8618925831202046 0.9289772727272727 0.04092071611253197 0.14431818181818182
0 0.6069906223358909 0.7988636363636363 0.0443307757885763 0.15454545454545454
0 0.6508951406649617 0.7926136363636364 0.045183290707587385 0.15795454545454546
0 0.7821824381926684 0.70625 0.04859335038363171 0.15568181818181817
0 0.8052003410059676 0.6073863636363637 0.045183290707587385 0.15568181818181817
0 0.8584825234441603 0.6221590909090909 0.03751065643648764 0.12840909090909092
0 0.7468030690537084 0.4965909090909091 0.042625745950554135 0.11136363636363636
0 0.2557544757033248 0.15056818181818182 0.030690537084398978 0.10113636363636364
0 0.48678601875532823 0.3431818181818182 0.042625745950554135 0.11818181818181818
0 0.2549019607843137 0.3840909090909091 0.03239556692242114 0.10454545454545454
0 0.27877237851662406 0.37670454545454546 0.03410059676044331 0.11477272727272728
0 0.30051150895140666 0.39545454545454545 0.03495311167945439 0.09090909090909091
0 0.3073316283034953 0.24147727272727273 0.03495311167945439 0.11477272727272728
0 0.443307757885763 0.3170454545454545 0.03580562659846547 0.11136363636363636
0 0.319693094629156 0.13068181818181818 0.03410059676044331 0.10454545454545454
0 0.19522591645353793 0.05056818181818182 0.027280477408354646 0.0875
0 0.2877237851662404 0.22329545454545455 0.029838022165387893 0.09204545454545454
0 0.5477408354646206 0.030113636363636363 0.03154305200341006 0.05795454545454545
0 0.44671781756180734 0.08806818181818182 0.030690537084398978 0.09431818181818181
0 0.4744245524296675 0.09545454545454546 0.03154305200341006 0.08636363636363636
0 0.21739130434782608 0.038636363636363635 0.028985507246376812 0.075
0 0.3333333333333333 0.07670454545454546 0.030690537084398978 0.0875
0 0.49914748508098894 0.11761363636363636 0.03154305200341006 0.10113636363636364
0 0.7736572890025576 0.28238636363636366 0.041773231031543054 0.1215909090909091
0 0.38832054560954815 0.02784090909090909 0.028132992327365727 0.053409090909090906
0 0.4676044330775789 0.028409090909090908 0.028132992327365727 0.05454545454545454
0 0.5225916453537937 0.3340909090909091 0.03751065643648764 0.10454545454545454
0 0.27365728900255754 0.017045454545454544 0.023870417732310314 0.031818181818181815
0 0.08951406649616368 0.8960227272727272 0.0443307757885763 0.14431818181818182
0 0.5170502983802217 0.9272727272727272 0.041773231031543054 0.13863636363636364
0 0.5609548167092924 0.9392045454545455 0.0392156862745098 0.11931818181818182
0 0.7728047740835464 0.8727272727272727 0.05541346973572037 0.1590909090909091
0 0.2412617220801364 0.6528409090909091 0.04092071611253197 0.1375
0 0.8013640238704177 0.8073863636363636 0.04092071611253197 0.16704545454545455
0 0.8976982097186701 0.8227272727272728 0.04092071611253197 0.16363636363636364
0 0.9266837169650469 0.8005681818181818 0.042625745950554135 0.16477272727272727
0 0.9151747655583973 0.7522727272727273 0.04859335038363171 0.15454545454545454
0 0.8657289002557544 0.5142045454545454 0.03836317135549872 0.12386363636363637
0 0.5524296675191815 0.21931818181818183 0.03239556692242114 0.09772727272727273
0 0.1308610400682012 0.025 0.03154305200341006 0.04772727272727273
0 0.011935208866155157 0.5732954545454545 0.02216538789428815 0.12386363636363637
0 0.032821824381926684 0.5068181818181818 0.041773231031543054 0.11363636363636363
0 0.5694799658994032 0.678409090909091 0.04092071611253197 0.1409090909090909
0 0.08013640238704177 0.31477272727272726 0.03751065643648764 0.125
0 0.22719522591645352 0.5301136363636364 0.03836317135549872 0.14204545454545456
0 0.5046888320545609 0.5295454545454545 0.030690537084398978 0.125
0 0.4424552429667519 0.41306818181818183 0.03580562659846547 0.11477272727272728
0 0.335464620630861 0.3073863636363636 0.03495311167945439 0.11477272727272728
0 0.06649616368286446 0.3971590909090909 0.042625745950554135 0.1215909090909091
0 0.011082693947144074 0.5102272727272728 0.020460358056265986 0.125
0 0.09974424552429667 0.3403409090909091 0.042625745950554135 0.11704545454545455
0 0.27450980392156865 0.5659090909090909 0.042625745950554135 0.13863636363636364
0 0.13384484228473997 0.33352272727272725 0.03751065643648764 0.11704545454545455
0 0.4595055413469736 0.17670454545454545 0.030690537084398978 0.09431818181818181
0 0.45481670929241264 0.4971590909090909 0.03495311167945439 0.1215909090909091
0 0.4164535379369139 0.40738636363636366 0.03836317135549872 0.12840909090909092
0 0.22719522591645352 0.04318181818181818 0.0247229326513214 0.07045454545454545
0 0.45865302642796246 0.3840909090909091 0.03580562659846547 0.12045454545454545
0 0.5387894288150042 0.4420454545454545 0.04092071611253197 0.1340909090909091
0 0.3640238704177323 0.3079545454545455 0.03239556692242114 0.12045454545454545
0 0.17220801364023872 0.2 0.04092071611253197 0.09772727272727273
0 0.42242114236999145 0.2590909090909091 0.03154305200341006 0.09772727272727273
0 0.1867007672634271 0.3153409090909091 0.03751065643648764 0.11477272727272728
0 0.3410059676044331 0.26193181818181815 0.03580562659846547 0.1215909090909091
0 0.3614663256606991 0.18238636363636362 0.03239556692242114 0.10340909090909091
0 0.3887468030690537 0.18238636363636362 0.03239556692242114 0.11022727272727273
0 0.46930946291560105 0.23522727272727273 0.03836317135549872 0.11818181818181818
0 0.40238704177323104 0.2545454545454545 0.03410059676044331 0.10681818181818181
0 0.4373401534526854 0.1693181818181818 0.030690537084398978 0.1
0 0.4113384484228474 0.18579545454545454 0.03154305200341006 0.10340909090909091
0 0.32438192668371696 0.1653409090909091 0.03495311167945439 0.11477272727272728
0 0.5268542199488491 0.12272727272727273 0.03239556692242114 0.1
0 0.7638533674339301 0.3119318181818182 0.03580562659846547 0.11022727272727273
0 0.8823529411764706 0.2119318181818182 0.030690537084398978 0.10795454545454546
0 0.8516624040920716 0.4022727272727273 0.042625745950554135 0.11818181818181818
0 0.8576300085251491 0.2096590909090909 0.03580562659846547 0.10795454545454546
0 0.8439897698209718 0.3880681818181818 0.042625745950554135 0.12386363636363637
0 0.8132992327365729 0.4005681818181818 0.0392156862745098 0.1215909090909091
0 0.7553282182438192 0.8164772727272728 0.05285592497868713 0.15568181818181817
0 0.09803921568627451 0.42102272727272727 0.04603580562659847 0.12840909090909092
0 0.484228473998295 0.39034090909090907 0.03239556692242114 0.1215909090909091
0 0.3793691389599318 0.48977272727272725 0.0443307757885763 0.12045454545454545
0 0.670929241261722 0.9619318181818182 0.05115089514066496 0.07840909090909091
0 0.49658994032395565 0.3795454545454545 0.03154305200341006 0.10454545454545454
0 0.4279624893435635 0.4732954545454545 0.03751065643648764 0.12840909090909092
0 0.43648763853367434 0.13125 0.02557544757033248 0.0875
