0 0.0063482466747279325 0.2986111111111111 0.011487303506650543 0.1398148148148148
0 0.04685610640870617 0.287962962962963 0.044135429262394194 0.14629629629629629
0 0.02871825876662636 0.1425925925925926 0.04171704957678356 0.14074074074074075
0 0.09068923821039904 0.2773148148148148 0.03869407496977025 0.14166666666666666
0 0.10882708585247884 0.15046296296296297 0.036275695284159616 0.125
0 0.1544740024183797 0.15416666666666667 0.034461910519951636 0.13425925925925927
0 0.17744860943168078 0.14537037037037037 0.039298669891172915 0.13518518518518519
0 0.10519951632406288 0.1111111111111111 0.03869407496977025 0.13518518518518519
0 0.15568319226118502 0.1050925925925926 0.034461910519951636 0.13240740740740742
0 0.12696493349455865 0.06574074074074074 0.04232164449818621 0.12222222222222222
0 0.5235792019347038 0.4356481481481482 0.02902055622732769 0.12685185185185185
0 0.2926239419588875 0.14675925925925926 0.03990326481257558 0.12314814814814815
0 0.5066505441354293 0.053703703703703705 0.032648125755743655 0.10555555555555556
0 0.5259975816203144 0.047685185185185185 0.02781136638452237 0.09351851851851851
0 0.4740024183796856 0.36527777777777776 0.041112454655380895 0.13796296296296295
0 0.49667472793228534 0.4305555555555556 0.039298669891172915 0.15185185185185185
0 0.5111850060459492 0.2689814814814815 0.03325272067714631 0.12685185185185185
0 0.47128174123337363 0.26944444444444443 0.03688029020556227 0.13703703703703704
0 0.6490326481257558 0.3388888888888889 0.03688029020556227 0.14074074074074075
0 0.6825876662636033 0.3384259259259259 0.037484885126964934 0.13240740740740742
0 0.5483675937122128 0.08518518518518518 0.036275695284159616 0.12037037037037036
0 0.5792019347037485 0.13240740740740742 0.02781136638452237 0.12037037037037036
0 0.6596130592503023 0.23564814814814813 0.03506650544135429 0.12129629629629629
0 0.6197097944377267 0.2300925925925926 0.03869407496977025 0.13796296296296295
0 0.5834340991535671 0.22870370370370371 0.02781136638452237 0.11296296296296296
0 0.9407496977025392 0.043055555555555555 0.03143893591293833 0.08425925925925926
0 0.5767835550181378 0.10324074074074074 0.02781136638452237 0.10648148148148148
0 0.9573760580411125 0.30462962962962964 0.03204353083434099 0.14074074074074075
0 0.975211608222491 0.2898148148148148 0.032648125755743655 0.12037037037037036
0 0.9721886336154776 0.20879629629629629 0.03990326481257558 0.14907407407407408
0 0.9371221281741233 0.26805555555555555 0.032648125755743655 0.13425925925925927
0 0.9410519951632407 0.1712962962962963 0.03083434099153567 0.14074074074074075
0 0.914752116082225 0.25324074074074077 0.037484885126964934 0.14351851851851852
0 0.907496977025393 0.17407407407407408 0.032648125755743655 0.13518518518518519
0 0.596130592503023 0.03518518518518519 0.02902055622732769 0.06851851851851852
0 0.7672309552599759 0.37962962962962965 0.032648125755743655 0.12777777777777777
0 0.8083434099153567 0.39351851851851855 0.03869407496977025 0.1259259259259259
0 0.8288996372430472 0.4046296296296296 0.030229746070133012 0.13148148148148148
0 0.6082224909310762 0.12314814814814815 0.02902055622732769 0.12037037037037036
0 0.6203143893591294 0.13703703703703704 0.037484885126964934 0.11851851851851852
0 0.8938935912938332 0.13425925925925927 0.03325272067714631 0.12037037037037036
0 0.8818016928657799 0.2337962962962963 0.04534461910519952 0.14351851851851852
0 0.8842200725513906 0.20833333333333334 0.0380894800483676 0.14074074074074075
0 0.8545949214026602 0.15648148148148147 0.039298669891172915 0.14629629629629629
0 0.6318016928657799 0.10046296296296296 0.02781136638452237 0.11203703703703703
0 0.8545949214026602 0.23425925925925925 0.02962515114873035 0.11481481481481481
0 0.8010882708585247 0.19583333333333333 0.037484885126964934 0.12685185185185185
0 0.6735187424425635 0.1337962962962963 0.03869407496977025 0.125
0 0.6490326481257558 0.059722222222222225 0.039298669891172915 0.1175925925925926
0 0.6844014510278114 0.05324074074074074 0.03506650544135429 0.10462962962962963
0 0.8038089480048367 0.27685185185185185 0.03688029020556227 0.13518518518518519
0 0.7847642079806529 0.2564814814814815 0.02781136638452237 0.12962962962962962
0 0.7521160822249093 0.25462962962962965 0.03506650544135429 0.14444444444444443
0 0.7530229746070133 0.14212962962962963 0.028415961305925032 0.13240740740740742
0 0.7079806529625151 0.06296296296296296 0.030229746070133012 0.12037037037037036
0 0.7889963724304716 0.37083333333333335 0.03869407496977025 0.14907407407407408
0 0.6417775090689238 0.1388888888888889 0.03204353083434099 0.12407407407407407
0 0.9223095525997581 0.2125 0.039298669891172915 0.14907407407407408
0 0.9467956469165659 0.23564814814814813 0.037484885126964934 0.11944444444444445
0 0.9123337363966143 0.1259259259259259 0.037484885126964934 0.12037037037037036
0 0.7155380894800484 0.1439814814814815 0.039298669891172915 0.11944444444444445
0 0.7291414752116082 0.12222222222222222 0.032648125755743655 0.13148148148148148
0 0.6608222490931076 0.10138888888888889 0.037484885126964934 0.13425925925925927
0 0.81136638452237 0.25092592592592594 0.03385731559854897 0.13148148148148148
0 0.5870616686819831 0.08611111111111111 0.030229746070133012 0.11481481481481481
0 0.9915356711003628 0.2351851851851852 0.016928657799274487 0.10740740740740741
0 0.48155985489721886 0.30462962962962964 0.04534461910519952 0.1425925925925926
0 0.5078597339782346 0.3037037037037037 0.03143893591293833 0.12777777777777777
0 0.42140266021765416 0.03194444444444444 0.02418379685610641 0.062037037037037036
0 0.8292019347037485 0.18888888888888888 0.03688029020556227 0.12962962962962962
0 0.5740628778718259 0.12546296296296297 0.02962515114873035 0.09907407407407408
0 0.7412333736396615 0.031018518518518518 0.02539298669891173 0.06018518518518518
0 0.8564087061668681 0.03796296296296296 0.02720677146311971 0.07407407407407407
0 0.8730350665054414 0.02546296296296296 0.045949214026602174 0.049074074074074076
0 0.3778718258766626 0.587037037037037 0.037484885126964934 0.14814814814814814
0 0.06801692865779928 0.48148148148148145 0.035671100362756954 0.14629629629629629
0 0.062273276904474005 0.5273148148148148 0.03990326481257558 0.14907407407407408
0 0.02750906892382104 0.5055555555555555 0.0380894800483676 0.1537037037037037
0 0.09310761789600967 0.5087962962962963 0.04232164449818621 0.15462962962962962
0 0.842503022974607 0.39351851851851855 0.039298669891172915 0.12962962962962962
0 0.8573155985489722 0.3773148148148148 0.032648125755743655 0.12685185185185185
0 0.26360338573155984 0.6930555555555555 0.044740024183796856 0.16574074074074074
0 0.23337363966142685 0.6754629629629629 0.037484885126964934 0.16574074074074074
0 0.3639661426844015 0.6777777777777778 0.04836759371221282 0.14629629629629629
0 0.22974607013301088 0.6018518518518519 0.03506650544135429 0.13518518518518519
0 0.23428053204353083 0.5902777777777778 0.03204353083434099 0.15462962962962962
0 0.18923821039903266 0.5805555555555556 0.04353083434099154 0.14444444444444443
0 0.19921402660217655 0.5430555555555555 0.044135429262394194 0.15462962962962962
0 0.154776299879081 0.5694444444444444 0.044740024183796856 0.14814814814814814
0 0.373639661426844 0.2587962962962963 0.032648125755743655 0.12685185185185185
0 0.3978234582829504 0.26157407407407407 0.04232164449818621 0.12685185185185185
0 0.5646916565900847 0.5763888888888888 0.0471584038694075 0.13796296296296295
0 0.6251511487303507 0.5925925925925926 0.0471584038694075 0.16296296296296298
0 0.2503022974607013 0.41064814814814815 0.03869407496977025 0.13055555555555556
0 0.2478839177750907 0.45046296296296295 0.037484885126964934 0.14907407407407408
0 0.1033857315598549 0.5763888888888888 0.049576783555018135 0.17314814814814813
0 0.3062273276904474 0.8013888888888889 0.047762998790810154 0.1638888888888889
0 0.10126964933494559 0.6236111111111111 0.04171704957678356 0.1638888888888889
0 0.3334340991535671 0.5018518518518519 0.035671100362756954 0.14629629629629629
0 0.0782950423216445 0.6439814814814815 0.044135429262394194 0.16018518518518518
0 0.6426844014510278 0.825925925925926 0.036275695284159616 0.14074074074074075
0 0.3555018137847642 0.7226851851851852 0.036275695284159616 0.1527777777777778
0 0.3600362756952842 0.7587962962962963 0.044135429262394194 0.1712962962962963
0 0.597037484885127 0.6583333333333333 0.04171704957678356 0.16296296296296298
0 0.6224304715840387 0.6944444444444444 0.04171704957678356 0.16296296296296298
0 0.6466142684401451 0.6680555555555555 0.034461910519951636 0.13240740740740742
0 0.4322853688029021 0.7648148148148148 0.049576783555018135 0.14629629629629629
0 0.6856106408706167 0.7 0.0471584038694075 0.14074074074074075
0 0.13029020556227328 0.8217592592592593 0.044135429262394194 0.16574074074074074
0 0.45435308343409914 0.562962962962963 0.03204353083434099 0.13518518518518519
0 0.43500604594921405 0.5328703703703703 0.03204353083434099 0.13796296296296295
0 0.5761789600967352 0.8125 0.0471584038694075 0.15462962962962962
0 0.6946795646916566 0.8087962962962963 0.05804111245465538 0.16203703703703703
0 0.6964933494558646 0.8657407407407407 0.036275695284159616 0.14074074074074075
0 0.43016928657799275 0.03611111111111111 0.034461910519951636 0.07037037037037037
0 0.8183192261185006 0.9546296296296296 0.04897218863361548 0.09074074074074075
0 0.8437122128174124 0.9560185185185185 0.03688029020556227 0.08981481481481482
0 0.4244256348246675 0.6185185185185185 0.0471584038694075 0.14814814814814814
0 0.4458887545344619 0.587037037037037 0.034461910519951636 0.15185185185185185
0 0.1215235792019347 0.9023148148148148 0.04836759371221282 0.15462962962962962
0 0.6166868198307134 0.9069444444444444 0.045949214026602174 0.16203703703703703
0 0.6463119709794438 0.9106481481481481 0.04836759371221282 0.16018518518518518
0 0.0782950423216445 0.9097222222222222 0.044135429262394194 0.14907407407407408
0 0.012394195888754534 0.5032407407407408 0.02357920193470375 0.15648148148148147
0 0.9863966142684402 0.35462962962962963 0.02720677146311971 0.12037037037037036
0 0.9794437726723095 0.4074074074074074 0.03990326481257558 0.1425925925925926
0 0.9585852478839177 0.3712962962962963 0.039298669891172915 0.14629629629629629
0 0.6030834340991535 0.9305555555555556 0.047762998790810154 0.14074074074074075
0 0.5640870616686819 0.9300925925925926 0.03869407496977025 0.14166666666666666
0 0.2439540507859734 0.6546296296296297 0.03688029020556227 0.14629629629629629
0 0.29564691656590086 0.6222222222222222 0.04353083434099154 0.15185185185185185
0 0.2971584038694075 0.6717592592592593 0.034461910519951636 0.17314814814814813
0 0.33252720677146314 0.4027777777777778 0.03385731559854897 0.12962962962962962
0 0.31952841596130593 0.43703703703703706 0.042926239419588876 0.14814814814814814
0 0.34885126964933494 0.4222222222222222 0.037484885126964934 0.12962962962962962
0 0.3059250302297461 0.3939814814814815 0.037484885126964934 0.14722222222222223
0 0.9461910519951633 0.43796296296296294 0.037484885126964934 0.13703703703703704
0 0.9794437726723095 0.4393518518518518 0.03506650544135429 0.13796296296296295
0 0.5568319226118501 0.5143518518518518 0.04353083434099154 0.15092592592592594
0 0.41233373639661425 0.4847222222222222 0.037484885126964934 0.14351851851851852
0 0.49788391777509067 0.48842592592592593 0.03688029020556227 0.1527777777777778
0 0.5683192261185006 0.537962962962963 0.03990326481257558 0.1425925925925926
0 0.1375453446191052 0.7671296296296296 0.044135429262394194 0.16944444444444445
0 0.07466747279322854 0.37962962962962965 0.03204353083434099 0.13148148148148148
0 0.058645707376058044 0.3611111111111111 0.037484885126964934 0.1425925925925926
0 0.007557436517533253 0.34675925925925927 0.013905683192261185 0.16018518518518518
0 0.6961910519951633 0.5777777777777777 0.04897218863361548 0.1537037037037037
0 0.7521160822249093 0.9782407407407407 0.036275695284159616 0.04537037037037037
0 0.7031438935912938 0.962037037037037 0.045949214026602174 0.07777777777777778
0 0.03143893591293833 0.3560185185185185 0.036275695284159616 0.13240740740740742
0 0.691354292623942 0.9097222222222222 0.04897218863361548 0.15092592592592594
0 0.7345828295042321 0.9004629629629629 0.045949214026602174 0.1638888888888889
0 0.08222490931076179 0.788425925925926 0.044740024183796856 0.16018518518518518
0 0.09885126964933495 0.8402777777777778 0.03688029020556227 0.16203703703703703
0 0.056831922611850064 0.8421296296296297 0.04232164449818621 0.15092592592592594
0 0.7218863361547763 0.5814814814814815 0.03869407496977025 0.1537037037037037
0 0.8038089480048367 0.9162037037037037 0.051390568319226115 0.1638888888888889
0 0.8890568319226119 0.8055555555555556 0.042926239419588876 0.17777777777777778
0 0.847037484885127 0.9060185185185186 0.0471584038694075 0.1675925925925926
0 0.8642684401451027 0.8523148148148149 0.046553808948004836 0.1824074074074074
0 0.8884522370012092 0.736574074074074 0.039298669891172915 0.16574074074074074
0 0.9912333736396615 0.3013888888888889 0.016324062877871828 0.14907407407407408
0 0.843409915356711 0.20787037037037037 0.03143893591293833 0.1287037037037037
0 0.8422007255139057 0.4935185185185185 0.05199516324062878 0.14814814814814814
0 0.7240024183796856 0.624537037037037 0.04171704957678356 0.16018518518518518
0 0.7626964933494559 0.6171296296296296 0.044135429262394194 0.15648148148148147
0 0.43107617896009676 0.3921296296296296 0.02902055622732769 0.12685185185185185
0 0.45646916565900847 0.39537037037037037 0.03506650544135429 0.13148148148148148
0 0.8688029020556227 0.5726851851851852 0.04232164449818621 0.15648148148148147
0 0.6723095525997581 0.3787037037037037 0.03990326481257558 0.14074074074074075
0 0.6296856106408706 0.3638888888888889 0.05380894800483676 0.15185185185185185
0 0.14207980652962515 0.4666666666666667 0.05078597339782346 0.14629629629629629
0 0.13059250302297462 0.500462962962963 0.049576783555018135 0.13796296296296295
0 0.016626360338573155 0.45 0.03204353083434099 0.14814814814814814
0 0.010580411124546553 0.6518518518518519 0.01995163240628779 0.1648148148148148
0 0.02539298669891173 0.6703703703703704 0.04353083434099154 0.16666666666666666
0 0.0190447400241838 0.40694444444444444 0.03688029020556227 0.14351851851851852
0 0.7896009673518742 0.48518518518518516 0.04353083434099154 0.14629629629629629
0 0.8893591293833132 0.5226851851851851 0.041112454655380895 0.1287037037037037
0 0.9232164449818622 0.5217592592592593 0.03506650544135429 0.15648148148148147
0 0.8545949214026602 0.45092592592592595 0.04171704957678356 0.14074074074074075
0 0.7400241837968561 0.2375 0.030229746070133012 0.12314814814814815
0 0.9419588875453446 0.49398148148148147 0.04353083434099154 0.15648148148148147
0 0.16898428053204353 0.35833333333333334 0.039298669891172915 0.12962962962962962
0 0.2267230955259976 0.3509259259259259 0.044740024183796856 0.14074074074074075
0 0.19800483675937122 0.33425925925925926 0.02962515114873035 0.13703703703703704
0 0.9407496977025392 0.3199074074074074 0.03506650544135429 0.13240740740740742
0 0.2119105199516324 0.3837962962962963 0.035671100362756954 0.1175925925925926
0 0.5 0.34953703703703703 0.03506650544135429 0.14537037037037037
0 0.8857315598548973 0.43796296296296294 0.04232164449818621 0.14074074074074075
0 0.9328899637243047 0.3425925925925926 0.036275695284159616 0.13703703703703704
0 0.9803506650544136 0.4930555555555556 0.03204353083434099 0.13240740740740742
0 0.8742442563482467 0.48657407407407405 0.04353083434099154 0.1398148148148148
0 0.6641475211608222 0.9694444444444444 0.04050785973397823 0.06111111111111111
0 0.3080411124546554 0.9574074074074074 0.047762998790810154 0.08703703703703704
0 0.847037484885127 0.5912037037037037 0.03869407496977025 0.14537037037037037
0 0.11789600967351874 0.937037037037037 0.045949214026602174 0.12777777777777777
0 0.19135429262394196 0.8777777777777778 0.05501813784764208 0.1814814814814815
0 0.23035066505441354 0.8398148148148148 0.053204353083434096 0.15
