0 0.34791666666666665 0.2824074074074074 0.023958333333333335 0.11296296296296296
0 0.18151041666666667 0.9671296296296297 0.050520833333333334 0.06574074074074074
0 0.030208333333333334 0.924537037037037 0.059375 0.1527777777777778
0 0.41354166666666664 0.8643518518518518 0.075 0.27314814814814814
0 0.33541666666666664 0.8592592592592593 0.06666666666666667 0.2796296296296296
0 0.22708333333333333 0.9060185185185186 0.075 0.18611111111111112
0 0.115625 0.8939814814814815 0.07916666666666666 0.20833333333333334
0 0.08489583333333334 0.8768518518518519 0.07291666666666667 0.24814814814814815
0 0.1359375 0.8472222222222222 0.07708333333333334 0.28703703703703703
0 0.21692708333333333 0.8106481481481481 0.0484375 0.28425925925925927
0 0.2752604166666667 0.8004629629629629 0.0546875 0.3138888888888889
0 0.3575520833333333 0.7847222222222222 0.0546875 0.2675925925925926
0 0.17239583333333333 0.7046296296296296 0.059375 0.26851851851851855
0 0.2 0.6305555555555555 0.06354166666666666 0.2222222222222222
0 0.3028645833333333 0.687037037037037 0.05260416666666667 0.2518518518518518
0 0.3846354166666667 0.7527777777777778 0.06302083333333333 0.2740740740740741
0 0.5122395833333333 0.6805555555555556 0.0546875 0.24814814814814815
0 0.33984375 0.5518518518518518 0.0484375 0.22592592592592592
0 0.3888020833333333 0.5467592592592593 0.04635416666666667 0.2064814814814815
0 0.8145833333333333 0.45787037037037037 0.05416666666666667 0.2064814814814815
0 0.7609375 0.45 0.041666666666666664 0.18703703703703703
0 0.68984375 0.45925925925925926 0.05572916666666667 0.18703703703703703
0 0.6359375 0.48055555555555557 0.04479166666666667 0.1685185185185185
0 0.60859375 0.47824074074074074 0.0453125 0.1824074074074074
0 0.565625 0.45740740740740743 0.052083333333333336 0.20185185185185187
0 0.2203125 0.4300925925925926 0.034375 0.16018518518518518
0 0.29192708333333334 0.45601851851851855 0.049479166666666664 0.2101851851851852
0 0.35625 0.4791666666666667 0.051041666666666666 0.20277777777777778
0 0.32083333333333336 0.5217592592592593 0.051041666666666666 0.19537037037037036
0 0.5549479166666667 0.5115740740740741 0.044270833333333336 0.21388888888888888
0 0.33619791666666665 0.40370370370370373 0.0359375 0.14629629629629629
0 0.3658854166666667 0.39351851851851855 0.033854166666666664 0.1574074074074074
0 0.490625 0.4949074074074074 0.05 0.19537037037037036
0 0.75859375 0.5356481481481481 0.0640625 0.2064814814814815
0 0.8046875 0.5740740740740741 0.057291666666666664 0.17037037037037037
0 0.5122395833333333 0.45787037037037037 0.05260416666666667 0.175
0 0.59375 0.4935185185185185 0.04479166666666667 0.1925925925925926
0 0.4786458333333333 0.4550925925925926 0.04583333333333333 0.18425925925925926
0 0.46432291666666664 0.4199074074074074 0.04010416666666667 0.17314814814814813
0 0.43671875 0.37962962962962965 0.0390625 0.17037037037037037
0 0.3541666666666667 0.3449074074074074 0.03333333333333333 0.1398148148148148
0 0.41875 0.3972222222222222 0.035416666666666666 0.17037037037037037
0 0.4440104166666667 0.34953703703703703 0.03177083333333333 0.14351851851851852
0 0.5395833333333333 0.42268518518518516 0.034375 0.1675925925925926
0 0.4296875 0.33101851851851855 0.028125 0.13240740740740742
0 0.4125 0.29444444444444445 0.028125 0.12037037037037036
0 0.38385416666666666 0.3402777777777778 0.030208333333333334 0.14907407407407408
0 0.5528645833333333 0.40046296296296297 0.0359375 0.1824074074074074
0 0.4986979166666667 0.36064814814814816 0.0359375 0.15462962962962962
0 0.5236979166666667 0.34814814814814815 0.033854166666666664 0.15185185185185185
0 0.47890625 0.33101851851851855 0.03177083333333333 0.1398148148148148
0 0.4583333333333333 0.28888888888888886 0.026041666666666668 0.11851851851851852
0 0.40598958333333335 0.25 0.027604166666666666 0.12222222222222222
0 0.55 0.3282407407407407 0.03229166666666667 0.15648148148148147
0 0.5927083333333333 0.3458333333333333 0.036458333333333336 0.1712962962962963
0 0.5776041666666667 0.31851851851851853 0.026041666666666668 0.1537037037037037
0 0.5255208333333333 0.2564814814814815 0.023958333333333335 0.12407407407407407
0 0.48203125 0.2361111111111111 0.0234375 0.10925925925925926
0 0.37604166666666666 0.26064814814814813 0.030208333333333334 0.1287037037037037
0 0.46432291666666664 0.2412037037037037 0.0296875 0.11574074074074074
0 0.43125 0.2652777777777778 0.023958333333333335 0.10092592592592593
0 0.42473958333333334 0.2865740740740741 0.027604166666666666 0.11018518518518519
0 0.3450520833333333 0.2462962962962963 0.0234375 0.1037037037037037
0 0.3690104166666667 0.2490740740740741 0.025520833333333333 0.11851851851851852
0 0.5299479166666666 0.2708333333333333 0.021354166666666667 0.10462962962962963
0 0.44453125 0.26296296296296295 0.019270833333333334 0.09074074074074075
0 0.41302083333333334 0.4527777777777778 0.036458333333333336 0.17592592592592593
0 0.7802083333333333 0.35462962962962963 0.030208333333333334 0.1685185185185185
0 0.38046875 0.2865740740740741 0.028645833333333332 0.1287037037037037
