0 0.0639386189258312 0.7460227272727272 0.04603580562659847 0.1534090909090909
0 0.14151747655583974 0.6221590909090909 0.05285592497868713 0.14204545454545456
0 0.1257459505541347 0.5727272727272728 0.04688832054560955 0.1431818181818182
0 0.17817561807331628 0.5744318181818182 0.05285592497868713 0.13522727272727272
0 0.016624040920716114 0.7284090909090909 0.03154305200341006 0.13636363636363635
0 0.7178175618073316 0.9721590909090909 0.04092071611253197 0.053409090909090906
0 0.7318840579710145 0.9579545454545455 0.03495311167945439 0.07727272727272727
0 0.5980392156862745 0.7176136363636364 0.04859335038363171 0.14431818181818182
0 0.34782608695652173 0.5198863636363636 0.04092071611253197 0.13295454545454546
0 0.49531116794543906 0.68125 0.057971014492753624 0.15568181818181817
0 0.38618925831202044 0.6738636363636363 0.042625745950554135 0.14545454545454545
0 0.30051150895140666 0.30227272727272725 0.03324808184143223 0.10454545454545454
0 0.706308610400682 0.3386363636363636 0.029838022165387893 0.10227272727272728
0 0.7335890878090366 0.3397727272727273 0.040068201193520885 0.10909090909090909
0 0.8431372549019608 0.5340909090909091 0.042625745950554135 0.1340909090909091
0 0.8171355498721228 0.5511363636363636 0.041773231031543054 0.1159090909090909
0 0.5498721227621484 0.28352272727272726 0.03580562659846547 0.10795454545454546
0 0.8456947996589941 0.675 0.04092071611253197 0.13863636363636364
0 0.149616368286445 0.8261363636363637 0.043478260869565216 0.14772727272727273
0 0.7540494458653026 0.9443181818181818 0.05029838022165388 0.11136363636363636
0 0.80306905370844 0.946590909090909 0.04092071611253197 0.10227272727272728
0 0.7988064791133845 0.8454545454545455 0.0494458653026428 0.16363636363636364
0 0.7344416027280477 0.8988636363636363 0.041773231031543054 0.1431818181818182
0 0.8145780051150895 0.6835227272727272 0.04688832054560955 0.13522727272727272
0 0.7591645353793691 0.5409090909090909 0.03665814151747655 0.13863636363636364
0 0.7868712702472294 0.5369318181818182 0.03239556692242114 0.12386363636363637
0 0.8461210571184996 0.15568181818181817 0.03324808184143223 0.10227272727272728
0 0.8158567774936062 0.1471590909090909 0.028985507246376812 0.10113636363636364
0 0.34995737425404944 0.3 0.03324808184143223 0.1159090909090909
0 0.3248081841432225 0.3153409090909091 0.0392156862745098 0.09659090909090909
0 0.10144927536231885 0.24431818181818182 0.030690537084398978 0.10227272727272728
0 0.15728900255754474 0.24375 0.028132992327365727 0.10113636363636364
0 0.20119352088661552 0.21477272727272728 0.030690537084398978 0.10227272727272728
0 0.3657289002557545 0.2636363636363636 0.028985507246376812 0.10454545454545454
0 0.38448422847399827 0.2727272727272727 0.027280477408354646 0.09090909090909091
0 0.4722932651321398 0.48125 0.0443307757885763 0.13295454545454546
0 0.4198635976129582 0.28920454545454544 0.03665814151747655 0.10113636363636364
0 0.45694799658994034 0.2875 0.03239556692242114 0.1
0 0.4676044330775789 0.36363636363636365 0.040068201193520885 0.12045454545454545
0 0.443307757885763 0.27045454545454545 0.028985507246376812 0.08863636363636364
0 0.4761295822676897 0.2681818181818182 0.03154305200341006 0.10454545454545454
0 0.45907928388746805 0.2159090909090909 0.03154305200341006 0.09318181818181819
0 0.4458653026427962 0.1943181818181818 0.028985507246376812 0.1
0 0.4156010230179028 0.2028409090909091 0.03154305200341006 0.09659090909090909
0 0.17391304347826086 0.15511363636363637 0.03239556692242114 0.09659090909090909
0 0.2348678601875533 0.2056818181818182 0.03154305200341006 0.10681818181818181
0 0.2506393861892583 0.21875 0.030690537084398978 0.10113636363636364
0 0.28218243819266836 0.21931818181818183 0.03239556692242114 0.09318181818181819
0 0.2651321398124467 0.20170454545454544 0.03239556692242114 0.09431818181818181
0 0.29028132992327366 0.1806818181818182 0.040068201193520885 0.09318181818181819
0 0.49957374254049447 0.20511363636363636 0.03239556692242114 0.11022727272727273
0 0.45737425404944587 0.16647727272727272 0.03495311167945439 0.10340909090909091
0 0.4884910485933504 0.1534090909090909 0.028985507246376812 0.1
0 0.38192668371696503 0.1875 0.03239556692242114 0.1
0 0.4539641943734015 0.11931818181818182 0.03154305200341006 0.09772727272727273
0 0.43435635123614663 0.13238636363636364 0.021312872975277068 0.06704545454545455
0 0.3115942028985507 0.09886363636363636 0.03665814151747655 0.10227272727272728
0 0.5038363171355499 0.2818181818181818 0.03239556692242114 0.11136363636363636
0 0.10613810741687979 0.3875 0.05200341005967604 0.12272727272727273
0 0.4816709292412617 0.33693181818181817 0.03751065643648764 0.10340909090909091
0 0.10784313725490197 0.8227272727272728 0.041773231031543054 0.15
0 0.763000852514919 0.8551136363636364 0.04603580562659847 0.14431818181818182
0 0.2591645353793691 0.8727272727272727 0.04603580562659847 0.15227272727272728
0 0.30392156862745096 0.8590909090909091 0.04688832054560955 0.16818181818181818
0 0.36828644501278773 0.8596590909090909 0.04603580562659847 0.15568181818181817
0 0.03495311167945439 0.30625 0.03751065643648764 0.10113636363636364
0 0.1010230179028133 0.95625 0.04688832054560955 0.08522727272727272
0 0.2898550724637681 0.6545454545454545 0.056265984654731455 0.15454545454545454
0 0.06947996589940324 0.30511363636363636 0.03324808184143223 0.10568181818181818
0 0.011508951406649617 0.5806818181818182 0.021312872975277068 0.12727272727272726
0 0.10443307757885763 0.7454545454545455 0.045183290707587385 0.1431818181818182
0 0.0711849957374254 0.9409090909090909 0.04688832054560955 0.11818181818181818
0 0.3393009377664109 0.2676136363636364 0.023870417732310314 0.09886363636363636
0 0.7791986359761296 0.5988636363636364 0.057971014492753624 0.1340909090909091
0 0.7485080988917306 0.29659090909090907 0.03751065643648764 0.1159090909090909
0 0.7033248081841432 0.29829545454545453 0.03410059676044331 0.11022727272727273
0 0.7203751065643649 0.2715909090909091 0.04603580562659847 0.10681818181818181
0 0.855924978687127 0.0375 0.03239556692242114 0.07272727272727272
0 0.8316283034953111 0.035227272727272725 0.029838022165387893 0.06818181818181818
0 0.16837169650468883 0.010795454545454546 0.026427962489343565 0.019318181818181818
0 0.20076726342711 0.009659090909090909 0.026427962489343565 0.017045454545454544
0 0.27791986359761295 0.03125 0.02557544757033248 0.060227272727272727
0 0.29838022165387895 0.035227272727272725 0.02557544757033248 0.06818181818181818
0 0.3111679454390452 0.020454545454545454 0.027280477408354646 0.038636363636363635
0 0.340153452685422 0.03465909090909091 0.03239556692242114 0.06704545454545455
0 0.37595907928388744 0.12443181818181819 0.028985507246376812 0.09431818181818181
0 0.36828644501278773 0.03579545454545455 0.023870417732310314 0.06931818181818182
0 0.3874680306905371 0.04715909090909091 0.03154305200341006 0.08977272727272727
0 0.42242114236999145 0.17897727272727273 0.03324808184143223 0.08977272727272727
0 0.4927536231884058 0.07045454545454545 0.030690537084398978 0.09090909090909091
0 0.5166240409207161 0.07272727272727272 0.03239556692242114 0.09090909090909091
0 0.42412617220801363 0.04090909090909091 0.028132992327365727 0.07727272727272727
0 0.4514066496163683 0.04715909090909091 0.03154305200341006 0.08522727272727272
0 0.479539641943734 0.11477272727272728 0.03154305200341006 0.08636363636363636
0 0.5754475703324808 0.07840909090909091 0.02557544757033248 0.08636363636363636
0 0.40664961636828645 0.12670454545454546 0.028985507246376812 0.09431818181818181
