0 0.46523579201934706 0.6773148148148148 0.039298669891172915 0.15648148148148147
0 0.4951632406287787 0.6666666666666666 0.036275695284159616 0.14444444444444443
0 0.4909310761789601 0.8388888888888889 0.049576783555018135 0.17777777777777778
0 0.4782345828295042 0.9152777777777777 0.06166868198307134 0.1638888888888889
0 0.5181378476420798 0.8041666666666667 0.041112454655380895 0.14351851851851852
0 0.5501813784764208 0.6689814814814815 0.05441354292623942 0.1824074074074074
0 0.4619105199516324 0.3296296296296296 0.04353083434099154 0.1537037037037037
0 0.5668077388149939 0.8319444444444445 0.04897218863361548 0.17314814814814813
0 0.5743651753325272 0.7935185185185185 0.03506650544135429 0.14629629629629629
0 0.5459492140266021 0.9601851851851851 0.049576783555018135 0.07962962962962963
0 0.4419588875453446 0.7712962962962963 0.05199516324062878 0.1685185185185185
0 0.28627569528415964 0.9671296296296297 0.04050785973397823 0.06574074074074074
0 0.6638452237001209 0.9652777777777778 0.053204353083434096 0.0712962962962963
0 0.47702539298669894 0.36342592592592593 0.04232164449818621 0.16203703703703703
0 0.6995163240628779 0.7662037037037037 0.060459492140266025 0.18425925925925926
0 0.6094316807738815 0.9657407407407408 0.04232164449818621 0.06851851851851852
0 0.2569528415961306 0.9564814814814815 0.05441354292623942 0.08888888888888889
0 0.6112454655380894 0.8106481481481481 0.06408706166868199 0.17685185185185184
0 0.5577388149939541 0.7685185185185185 0.046553808948004836 0.1574074074074074
0 0.44619105199516323 0.8763888888888889 0.03990326481257558 0.15092592592592594
0 0.4165659008464329 0.7550925925925925 0.0471584038694075 0.16018518518518518
0 0.6478234582829504 0.4398148148148148 0.042926239419588876 0.14444444444444443
0 0.6964933494558646 0.4375 0.0471584038694075 0.14907407407407408
0 0.061970979443772674 0.9180555555555555 0.06106408706166868 0.16574074074074074
0 0.7778113663845224 0.7013888888888888 0.0501813784764208 0.1675925925925926
0 0.6079201934703748 0.43472222222222223 0.04897218863361548 0.17314814814814813
0 0.49758162031438935 0.5203703703703704 0.03869407496977025 0.1574074074074074
0 0.7521160822249093 0.6129629629629629 0.044740024183796856 0.15925925925925927
0 0.7968561064087062 0.5921296296296297 0.049576783555018135 0.1787037037037037
0 0.5411124546553809 0.5097222222222222 0.04232164449818621 0.16018518518518518
0 0.5634824667472793 0.5268518518518519 0.04232164449818621 0.13703703703703704
0 0.5655985489721886 0.2657407407407407 0.034461910519951636 0.1574074074074074
0 0.8307134220072552 0.8569444444444444 0.05562273276904474 0.20462962962962963
0 0.8842200725513906 0.8435185185185186 0.05380894800483676 0.1925925925925926
0 0.5396009673518742 0.28564814814814815 0.0380894800483676 0.14907407407407408
0 0.5133010882708585 0.3699074074074074 0.03869407496977025 0.16018518518518518
0 0.538391777509069 0.3509259259259259 0.03688029020556227 0.1425925925925926
0 0.49032648125755746 0.5671296296296297 0.03990326481257558 0.16574074074074074
0 0.5211608222490931 0.5587962962962963 0.04232164449818621 0.14907407407407408
0 0.535671100362757 0.5939814814814814 0.045949214026602174 0.1712962962962963
0 0.56590084643289 0.6240740740740741 0.036275695284159616 0.14444444444444443
0 0.5976420798065296 0.6194444444444445 0.04534461910519952 0.15925925925925927
0 0.6768440145102781 0.6481481481481481 0.046553808948004836 0.17037037037037037
0 0.5671100362756953 0.8763888888888889 0.04836759371221282 0.15462962962962962
0 0.6036880290205562 0.9041666666666667 0.09008464328899637 0.16574074074074074
0 0.5114873035066505 0.7578703703703704 0.045949214026602174 0.17314814814814813
0 0.7832527206771464 0.48703703703703705 0.039298669891172915 0.14629629629629629
0 0.8098548972188634 0.47824074074074074 0.039298669891172915 0.13240740740740742
0 0.7847642079806529 0.44675925925925924 0.049576783555018135 0.15462962962962962
0 0.8116686819830713 0.42777777777777776 0.035671100362756954 0.12962962962962962
0 0.9117291414752116 0.4787037037037037 0.04353083434099154 0.14629629629629629
0 0.8827085852478839 0.3675925925925926 0.041112454655380895 0.15925925925925927
0 0.8561064087061668 0.38657407407407407 0.041112454655380895 0.14722222222222223
0 0.8267835550181378 0.4601851851851852 0.034461910519951636 0.13148148148148148
0 0.841596130592503 0.4300925925925926 0.032648125755743655 0.13240740740740742
0 0.5671100362756953 0.9018518518518519 0.03990326481257558 0.15555555555555556
0 0.5918984280532044 0.8861111111111111 0.04232164449818621 0.16666666666666666
0 0.282950423216445 0.7537037037037037 0.06166868198307134 0.15185185185185185
0 0.20707376058041113 0.7712962962962963 0.0562273276904474 0.15925925925925927
0 0.07255139056831923 0.7263888888888889 0.049576783555018135 0.1824074074074074
0 0.8298065296251511 0.7574074074074074 0.05985489721886336 0.1925925925925926
0 0.7611850060459492 0.5083333333333333 0.03506650544135429 0.12962962962962962
0 0.8772672309552599 0.4722222222222222 0.03990326481257558 0.1537037037037037
0 0.9806529625151149 0.42962962962962964 0.036275695284159616 0.14814814814814814
0 0.8376662636033857 0.3574074074074074 0.047762998790810154 0.17037037037037037
0 0.9108222490931076 0.3023148148148148 0.0380894800483676 0.14166666666666666
0 0.9452841596130592 0.2814814814814815 0.04171704957678356 0.1537037037037037
0 0.964328899637243 0.16620370370370371 0.03869407496977025 0.13240740740740742
0 0.8757557436517533 0.30324074074074076 0.039298669891172915 0.15092592592592594
0 0.7439540507859734 0.19907407407407407 0.04171704957678356 0.14629629629629629
0 0.7678355501813785 0.21203703703703702 0.037484885126964934 0.1425925925925926
0 0.8772672309552599 0.262037037037037 0.041112454655380895 0.13518518518518519
0 0.9271463119709794 0.23287037037037037 0.039298669891172915 0.13796296296296295
0 0.9014510278113664 0.24027777777777778 0.03385731559854897 0.13240740740740742
0 0.8742442563482467 0.18703703703703703 0.03990326481257558 0.13148148148148148
0 0.9062877871825876 0.19953703703703704 0.04232164449818621 0.13240740740740742
0 0.9292623941958887 0.1527777777777778 0.03990326481257558 0.13703703703703704
0 0.9114268440145102 0.09351851851851851 0.0380894800483676 0.13703703703703704
0 0.026602176541717048 0.31296296296296294 0.05199516324062878 0.1425925925925926
0 0.003022974607013301 0.337037037037037 0.0048367593712212815 0.1574074074074074
0 0.0036275695284159614 0.2657407407407407 0.006045949214026602 0.1425925925925926
0 0.05894800483675937 0.23703703703703705 0.03688029020556227 0.1388888888888889
0 0.0813180169286578 0.2175925925925926 0.03688029020556227 0.12407407407407407
0 0.10671100362756952 0.1912037037037037 0.04171704957678356 0.14907407407407408
0 0.09854897218863362 0.3337962962962963 0.041112454655380895 0.14351851851851852
0 0.15296251511487305 0.29814814814814816 0.041112454655380895 0.14629629629629629
0 0.0722490931076179 0.274537037037037 0.03204353083434099 0.11388888888888889
0 0.05532043530834341 0.3990740740740741 0.042926239419588876 0.1814814814814815
0 0.0973397823458283 0.26296296296296295 0.03869407496977025 0.15185185185185185
0 0.1275695284159613 0.2796296296296296 0.03143893591293833 0.12407407407407407
0 0.12696493349455865 0.31342592592592594 0.02539298669891173 0.09907407407407408
0 0.530229746070133 0.4439814814814815 0.049576783555018135 0.1675925925925926
0 0.7315598548972189 0.5208333333333334 0.05441354292623942 0.1675925925925926
0 0.7309552599758162 0.4824074074074074 0.0471584038694075 0.1537037037037037
0 0.5589480048367593 0.42407407407407405 0.046553808948004836 0.15185185185185185
0 0.6514510278113664 0.3875 0.044135429262394194 0.15833333333333333
0 0.7107013301088271 0.3490740740740741 0.042926239419588876 0.13148148148148148
0 0.6324062877871826 0.3560185185185185 0.04232164449818621 0.14537037037037037
0 0.7826481257557436 0.300462962962963 0.034461910519951636 0.1398148148148148
0 0.7596735187424426 0.32083333333333336 0.039298669891172915 0.14907407407407408
0 0.725211608222491 0.31342592592592594 0.044135429262394194 0.14537037037037037
0 0.7415356711003628 0.24305555555555555 0.03204353083434099 0.10462962962962963
0 0.664752116082225 0.31203703703703706 0.04897218863361548 0.14074074074074075
0 0.7058645707376058 0.24814814814814815 0.044135429262394194 0.1425925925925926
0 0.6544740024183797 0.23055555555555557 0.03325272067714631 0.14074074074074075
0 0.6756348246674728 0.2574074074074074 0.03688029020556227 0.14074074074074075
0 0.6003627569528416 0.38333333333333336 0.04353083434099154 0.1574074074074074
0 0.5652962515114873 0.36574074074074076 0.04232164449818621 0.1425925925925926
0 0.6036880290205562 0.32407407407407407 0.039298669891172915 0.15925925925925927
0 0.5719467956469165 0.2912037037037037 0.03990326481257558 0.13240740740740742
0 0.5640870616686819 0.31157407407407406 0.032648125755743655 0.12685185185185185
0 0.6003627569528416 0.29768518518518516 0.03143893591293833 0.15648148148148147
0 0.6106408706166868 0.26805555555555555 0.041112454655380895 0.16018518518518518
0 0.6487303506650545 0.16944444444444445 0.049576783555018135 0.12037037037037036
0 0.27871825876662637 0.09305555555555556 0.03869407496977025 0.14166666666666666
0 0.2478839177750907 0.09212962962962963 0.03506650544135429 0.13240740740740742
0 0.7212817412333736 0.11666666666666667 0.03990326481257558 0.14074074074074075
0 0.7506045949214026 0.10787037037037037 0.039298669891172915 0.1287037037037037
0 0.7067714631197098 0.48935185185185187 0.03506650544135429 0.11018518518518519
0 0.9474002418379686 0.43657407407407406 0.037484885126964934 0.125
0 0.9727932285368803 0.050462962962962966 0.03506650544135429 0.09907407407407408
0 0.9389359129383313 0.10925925925925926 0.037484885126964934 0.1259259259259259
0 0.8678960096735188 0.07962962962962963 0.034461910519951636 0.14074074074074075
0 0.9238210399032648 0.05694444444444444 0.037484885126964934 0.11203703703703703
0 0.8911729141475212 0.05277777777777778 0.03385731559854897 0.1037037037037037
0 0.5834340991535671 0.20324074074074075 0.03385731559854897 0.13425925925925927
0 0.6393591293833132 0.10648148148148148 0.039298669891172915 0.13148148148148148
0 0.6094316807738815 0.11805555555555555 0.036275695284159616 0.13240740740740742
0 0.5795042321644498 0.11898148148148148 0.0380894800483676 0.12314814814814815
0 0.5979443772672309 0.06944444444444445 0.03869407496977025 0.13703703703703704
0 0.5734582829504232 0.0699074074074074 0.034461910519951636 0.1361111111111111
0 0.1967956469165659 0.08101851851851852 0.03204353083434099 0.12685185185185185
0 0.2158403869407497 0.1 0.037484885126964934 0.14074074074074075
0 0.1275695284159613 0.040740740740740744 0.02781136638452237 0.07962962962962963
0 0.35822249093107617 0.04861111111111111 0.04171704957678356 0.09537037037037037
0 0.374546553808948 0.025925925925925925 0.03325272067714631 0.05
0 0.843409915356711 0.05324074074074074 0.036275695284159616 0.10092592592592593
0 0.1617291414752116 0.040740740740740744 0.035671100362756954 0.07962962962962963
0 0.35489721886336156 0.4722222222222222 0.03506650544135429 0.1574074074074074
0 0.3183192261185006 0.24074074074074073 0.039298669891172915 0.13703703703703704
0 0.13663845223700122 0.7296296296296296 0.04353083434099154 0.16296296296296298
0 0.23125755743651755 0.2518518518518518 0.04171704957678356 0.1425925925925926
0 0.12696493349455865 0.6935185185185185 0.056831922611850064 0.16296296296296298
0 0.8201330108827086 0.3074074074074074 0.04050785973397823 0.13148148148148148
0 0.8385731559854898 0.29953703703703705 0.02902055622732769 0.12314814814814815
0 0.24153567110036275 0.5787037037037037 0.044135429262394194 0.1685185185185185
0 0.2067714631197098 0.5662037037037037 0.03385731559854897 0.17685185185185184
0 0.34885126964933494 0.5611111111111111 0.032648125755743655 0.14074074074074075
0 0.20646916565900847 0.4930555555555556 0.0380894800483676 0.14907407407407408
0 0.21432889963724305 0.47962962962962963 0.03204353083434099 0.1574074074074074
0 0.1807738814993954 0.47638888888888886 0.03143893591293833 0.12685185185185185
0 0.17503022974607013 0.4324074074074074 0.039298669891172915 0.14629629629629629
0 0.1314993954050786 0.4583333333333333 0.03688029020556227 0.14814814814814814
0 0.35399032648125756 0.14074074074074075 0.02962515114873035 0.12962962962962962
0 0.37605804111245467 0.13796296296296295 0.02781136638452237 0.12962962962962962
0 0.26571946795646917 0.35694444444444445 0.044135429262394194 0.1398148148148148
0 0.25332527206771466 0.3861111111111111 0.03506650544135429 0.14629629629629629
0 0.17623941958887546 0.8912037037037037 0.044135429262394194 0.15833333333333333
0 0.29474002418379686 0.6972222222222222 0.04171704957678356 0.15185185185185185
0 0.4576783555018138 0.5328703703703703 0.04232164449818621 0.15462962962962962
0 0.3310157194679565 0.6162037037037037 0.034461910519951636 0.15462962962962962
0 0.3352478839177751 0.6504629629629629 0.039298669891172915 0.1675925925925926
0 0.4096130592503023 0.6546296296296297 0.051390568319226115 0.15185185185185185
0 0.6215235792019347 0.700925925925926 0.05078597339782346 0.1574074074074074
0 0.42503022974607013 0.4462962962962963 0.03506650544135429 0.12407407407407407
0 0.41414752116082226 0.41203703703703703 0.037484885126964934 0.10740740740740741
0 0.4105199516324063 0.5050925925925925 0.03506650544135429 0.14907407407407408
0 0.4186819830713422 0.47175925925925927 0.02962515114873035 0.13240740740740742
0 0.2240024183796856 0.537962962962963 0.03688029020556227 0.14074074074074075
0 0.27660217654171704 0.5212962962962963 0.04897218863361548 0.1574074074074074
0 0.2747883917775091 0.5550925925925926 0.039298669891172915 0.1712962962962963
0 0.5405078597339782 0.725 0.0471584038694075 0.15925925925925927
0 0.24032648125755743 0.3314814814814815 0.034461910519951636 0.14074074074074075
0 0.727932285368803 0.6541666666666667 0.041112454655380895 0.15648148148148147
0 0.2781136638452237 0.32037037037037036 0.03990326481257558 0.14814814814814814
0 0.3935912938331318 0.3736111111111111 0.03990326481257558 0.13796296296296295
0 0.25634824667472794 0.28564814814814815 0.032648125755743655 0.12685185185185185
0 0.46795646916565903 0.48148148148148145 0.037484885126964934 0.1425925925925926
0 0.20495767835550183 0.2972222222222222 0.03506650544135429 0.13703703703703704
