0 0.6674727932285369 0.9430555555555555 0.04232164449818621 0.11388888888888889
0 0.6194074969770254 0.9550925925925926 0.0380894800483676 0.08981481481481482
0 0.8476420798065296 0.8388888888888889 0.0471584038694075 0.1425925925925926
0 0.12273276904474002 0.7268518518518519 0.03869407496977025 0.1648148148148148
0 0.07950423216444982 0.7699074074074074 0.046553808948004836 0.16574074074074074
0 0.652962515114873 0.5412037037037037 0.04353083434099154 0.15833333333333333
0 0.31106408706166866 0.549074074074074 0.0380894800483676 0.1425925925925926
0 0.27297460701330106 0.5333333333333333 0.04050785973397823 0.1537037037037037
0 0.13059250302297462 0.35138888888888886 0.03869407496977025 0.13425925925925927
0 0.032648125755743655 0.40925925925925927 0.045949214026602174 0.14814814814814814
0 0.0994558645707376 0.4564814814814815 0.044135429262394194 0.1537037037037037
0 0.1487303506650544 0.4597222222222222 0.04232164449818621 0.1712962962962963
0 0.5918984280532044 0.28703703703703703 0.03385731559854897 0.1425925925925926
0 0.040810157194679564 0.4949074074074074 0.04171704957678356 0.15092592592592594
0 0.5813180169286578 0.31851851851851853 0.044135429262394194 0.15185185185185185
0 0.6130592503022975 0.3384259259259259 0.03506650544135429 0.14351851851851852
0 0.7001209189842805 0.6541666666666667 0.04353083434099154 0.1638888888888889
0 0.7373035066505441 0.6583333333333333 0.044135429262394194 0.14629629629629629
0 0.3612454655380895 0.2796296296296296 0.04171704957678356 0.12407407407407407
0 0.3310157194679565 0.2967592592592593 0.02962515114873035 0.13240740740740742
0 0.45435308343409914 0.262037037037037 0.03325272067714631 0.13518518518518519
0 0.4455864570737606 0.2810185185185185 0.036275695284159616 0.1361111111111111
0 0.5160217654171705 0.5171296296296296 0.02962515114873035 0.13425925925925927
0 0.5377871825876662 0.4388888888888889 0.03325272067714631 0.13333333333333333
0 0.5335550181378477 0.47129629629629627 0.03083434099153567 0.1259259259259259
0 0.502720677146312 0.5592592592592592 0.0380894800483676 0.15185185185185185
0 0.3521765417170496 0.30972222222222223 0.03325272067714631 0.1361111111111111
0 0.6707980652962515 0.7550925925925925 0.04171704957678356 0.17314814814814813
0 0.7554413542926239 0.7583333333333333 0.044135429262394194 0.1574074074074074
0 0.7714631197097944 0.7152777777777778 0.04353083434099154 0.14537037037037037
0 0.9821644498186215 0.7453703703703703 0.034461910519951636 0.14814814814814814
0 0.9344014510278114 0.736574074074074 0.05743651753325272 0.16574074074074074
0 0.6115477629987908 0.8532407407407407 0.04897218863361548 0.1787037037037037
0 0.9005441354292624 0.5796296296296296 0.04171704957678356 0.15555555555555556
0 0.8591293833131801 0.5296296296296297 0.0471584038694075 0.14074074074074075
0 0.9229141475211609 0.5259259259259259 0.04534461910519952 0.15555555555555556
0 0.8681983071342201 0.6518518518518519 0.049576783555018135 0.1537037037037037
0 0.9050785973397824 0.6532407407407408 0.04353083434099154 0.15462962962962962
0 0.8198307134220073 0.6412037037037037 0.04232164449818621 0.13796296296296295
0 0.7971584038694075 0.5962962962962963 0.044135429262394194 0.16666666666666666
0 0.8778718258766627 0.3486111111111111 0.04353083434099154 0.1361111111111111
0 0.903869407496977 0.37037037037037035 0.03990326481257558 0.15
0 0.9268440145102781 0.32175925925925924 0.030229746070133012 0.10462962962962963
0 0.5861547762998791 0.9324074074074075 0.046553808948004836 0.13703703703703704
0 0.7953446191051995 0.8541666666666666 0.06469165659008465 0.1824074074074074
0 0.8364570737605804 0.7342592592592593 0.05743651753325272 0.15185185185185185
0 0.8174123337363967 0.7800925925925926 0.04353083434099154 0.16018518518518518
0 0.2551390568319226 0.04027777777777778 0.03385731559854897 0.0787037037037037
0 0.15991535671100363 0.09166666666666666 0.03204353083434099 0.1425925925925926
0 0.34915356711003626 0.06620370370370371 0.04050785973397823 0.11574074074074074
0 0.3688029020556227 0.028703703703703703 0.03506650544135429 0.05555555555555555
0 0.3932889963724305 0.019444444444444445 0.028415961305925032 0.037037037037037035
0 0.4452841596130592 0.04212962962962963 0.02962515114873035 0.0824074074074074
0 0.5012091898428053 0.09074074074074075 0.036275695284159616 0.12407407407407407
0 0.5021160822249093 0.05555555555555555 0.034461910519951636 0.10925925925925926
0 0.5238814993954051 0.024074074074074074 0.02599758162031439 0.046296296296296294
0 0.5480652962515115 0.04722222222222222 0.02962515114873035 0.09259259259259259
0 0.5665054413542926 0.056018518518518516 0.032648125755743655 0.11018518518518519
0 0.5985489721886336 0.03333333333333333 0.02902055622732769 0.06481481481481481
0 0.625453446191052 0.033796296296296297 0.028415961305925032 0.06574074074074074
0 0.6638452237001209 0.049074074074074076 0.03385731559854897 0.0962962962962963
0 0.7200725513905684 0.0375 0.026602176541717048 0.07314814814814814
0 0.7203748488512697 0.10694444444444444 0.03688029020556227 0.125
0 0.7433494558645707 0.11481481481481481 0.028415961305925032 0.1
0 0.7623941958887546 0.0962962962962963 0.02902055622732769 0.11296296296296296
0 0.9622128174123338 0.04490740740740741 0.03083434099153567 0.08796296296296297
0 0.9331922611850061 0.07037037037037037 0.03325272067714631 0.11666666666666667
0 0.9703748488512697 0.0824074074074074 0.03385731559854897 0.12407407407407407
0 0.9585852478839177 0.1486111111111111 0.035671100362756954 0.12685185185185185
0 0.9211003627569528 0.13796296296296295 0.034461910519951636 0.1259259259259259
0 0.8657799274486094 0.1648148148148148 0.026602176541717048 0.08518518518518518
0 0.8866384522370012 0.16064814814814815 0.0380894800483676 0.11944444444444445
0 0.9900241837968561 0.07361111111111111 0.018742442563482467 0.11944444444444445
0 0.9114268440145102 0.21481481481481482 0.046553808948004836 0.12407407407407407
0 0.9304715840386941 0.24675925925925926 0.03506650544135429 0.1398148148148148
0 0.9540507859733979 0.2310185185185185 0.036275695284159616 0.13055555555555556
0 0.9782345828295043 0.21296296296296297 0.03385731559854897 0.12407407407407407
0 0.9836759371221282 0.25416666666666665 0.03143893591293833 0.13425925925925927
0 0.9655380894800484 0.30092592592592593 0.032648125755743655 0.12222222222222222
0 0.9906287787182587 0.32175925925925924 0.017533252720677146 0.14351851851851852
0 0.9579806529625151 0.33055555555555555 0.042926239419588876 0.14444444444444443
0 0.9419588875453446 0.3680555555555556 0.04232164449818621 0.13055555555555556
0 0.5967351874244257 0.1175925925925926 0.036275695284159616 0.12222222222222222
0 0.6336154776299879 0.1175925925925926 0.036275695284159616 0.12962962962962962
0 0.5940145102781137 0.15046296296296297 0.03083434099153567 0.12129629629629629
0 0.6067110036275696 0.18425925925925926 0.035671100362756954 0.13518518518518519
0 0.5652962515114873 0.1865740740740741 0.03506650544135429 0.13240740740740742
0 0.6454050785973398 0.1986111111111111 0.03204353083434099 0.11574074074074074
0 0.6695888754534461 0.21481481481481482 0.028415961305925032 0.1037037037037037
0 0.6943772672309553 0.2074074074074074 0.042926239419588876 0.13333333333333333
0 0.747279322853688 0.26990740740740743 0.03506650544135429 0.13055555555555556
0 0.7756952841596131 0.26944444444444443 0.02902055622732769 0.12777777777777777
0 0.8119709794437727 0.3449074074074074 0.044740024183796856 0.13425925925925927
0 0.3171100362756953 0.16435185185185186 0.034461910519951636 0.125
0 0.37182587666263606 0.17824074074074073 0.03143893591293833 0.1287037037037037
0 0.4108222490931076 0.1986111111111111 0.03083434099153567 0.13425925925925927
0 0.36638452237001207 0.21481481481481482 0.03385731559854897 0.13333333333333333
0 0.24546553808948005 0.24212962962962964 0.032648125755743655 0.13796296296296295
0 0.2762998790810157 0.26296296296296295 0.02902055622732769 0.1425925925925926
0 0.2974607013301088 0.29074074074074074 0.02418379685610641 0.09444444444444444
0 0.5589480048367593 0.41064814814814815 0.03204353083434099 0.13055555555555556
0 0.16807738814993953 0.17824074074074073 0.037484885126964934 0.12129629629629629
0 0.08524788391777509 0.17916666666666667 0.03869407496977025 0.11388888888888889
0 0.049576783555018135 0.2587962962962963 0.03506650544135429 0.13796296296296295
0 0.06559854897218863 0.2791666666666667 0.03688029020556227 0.1361111111111111
0 0.16384522370012092 0.3398148148148148 0.03990326481257558 0.14444444444444443
0 0.004232164449818622 0.2574074074074074 0.007255139056831923 0.12037037037037036
0 0.06136638452237001 0.6671296296296296 0.04171704957678356 0.16574074074074074
0 0.06711003627569528 0.6314814814814815 0.03990326481257558 0.15925925925925927
0 0.094316807738815 0.600462962962963 0.0471584038694075 0.1398148148148148
0 0.14540507859733978 0.937037037037037 0.046553808948004836 0.12777777777777777
0 0.13422007255139057 0.9050925925925926 0.05562273276904474 0.16574074074074074
0 0.17230955259975816 0.888425925925926 0.044740024183796856 0.14537037037037037
0 0.6698911729141476 0.07962962962962963 0.032648125755743655 0.11296296296296296
0 0.016324062877871828 0.7046296296296296 0.03143893591293833 0.16666666666666666
0 0.02176541717049577 0.41712962962962963 0.03143893591293833 0.10648148148148148
0 0.013905683192261185 0.33287037037037037 0.026602176541717048 0.09166666666666666
0 0.7194679564691656 0.08101851851851852 0.03990326481257558 0.12685185185185185
0 0.4700725513905683 0.04537037037037037 0.03083434099153567 0.08888888888888889
0 0.47249093107617895 0.08611111111111111 0.04050785973397823 0.12037037037037036
0 0.6448004836759371 0.06712962962962964 0.034461910519951636 0.13240740740740742
0 0.2409310761789601 0.5879629629629629 0.04050785973397823 0.15925925925925927
0 0.1484280532043531 0.5833333333333334 0.044135429262394194 0.14444444444444443
0 0.20042321644498187 0.5902777777777778 0.039298669891172915 0.13796296296296295
0 0.21342200725513905 0.5425925925925926 0.041112454655380895 0.15185185185185185
0 0.1626360338573156 0.5652777777777778 0.04232164449818621 0.13796296296296295
0 0.6036880290205562 0.5541666666666667 0.03688029020556227 0.14907407407407408
0 0.39631197097944376 0.2412037037037037 0.03204353083434099 0.125
0 0.41807738814993956 0.2449074074074074 0.028415961305925032 0.12685185185185185
0 0.6172914147521161 0.5328703703703703 0.032648125755743655 0.14537037037037037
0 0.023276904474002418 0.9902777777777778 0.04534461910519952 0.021296296296296296
0 0.7227932285368803 0.7949074074074074 0.039298669891172915 0.13796296296296295
0 0.8727327690447401 0.5976851851851852 0.044135429262394194 0.14166666666666666
0 0.7152357920193471 0.7638888888888888 0.036275695284159616 0.1425925925925926
0 0.725211608222491 0.38055555555555554 0.04050785973397823 0.11666666666666667
0 0.7705562273276905 0.38055555555555554 0.04171704957678356 0.13518518518518519
0 0.9848851269649335 0.9657407407407408 0.02902055622732769 0.07037037037037037
0 0.28143893591293834 0.3763888888888889 0.04171704957678356 0.1398148148148148
0 0.26027811366384523 0.3912037037037037 0.034461910519951636 0.1361111111111111
0 0.24879081015719468 0.9763888888888889 0.04171704957678356 0.049074074074074076
0 0.47249093107617895 0.975462962962963 0.04171704957678356 0.049074074074074076
0 0.5256952841596131 0.8208333333333333 0.04897218863361548 0.18425925925925926
0 0.4489117291414752 0.8717592592592592 0.04534461910519952 0.16018518518518518
0 0.536577992744861 0.587037037037037 0.03688029020556227 0.15555555555555556
0 0.5746674727932285 0.7453703703703703 0.051390568319226115 0.16111111111111112
0 0.3313180169286578 0.7796296296296297 0.04353083434099154 0.1574074074074074
0 0.5574365175332527 0.5212962962962963 0.03990326481257558 0.13518518518518519
0 0.5637847642079806 0.6222222222222222 0.044135429262394194 0.15555555555555556
0 0.5024183796856106 0.8685185185185185 0.04836759371221282 0.18703703703703703
0 0.3639661426844015 0.48703703703703705 0.037484885126964934 0.13148148148148148
0 0.2920193470374849 0.4324074074074074 0.037484885126964934 0.15925925925925927
0 0.36094316807738813 0.42777777777777776 0.037484885126964934 0.14814814814814814
0 0.4921402660217654 0.42314814814814816 0.032648125755743655 0.10740740740740741
0 0.37605804111245467 0.7180555555555556 0.036275695284159616 0.15648148148148147
0 0.3978234582829504 0.774074074074074 0.049576783555018135 0.15925925925925927
0 0.4156590084643289 0.7393518518518518 0.04171704957678356 0.1712962962962963
0 0.3697097944377267 0.7384259259259259 0.0380894800483676 0.17314814814814813
0 0.15538089480048367 0.2833333333333333 0.03869407496977025 0.14629629629629629
0 0.08615477629987908 0.2 0.028415961305925032 0.12037037037037036
0 0.10610640870616687 0.20462962962962963 0.034461910519951636 0.12222222222222222
0 0.007557436517533253 0.9018518518518519 0.013905683192261185 0.17407407407407408
0 0.003022974607013301 0.21203703703703702 0.0048367593712212815 0.1259259259259259
0 0.11880290205562273 0.2875 0.03688029020556227 0.1527777777777778
0 0.5480652962515115 0.7087962962962963 0.046553808948004836 0.14907407407407408
0 0.16021765417170497 0.8486111111111111 0.0471584038694075 0.1787037037037037
0 0.23035066505441354 0.8148148148148148 0.045949214026602174 0.1685185185185185
0 0.6795646916565901 0.7032407407407407 0.045949214026602174 0.16203703703703703
0 0.2569528415961306 0.4615740740740741 0.044740024183796856 0.14166666666666666
0 0.47551390568319224 0.5453703703703704 0.034461910519951636 0.13518518518518519
0 0.4658403869407497 0.5162037037037037 0.04897218863361548 0.13425925925925927
0 0.34613059250302297 0.399537037037037 0.03325272067714631 0.14166666666666666
0 0.30652962515114873 0.6351851851851852 0.045949214026602174 0.15185185185185185
0 0.469770253929867 0.4152777777777778 0.032648125755743655 0.14351851851851852
0 0.49455864570737607 0.3925925925925926 0.03385731559854897 0.1425925925925926
0 0.5126964933494559 0.637962962962963 0.037484885126964934 0.1648148148148148
0 0.10006045949214026 0.2759259259259259 0.02720677146311971 0.11851851851851852
0 0.9549576783555018 0.9689814814814814 0.04050785973397823 0.06388888888888888
0 0.4480048367593712 0.44675925925925924 0.03143893591293833 0.11203703703703703
0 0.49818621523579204 0.46620370370370373 0.03385731559854897 0.1175925925925926
0 0.32436517533252723 0.41944444444444445 0.044135429262394194 0.14814814814814814
0 0.9117291414752116 0.18194444444444444 0.04353083434099154 0.12685185185185185
0 0.6931680773881499 0.024537037037037038 0.028415961305925032 0.04722222222222222
0 0.9888149939540508 0.03935185185185185 0.01995163240628779 0.07685185185185185
