0 0.05924978687127025 0.7522727272727273 0.045183290707587385 0.15454545454545454
0 0.13895993179880647 0.6278409090909091 0.05285592497868713 0.14431818181818182
0 0.12233589087809037 0.5772727272727273 0.04688832054560955 0.1431818181818182
0 0.17561807331628304 0.5801136363636363 0.05285592497868713 0.1375
0 0.013640238704177323 0.7369318181818182 0.02557544757033248 0.1375
0 0.726768968456948 0.977840909090909 0.03836317135549872 0.042045454545454546
0 0.7408354646206309 0.9647727272727272 0.03410059676044331 0.0659090909090909
0 0.6044330775788577 0.7244318181818182 0.05115089514066496 0.14431818181818182
0 0.34867860187553285 0.5261363636363636 0.04092071611253197 0.1340909090909091
0 0.49872122762148335 0.6903409090909091 0.057971014492753624 0.16022727272727272
0 0.38704177323103156 0.6818181818181818 0.042625745950554135 0.1431818181818182
0 0.29965899403239554 0.30625 0.03324808184143223 0.10568181818181818
0 0.7016197783461211 0.34261363636363634 0.030690537084398978 0.10113636363636364
0 0.7284739982949702 0.34261363636363634 0.03836317135549872 0.10795454545454546
0 0.8456947996589941 0.5397727272727273 0.042625745950554135 0.1340909090909091
0 0.8188405797101449 0.55625 0.041773231031543054 0.11704545454545455
0 0.5481670929241261 0.28806818181818183 0.03580562659846547 0.10795454545454546
0 0.8486786018755328 0.6818181818181818 0.041773231031543054 0.13863636363636364
0 0.1432225063938619 0.8357954545454546 0.0443307757885763 0.14886363636363636
0 0.7608695652173914 0.9494318181818182 0.05029838022165388 0.10113636363636364
0 0.8128729752770674 0.9517045454545454 0.041773231031543054 0.09431818181818181
0 0.803921568627451 0.85625 0.04774083546462063 0.16477272727272727
0 0.7378516624040921 0.9056818181818181 0.041773231031543054 0.1409090909090909
0 0.8171355498721228 0.6903409090909091 0.04688832054560955 0.13522727272727272
0 0.7600170502983802 0.5454545454545454 0.03665814151747655 0.13863636363636364
0 0.7877237851662404 0.5426136363636364 0.03239556692242114 0.12386363636363637
0 0.8478260869565217 0.15795454545454546 0.03324808184143223 0.10227272727272728
0 0.8158567774936062 0.1494318181818182 0.028985507246376812 0.10113636363636364
0 0.34995737425404944 0.3039772727272727 0.03324808184143223 0.11477272727272728
0 0.32438192668371696 0.31931818181818183 0.040068201193520885 0.09772727272727273
0 0.0959079283887468 0.2471590909090909 0.029838022165387893 0.10340909090909091
0 0.15387894288150042 0.2471590909090909 0.028132992327365727 0.10113636363636364
0 0.1977834612105712 0.21988636363636363 0.030690537084398978 0.10340909090909091
0 0.36445012787723785 0.26647727272727273 0.028132992327365727 0.10340909090909091
0 0.3836317135549872 0.2761363636363636 0.027280477408354646 0.09090909090909091
0 0.473998294970162 0.4875 0.0443307757885763 0.1340909090909091
0 0.42028985507246375 0.29261363636363635 0.03580562659846547 0.10113636363636364
0 0.45694799658994034 0.2909090909090909 0.03239556692242114 0.1
0 0.4658994032395567 0.36818181818181817 0.040068201193520885 0.12045454545454545
0 0.4441602728047741 0.275 0.028985507246376812 0.08863636363636364
0 0.47698209718670076 0.2727272727272727 0.03154305200341006 0.10454545454545454
0 0.45822676896845693 0.22045454545454546 0.03154305200341006 0.09318181818181819
0 0.4437340153452685 0.19772727272727272 0.028132992327365727 0.10227272727272728
0 0.4134697357203751 0.20625 0.030690537084398978 0.09659090909090909
0 0.17348678601875533 0.15852272727272726 0.03154305200341006 0.09659090909090909
0 0.2331628303495311 0.20795454545454545 0.03154305200341006 0.10681818181818181
0 0.24722932651321397 0.22215909090909092 0.030690537084398978 0.10113636363636364
0 0.2796248934356351 0.22272727272727272 0.03239556692242114 0.09318181818181819
0 0.2625745950554135 0.20511363636363636 0.03239556692242114 0.09431818181818181
0 0.289002557544757 0.18352272727272728 0.04092071611253197 0.09431818181818181
0 0.4978687127024723 0.20738636363636365 0.03239556692242114 0.11022727272727273
0 0.45652173913043476 0.16988636363636364 0.03495311167945439 0.10340909090909091
0 0.4884910485933504 0.15681818181818183 0.028985507246376812 0.1
0 0.38022165387894286 0.19204545454545455 0.03239556692242114 0.1
0 0.453537936913896 0.12045454545454545 0.03239556692242114 0.09772727272727273
0 0.4339300937766411 0.13465909090909092 0.02216538789428815 0.06704545454545455
0 0.31074168797953966 0.10227272727272728 0.03665814151747655 0.10227272727272728
0 0.5029838022165388 0.2869318181818182 0.03239556692242114 0.11022727272727273
0 0.11636828644501279 0.38522727272727275 0.05200341005967604 0.12045454545454545
0 0.48294970161977835 0.34147727272727274 0.03836317135549872 0.10340909090909091
0 0.10144927536231885 0.8306818181818182 0.04092071611253197 0.15
0 0.7681159420289855 0.8642045454545455 0.04603580562659847 0.14431818181818182
0 0.2595907928388747 0.8806818181818182 0.04688832054560955 0.15454545454545454
0 0.30392156862745096 0.8676136363636363 0.04688832054560955 0.1693181818181818
0 0.3674339300937766 0.8693181818181818 0.04603580562659847 0.15681818181818183
0 0.03495311167945439 0.30625 0.03751065643648764 0.10113636363636364
0 0.09761295822676896 0.9607954545454546 0.04688832054560955 0.07613636363636364
0 0.2877237851662404 0.6602272727272728 0.05541346973572037 0.15454545454545454
0 0.06947996589940324 0.30568181818181817 0.03324808184143223 0.10681818181818181
0 0.010656436487638534 0.5863636363636363 0.0196078431372549 0.12727272727272726
0 0.1010230179028133 0.7517045454545455 0.045183290707587385 0.14431818181818182
0 0.06692242114236999 0.9448863636363637 0.045183290707587385 0.11022727272727273
0 0.33844842284739984 0.27102272727272725 0.023870417732310314 0.09886363636363636
0 0.782608695652174 0.6068181818181818 0.057971014492753624 0.1340909090909091
0 0.7519181585677749 0.30113636363636365 0.03751065643648764 0.1159090909090909
0 0.7067348678601876 0.30227272727272725 0.03410059676044331 0.11136363636363636
0 0.7225063938618926 0.2772727272727273 0.04688832054560955 0.10681818181818181
0 0.8508098891730606 0.03920454545454546 0.03239556692242114 0.07613636363636364
0 0.8231031543052003 0.036931818181818184 0.028132992327365727 0.0715909090909091
0 0.16709292412617222 0.011363636363636364 0.02557544757033248 0.020454545454545454
0 0.19650468883205457 0.010227272727272727 0.026427962489343565 0.01818181818181818
0 0.27450980392156865 0.03238636363636364 0.02557544757033248 0.0625
0 0.2949701619778346 0.036931818181818184 0.02557544757033248 0.0715909090909091
0 0.309462915601023 0.02159090909090909 0.027280477408354646 0.04090909090909091
0 0.33844842284739984 0.03579545454545455 0.03239556692242114 0.06931818181818182
0 0.37595907928388744 0.1278409090909091 0.028985507246376812 0.09431818181818181
0 0.3674339300937766 0.03636363636363636 0.02216538789428815 0.07045454545454545
0 0.38618925831202044 0.048863636363636366 0.03239556692242114 0.09090909090909091
0 0.4198635976129582 0.18352272727272728 0.03324808184143223 0.08977272727272727
0 0.4927536231884058 0.07386363636363637 0.030690537084398978 0.09090909090909091
0 0.5174765558397272 0.07613636363636364 0.03239556692242114 0.09090909090909091
0 0.42497868712702475 0.042045454545454546 0.028132992327365727 0.07954545454545454
0 0.4514066496163683 0.048295454545454544 0.03154305200341006 0.0875
0 0.479539641943734 0.11704545454545455 0.03154305200341006 0.08636363636363636
0 0.578005115089514 0.08295454545454546 0.02557544757033248 0.08636363636363636
0 0.4075021312872975 0.13011363636363638 0.028985507246376812 0.09431818181818181
