0 0.2765625 0.7046296296296296 0.05416666666666667 0.2074074074074074
0 0.33932291666666664 0.7050925925925926 0.050520833333333334 0.2175925925925926
0 0.4015625 0.6953703703703704 0.036458333333333336 0.18888888888888888
0 0.24166666666666667 0.9208333333333333 0.071875 0.16018518518518518
0 0.32265625 0.9268518518518518 0.05364583333333333 0.14444444444444443
0 0.553125 0.6347222222222222 0.041666666666666664 0.18611111111111112
0 0.56953125 0.6365740740740741 0.033854166666666664 0.18981481481481483
0 0.7911458333333333 0.524537037037037 0.026041666666666668 0.09351851851851851
0 0.6231770833333333 0.6518518518518519 0.03802083333333333 0.1814814814814815
0 0.7372395833333333 0.8300925925925926 0.04635416666666667 0.23981481481481481
0 0.6846354166666667 0.8273148148148148 0.0578125 0.2361111111111111
0 0.4549479166666667 0.5583333333333333 0.0234375 0.11296296296296296
0 0.4817708333333333 0.5421296296296296 0.03125 0.14537037037037037
0 0.4393229166666667 0.586574074074074 0.0296875 0.13796296296296295
0 0.5236979166666667 0.5717592592592593 0.0296875 0.14351851851851852
0 0.5046875 0.55 0.026041666666666668 0.13518518518518519
0 0.5328125 0.5472222222222223 0.030208333333333334 0.14074074074074075
0 0.54921875 0.5657407407407408 0.03177083333333333 0.12962962962962962
0 0.6044270833333333 0.6953703703703704 0.05260416666666667 0.20185185185185187
0 0.6296875 0.687037037037037 0.04479166666666667 0.19074074074074074
0 0.5559895833333334 0.6615740740740741 0.0390625 0.175
0 0.7302083333333333 0.711574074074074 0.046875 0.18055555555555555
0 0.7484375 0.7245370370370371 0.03333333333333333 0.1398148148148148
0 0.8419270833333333 0.7143518518518519 0.0609375 0.19907407407407407
0 0.6286458333333333 0.8291666666666667 0.04895833333333333 0.25277777777777777
0 0.7729166666666667 0.6388888888888888 0.040625 0.17037037037037037
0 0.8369791666666667 0.6861111111111111 0.046875 0.18888888888888888
0 0.90859375 0.7245370370370371 0.0484375 0.18055555555555555
0 0.04791666666666667 0.9041666666666667 0.057291666666666664 0.19166666666666668
0 0.09192708333333334 0.9185185185185185 0.0546875 0.16296296296296298
0 0.03619791666666667 0.975 0.04739583333333333 0.05185185185185185
0 0.30807291666666664 0.8212962962962963 0.0546875 0.2037037037037037
0 0.47552083333333334 0.8287037037037037 0.059375 0.22037037037037038
0 0.7809895833333333 0.7680555555555556 0.03697916666666667 0.2101851851851852
0 0.9705729166666667 0.7587962962962963 0.0421875 0.20462962962962963
0 0.86328125 0.7550925925925925 0.0453125 0.21203703703703702
0 0.89765625 0.7458333333333333 0.03802083333333333 0.18055555555555555
0 0.5020833333333333 0.5041666666666667 0.035416666666666666 0.10648148148148148
0 0.475 0.49212962962962964 0.03229166666666667 0.12314814814814815
0 0.4049479166666667 0.48935185185185187 0.033854166666666664 0.12314814814814815
0 0.41510416666666666 0.48518518518518516 0.026041666666666668 0.09074074074074075
0 0.7505208333333333 0.4462962962962963 0.028125 0.08888888888888889
