0 0.5583434099153567 0.8712962962962963 0.044135429262394194 0.17037037037037037
0 0.5792019347037485 0.9273148148148148 0.0471584038694075 0.14722222222222223
0 0.38814993954050786 0.5523148148148148 0.037484885126964934 0.14537037037037037
0 0.32376058041112454 0.3199074074074074 0.04050785973397823 0.1361111111111111
0 0.10761789600967352 0.4212962962962963 0.041112454655380895 0.13518518518518519
0 0.28234582829504234 0.6328703703703704 0.04232164449818621 0.16018518518518518
0 0.2932285368802902 0.3435185185185185 0.03506650544135429 0.14444444444444443
0 0.1275695284159613 0.425 0.044740024183796856 0.14629629629629629
0 0.6792623941958887 0.9527777777777777 0.047762998790810154 0.09444444444444444
0 0.629081015719468 0.9537037037037037 0.046553808948004836 0.09259259259259259
0 0.810459492140266 0.8800925925925925 0.04897218863361548 0.16203703703703703
0 0.8645707376058042 0.8435185185185186 0.06166868198307134 0.1685185185185185
0 0.9020556227327691 0.8004629629629629 0.05804111245465538 0.16203703703703703
0 0.9280532043530835 0.9199074074074074 0.060459492140266025 0.16203703703703703
0 0.8833131801692866 0.925 0.053204353083434096 0.15185185185185185
0 0.8440145102781137 0.37175925925925923 0.037484885126964934 0.13425925925925927
0 0.8636638452237001 0.36018518518518516 0.04534461910519952 0.12037037037037036
0 0.283857315598549 0.6689814814814815 0.039298669891172915 0.16018518518518518
0 0.3573155985489722 0.6212962962962963 0.03869407496977025 0.1537037037037037
0 0.3893591293833132 0.6449074074074074 0.03385731559854897 0.13240740740740742
0 0.5396009673518742 0.9300925925925926 0.046553808948004836 0.14166666666666666
0 0.2327690447400242 0.5856481481481481 0.03385731559854897 0.1527777777777778
0 0.2379081015719468 0.5537037037037037 0.03688029020556227 0.13148148148148148
0 0.19347037484885127 0.5814814814814815 0.044740024183796856 0.14444444444444443
0 0.20344619105199516 0.5287037037037037 0.044135429262394194 0.1425925925925926
0 0.1605199516324063 0.5393518518518519 0.044135429262394194 0.14537037037037037
0 0.37968561064087064 0.23657407407407408 0.03143893591293833 0.13240740740740742
0 0.40447400241837966 0.2361111111111111 0.032648125755743655 0.13148148148148148
0 0.7167472793228536 0.975462962962963 0.0501813784764208 0.05092592592592592
0 0.6780532043530835 0.9856481481481482 0.02962515114873035 0.030555555555555555
0 0.714328899637243 0.37916666666666665 0.044135429262394194 0.12129629629629629
0 0.752720677146312 0.3912037037037037 0.03990326481257558 0.1287037037037037
0 0.27357920193470375 0.38055555555555554 0.047762998790810154 0.14444444444444443
0 0.24758162031438935 0.39166666666666666 0.03325272067714631 0.14074074074074075
0 0.9507255139056832 0.7217592592592592 0.0380894800483676 0.1398148148148148
0 0.3512696493349456 0.9601851851851851 0.04232164449818621 0.07962962962962963
0 0.5399032648125756 0.4675925925925926 0.036275695284159616 0.15185185185185185
0 0.3177146311970979 0.7777777777777778 0.04897218863361548 0.1685185185185185
0 0.936819830713422 0.7444444444444445 0.0562273276904474 0.14814814814814814
0 0.5544135429262395 0.45185185185185184 0.037484885126964934 0.14074074074074075
0 0.35006045949214026 0.47638888888888886 0.03506650544135429 0.1287037037037037
0 0.31983071342200725 0.6078703703703704 0.0471584038694075 0.16203703703703703
0 0.48972188633615477 0.4685185185185185 0.03143893591293833 0.14074074074074075
0 0.3636638452237001 0.7037037037037037 0.03204353083434099 0.1574074074074074
0 0.37817412333736394 0.7351851851851852 0.04171704957678356 0.17037037037037037
0 0.5435308343409916 0.7171296296296297 0.0471584038694075 0.16574074074074074
0 0.6130592503022975 0.6930555555555555 0.041112454655380895 0.16018518518518518
0 0.5755743651753326 0.6921296296296297 0.036275695284159616 0.13796296296296295
0 0.44256348246674726 0.7361111111111112 0.03990326481257558 0.14629629629629629
0 0.6816807738814994 0.7226851851851852 0.051390568319226115 0.14166666666666666
0 0.3854292623941959 0.449537037037037 0.034461910519951636 0.13055555555555556
0 0.46402660217654174 0.5365740740740741 0.0380894800483676 0.13240740740740742
0 0.4531438935912938 0.5 0.04897218863361548 0.10740740740740741
0 0.46644498186215233 0.42268518518518516 0.04171704957678356 0.13796296296296295
0 0.5256952841596131 0.5171296296296296 0.039298669891172915 0.14907407407407408
0 0.017835550181378477 0.7449074074074075 0.034461910519951636 0.16203703703703703
0 0.5217654171704957 0.6032407407407407 0.03869407496977025 0.12314814814814815
0 0.4818621523579202 0.1439814814814815 0.02902055622732769 0.09722222222222222
0 0.4588875453446191 0.1388888888888889 0.03506650544135429 0.12407407407407407
0 0.6970979443772672 0.600925925925926 0.041112454655380895 0.16296296296296298
0 0.7805320435308344 0.4115740740740741 0.0471584038694075 0.15462962962962962
0 0.720677146311971 0.6435185185185185 0.036275695284159616 0.13148148148148148
0 0.8019951632406288 0.350462962962963 0.03688029020556227 0.13240740740740742
0 0.650241837968561 0.39305555555555555 0.044135429262394194 0.15092592592592594
0 0.6774486094316807 0.39861111111111114 0.039298669891172915 0.13796296296296295
0 0.779322853688029 0.35694444444444445 0.04232164449818621 0.15462962962962962
0 0.7267230955259976 0.45092592592592595 0.04232164449818621 0.16296296296296298
0 0.68409915356711 0.4740740740740741 0.03688029020556227 0.13703703703703704
0 0.8509673518742442 0.13657407407407407 0.03688029020556227 0.12129629629629629
0 0.7605804111245466 0.49722222222222223 0.0471584038694075 0.15185185185185185
0 0.7781136638452237 0.5430555555555555 0.04232164449818621 0.14907407407407408
0 0.9449818621523579 0.6421296296296296 0.060459492140266025 0.1527777777777778
0 0.7348851269649335 0.6722222222222223 0.0501813784764208 0.15185185185185185
0 0.720677146311971 0.7240740740740741 0.045949214026602174 0.1537037037037037
0 0.9071946795646917 0.6587962962962963 0.042926239419588876 0.10833333333333334
0 0.7941354292623942 0.7412037037037037 0.051390568319226115 0.14722222222222223
0 0.6596130592503023 0.5393518518518519 0.03990326481257558 0.14166666666666666
0 0.6287787182587666 0.5615740740740741 0.03869407496977025 0.13055555555555556
0 0.5891777509068924 0.3625 0.044135429262394194 0.14907407407407408
0 0.5513905683192262 0.3638888888888889 0.03385731559854897 0.1259259259259259
0 0.8651753325272068 0.6939814814814815 0.056831922611850064 0.17685185185185184
0 0.4347037484885127 0.5925925925925926 0.036275695284159616 0.15
0 0.466142684401451 0.5898148148148148 0.036275695284159616 0.14814814814814814
0 0.535671100362757 0.6560185185185186 0.04836759371221282 0.17685185185185184
0 0.2309552599758162 0.3685185185185185 0.041112454655380895 0.14444444444444443
0 0.13724304715840388 0.4810185185185185 0.045949214026602174 0.15462962962962962
0 0.5891777509068924 0.5041666666666667 0.046553808948004836 0.15833333333333333
0 0.592503022974607 0.4412037037037037 0.045949214026602174 0.15462962962962962
0 0.2037484885126965 0.3578703703703704 0.03990326481257558 0.1398148148148148
0 0.007859733978234583 0.562962962962963 0.014510278113663845 0.1574074074074074
0 0.8361547762998791 0.9342592592592592 0.05078597339782346 0.13333333333333333
0 0.05532043530834341 0.30277777777777776 0.039298669891172915 0.14074074074074075
0 0.021463119709794438 0.29953703703703705 0.03688029020556227 0.13240740740740742
0 0.22823458282950423 0.2175925925925926 0.03688029020556227 0.12222222222222222
0 0.2629987908101572 0.2074074074074074 0.041112454655380895 0.14074074074074075
0 0.017835550181378477 0.25092592592592594 0.034461910519951636 0.14629629629629629
0 0.015417170495767836 0.5194444444444445 0.02962515114873035 0.16296296296296298
0 0.910217654171705 0.12407407407407407 0.03325272067714631 0.13518518518518519
0 0.8491535671100363 0.15185185185185185 0.034461910519951636 0.12962962962962962
0 0.7880894800483675 0.12962962962962962 0.039298669891172915 0.13333333333333333
0 0.10157194679564692 0.6601851851851852 0.041112454655380895 0.1648148148148148
0 0.7998790810157195 0.47129629629629627 0.044740024183796856 0.15555555555555556
0 0.813180169286578 0.49537037037037035 0.044740024183796856 0.13703703703703704
0 0.05743651753325272 0.6425925925925926 0.045949214026602174 0.16296296296296298
0 0.11396614268440144 0.6185185185185185 0.051390568319226115 0.1574074074074074
0 0.21160822249093109 0.9222222222222223 0.05441354292623942 0.1574074074074074
0 0.16505441354292624 0.9347222222222222 0.053204353083434096 0.13240740740740742
0 0.9785368802902056 0.6208333333333333 0.0380894800483676 0.18055555555555555
0 0.6197097944377267 0.8384259259259259 0.0471584038694075 0.16203703703703703
0 0.6206166868198307 0.7930555555555555 0.05501813784764208 0.16203703703703703
0 0.9685610640870617 0.2828703703703704 0.04836759371221282 0.1527777777777778
0 0.93409915356711 0.27546296296296297 0.037484885126964934 0.13796296296296295
0 0.9594921402660218 0.2222222222222222 0.041112454655380895 0.12222222222222222
0 0.9380290205562273 0.22453703703703703 0.0380894800483676 0.12314814814814815
0 0.8032043530834341 0.40370370370370373 0.047762998790810154 0.1648148148148148
0 0.1759371221281741 0.6694444444444444 0.045949214026602174 0.14814814814814814
0 0.19588875453446192 0.6171296296296296 0.044740024183796856 0.16574074074074074
0 0.26088270858524787 0.6125 0.046553808948004836 0.16018518518518518
0 0.009975816203143894 0.4824074074074074 0.018742442563482467 0.14444444444444443
0 0.0036275695284159614 0.44907407407407407 0.006045949214026602 0.1388888888888889
0 0.016626360338573155 0.21851851851851853 0.03204353083434099 0.1537037037037037
0 0.19165659008464328 0.4125 0.037484885126964934 0.14351851851851852
0 0.7406287787182587 0.5370370370370371 0.049576783555018135 0.14629629629629629
0 0.06257557436517533 0.2638888888888889 0.0380894800483676 0.14814814814814814
0 0.7119105199516325 0.48657407407407405 0.0380894800483676 0.14537037037037037
0 0.7575574365175333 0.44351851851851853 0.044740024183796856 0.1574074074074074
0 0.1798669891172914 0.38101851851851853 0.039298669891172915 0.15648148148148147
0 0.6974002418379686 0.4337962962962963 0.046553808948004836 0.15648148148148147
0 0.0912938331318017 0.3212962962962963 0.045949214026602174 0.15925925925925927
0 0.7530229746070133 0.32546296296296295 0.039298669891172915 0.15648148148148147
0 0.6378476420798065 0.06018518518518518 0.03385731559854897 0.11851851851851852
0 0.6097339782345829 0.06388888888888888 0.034461910519951636 0.12037037037037036
0 0.589782345828295 0.055092592592592596 0.03204353083434099 0.10833333333333334
0 0.7128174123337364 0.27037037037037037 0.049576783555018135 0.14629629629629629
0 0.6562877871825876 0.2689814814814815 0.04897218863361548 0.13055555555555556
0 0.598851269649335 0.17083333333333334 0.044135429262394194 0.12129629629629629
0 0.5522974607013301 0.16018518518518518 0.0562273276904474 0.13703703703703704
0 0.5525997581620314 0.24212962962962964 0.045949214026602174 0.13796296296296295
0 0.44830713422007257 0.03287037037037037 0.03204353083434099 0.06388888888888888
0 0.3884522370012092 0.16435185185185186 0.0380894800483676 0.13240740740740742
0 0.3352478839177751 0.10555555555555556 0.039298669891172915 0.1388888888888889
0 0.25 0.10648148148148148 0.039298669891172915 0.13703703703703704
0 0.2240024183796856 0.10092592592592593 0.0380894800483676 0.13703703703703704
0 0.04685610640870617 0.19166666666666668 0.034461910519951636 0.1259259259259259
0 0.1414752116082225 0.2884259259259259 0.03990326481257558 0.13796296296296295
0 0.09854897218863362 0.16574074074074074 0.03869407496977025 0.12407407407407407
0 0.11729141475211609 0.18796296296296297 0.041112454655380895 0.13703703703703704
0 0.14510278113663846 0.2037037037037037 0.036275695284159616 0.14074074074074075
0 0.32073760580411126 0.06620370370370371 0.03688029020556227 0.13055555555555556
0 0.3512696493349456 0.055092592592592596 0.030229746070133012 0.10833333333333334
0 0.17835550181378476 0.2875 0.044740024183796856 0.15462962962962962
0 0.2327690447400242 0.18101851851851852 0.030229746070133012 0.11018518518518519
0 0.24667472793228537 0.1712962962962963 0.032648125755743655 0.12037037037037036
0 0.34582829504232165 0.14166666666666666 0.03506650544135429 0.13518518518518519
0 0.2681378476420798 0.28935185185185186 0.034461910519951636 0.13240740740740742
0 0.2617896009673519 0.2740740740740741 0.041112454655380895 0.1574074074074074
0 0.5241837968561064 0.24259259259259258 0.030229746070133012 0.10185185185185185
0 0.468863361547763 0.20462962962962963 0.03204353083434099 0.10740740740740741
0 0.45435308343409914 0.2152777777777778 0.039298669891172915 0.13055555555555556
0 0.28174123337363965 0.12222222222222222 0.032648125755743655 0.11851851851851852
0 0.42140266021765416 0.21435185185185185 0.04232164449818621 0.12685185185185185
0 0.4207980652962515 0.18472222222222223 0.03869407496977025 0.11574074074074074
0 0.31892382103990324 0.1962962962962963 0.044135429262394194 0.1388888888888889
0 0.3270858524788392 0.24074074074074073 0.03506650544135429 0.13148148148148148
0 0.2941354292623942 0.23055555555555557 0.0380894800483676 0.12407407407407407
0 0.3948004836759371 0.2050925925925926 0.036275695284159616 0.10648148148148148
0 0.3603385731559855 0.13240740740740742 0.03506650544135429 0.13518518518518519
0 0.07466747279322854 0.15648148148148147 0.039298669891172915 0.13703703703703704
0 0.06801692865779928 0.18425925925925926 0.034461910519951636 0.12777777777777777
0 0.012998790810157194 0.7703703703703704 0.024788391777509067 0.17777777777777778
0 0.016626360338573155 0.7097222222222223 0.03204353083434099 0.15648148148148147
0 0.9455864570737605 0.026851851851851852 0.03990326481257558 0.05185185185185185
0 0.2578597339782346 0.05092592592592592 0.04050785973397823 0.1
0 0.40598548972188636 0.03333333333333333 0.0380894800483676 0.06481481481481481
0 0.16535671100362756 0.05740740740740741 0.03688029020556227 0.11296296296296296
0 0.2058645707376058 0.06712962962962964 0.03325272067714631 0.1175925925925926
0 0.22823458282950423 0.062037037037037036 0.04171704957678356 0.1037037037037037
0 0.20223700120918983 0.03888888888888889 0.03325272067714631 0.07592592592592592
0 0.12182587666263603 0.05185185185185185 0.039298669891172915 0.10185185185185185
0 0.9183796856106409 0.03194444444444444 0.03990326481257558 0.062037037037037036
0 0.09159613059250302 0.04722222222222222 0.0380894800483676 0.09259259259259259
0 0.07708585247883917 0.025925925925925925 0.03204353083434099 0.05
0 0.08978234582829504 0.2777777777777778 0.04171704957678356 0.15
0 0.4114268440145103 0.13518518518518519 0.0380894800483676 0.1425925925925926
0 0.3721281741233374 0.03425925925925926 0.03325272067714631 0.06666666666666667
