0 0.4609375 0.36064814814814816 0.0375 0.14907407407407408
0 0.6161458333333333 0.2518518518518518 0.0375 0.12037037037037036
0 0.4197916666666667 0.25277777777777777 0.036458333333333336 0.1259259259259259
0 0.4015625 0.26481481481481484 0.03229166666666667 0.12962962962962962
0 0.55390625 0.4703703703703704 0.044270833333333336 0.19444444444444445
0 0.46197916666666666 0.2796296296296296 0.028125 0.12407407407407407
0 0.4440104166666667 0.362962962962963 0.0265625 0.1648148148148148
0 0.4122395833333333 0.35509259259259257 0.03177083333333333 0.1675925925925926
0 0.1109375 0.5356481481481481 0.03958333333333333 0.19722222222222222
0 0.628125 0.33287037037037037 0.03229166666666667 0.13796296296296295
0 0.5588541666666667 0.3148148148148148 0.030208333333333334 0.14074074074074075
0 0.4088541666666667 0.36666666666666664 0.03125 0.17592592592592593
0 0.2513020833333333 0.47175925925925927 0.0609375 0.20277777777777778
0 0.15182291666666667 0.8643518518518518 0.06927083333333334 0.27314814814814814
0 0.22473958333333333 0.7379629629629629 0.06927083333333334 0.2740740740740741
0 0.29322916666666665 0.7282407407407407 0.052083333333333336 0.25277777777777777
0 0.34010416666666665 0.8009259259259259 0.051041666666666666 0.23148148148148148
0 0.24947916666666667 0.6509259259259259 0.059375 0.28888888888888886
0 0.903125 0.5092592592592593 0.071875 0.20925925925925926
0 0.290625 0.5152777777777777 0.046875 0.21203703703703702
0 0.37161458333333336 0.5430555555555555 0.05572916666666667 0.24537037037037038
0 0.35 0.4976851851851852 0.04583333333333333 0.18055555555555555
0 0.390625 0.49907407407407406 0.0375 0.17037037037037037
0 0.5971354166666667 0.4537037037037037 0.0390625 0.18333333333333332
0 0.1828125 0.5300925925925926 0.058333333333333334 0.21388888888888888
0 0.30703125 0.47175925925925927 0.0359375 0.18055555555555555
0 0.8140625 0.4356481481481482 0.04583333333333333 0.20462962962962963
0 0.7302083333333333 0.4097222222222222 0.028125 0.1398148148148148
0 0.7635416666666667 0.41435185185185186 0.034375 0.15462962962962962
0 0.74609375 0.4148148148148148 0.0484375 0.1814814814814815
0 0.48359375 0.36944444444444446 0.0359375 0.1574074074074074
0 0.5942708333333333 0.3476851851851852 0.034375 0.14351851851851852
0 0.5302083333333333 0.40555555555555556 0.036458333333333336 0.17407407407407408
0 0.5638020833333334 0.3486111111111111 0.03177083333333333 0.13796296296296295
0 0.5044270833333333 0.40555555555555556 0.043229166666666666 0.18518518518518517
0 0.5658854166666667 0.3699074074074074 0.030729166666666665 0.15462962962962962
0 0.50078125 0.2708333333333333 0.027604166666666666 0.1398148148148148
0 0.46041666666666664 0.2638888888888889 0.03125 0.12962962962962962
0 0.5169270833333334 0.25277777777777777 0.03177083333333333 0.13518518518518519
0 0.37916666666666665 0.32916666666666666 0.030208333333333334 0.13425925925925927
0 0.7515625 0.4699074074074074 0.041666666666666664 0.1712962962962963
0 0.32057291666666665 0.31805555555555554 0.03177083333333333 0.1398148148148148
0 0.63359375 0.45740740740740743 0.03802083333333333 0.17592592592592593
