0 0.5157194679564692 0.3851851851851852 0.03990326481257558 0.14074074074074075
0 0.5362756952841596 0.36712962962962964 0.03506650544135429 0.12685185185185185
0 0.6541717049576784 0.9768518518518519 0.041112454655380895 0.046296296296296294
0 0.5894800483675937 0.9745370370370371 0.04232164449818621 0.05277777777777778
0 0.5861547762998791 0.5407407407407407 0.04897218863361548 0.1648148148148148
0 0.5834340991535671 0.5884259259259259 0.04353083434099154 0.14907407407407408
0 0.932285368802902 0.6574074074074074 0.05199516324062878 0.1814814814814815
0 0.6242442563482467 0.5393518518518519 0.034461910519951636 0.1361111111111111
0 0.5755743651753326 0.37407407407407406 0.04232164449818621 0.1574074074074074
0 0.4525392986698912 0.2550925925925926 0.04171704957678356 0.15833333333333333
0 0.6402660217654171 0.5745370370370371 0.03869407496977025 0.15462962962962962
0 0.648428053204353 0.5430555555555555 0.03688029020556227 0.1398148148148148
0 0.6402660217654171 0.6064814814814815 0.04232164449818621 0.15185185185185185
0 0.6514510278113664 0.4791666666666667 0.044135429262394194 0.14907407407407408
0 0.6417775090689238 0.6611111111111111 0.04897218863361548 0.17777777777777778
0 0.5541112454655381 0.6902777777777778 0.047762998790810154 0.18611111111111112
0 0.6777509068923822 0.55 0.037484885126964934 0.15185185185185185
0 0.5256952841596131 0.6199074074074075 0.046553808948004836 0.16018518518518518
0 0.7191656590084643 0.6236111111111111 0.04897218863361548 0.16574074074074074
0 0.48518742442563484 0.2722222222222222 0.044135429262394194 0.1574074074074074
0 0.7049576783555018 0.45 0.05562273276904474 0.1685185185185185
0 0.7645102781136639 0.7087962962962963 0.05380894800483676 0.1787037037037037
0 0.8579201934703748 0.8064814814814815 0.0471584038694075 0.17962962962962964
0 0.7980652962515115 0.7157407407407408 0.049576783555018135 0.1537037037037037
0 0.686819830713422 0.6226851851851852 0.03990326481257558 0.15462962962962962
0 0.9806529625151149 0.6555555555555556 0.037484885126964934 0.14629629629629629
0 0.6251511487303507 0.6370370370370371 0.0471584038694075 0.1574074074074074
0 0.8594316807738815 0.6393518518518518 0.046553808948004836 0.14907407407407408
0 0.901148730350665 0.7976851851851852 0.05380894800483676 0.18425925925925926
0 0.7122128174123338 0.5398148148148149 0.044740024183796856 0.1574074074074074
0 0.6094316807738815 0.42962962962962964 0.03990326481257558 0.1425925925925926
0 0.018440145102781136 0.39490740740740743 0.035671100362756954 0.11574074074074074
0 0.5616686819830713 0.6097222222222223 0.04353083434099154 0.1712962962962963
0 0.6324062877871826 0.46805555555555556 0.03506650544135429 0.15092592592592594
0 0.8325272067714631 0.6509259259259259 0.04232164449818621 0.1259259259259259
0 0.6689842805320435 0.812962962962963 0.06469165659008465 0.1648148148148148
0 0.593409915356711 0.8439814814814814 0.06952841596130592 0.15833333333333333
0 0.016021765417170496 0.5962962962962963 0.03083434099153567 0.1574074074074074
0 0.04322853688029021 0.5814814814814815 0.046553808948004836 0.1648148148148148
0 0.3914752116082225 0.22685185185185186 0.03204353083434099 0.12962962962962962
0 0.47309552599758165 0.18009259259259258 0.03083434099153567 0.11574074074074074
0 0.004232164449818622 0.2791666666666667 0.007255139056831923 0.13425925925925927
0 0.1124546553808948 0.23055555555555557 0.044740024183796856 0.14629629629629629
0 0.0471584038694075 0.17083333333333334 0.037484885126964934 0.13425925925925927
0 0.15205562273276904 0.18425925925925926 0.04171704957678356 0.15185185185185185
0 0.1357315598548972 0.3111111111111111 0.04171704957678356 0.1574074074074074
0 0.20102781136638453 0.20925925925925926 0.03688029020556227 0.13518518518518519
0 0.5713422007255139 0.324537037037037 0.04232164449818621 0.14351851851851852
0 0.48065296251511486 0.15046296296296297 0.03990326481257558 0.13240740740740742
0 0.4186819830713422 0.24861111111111112 0.042926239419588876 0.1287037037037037
0 0.5640870616686819 0.2763888888888889 0.03869407496977025 0.14537037037037037
0 0.6064087061668681 0.25833333333333336 0.04353083434099154 0.15185185185185185
0 0.5722490931076178 0.23703703703703705 0.03688029020556227 0.15185185185185185
0 0.47611850060459493 0.2175925925925926 0.03204353083434099 0.12407407407407407
0 0.6774486094316807 0.24675925925925926 0.04171704957678356 0.16018518518518518
0 0.7152357920193471 0.24444444444444444 0.037484885126964934 0.1537037037037037
0 0.5006045949214026 0.22962962962962963 0.03990326481257558 0.13518518518518519
0 0.5084643288996372 0.2638888888888889 0.041112454655380895 0.16296296296296298
0 0.5411124546553809 0.26435185185185184 0.037484885126964934 0.13796296296296295
0 0.5317412333736397 0.29444444444444445 0.04171704957678356 0.14074074074074075
0 0.5513905683192262 0.3087962962962963 0.03990326481257558 0.13240740740740742
0 0.652962515114873 0.3236111111111111 0.04353083434099154 0.15092592592592594
0 0.6774486094316807 0.34953703703703703 0.034461910519951636 0.1287037037037037
0 0.7091898428053204 0.35648148148148145 0.03990326481257558 0.1425925925925926
0 0.9062877871825876 0.3592592592592593 0.044740024183796856 0.1537037037037037
0 0.7203748488512697 0.38657407407407407 0.04171704957678356 0.14351851851851852
0 0.7563482466747279 0.6467592592592593 0.04232164449818621 0.16018518518518518
0 0.780229746070133 0.6291666666666667 0.046553808948004836 0.17685185185185184
0 0.7917170495767836 0.43194444444444446 0.04171704957678356 0.15462962962962962
0 0.8666868198307134 0.5023148148148148 0.04897218863361548 0.16203703703703703
0 0.7711608222490931 0.48009259259259257 0.044135429262394194 0.1638888888888889
0 0.9824667472793228 0.2675925925925926 0.032648125755743655 0.15185185185185185
0 0.9821644498186215 0.22083333333333333 0.034461910519951636 0.13240740740740742
0 0.9625151148730351 0.2777777777777778 0.03506650544135429 0.11851851851851852
0 0.8929866989117291 0.6680555555555555 0.04353083434099154 0.14722222222222223
0 0.9815598548972189 0.5439814814814815 0.035671100362756954 0.15462962962962962
0 0.8869407496977025 0.28194444444444444 0.03990326481257558 0.13425925925925927
0 0.9250302297460702 0.2967592592592593 0.037484885126964934 0.12314814814814815
0 0.9455864570737605 0.4930555555555556 0.044740024183796856 0.15462962962962962
0 0.9114268440145102 0.5 0.05380894800483676 0.1685185185185185
0 0.9062877871825876 0.2564814814814815 0.03990326481257558 0.14629629629629629
0 0.9740024183796856 0.749537037037037 0.03143893591293833 0.09537037037037037
0 0.8805925030229746 0.14166666666666666 0.0380894800483676 0.12222222222222222
0 0.49032648125755746 0.10324074074074074 0.04232164449818621 0.1361111111111111
0 0.4800483675937122 0.12453703703703704 0.032648125755743655 0.11574074074074074
0 0.9319830713422007 0.27175925925925926 0.03204353083434099 0.12129629629629629
0 0.9389359129383313 0.25462962962962965 0.032648125755743655 0.12407407407407407
0 0.8394800483675937 0.4930555555555556 0.04171704957678356 0.15092592592592594
0 0.7902055622732769 0.5009259259259259 0.037484885126964934 0.15185185185185185
0 0.9516324062877872 0.5597222222222222 0.07496977025392987 0.17685185185185184
0 0.08343409915356712 0.8222222222222222 0.05199516324062878 0.17407407407407408
0 0.1695888754534462 0.8777777777777778 0.0562273276904474 0.1648148148148148
0 0.2790205562273277 0.17314814814814813 0.04171704957678356 0.14814814814814814
0 0.6384522370012092 0.20185185185185187 0.045949214026602174 0.15185185185185185
0 0.6819830713422007 0.15833333333333333 0.03506650544135429 0.12037037037037036
0 0.8536880290205562 0.12453703703703704 0.037484885126964934 0.12685185185185185
0 0.9220072551390568 0.11666666666666667 0.03869407496977025 0.12962962962962962
0 0.9594921402660218 0.1259259259259259 0.04232164449818621 0.14074074074074075
0 0.9673518742442564 0.08935185185185185 0.041112454655380895 0.1398148148148148
0 0.9362152357920194 0.06805555555555555 0.034461910519951636 0.11018518518518519
0 0.9280532043530835 0.05416666666666667 0.037484885126964934 0.10648148148148148
0 0.8972188633615478 0.037037037037037035 0.037484885126964934 0.07222222222222222
0 0.0964328899637243 0.09444444444444444 0.03688029020556227 0.12407407407407407
0 0.21674727932285368 0.11203703703703703 0.04171704957678356 0.12962962962962962
0 0.17019347037484886 0.09027777777777778 0.034461910519951636 0.12685185185185185
0 0.20405078597339782 0.041666666666666664 0.03204353083434099 0.08148148148148149
0 0.1354292623941959 0.10185185185185185 0.03506650544135429 0.13518518518518519
0 0.11003627569528417 0.046296296296296294 0.037484885126964934 0.09074074074074075
0 0.3192261185006046 0.07037037037037037 0.037484885126964934 0.12407407407407407
0 0.34975816203143895 0.055092592592592596 0.03688029020556227 0.10833333333333334
0 0.4362152357920194 0.13842592592592592 0.03688029020556227 0.14351851851851852
0 0.6550785973397824 0.15138888888888888 0.04171704957678356 0.1398148148148148
0 0.44316807738814995 0.0962962962962963 0.03990326481257558 0.12407407407407407
0 0.563180169286578 0.05648148148148148 0.039298669891172915 0.1111111111111111
0 0.6493349455864571 0.062037037037037036 0.03990326481257558 0.12037037037037036
0 0.8618500604594922 0.08009259259259259 0.035671100362756954 0.12129629629629629
0 0.6862152357920194 0.07037037037037037 0.032648125755743655 0.13333333333333333
0 0.6844014510278114 0.08703703703703704 0.03506650544135429 0.12407407407407407
0 0.6559854897218863 0.08611111111111111 0.03506650544135429 0.12037037037037036
0 0.5323458282950423 0.05462962962962963 0.03688029020556227 0.10740740740740741
0 0.43833131801692865 0.044444444444444446 0.037484885126964934 0.08703703703703704
0 0.49274486094316805 0.02638888888888889 0.037484885126964934 0.05092592592592592
0 0.4737001209189843 0.03611111111111111 0.03204353083434099 0.07037037037037037
0 0.5181378476420798 0.03148148148148148 0.032648125755743655 0.06111111111111111
0 0.015417170495767836 0.08703703703703704 0.02962515114873035 0.1388888888888889
0 0.018440145102781136 0.15648148148148147 0.035671100362756954 0.14074074074074075
0 0.9809552599758162 0.05092592592592592 0.03688029020556227 0.0962962962962963
0 0.6348246674727932 0.12546296296296297 0.02902055622732769 0.08981481481481482
0 0.8923821039903265 0.11805555555555555 0.030229746070133012 0.10277777777777777
0 0.37001209189842804 0.5115740740740741 0.03990326481257558 0.14907407407407408
0 0.17835550181378476 0.3398148148148148 0.04232164449818621 0.14074074074074075
0 0.13633615477629987 0.7689814814814815 0.07194679564691657 0.16574074074074074
0 0.10580411124546554 0.7236111111111111 0.05199516324062878 0.16574074074074074
0 0.1568923821039903 0.7356481481481482 0.047762998790810154 0.1675925925925926
0 0.812273276904474 0.3199074074074074 0.04171704957678356 0.13425925925925927
0 0.8428053204353083 0.31157407407407406 0.03385731559854897 0.12129629629629629
0 0.2551390568319226 0.6240740740740741 0.0471584038694075 0.1685185185185185
0 0.22551390568319227 0.6074074074074074 0.04232164449818621 0.1685185185185185
0 0.3591293833131802 0.6101851851851852 0.03506650544135429 0.15185185185185185
0 0.22551390568319227 0.5351851851851852 0.04353083434099154 0.14814814814814814
0 0.22611850060459493 0.5138888888888888 0.037484885126964934 0.13518518518518519
0 0.187726723095526 0.5143518518518518 0.04171704957678356 0.1398148148148148
0 0.1989117291414752 0.4759259259259259 0.04232164449818621 0.1425925925925926
0 0.14691656590084642 0.5023148148148148 0.044740024183796856 0.14907407407407408
0 0.3672914147521161 0.18796296296296297 0.03204353083434099 0.12962962962962962
0 0.3887545344619105 0.18518518518518517 0.026602176541717048 0.12407407407407407
0 0.28234582829504234 0.412962962962963 0.044740024183796856 0.1425925925925926
0 0.2717654171704958 0.425462962962963 0.03688029020556227 0.1398148148148148
0 0.19860943168077388 0.9305555555555556 0.05743651753325272 0.1388888888888889
0 0.31197097944377267 0.7384259259259259 0.04232164449818621 0.15462962962962962
0 0.37182587666263606 0.5638888888888889 0.04232164449818621 0.14074074074074075
0 0.34552599758162034 0.663425925925926 0.04050785973397823 0.15833333333333333
0 0.35399032648125756 0.700462962962963 0.04171704957678356 0.16944444444444445
0 0.42019347037484883 0.6976851851851852 0.049576783555018135 0.14907407407407408
0 0.6396614268440145 0.7393518518518518 0.049576783555018135 0.15462962962962962
0 0.44014510278113667 0.4981481481481482 0.03506650544135429 0.14074074074074075
0 0.4313784764207981 0.46805555555555556 0.034461910519951636 0.13240740740740742
0 0.047762998790810154 0.38333333333333336 0.04232164449818621 0.1574074074074074
0 0.42230955259975816 0.5509259259259259 0.039298669891172915 0.14814814814814814
0 0.4337968561064087 0.524074074074074 0.03204353083434099 0.14629629629629629
0 0.24153567110036275 0.5842592592592593 0.03688029020556227 0.14074074074074075
0 0.2889963724304716 0.5662037037037037 0.05078597339782346 0.16203703703703703
0 0.29020556227327693 0.6083333333333333 0.03990326481257558 0.1685185185185185
0 0.4619105199516324 0.3939814814814815 0.03990326481257558 0.14907407407407408
0 0.3041112454655381 0.37453703703703706 0.05078597339782346 0.14351851851851852
0 0.29836759371221283 0.3435185185185185 0.04171704957678356 0.15185185185185185
0 0.4062877871825877 0.41805555555555557 0.03990326481257558 0.14351851851851852
0 0.6127569528415961 0.0625 0.03204353083434099 0.12314814814814815
0 0.5843409915356711 0.04814814814814815 0.03204353083434099 0.09444444444444444
0 0.4870012091898428 0.5050925925925925 0.034461910519951636 0.14351851851851852
0 0.4857920193470375 0.5282407407407408 0.03688029020556227 0.15092592592592594
0 0.27690447400241835 0.3226851851851852 0.037484885126964934 0.14351851851851852
0 0.5819226118500604 0.7472222222222222 0.051390568319226115 0.17962962962962964
0 0.5492744860943168 0.7481481481481481 0.044135429262394194 0.15925925925925927
0 0.25755743651753327 0.35 0.032648125755743655 0.13148148148148148
