0 0.014066496163682864 0.8613636363636363 0.026427962489343565 0.15681818181818183
0 0.01619778346121057 0.95625 0.030690537084398978 0.08977272727272727
0 0.04816709292412617 0.9357954545454545 0.045183290707587385 0.13068181818181818
0 0.38235294117647056 0.8619318181818182 0.041773231031543054 0.15113636363636362
0 0.3213981244671782 0.8443181818181819 0.04774083546462063 0.15227272727272728
0 0.2958226768968457 0.8789772727272728 0.05285592497868713 0.14886363636363636
0 0.5575447570332481 0.8755681818181819 0.0443307757885763 0.15113636363636362
0 0.5924978687127025 0.8732954545454545 0.0443307757885763 0.15795454545454546
0 0.4143222506393862 0.7068181818181818 0.042625745950554135 0.14545454545454545
0 0.0886615515771526 0.6846590909090909 0.04603580562659847 0.14886363636363636
0 0.11679454390451834 0.6943181818181818 0.05115089514066496 0.15227272727272728
0 0.7570332480818415 0.7295454545454545 0.0494458653026428 0.15
0 0.32395566922421143 0.64375 0.0392156862745098 0.13522727272727272
0 0.34612105711849955 0.6664772727272728 0.0443307757885763 0.14204545454545456
0 0.24978687127024723 0.5909090909090909 0.0443307757885763 0.1409090909090909
0 0.8358908780903666 0.02159090909090909 0.03154305200341006 0.04090909090909091
0 0.9335038363171355 0.9539772727272727 0.0494458653026428 0.09204545454545454
0 0.4373401534526854 0.5778409090909091 0.04092071611253197 0.13068181818181818
0 0.47101449275362317 0.7079545454545455 0.04859335038363171 0.1431818181818182
0 0.5132139812446718 0.7056818181818182 0.04092071611253197 0.15227272727272728
0 0.5993179880647911 0.8056818181818182 0.04603580562659847 0.13636363636363635
0 0.29923273657289 0.13011363636363638 0.030690537084398978 0.10795454545454546
0 0.835464620630861 0.47102272727272726 0.042625745950554135 0.12386363636363637
0 0.10017050298380221 0.9840909090909091 0.03495311167945439 0.03409090909090909
0 0.27450980392156865 0.9710227272727273 0.0392156862745098 0.060227272727272727
0 0.20673486786018755 0.9784090909090909 0.041773231031543054 0.045454545454545456
0 0.23358908780903667 0.9585227272727272 0.04774083546462063 0.08522727272727272
0 0.13725490196078433 0.9261363636363636 0.0494458653026428 0.15
0 0.18073316283034954 0.9244318181818182 0.042625745950554135 0.14886363636363636
0 0.43137254901960786 0.05795454545454545 0.02557544757033248 0.07727272727272727
0 0.5336743393009378 0.023863636363636365 0.02557544757033248 0.045454545454545456
0 0.41389599317988063 0.05738636363636364 0.028132992327365727 0.08522727272727272
0 0.38277919863597615 0.024431818181818183 0.028985507246376812 0.04659090909090909
0 0.3052003410059676 0.042045454545454546 0.028985507246376812 0.08181818181818182
0 0.2028985507246377 0.10795454545454546 0.028985507246376812 0.09772727272727273
0 0.7983802216538789 0.4 0.03495311167945439 0.12272727272727273
0 0.8034953111679455 0.26136363636363635 0.03836317135549872 0.11818181818181818
0 0.7962489343563512 0.2857954545454545 0.03239556692242114 0.11477272727272728
0 0.8380221653878943 0.1 0.03580562659846547 0.09772727272727273
0 0.7553282182438192 0.4715909090909091 0.0392156862745098 0.125
0 0.49658994032395565 0.37272727272727274 0.03495311167945439 0.11136363636363636
0 0.5302642796248934 0.3698863636363636 0.0392156862745098 0.12840909090909092
0 0.829070758738278 0.4465909090909091 0.03836317135549872 0.1159090909090909
0 0.7864450127877238 0.4721590909090909 0.041773231031543054 0.12840909090909092
0 0.7148337595907929 0.6630681818181818 0.03836317135549872 0.15113636363636362
0 0.8533674339300937 0.6409090909090909 0.04092071611253197 0.1340909090909091
0 0.8452685421994884 0.7511363636363636 0.03495311167945439 0.13863636363636364
0 0.9211423699914748 0.7357954545454546 0.043478260869565216 0.13068181818181818
0 0.8303495311167945 0.6630681818181818 0.0392156862745098 0.13522727272727272
0 0.5562659846547314 0.5159090909090909 0.04859335038363171 0.13863636363636364
0 0.5362318840579711 0.522159090909091 0.04092071611253197 0.13522727272727272
0 0.2514919011082694 0.3352272727272727 0.03410059676044331 0.12045454545454545
0 0.49658994032395565 0.16477272727272727 0.029838022165387893 0.09090909090909091
0 0.17391304347826086 0.053409090909090906 0.027280477408354646 0.08636363636363636
0 0.3546462063086104 0.07102272727272728 0.02557544757033248 0.08977272727272727
0 0.391304347826087 0.05397727272727273 0.02557544757033248 0.08522727272727272
0 0.226768968456948 0.10511363636363637 0.027280477408354646 0.08977272727272727
0 0.7169650468883205 0.3784090909090909 0.05115089514066496 0.1318181818181818
0 0.8806479113384484 0.43068181818181817 0.042625745950554135 0.125
0 0.5191815856777494 0.45 0.03410059676044331 0.11818181818181818
0 0.814151747655584 0.3840909090909091 0.042625745950554135 0.10454545454545454
0 0.80306905370844 0.6335227272727273 0.042625745950554135 0.1375
0 0.5213128729752771 0.16136363636363638 0.03324808184143223 0.09318181818181819
0 0.49317988064791135 0.5948863636363636 0.03836317135549872 0.14204545454545456
0 0.556692242114237 0.44943181818181815 0.042625745950554135 0.12840909090909092
0 0.14705882352941177 0.5352272727272728 0.03495311167945439 0.11818181818181818
0 0.7391304347826086 0.4875 0.0392156862745098 0.12045454545454545
0 0.7698209718670077 0.5085227272727273 0.04092071611253197 0.13522727272727272
0 0.7450980392156863 0.2551136363636364 0.03580562659846547 0.11704545454545455
0 0.4782608695652174 0.09659090909090909 0.028985507246376812 0.09090909090909091
0 0.5012787723785166 0.09318181818181819 0.023870417732310314 0.09772727272727273
0 0.5255754475703325 0.11931818181818182 0.028132992327365727 0.09318181818181819
0 0.5528559249786871 0.13295454545454546 0.03154305200341006 0.1
0 0.6909633418584825 0.2852272727272727 0.03495311167945439 0.125
0 0.5711849957374254 0.35397727272727275 0.04092071611253197 0.1215909090909091
0 0.5630861040068201 0.04659090909090909 0.03154305200341006 0.09090909090909091
0 0.7902813299232737 0.1215909090909091 0.02216538789428815 0.05909090909090909
0 0.7186700767263428 0.2715909090909091 0.03751065643648764 0.11818181818181818
0 0.6662404092071611 0.9625 0.04859335038363171 0.07727272727272727
0 0.7075873827791986 0.9602272727272727 0.042625745950554135 0.08181818181818182
0 0.8375959079283888 0.88125 0.04859335038363171 0.16477272727272727
0 0.8785166240409207 0.7840909090909091 0.04859335038363171 0.16136363636363638
0 0.9198635976129582 0.7977272727272727 0.03751065643648764 0.12954545454545455
0 0.6807331628303496 0.6454545454545455 0.04859335038363171 0.1409090909090909
0 0.22719522591645352 0.23352272727272727 0.03495311167945439 0.11022727272727273
0 0.4578005115089514 0.44431818181818183 0.042625745950554135 0.1318181818181818
0 0.13640238704177324 0.4943181818181818 0.03239556692242114 0.10454545454545454
0 0.1628303495311168 0.4903409090909091 0.03580562659846547 0.13068181818181818
0 0.18925831202046037 0.49829545454545454 0.03580562659846547 0.09659090909090909
0 0.21568627450980393 0.33125 0.03580562659846547 0.11704545454545455
0 0.4185848252344416 0.42727272727272725 0.03580562659846547 0.125
0 0.28601875532821824 0.21761363636363637 0.03836317135549872 0.11704545454545455
0 0.15942028985507245 0.13295454545454546 0.03239556692242114 0.09772727272727273
0 0.42114236999147486 0.15965909090909092 0.030690537084398978 0.08295454545454546
0 0.5200341005967605 0.07784090909090909 0.03239556692242114 0.10113636363636364
0 0.4492753623188406 0.18181818181818182 0.030690537084398978 0.10454545454545454
0 0.479539641943734 0.18863636363636363 0.03154305200341006 0.09772727272727273
0 0.1658141517476556 0.07840909090909091 0.028132992327365727 0.10454545454545454
0 0.06905370843989769 0.036931818181818184 0.0392156862745098 0.0715909090909091
0 0.3256606990622336 0.13693181818181818 0.030690537084398978 0.0875
0 0.4927536231884058 0.19886363636363635 0.03410059676044331 0.10454545454545454
0 0.7664109121909634 0.3778409090909091 0.042625745950554135 0.1215909090909091
0 0.3908780903665814 0.07329545454545454 0.028132992327365727 0.09431818181818181
0 0.4803921568627451 0.0715909090909091 0.03154305200341006 0.09318181818181819
0 0.48508098891730606 0.46761363636363634 0.0392156862745098 0.13522727272727272
0 0.15430520034100598 0.04659090909090909 0.02557544757033248 0.08636363636363636
0 0.2885763000852515 0.8039772727272727 0.04688832054560955 0.14886363636363636
0 0.8849104859335039 0.9517045454545454 0.056265984654731455 0.09204545454545454
0 0.9761295822676896 0.9727272727272728 0.042625745950554135 0.056818181818181816
0 0.9053708439897699 0.6863636363636364 0.03751065643648764 0.13863636363636364
0 0.7638533674339301 0.2056818181818182 0.030690537084398978 0.09772727272727273
0 0.3175618073316283 0.01818181818181818 0.03154305200341006 0.03409090909090909
0 0.6359761295822677 0.8022727272727272 0.04774083546462063 0.15227272727272728
0 0.01918158567774936 0.41306818181818183 0.03665814151747655 0.12840909090909092
0 0.2753623188405797 0.7090909090909091 0.04603580562659847 0.15454545454545454
0 0.6121057118499573 0.6681818181818182 0.03751065643648764 0.1318181818181818
0 0.4744245524296675 0.5295454545454545 0.03495311167945439 0.10454545454545454
0 0.2971014492753623 0.39545454545454545 0.03495311167945439 0.125
0 0.0123614663256607 0.5227272727272727 0.023017902813299233 0.125
0 0.050724637681159424 0.44488636363636364 0.041773231031543054 0.12840909090909092
0 0.33034953111679455 0.7505681818181819 0.041773231031543054 0.14431818181818182
0 0.09036658141517477 0.43636363636363634 0.04092071611253197 0.11818181818181818
0 0.4390451832907076 0.2534090909090909 0.03239556692242114 0.11136363636363636
0 0.5656436487638533 0.6403409090909091 0.03495311167945439 0.13522727272727272
0 0.4458653026427962 0.5204545454545455 0.03751065643648764 0.13863636363636364
0 0.1636828644501279 0.09772727272727273 0.023870417732310314 0.08409090909090909
0 0.4846547314578005 0.49261363636363636 0.03495311167945439 0.1215909090909091
0 0.5498721227621484 0.5744318181818182 0.042625745950554135 0.14886363636363636
0 0.33248081841432225 0.39602272727272725 0.03239556692242114 0.12840909090909092
0 0.10059676044330776 0.30056818181818185 0.04092071611253197 0.11022727272727273
0 0.39855072463768115 0.34204545454545454 0.03495311167945439 0.11136363636363636
0 0.14151747655583974 0.4107954545454545 0.03751065643648764 0.1215909090909091
0 0.3034953111679454 0.35056818181818183 0.03580562659846547 0.1215909090909091
0 0.3316283034953112 0.26193181818181815 0.03239556692242114 0.10568181818181818
0 0.36061381074168797 0.2625 0.03751065643648764 0.11136363636363636
0 0.4381926683716965 0.34545454545454546 0.0392156862745098 0.11818181818181818
0 0.3751065643648764 0.3392045454545455 0.03410059676044331 0.1215909090909091
0 0.41687979539641945 0.25 0.030690537084398978 0.10681818181818181
0 0.3908780903665814 0.26931818181818185 0.03154305200341006 0.10681818181818181
0 0.2911338448422847 0.2721590909090909 0.03495311167945439 0.12386363636363637
0 0.5281329923273658 0.19829545454545455 0.03495311167945439 0.10340909090909091
0 0.7365728900255755 0.425 0.0392156862745098 0.11136363636363636
0 0.8597612958226769 0.2948863636363636 0.03154305200341006 0.11477272727272728
0 0.8610400682011935 0.5096590909090909 0.042625745950554135 0.13295454545454546
0 0.8367433930093776 0.2943181818181818 0.03495311167945439 0.1159090909090909
0 0.8670076726342711 0.48295454545454547 0.042625745950554135 0.12954545454545455
0 0.8201193520886616 0.5051136363636364 0.0392156862745098 0.12840909090909092
0 0.875532821824382 0.9789772727272728 0.0443307757885763 0.04431818181818182
0 0.021312872975277068 0.5517045454545455 0.04092071611253197 0.1375
0 0.5132139812446718 0.5056818181818182 0.03580562659846547 0.125
0 0.39045183290707586 0.6386363636363637 0.04603580562659847 0.13863636363636364
0 0.45268542199488493 0.615909090909091 0.03751065643648764 0.1318181818181818
0 0.42710997442455245 0.19602272727272727 0.023870417732310314 0.0875
