0 0.6562877871825876 0.01574074074074074 0.02720677146311971 0.02962962962962963
0 0.6759371221281741 0.017592592592592594 0.02781136638452237 0.03333333333333333
0 0.9328899637243047 0.026851851851851852 0.03143893591293833 0.05185185185185185
0 0.9183796856106409 0.04583333333333333 0.03143893591293833 0.08981481481481482
0 0.9857920193470375 0.03009259259259259 0.024788391777509067 0.058333333333333334
0 0.4153567110036276 0.024074074074074074 0.02176541717049577 0.046296296296296294
0 0.8582224909310762 0.9388888888888889 0.04897218863361548 0.12222222222222222
0 0.3866384522370012 0.5532407407407407 0.039298669891172915 0.16018518518518518
0 0.20012091898428053 0.3388888888888889 0.03143893591293833 0.12037037037037036
0 0.07708585247883917 0.4898148148148148 0.03688029020556227 0.14629629629629629
0 0.06711003627569528 0.4425925925925926 0.037484885126964934 0.1537037037037037
0 0.10247883917775091 0.4703703703703704 0.04171704957678356 0.1537037037037037
0 0.8512696493349455 0.37916666666666665 0.036275695284159616 0.13240740740740742
0 0.8663845223700121 0.34305555555555556 0.036275695284159616 0.12314814814814815
0 0.27388149939540507 0.6699074074074074 0.04353083434099154 0.1675925925925926
0 0.2753929866989117 0.6351851851851852 0.044135429262394194 0.1648148148148148
0 0.3814993954050786 0.638425925925926 0.03506650544135429 0.14537037037037037
0 0.8204353083434099 0.9583333333333334 0.04353083434099154 0.08333333333333333
0 0.68409915356711 0.9824074074074074 0.0380894800483676 0.037037037037037035
0 0.23065296251511488 0.5847222222222223 0.034461910519951636 0.14907407407407408
0 0.24516324062877873 0.5523148148148148 0.02962515114873035 0.1398148148148148
0 0.1967956469165659 0.5583333333333333 0.04171704957678356 0.13518518518518519
0 0.20646916565900847 0.5162037037037037 0.042926239419588876 0.15648148148148147
0 0.16324062877871826 0.5398148148148149 0.04353083434099154 0.1574074074074074
0 0.3848246674727932 0.22685185185185186 0.034461910519951636 0.12962962962962962
0 0.405683192261185 0.22962962962962963 0.03143893591293833 0.12962962962962962
0 0.7173518742442564 0.37824074074074077 0.042926239419588876 0.11574074074074074
0 0.7503022974607013 0.38935185185185184 0.04232164449818621 0.13796296296296295
0 0.2545344619105199 0.3685185185185185 0.03990326481257558 0.14444444444444443
0 0.24214026602176542 0.38101851851851853 0.034461910519951636 0.14722222222222223
0 0.9582829504232164 0.7694444444444445 0.04232164449818621 0.1388888888888889
0 0.34068923821039904 0.961574074074074 0.044135429262394194 0.0787037037037037
0 0.43440145102781136 0.4356481481481482 0.035671100362756954 0.14907407407407408
0 0.3174123337363966 0.7717592592592593 0.0471584038694075 0.16944444444444445
0 0.9758162031438936 0.8351851851851851 0.044740024183796856 0.15925925925925927
0 0.9362152357920194 0.8300925925925926 0.039298669891172915 0.12685185185185185
0 0.3784764207980653 0.34074074074074073 0.045949214026602174 0.14074074074074075
0 0.34613059250302297 0.4703703703703704 0.039298669891172915 0.13148148148148148
0 0.3482466747279323 0.6685185185185185 0.04232164449818621 0.16666666666666666
0 0.5148125755743652 0.6226851851851852 0.035671100362756954 0.14722222222222223
0 0.3672914147521161 0.700462962962963 0.0380894800483676 0.16018518518518518
0 0.3766626360338573 0.7287037037037037 0.04353083434099154 0.1648148148148148
0 0.5891777509068924 0.611574074074074 0.044135429262394194 0.16203703703703703
0 0.628174123337364 0.6291666666666667 0.044740024183796856 0.1638888888888889
0 0.6411729141475212 0.6111111111111112 0.03204353083434099 0.1259259259259259
0 0.43923821039903266 0.7333333333333333 0.044135429262394194 0.14814814814814814
0 0.6825876662636033 0.7129629629629629 0.05199516324062878 0.14444444444444443
0 0.5120918984280532 0.4976851851851852 0.04232164449818621 0.15648148148148147
0 0.46311970979443773 0.5342592592592592 0.04232164449818621 0.14444444444444443
0 0.4501209189842805 0.4962962962962963 0.04534461910519952 0.10740740740740741
0 0.5108827085852479 0.5634259259259259 0.03990326481257558 0.15462962962962962
0 0.5389963724304716 0.6023148148148149 0.044135429262394194 0.15462962962962962
0 0.4238210399032648 0.02175925925925926 0.022974607013301087 0.041666666666666664
0 0.4108222490931076 0.019444444444444445 0.02720677146311971 0.037037037037037035
0 0.20465538089480048 0.9736111111111111 0.042926239419588876 0.05462962962962963
0 0.7007255139056832 0.8277777777777777 0.05078597339782346 0.16111111111111112
0 0.6269649334945586 0.874537037037037 0.045949214026602174 0.1675925925925926
0 0.6605199516324063 0.8856481481481482 0.047762998790810154 0.15092592592592594
0 0.9700725513905684 0.6513888888888889 0.04897218863361548 0.15833333333333333
0 0.7315598548972189 0.9055555555555556 0.04353083434099154 0.15185185185185185
0 0.9673518742442564 0.17314814814814813 0.03143893591293833 0.09814814814814815
0 0.970677146311971 0.924074074074074 0.0501813784764208 0.15185185185185185
0 0.5123941958887546 0.9226851851851852 0.04534461910519952 0.13796296296296295
0 0.4531438935912938 0.9324074074074075 0.046553808948004836 0.11666666666666667
0 0.7097944377267231 0.6620370370370371 0.0471584038694075 0.15925925925925927
0 0.7227932285368803 0.7046296296296296 0.039298669891172915 0.14814814814814814
0 0.4313784764207981 0.5856481481481481 0.04050785973397823 0.15092592592592594
0 0.466142684401451 0.5828703703703704 0.03506650544135429 0.14907407407407408
0 0.03899637243047158 0.6638888888888889 0.04897218863361548 0.17037037037037037
0 0.15417170495767835 0.8513888888888889 0.0471584038694075 0.17314814814814813
0 0.5392986698911729 0.6865740740740741 0.04353083434099154 0.16574074074074074
0 0.5716444981862152 0.6939814814814815 0.047762998790810154 0.16018518518518518
0 0.11487303506650544 0.5282407407407408 0.037484885126964934 0.14537037037037037
0 0.22249093107617895 0.20833333333333334 0.03143893591293833 0.12037037037037036
0 0.2623941958887545 0.20555555555555555 0.044740024183796856 0.13518518518518519
0 0.9773276904474002 0.14444444444444443 0.03083434099153567 0.12407407407407407
0 0.9419588875453446 0.16898148148148148 0.03990326481257558 0.13055555555555556
0 0.968863361547763 0.14814814814814814 0.03688029020556227 0.12222222222222222
0 0.782950423216445 0.975462962962963 0.037484885126964934 0.05092592592592592
0 0.7581620314389359 0.49398148148148147 0.03990326481257558 0.15833333333333333
0 0.7309552599758162 0.48703703703703705 0.036275695284159616 0.14074074074074075
0 0.7626964933494559 0.8199074074074074 0.05501813784764208 0.17314814814814813
0 0.2478839177750907 0.6226851851851852 0.037484885126964934 0.14907407407407408
0 0.2762998790810157 0.5930555555555556 0.05199516324062878 0.1638888888888889
0 0.3001813784764208 0.6277777777777778 0.04171704957678356 0.17037037037037037
0 0.2560459492140266 0.42407407407407405 0.0380894800483676 0.12962962962962962
0 0.14087061668681983 0.4078703703703704 0.03990326481257558 0.14537037037037037
0 0.1807738814993954 0.4009259259259259 0.03990326481257558 0.13148148148148148
0 0.2599758162031439 0.39490740740740743 0.04232164449818621 0.14351851851851852
0 0.4833736396614268 0.24675925925925926 0.039298669891172915 0.12685185185185185
0 0.49032648125755746 0.23148148148148148 0.03869407496977025 0.13333333333333333
0 0.13029020556227328 0.5805555555555556 0.039298669891172915 0.15
0 0.7648125755743652 0.9203703703703704 0.049576783555018135 0.13703703703703704
0 0.9667472793228536 0.8625 0.05199516324062878 0.16203703703703703
0 0.10308343409915356 0.5583333333333333 0.04534461910519952 0.1685185185185185
0 0.8935912938331319 0.85 0.0592503022974607 0.17407407407407408
0 0.9198911729141476 0.6361111111111111 0.06711003627569528 0.17777777777777778
0 0.5628778718258767 0.26805555555555555 0.037484885126964934 0.14537037037037037
0 0.526602176541717 0.25972222222222224 0.03506650544135429 0.14166666666666666
0 0.5015114873035067 0.2657407407407407 0.035671100362756954 0.1388888888888889
0 0.8697097944377267 0.5555555555555556 0.04897218863361548 0.15925925925925927
0 0.8228536880290206 0.5671296296296297 0.05078597339782346 0.15092592592592594
0 0.7941354292623942 0.44583333333333336 0.04534461910519952 0.13796296296296295
0 0.7533252720677146 0.44537037037037036 0.0471584038694075 0.15
0 0.6880290205562273 0.549074074074074 0.05078597339782346 0.1574074074074074
0 0.4782345828295042 0.13935185185185187 0.032648125755743655 0.12129629629629629
0 0.05411124546553809 0.350462962962963 0.06711003627569528 0.14351851851851852
0 0.24909310761789602 0.2712962962962963 0.037484885126964934 0.15
0 0.0036275695284159614 0.43287037037037035 0.006045949214026602 0.14537037037037037
0 0.685006045949214 0.26481481481481484 0.037484885126964934 0.14444444444444443
0 0.7100967351874244 0.25046296296296294 0.03688029020556227 0.14537037037037037
0 0.24365175332527206 0.16898148148148148 0.03143893591293833 0.12685185185185185
0 0.2530229746070133 0.1111111111111111 0.03204353083434099 0.13333333333333333
0 0.5674123337363967 0.3449074074074074 0.04050785973397823 0.13796296296296295
0 0.0471584038694075 0.5064814814814815 0.03990326481257558 0.15
0 0.02599758162031439 0.48564814814814816 0.044740024183796856 0.15462962962962962
0 0.6596130592503023 0.5523148148148148 0.03385731559854897 0.11944444444444445
0 0.6354292623941958 0.4273148148148148 0.045949214026602174 0.1175925925925926
0 0.595223700120919 0.4324074074074074 0.04534461910519952 0.14444444444444443
0 0.28567110036275695 0.11898148148148148 0.028415961305925032 0.12129629629629629
0 0.5876662636033857 0.4074074074074074 0.04232164449818621 0.14074074074074075
0 0.14903264812575576 0.4393518518518518 0.042926239419588876 0.15648148148148147
0 0.1596130592503023 0.4587962962962963 0.03506650544135429 0.14351851851851852
0 0.13875453446191052 0.4912037037037037 0.03688029020556227 0.14722222222222223
0 0.5244860943168077 0.4527777777777778 0.03204353083434099 0.11851851851851852
0 0.5858524788391778 0.32685185185185184 0.03385731559854897 0.12777777777777777
0 0.37424425634824665 0.8291666666666667 0.060459492140266025 0.17314814814814813
0 0.09099153567110037 0.95 0.042926239419588876 0.09814814814814815
0 0.1798669891172914 0.7925925925925926 0.04171704957678356 0.1574074074074074
0 0.34915356711003626 0.9902777777777778 0.035671100362756954 0.021296296296296296
0 0.5465538089480049 0.7949074074074074 0.07134220072551391 0.18425925925925926
0 0.4703748488512696 0.799537037037037 0.056831922611850064 0.16203703703703703
0 0.7270253929866989 0.7564814814814815 0.06831922611850061 0.1648148148148148
0 0.07013301088270858 0.7986111111111112 0.05078597339782346 0.1638888888888889
0 0.7593712212817413 0.7189814814814814 0.04232164449818621 0.1527777777777778
0 0.1357315598548972 0.7620370370370371 0.051390568319226115 0.15185185185185185
0 0.8555018137847642 0.4162037037037037 0.044740024183796856 0.15462962962962962
0 0.808645707376058 0.3439814814814815 0.044135429262394194 0.13240740740740742
0 0.9126360338573156 0.22083333333333333 0.047762998790810154 0.13796296296296295
0 0.5547158403869408 0.16527777777777777 0.034461910519951636 0.13796296296296295
0 0.5903869407496977 0.16157407407407406 0.03325272067714631 0.1287037037037037
0 0.597037484885127 0.11990740740740741 0.039298669891172915 0.13796296296296295
0 0.4540507859733978 0.06574074074074074 0.030229746070133012 0.11851851851851852
0 0.5066505441354293 0.06018518518518518 0.03143893591293833 0.1111111111111111
0 0.5362756952841596 0.043055555555555555 0.036275695284159616 0.08425925925925926
0 0.620918984280532 0.03287037037037037 0.03385731559854897 0.06388888888888888
0 0.5843409915356711 0.025925925925925925 0.03083434099153567 0.05
0 0.11094316807738815 0.2851851851851852 0.034461910519951636 0.13333333333333333
0 0.32889963724304716 0.13240740740740742 0.03506650544135429 0.12222222222222222
0 0.310459492140266 0.13425925925925927 0.03688029020556227 0.11851851851851852
0 0.14328899637243048 0.14537037037037037 0.03869407496977025 0.12962962962962962
0 0.16837968561064087 0.14629629629629629 0.042926239419588876 0.15185185185185185
0 0.19830713422007254 0.13287037037037036 0.03506650544135429 0.1398148148148148
0 0.2460701330108827 0.07222222222222222 0.037484885126964934 0.11481481481481481
0 0.07073760580411124 0.2773148148148148 0.03385731559854897 0.13425925925925927
0 0.20012091898428053 0.24537037037037038 0.045949214026602174 0.13333333333333333
0 0.02267230955259976 0.30185185185185187 0.042926239419588876 0.14814814814814814
0 0.05259975816203144 0.27361111111111114 0.03385731559854897 0.13425925925925927
0 0.015114873035066506 0.22870370370370371 0.02902055622732769 0.13518518518518519
0 0.09854897218863362 0.06157407407407407 0.03869407496977025 0.1175925925925926
0 0.21221281741233375 0.06712962962962964 0.03506650544135429 0.125
0 0.007859733978234583 0.16435185185185186 0.014510278113663845 0.15648148148148147
0 0.016324062877871828 0.10740740740740741 0.03143893591293833 0.13518518518518519
0 0.022974607013301087 0.0837962962962963 0.03506650544135429 0.1287037037037037
0 0.15175332527206772 0.07083333333333333 0.036275695284159616 0.13055555555555556
0 0.18561064087061668 0.04953703703703704 0.036275695284159616 0.09722222222222222
0 0.9755139056831923 0.2212962962962963 0.03325272067714631 0.13703703703703704
0 0.8730350665054414 0.22592592592592592 0.04232164449818621 0.13333333333333333
0 0.8799879081015719 0.15324074074074073 0.034461910519951636 0.11944444444444445
0 0.9132406287787183 0.14814814814814814 0.03204353083434099 0.12222222222222222
0 0.8796856106408706 0.10740740740740741 0.036275695284159616 0.13148148148148148
0 0.898428053204353 0.05648148148148148 0.03506650544135429 0.1111111111111111
0 0.9467956469165659 0.12083333333333333 0.03385731559854897 0.125
0 0.008464328899637243 0.45046296296296295 0.015719467956469165 0.14537037037037037
0 0.024788391777509067 0.4398148148148148 0.037484885126964934 0.14629629629629629
0 0.012998790810157194 0.41805555555555557 0.024788391777509067 0.1398148148148148
0 0.9573760580411125 0.21805555555555556 0.035671100362756954 0.12129629629629629
0 0.9416565900846433 0.08888888888888889 0.03083434099153567 0.11481481481481481
0 0.015114873035066506 0.47638888888888886 0.02902055622732769 0.1287037037037037
0 0.003022974607013301 0.20694444444444443 0.0048367593712212815 0.12314814814814815
0 0.06590084643288996 0.04398148148148148 0.032648125755743655 0.08611111111111111
0 0.18319226118500603 0.08981481481481482 0.03869407496977025 0.12407407407407407
0 0.08706166868198308 0.055092592592592596 0.03143893591293833 0.10833333333333334
0 0.12212817412333736 0.031018518518518518 0.03143893591293833 0.06018518518518518
0 0.9014510278113664 0.10231481481481482 0.03506650544135429 0.12314814814814815
0 0.935006045949214 0.10092592592592593 0.03325272067714631 0.1111111111111111
0 0.909310761789601 0.13425925925925927 0.02902055622732769 0.11851851851851852
0 0.9153567110036276 0.1925925925925926 0.03990326481257558 0.13518518518518519
0 0.5550181378476421 0.4393518518518518 0.03869407496977025 0.13425925925925927
0 0.9885126964933495 0.34814814814814815 0.02176541717049577 0.1537037037037037
0 0.08192261185006046 0.33287037037037037 0.04050785973397823 0.15462962962962962
0 0.17321644498186214 0.23472222222222222 0.034461910519951636 0.1398148148148148
