0 0.7681159420289855 0.6386363636363637 0.04603580562659847 0.1318181818181818
0 0.016624040920716114 0.21420454545454545 0.03154305200341006 0.09431818181818181
0 0.4398976982097187 0.6 0.03751065643648764 0.11818181818181818
0 0.36231884057971014 0.3 0.0392156862745098 0.1
0 0.5485933503836317 0.3397727272727273 0.03665814151747655 0.1
0 0.2894288150042626 0.2545454545454545 0.03324808184143223 0.09772727272727273
0 0.5302642796248934 0.26022727272727275 0.03239556692242114 0.09772727272727273
0 0.24978687127024723 0.23579545454545456 0.027280477408354646 0.10113636363636364
0 0.22421142369991476 0.22045454545454546 0.03410059676044331 0.09772727272727273
0 0.19948849104859334 0.21306818181818182 0.03239556692242114 0.10113636363636364
0 0.5021312872975278 0.26477272727272727 0.03751065643648764 0.11136363636363636
0 0.31585677749360613 0.19375 0.03324808184143223 0.09431818181818181
0 0.14876385336743392 0.1318181818181818 0.03495311167945439 0.09090909090909091
0 0.20588235294117646 0.13636363636363635 0.0247229326513214 0.07045454545454545
0 0.2331628303495311 0.12840909090909092 0.028132992327365727 0.09772727272727273
0 0.30647911338448425 0.13522727272727272 0.03324808184143223 0.09772727272727273
0 0.3431372549019608 0.13863636363636364 0.03324808184143223 0.10227272727272728
0 0.37468030690537085 0.13863636363636364 0.03324808184143223 0.09772727272727273
0 0.41389599317988063 0.12897727272727272 0.028132992327365727 0.0875
0 0.5008525149190111 0.1965909090909091 0.03324808184143223 0.10681818181818181
0 0.5247229326513214 0.18636363636363637 0.028132992327365727 0.09318181818181819
0 0.505541346973572 0.13125 0.02557544757033248 0.09204545454545454
0 0.33248081841432225 0.07840909090909091 0.028985507246376812 0.08409090909090909
0 0.4279624893435635 0.061931818181818185 0.030690537084398978 0.09204545454545454
0 0.39940323955669227 0.0625 0.028132992327365727 0.08863636363636364
0 0.8721227621483376 0.0875 0.028985507246376812 0.08409090909090909
0 0.8793691389599319 0.07386363636363637 0.03324808184143223 0.08409090909090909
0 0.8294970161977835 0.10340909090909091 0.028985507246376812 0.09772727272727273
0 0.8179880647911338 0.06647727272727273 0.03154305200341006 0.0875
0 0.8162830349531117 0.1409090909090909 0.03324808184143223 0.10227272727272728
0 0.20375106564364875 0.08522727272727272 0.028985507246376812 0.08409090909090909
0 0.1875532821824382 0.0846590909090909 0.02557544757033248 0.07613636363636364
0 0.7399829497016198 0.4625 0.04774083546462063 0.1318181818181818
0 0.783461210571185 0.4556818181818182 0.03751065643648764 0.1318181818181818
0 0.7791986359761296 0.5619318181818181 0.0392156862745098 0.11022727272727273
0 0.7357203751065644 0.5721590909090909 0.03751065643648764 0.1215909090909091
0 0.4075021312872975 0.6017045454545454 0.03239556692242114 0.08068181818181819
0 0.5524296675191815 0.43579545454545454 0.042625745950554135 0.1215909090909091
0 0.3192668371696505 0.24829545454545454 0.03324808184143223 0.09659090909090909
0 0.5110826939471441 0.22443181818181818 0.03324808184143223 0.10113636363636364
0 0.3307757885763001 0.024431818181818183 0.028985507246376812 0.04659090909090909
0 0.4697357203751066 0.024431818181818183 0.023870417732310314 0.04659090909090909
0 0.06649616368286446 0.7181818181818181 0.04774083546462063 0.1318181818181818
0 0.4957374254049446 0.22727272727272727 0.03324808184143223 0.10454545454545454
0 0.526001705029838 0.5142045454545454 0.04603580562659847 0.13522727272727272
0 0.38448422847399827 0.522159090909091 0.04092071611253197 0.12386363636363637
0 0.4134697357203751 0.4556818181818182 0.03751065643648764 0.125
0 0.556692242114237 0.5335227272727273 0.04774083546462063 0.1215909090909091
0 0.42114236999147486 0.5431818181818182 0.05285592497868713 0.1409090909090909
0 0.453537936913896 0.5619318181818181 0.03580562659846547 0.08295454545454546
0 0.00980392156862745 0.6892045454545455 0.017902813299232736 0.14431818181818182
0 0.30434782608695654 0.49204545454545456 0.04603580562659847 0.12727272727272726
0 0.3290707587382779 0.5028409090909091 0.04092071611253197 0.1215909090909091
0 0.03580562659846547 0.3073863636363636 0.03751065643648764 0.1125
0 0.56692242114237 0.49886363636363634 0.04603580562659847 0.125
0 0.35720375106564367 0.4369318181818182 0.04603580562659847 0.1215909090909091
0 0.4744245524296675 0.3778409090909091 0.043478260869565216 0.11022727272727273
0 0.09420289855072464 0.2767045454545455 0.03836317135549872 0.10113636363636364
0 0.06308610400682012 0.2840909090909091 0.03580562659846547 0.11136363636363636
0 0.17092924126172207 0.2028409090909091 0.029838022165387893 0.09204545454545454
0 0.578005115089514 0.2375 0.028985507246376812 0.11136363636363636
0 0.18840579710144928 0.3261363636363636 0.0392156862745098 0.11363636363636363
0 0.3388746803069054 0.26477272727272727 0.03495311167945439 0.10681818181818181
0 0.3653026427962489 0.26647727272727273 0.03324808184143223 0.1125
0 0.3989769820971867 0.26647727272727273 0.03751065643648764 0.10568181818181818
0 0.28388746803069054 0.38579545454545455 0.0392156862745098 0.10568181818181818
0 0.5076726342710998 0.38295454545454544 0.03836317135549872 0.11818181818181818
0 0.2531969309462916 0.15 0.028985507246376812 0.09318181818181819
0 0.47058823529411764 0.2897727272727273 0.03410059676044331 0.09772727272727273
0 0.35805626598465473 0.8539772727272728 0.04774083546462063 0.14886363636363636
0 0.4454390451832907 0.21363636363636362 0.03324808184143223 0.09772727272727273
0 0.26811594202898553 0.15681818181818183 0.028132992327365727 0.09772727272727273
0 0.21994884910485935 0.3392045454545455 0.0392156862745098 0.10340909090909091
0 0.3167092924126172 0.375 0.04859335038363171 0.1318181818181818
0 0.7365728900255755 0.3471590909090909 0.042625745950554135 0.11022727272727273
0 0.2028985507246377 0.19375 0.028985507246376812 0.08977272727272727
0 0.34441602728047743 0.20454545454545456 0.028985507246376812 0.08409090909090909
0 0.5264279624893435 0.7704545454545455 0.043478260869565216 0.1590909090909091
0 0.10997442455242967 0.9818181818181818 0.04092071611253197 0.03636363636363636
0 0.1555839727195226 0.9823863636363637 0.03836317135549872 0.035227272727272725
0 0.4863597612958227 0.7664772727272727 0.03836317135549872 0.14204545454545456
0 0.017476555839727195 0.6420454545454546 0.03324808184143223 0.09772727272727273
0 0.5277067348678602 0.7147727272727272 0.042625745950554135 0.12045454545454545
0 0.5579710144927537 0.7181818181818181 0.03495311167945439 0.12727272727272726
0 0.44884910485933505 0.275 0.03665814151747655 0.11136363636363636
0 0.7928388746803069 0.6193181818181818 0.0392156862745098 0.11818181818181818
