0 0.8218243819266837 0.9397727272727273 0.0392156862745098 0.1159090909090909
0 0.783461210571185 0.94375 0.057971014492753624 0.1125
0 0.1155157715260017 0.6659090909090909 0.045183290707587385 0.14772727272727273
0 0.14279624893435636 0.5380681818181818 0.04859335038363171 0.1375
0 0.16666666666666666 0.5034090909090909 0.04688832054560955 0.13863636363636364
0 0.21270247229326514 0.5051136363636364 0.05029838022165388 0.12840909090909092
0 0.0733162830349531 0.6244318181818181 0.04603580562659847 0.13295454545454546
0 0.587382779198636 0.8806818181818182 0.0494458653026428 0.1590909090909091
0 0.6014492753623188 0.8573863636363637 0.03495311167945439 0.14431818181818182
0 0.5473145780051151 0.6176136363636363 0.04603580562659847 0.1375
0 0.3431372549019608 0.44943181818181815 0.040068201193520885 0.12840909090909092
0 0.46334185848252346 0.5755681818181818 0.05711849957374254 0.14431818181818182
0 0.38277919863597615 0.5573863636363636 0.0392156862745098 0.13977272727272727
0 0.30818414322250637 0.25795454545454544 0.03324808184143223 0.10227272727272728
0 0.7787723785166241 0.29602272727272727 0.03324808184143223 0.10113636363636364
0 0.7463768115942029 0.2715909090909091 0.03324808184143223 0.11136363636363636
0 0.8043478260869565 0.2994318181818182 0.03665814151747655 0.10795454545454546
0 0.8320545609548167 0.47045454545454546 0.0443307757885763 0.12954545454545455
0 0.7958226768968457 0.48579545454545453 0.041773231031543054 0.10568181818181818
0 0.5699062233589087 0.2375 0.03154305200341006 0.10681818181818181
0 0.8175618073316283 0.5931818181818181 0.04092071611253197 0.13863636363636364
0 0.9688832054560955 0.9397727272727273 0.06223358908780904 0.1159090909090909
0 0.21355498721227623 0.7198863636363636 0.041773231031543054 0.13295454545454546
0 0.01577152600170503 0.9357954545454545 0.029838022165387893 0.12613636363636363
0 0.6926683716965046 0.8494318181818182 0.05200341005967604 0.13295454545454546
0 0.7233589087809037 0.8534090909090909 0.040068201193520885 0.14545454545454545
0 0.9049445865302643 0.9215909090909091 0.07075873827791987 0.15
0 0.7902813299232737 0.7335227272727273 0.0443307757885763 0.14886363636363636
0 0.6841432225063938 0.7977272727272727 0.040068201193520885 0.14545454545454545
0 0.7898550724637681 0.5965909090909091 0.040068201193520885 0.125
0 0.7472293265132139 0.48068181818181815 0.03665814151747655 0.13863636363636364
0 0.7693947144075022 0.47670454545454544 0.03324808184143223 0.12386363636363637
0 0.8350383631713555 0.11818181818181818 0.03324808184143223 0.09318181818181819
0 0.809462915601023 0.09659090909090909 0.028132992327365727 0.10227272727272728
0 0.34654731457800514 0.24943181818181817 0.03324808184143223 0.10568181818181818
0 0.33034953111679455 0.26420454545454547 0.041773231031543054 0.09659090909090909
0 0.15942028985507245 0.19204545454545455 0.030690537084398978 0.09772727272727273
0 0.20630861040068202 0.19715909090909092 0.027280477408354646 0.09886363636363636
0 0.22847399829497017 0.16818181818181818 0.028985507246376812 0.1
0 0.37084398976982097 0.2159090909090909 0.028985507246376812 0.10454545454545454
0 0.39215686274509803 0.225 0.027280477408354646 0.09090909090909091
0 0.46547314578005117 0.3840909090909091 0.04092071611253197 0.12272727272727273
0 0.4219948849104859 0.24204545454545454 0.03751065643648764 0.09772727272727273
0 0.4629156010230179 0.2431818181818182 0.03239556692242114 0.1
0 0.4718670076726343 0.2948863636363636 0.040068201193520885 0.11477272727272728
0 0.44075021312872975 0.22215909090909092 0.02557544757033248 0.07840909090909091
0 0.4722932651321398 0.2125 0.03239556692242114 0.10454545454545454
0 0.4676044330775789 0.1693181818181818 0.028132992327365727 0.09318181818181819
0 0.46334185848252346 0.14545454545454545 0.026427962489343565 0.09318181818181819
0 0.4215686274509804 0.16022727272727272 0.03154305200341006 0.09545454545454546
0 0.19011082693947143 0.12215909090909091 0.028985507246376812 0.09659090909090909
0 0.2531969309462916 0.16477272727272727 0.03239556692242114 0.10681818181818181
0 0.2753623188405797 0.17670454545454545 0.030690537084398978 0.10113636363636364
0 0.30605285592497866 0.17556818181818182 0.028985507246376812 0.09431818181818181
0 0.30647911338448425 0.1494318181818182 0.03836317135549872 0.09431818181818181
0 0.5136402387041773 0.16022727272727272 0.03495311167945439 0.11136363636363636
0 0.47144075021312876 0.12670454545454546 0.03410059676044331 0.10340909090909091
0 0.5017050298380221 0.11363636363636363 0.029838022165387893 0.09318181818181819
0 0.39940323955669227 0.14886363636363636 0.03154305200341006 0.1
0 0.4599317988064791 0.09204545454545454 0.029838022165387893 0.09318181818181819
0 0.4437340153452685 0.09943181818181818 0.021312872975277068 0.06704545454545455
0 0.32395566922421143 0.05965909090909091 0.028985507246376812 0.09659090909090909
0 0.5098039215686274 0.21818181818181817 0.03410059676044331 0.11363636363636363
0 0.07161125319693094 0.9801136363636364 0.0392156862745098 0.035227272727272725
0 0.4859335038363171 0.2767045454545455 0.03239556692242114 0.10113636363636364
0 0.1837169650468883 0.7301136363636364 0.040068201193520885 0.14431818181818182
0 0.6202046035805626 0.9698863636363636 0.05200341005967604 0.05568181818181818
0 0.01278772378516624 0.5278409090909091 0.023870417732310314 0.11704545454545455
0 0.736999147485081 0.7477272727272727 0.04688832054560955 0.1340909090909091
0 0.25788576300085253 0.7744318181818182 0.04688832054560955 0.14431818181818182
0 0.2971014492753623 0.7528409090909091 0.045183290707587385 0.14886363636363636
0 0.3631713554987212 0.7625 0.04603580562659847 0.14545454545454545
0 0.6751918158567775 0.9653409090909091 0.042625745950554135 0.06477272727272727
0 0.03410059676044331 0.30625 0.03580562659846547 0.10113636363636364
0 0.16410912190963342 0.865909090909091 0.04688832054560955 0.13863636363636364
0 0.3124467178175618 0.5784090909090909 0.05370843989769821 0.1409090909090909
0 0.06265984654731457 0.3028409090909091 0.03836317135549872 0.10568181818181818
0 0.03154305200341006 0.5193181818181818 0.03751065643648764 0.12045454545454545
0 0.1555839727195226 0.6585227272727273 0.040068201193520885 0.13295454545454546
0 0.05924978687127025 0.9681818181818181 0.03836317135549872 0.06363636363636363
0 0.1278772378516624 0.85 0.05115089514066496 0.16363636363636364
0 0.3512361466325661 0.21931818181818183 0.02557544757033248 0.09772727272727273
0 0.7263427109974424 0.5011363636363636 0.05285592497868713 0.12954545454545455
0 0.6977834612105712 0.2431818181818182 0.03324808184143223 0.10681818181818181
0 0.9241261722080136 0.025 0.028985507246376812 0.04772727272727273
0 0.9045183290707587 0.019886363636363636 0.027280477408354646 0.0375
0 0.86615515771526 0.021022727272727273 0.030690537084398978 0.03977272727272727
0 0.34612105711849955 0.014772727272727272 0.027280477408354646 0.02727272727272727
0 0.3670076726342711 0.019886363636363636 0.028132992327365727 0.0375
0 0.3674339300937766 0.0846590909090909 0.028985507246376812 0.09431818181818181
0 0.3857630008525149 0.020454545454545454 0.0247229326513214 0.038636363636363635
0 0.391304347826087 0.024431818181818183 0.027280477408354646 0.04659090909090909
0 0.4339300937766411 0.1409090909090909 0.03239556692242114 0.09318181818181819
0 0.4812446717817562 0.042045454545454546 0.029838022165387893 0.075
0 0.5080988917306053 0.042045454545454546 0.030690537084398978 0.08181818181818182
0 0.4194373401534527 0.026704545454545453 0.028985507246376812 0.05113636363636364
0 0.45012787723785164 0.028977272727272727 0.030690537084398978 0.05568181818181818
0 0.4816709292412617 0.08693181818181818 0.03239556692242114 0.0875
0 0.5588235294117647 0.03920454545454546 0.0247229326513214 0.07613636363636364
0 0.39940323955669227 0.08409090909090909 0.028132992327365727 0.08636363636363636
