0 0.023017902813299233 0.6590909090909091 0.0443307757885763 0.12727272727272726
0 0.7540494458653026 0.7517045454545455 0.041773231031543054 0.1375
0 0.06862745098039216 0.6215909090909091 0.03836317135549872 0.1318181818181818
0 0.020460358056265986 0.5857954545454546 0.0392156862745098 0.12386363636363637
0 0.6176470588235294 0.7534090909090909 0.058823529411764705 0.15227272727272728
0 0.21270247229326514 0.5261363636363636 0.04688832054560955 0.1318181818181818
0 0.170076726342711 0.41761363636363635 0.040068201193520885 0.12840909090909092
0 0.22719522591645352 0.39602272727272725 0.040068201193520885 0.13295454545454546
0 0.2693947144075021 0.4034090909090909 0.04603580562659847 0.12272727272727273
0 0.19820971867007672 0.4778409090909091 0.043478260869565216 0.1215909090909091
0 0.4599317988064791 0.6704545454545454 0.040068201193520885 0.15
0 0.4778346121057119 0.6477272727272727 0.045183290707587385 0.13863636363636364
0 0.5247229326513214 0.47045454545454546 0.04688832054560955 0.12045454545454545
0 0.34612105711849955 0.34147727272727274 0.0392156862745098 0.11477272727272728
0 0.4411764705882353 0.41306818181818183 0.04688832054560955 0.13522727272727272
0 0.39940323955669227 0.4034090909090909 0.03495311167945439 0.1318181818181818
0 0.29624893435635125 0.1846590909090909 0.028132992327365727 0.09204545454545454
0 0.8448422847399829 0.225 0.03239556692242114 0.09318181818181819
0 0.8077578857630009 0.21136363636363636 0.03324808184143223 0.10227272727272728
0 0.8725490196078431 0.23977272727272728 0.03495311167945439 0.10227272727272728
0 0.8171355498721228 0.3795454545454545 0.04688832054560955 0.12045454545454545
0 0.7872975277067349 0.3875 0.03495311167945439 0.09772727272727273
0 0.577152600170503 0.16647727272727272 0.027280477408354646 0.09659090909090909
0 0.8154305200341005 0.475 0.040068201193520885 0.12272727272727273
0 0.8456947996589941 0.71875 0.05115089514066496 0.14431818181818182
0 0.6040068201193521 0.9323863636363636 0.045183290707587385 0.13295454545454546
0 0.0741687979539642 0.6755681818181818 0.05115089514066496 0.13068181818181818
0 0.2855924978687127 0.56875 0.03410059676044331 0.1215909090909091
0 0.8883205456095482 0.9375 0.0443307757885763 0.125
0 0.6402387041773231 0.9210227272727273 0.05285592497868713 0.1534090909090909
0 0.21781756180733164 0.7664772727272727 0.04688832054560955 0.14431818181818182
0 0.7088661551577152 0.6693181818181818 0.043478260869565216 0.12272727272727273
0 0.7284739982949702 0.6857954545454545 0.03665814151747655 0.13295454545454546
0 0.8056265984654731 0.7079545454545455 0.05285592497868713 0.15454545454545454
0 0.8022165387894288 0.5931818181818181 0.04092071611253197 0.13636363636363635
0 0.7745098039215687 0.6176136363636363 0.03495311167945439 0.1215909090909091
0 0.7868712702472294 0.4738636363636364 0.04092071611253197 0.1159090909090909
0 0.7212276214833759 0.37613636363636366 0.03239556692242114 0.1159090909090909
0 0.7519181585677749 0.38181818181818183 0.03239556692242114 0.11136363636363636
0 0.8303495311167945 0.06931818181818182 0.028985507246376812 0.08863636363636364
0 0.8226768968456948 0.06079545454545455 0.028985507246376812 0.09431818181818181
0 0.3431372549019608 0.1846590909090909 0.029838022165387893 0.10568181818181818
0 0.3209718670076726 0.19545454545454546 0.03324808184143223 0.08863636363636364
0 0.20886615515771526 0.13011363636363638 0.028985507246376812 0.09204545454545454
0 0.23572037510656438 0.1340909090909091 0.028132992327365727 0.09772727272727273
0 0.23785166240409208 0.10568181818181818 0.02557544757033248 0.09318181818181819
0 0.3934356351236147 0.15511363636363637 0.026427962489343565 0.10340909090909091
0 0.4113384484228474 0.16079545454545455 0.026427962489343565 0.08295454545454546
0 0.4782608695652174 0.2528409090909091 0.0392156862745098 0.11022727272727273
0 0.4322250639386189 0.17897727272727273 0.03410059676044331 0.09431818181818181
0 0.46504688832054564 0.1784090909090909 0.03154305200341006 0.08636363636363636
0 0.4961636828644501 0.20852272727272728 0.0392156862745098 0.09886363636363636
0 0.4403239556692242 0.15568181818181817 0.023017902813299233 0.07045454545454545
0 0.4492753623188406 0.13522727272727272 0.027280477408354646 0.09772727272727273
0 0.484228473998295 0.10795454545454546 0.028985507246376812 0.09318181818181819
0 0.4803921568627451 0.09204545454545454 0.0247229326513214 0.09318181818181819
0 0.45694799658994034 0.10170454545454545 0.03239556692242114 0.09204545454545454
0 0.22932651321398123 0.07840909090909091 0.028985507246376812 0.09318181818181819
0 0.2668371696504689 0.10227272727272728 0.030690537084398978 0.09772727272727273
0 0.27578857630008524 0.11988636363636364 0.03154305200341006 0.09204545454545454
0 0.31628303495311166 0.11988636363636364 0.028985507246376812 0.08295454545454546
0 0.28815004262574595 0.11136363636363636 0.028985507246376812 0.09090909090909091
0 0.3329070758738278 0.1 0.03154305200341006 0.09090909090909091
0 0.526001705029838 0.09488636363636363 0.027280477408354646 0.09204545454545454
0 0.49914748508098894 0.06988636363636364 0.03154305200341006 0.09659090909090909
0 0.5447570332480819 0.06761363636363636 0.030690537084398978 0.08977272727272727
0 0.4352088661551577 0.09090909090909091 0.03154305200341006 0.09090909090909091
0 0.473998294970162 0.042045454545454546 0.023870417732310314 0.0659090909090909
0 0.4514066496163683 0.044886363636363634 0.028132992327365727 0.08295454545454546
0 0.4381926683716965 0.055113636363636365 0.02216538789428815 0.06704545454545455
0 0.30988917306052854 0.033522727272727273 0.026427962489343565 0.06477272727272727
0 0.5451832907075874 0.1340909090909091 0.03495311167945439 0.10454545454545454
0 0.1402387041773231 0.9676136363636364 0.04688832054560955 0.06477272727272727
0 0.5174765558397272 0.19147727272727272 0.030690537084398978 0.08068181818181819
0 0.32395566922421143 0.9806818181818182 0.03410059676044331 0.038636363636363635
0 0.25788576300085253 0.5704545454545454 0.03324808184143223 0.12045454545454545
0 0.7259164535379369 0.9363636363636364 0.05200341005967604 0.12045454545454545
0 0.5281329923273658 0.8426136363636364 0.04859335038363171 0.16022727272727272
0 0.035379369138959935 0.4329545454545455 0.043478260869565216 0.1159090909090909
0 0.7595907928388747 0.5954545454545455 0.03751065643648764 0.1318181818181818
0 0.0034100596760443308 0.8994318181818182 0.005115089514066497 0.1375
0 0.2510656436487639 0.6261363636363636 0.040068201193520885 0.1318181818181818
0 0.2898550724637681 0.6210227272727272 0.03580562659846547 0.14431818181818182
0 0.37809036658141515 0.6210227272727272 0.041773231031543054 0.13522727272727272
0 0.5699062233589087 0.8375 0.041773231031543054 0.16136363636363638
0 0.049872122762148335 0.29715909090909093 0.03836317135549872 0.11022727272727273
0 0.2864450127877238 0.7011363636363637 0.0443307757885763 0.13863636363636364
0 0.35805626598465473 0.48011363636363635 0.05285592497868713 0.13068181818181818
0 0.07715260017050299 0.29829545454545453 0.03154305200341006 0.10568181818181818
0 0.018329070758738276 0.9215909090909091 0.03495311167945439 0.13863636363636364
0 0.9569479965899403 0.9363636363636364 0.058823529411764705 0.12272727272727273
0 0.07757885763000852 0.4335227272727273 0.03580562659846547 0.11704545454545455
0 0.25618073316283035 0.5409090909090909 0.03836317135549872 0.1318181818181818
0 0.17860187553282184 0.9590909090909091 0.040068201193520885 0.08181818181818182
0 0.24850809889173062 0.6852272727272727 0.045183290707587385 0.1590909090909091
0 0.3729752770673487 0.15795454545454546 0.0247229326513214 0.08863636363636364
0 0.6952259164535379 0.3573863636363636 0.041773231031543054 0.1125
0 0.36658141517476556 0.03579545454545455 0.027280477408354646 0.06931818181818182
0 0.453537936913896 0.08068181818181819 0.02557544757033248 0.08409090909090909
0 0.49658994032395565 0.04147727272727273 0.028132992327365727 0.06931818181818182
0 0.39727195225916456 0.0375 0.027280477408354646 0.07272727272727272
