0 0.8080729166666667 0.7018518518518518 0.07552083333333333 0.2388888888888889
0 0.27838541666666666 0.6078703703703704 0.049479166666666664 0.21944444444444444
0 0.8408854166666667 0.5597222222222222 0.0609375 0.21203703703703702
0 0.5598958333333334 0.5314814814814814 0.052083333333333336 0.21481481481481482
0 0.5002604166666667 0.5416666666666666 0.04739583333333333 0.22037037037037038
0 0.23854166666666668 0.5421296296296296 0.04375 0.20092592592592592
0 0.7471354166666667 0.6162037037037037 0.05364583333333333 0.24351851851851852
0 0.5786458333333333 0.3787037037037037 0.030208333333333334 0.15185185185185185
0 0.5299479166666666 0.38333333333333336 0.033854166666666664 0.14629629629629629
0 0.8013020833333333 0.3597222222222222 0.0296875 0.15462962962962962
0 0.49114583333333334 0.4134259259259259 0.035416666666666666 0.15648148148148147
0 0.17682291666666666 0.5699074074074074 0.050520833333333334 0.2175925925925926
0 0.40260416666666665 0.3490740740740741 0.03125 0.14074074074074075
0 0.37057291666666664 0.3388888888888889 0.033854166666666664 0.14074074074074075
0 0.31197916666666664 0.3680555555555556 0.0375 0.14907407407407408
0 0.4278645833333333 0.3236111111111111 0.03177083333333333 0.13240740740740742
0 0.4401041666666667 0.27870370370370373 0.03125 0.11481481481481481
0 0.4114583333333333 0.2833333333333333 0.03125 0.12407407407407407
0 0.371875 0.2773148148148148 0.027083333333333334 0.12685185185185185
0 0.6088541666666667 0.6532407407407408 0.04583333333333333 0.2861111111111111
0 0.5286458333333334 0.6416666666666667 0.053125 0.2574074074074074
0 0.5643229166666667 0.7666666666666667 0.0671875 0.26851851851851855
0 0.5078125 0.7657407407407407 0.06979166666666667 0.3
0 0.09583333333333334 0.562962962962963 0.04479166666666667 0.1962962962962963
0 0.35260416666666666 0.42685185185185187 0.035416666666666666 0.16296296296296298
0 0.66171875 0.5333333333333333 0.049479166666666664 0.2222222222222222
0 0.7640625 0.46111111111111114 0.034375 0.20185185185185187
0 0.59765625 0.462037037037037 0.04114583333333333 0.17962962962962964
0 0.7940104166666667 0.4532407407407407 0.04635416666666667 0.19907407407407407
0 0.17864583333333334 0.7921296296296296 0.0625 0.3453703703703704
0 0.2682291666666667 0.45555555555555555 0.040625 0.1685185185185185
0 0.34270833333333334 0.8587962962962963 0.06666666666666667 0.2824074074074074
0 0.77890625 0.5032407407407408 0.0484375 0.20462962962962963
