0 0.12361466325660699 0.8943181818181818 0.042625745950554135 0.1409090909090909
0 0.9173060528559249 0.2948863636363636 0.03410059676044331 0.09431818181818181
0 0.7864450127877238 0.6801136363636363 0.045183290707587385 0.13295454545454546
0 0.1926683716965047 0.44943181818181815 0.042625745950554135 0.11022727272727273
0 0.1939471440750213 0.4113636363636364 0.03324808184143223 0.10681818181818181
0 0.10315430520034101 0.3886363636363636 0.03580562659846547 0.11136363636363636
0 0.0741687979539642 0.3835227272727273 0.04092071611253197 0.11022727272727273
0 0.5468883205456095 0.4875 0.041773231031543054 0.125
0 0.30988917306052854 0.35 0.03324808184143223 0.11136363636363636
0 0.0443307757885763 0.26931818181818185 0.03580562659846547 0.09318181818181819
0 0.09164535379369139 0.26420454545454547 0.03324808184143223 0.10568181818181818
0 0.25618073316283035 0.2755681818181818 0.03324808184143223 0.11477272727272728
0 0.3034953111679454 0.26647727272727273 0.03751065643648764 0.11022727272727273
0 0.34654731457800514 0.26988636363636365 0.03665814151747655 0.10113636363636364
0 0.3554987212276215 0.3034090909090909 0.03580562659846547 0.09772727272727273
0 0.45652173913043476 0.3926136363636364 0.03324808184143223 0.12386363636363637
0 0.49232736572890023 0.38636363636363635 0.03324808184143223 0.1159090909090909
0 0.5017050298380221 0.2840909090909091 0.03665814151747655 0.10227272727272728
0 0.3124467178175618 0.20909090909090908 0.029838022165387893 0.09772727272727273
0 0.45225916453537934 0.21363636363636362 0.03324808184143223 0.11136363636363636
0 0.4075021312872975 0.21477272727272728 0.027280477408354646 0.10227272727272728
0 0.2898550724637681 0.09090909090909091 0.028985507246376812 0.08409090909090909
0 0.8235294117647058 0.13295454545454546 0.027280477408354646 0.08409090909090909
0 0.7996589940323956 0.12954545454545455 0.03239556692242114 0.09318181818181819
0 0.8452685421994884 0.14375 0.028132992327365727 0.09659090909090909
0 0.8495311167945439 0.2625 0.03324808184143223 0.10227272727272728
0 0.8205456095481671 0.2715909090909091 0.03324808184143223 0.08863636363636364
0 0.5618073316283035 0.09431818181818181 0.03580562659846547 0.10454545454545454
0 0.829070758738278 0.3181818181818182 0.028132992327365727 0.10227272727272728
0 0.7996589940323956 0.4460227272727273 0.04603580562659847 0.11931818181818182
0 0.8486786018755328 0.8085227272727272 0.05370843989769821 0.14886363636363636
0 0.9254049445865302 0.8028409090909091 0.04688832054560955 0.15568181818181817
0 0.8128729752770674 0.8664772727272727 0.04859335038363171 0.13295454545454546
0 0.7557544757033248 0.8772727272727273 0.045183290707587385 0.13863636363636364
0 0.08482523444160273 0.9051136363636364 0.03836317135549872 0.10113636363636364
0 0.49701619778346123 0.6698863636363637 0.042625745950554135 0.1375
0 0.2195225916453538 0.44488636363636364 0.03836317135549872 0.11931818181818182
0 0.38405797101449274 0.3795454545454545 0.03324808184143223 0.11136363636363636
0 0.8005115089514067 0.6051136363636364 0.042625745950554135 0.13522727272727272
0 0.5234441602728048 0.6545454545454545 0.04603580562659847 0.1318181818181818
0 0.4718670076726343 0.49772727272727274 0.03836317135549872 0.12045454545454545
0 0.716538789428815 0.4681818181818182 0.03324808184143223 0.11136363636363636
0 0.7506393861892583 0.4625 0.029838022165387893 0.09772727272727273
0 0.7634271099744245 0.42727272727272725 0.03324808184143223 0.1318181818181818
0 0.7075873827791986 0.39943181818181817 0.03751065643648764 0.1125
0 0.7945439045183291 0.48863636363636365 0.0392156862745098 0.12045454545454545
0 0.8090366581415175 0.32045454545454544 0.028985507246376812 0.09772727272727273
0 0.7787723785166241 0.26022727272727275 0.03324808184143223 0.10681818181818181
0 0.8009377664109122 0.26704545454545453 0.029838022165387893 0.09545454545454546
0 0.9138959931798807 0.04772727272727273 0.028985507246376812 0.08863636363636364
0 0.8857630008525149 0.05113636363636364 0.028985507246376812 0.08863636363636364
0 0.32310315430520037 0.08863636363636364 0.023870417732310314 0.08863636363636364
0 0.3090366581415175 0.09886363636363636 0.0247229326513214 0.08409090909090909
0 0.2612958226768968 0.04147727272727273 0.023017902813299233 0.08068181818181819
0 0.2864450127877238 0.042045454545454546 0.023870417732310314 0.07727272727272727
0 0.3895993179880648 0.07272727272727272 0.02557544757033248 0.09318181818181819
0 0.4075021312872975 0.07443181818181818 0.02557544757033248 0.07613636363636364
0 0.3878942881500426 0.10227272727272728 0.02557544757033248 0.09772727272727273
0 0.42114236999147486 0.10454545454545454 0.02557544757033248 0.08409090909090909
0 0.46121057118499575 0.10738636363636364 0.03239556692242114 0.0875
0 0.5196078431372549 0.10340909090909091 0.028132992327365727 0.09772727272727273
0 0.47911338448422847 0.09431818181818181 0.02557544757033248 0.07272727272727272
0 0.43052003410059675 0.04147727272727273 0.028985507246376812 0.07613636363636364
0 0.453537936913896 0.035227272727272725 0.023870417732310314 0.06818181818181818
0 0.4919011082693947 0.026704545454545453 0.023870417732310314 0.05113636363636364
0 0.3145780051150895 0.03238636363636364 0.02557544757033248 0.0625
0 0.33034953111679455 0.035227272727272725 0.0247229326513214 0.06818181818181818
0 0.34441602728047743 0.04147727272727273 0.023870417732310314 0.07386363636363637
0 0.36061381074168797 0.022727272727272728 0.020460358056265986 0.04318181818181818
0 0.3878942881500426 0.03806818181818182 0.027280477408354646 0.07386363636363637
0 0.5703324808184144 0.035227272727272725 0.02557544757033248 0.06818181818181818
0 0.10272804774083547 0.9840909090909091 0.04688832054560955 0.031818181818181815
0 0.5080988917306053 0.08352272727272728 0.028985507246376812 0.07386363636363637
0 0.3734015345268542 0.04318181818181818 0.023870417732310314 0.06136363636363636
0 0.35038363171355497 0.3789772727272727 0.03751065643648764 0.11022727272727273
0 0.5831202046035806 0.7585227272727273 0.05285592497868713 0.14204545454545456
0 0.4774083546462063 0.7926136363636364 0.05115089514066496 0.13522727272727272
0 0.5285592497868713 0.69375 0.04603580562659847 0.13977272727272727
0 0.597612958226769 0.8096590909090909 0.05115089514066496 0.13522727272727272
0 0.525149190110827 0.8045454545454546 0.05115089514066496 0.1590909090909091
0 0.5635123614663257 0.8278409090909091 0.04092071611253197 0.09659090909090909
0 0.29965899403239554 0.7875 0.04859335038363171 0.1590909090909091
0 0.3358908780903666 0.7931818181818182 0.0494458653026428 0.14545454545454545
0 0.6265984654731458 0.7954545454545454 0.05115089514066496 0.1590909090909091
0 0.3205456095481671 0.7130681818181818 0.04603580562659847 0.1215909090909091
0 0.4578005115089514 0.5960227272727273 0.04603580562659847 0.13522727272727272
0 0.017902813299232736 0.4375 0.03410059676044331 0.125
0 0.09676044330775789 0.31136363636363634 0.03665814151747655 0.09318181818181819
0 0.08098891730605286 0.5897727272727272 0.04603580562659847 0.1318181818181818
0 0.2830349531116795 0.4284090909090909 0.03751065643648764 0.1159090909090909
0 0.32225063938618925 0.4284090909090909 0.028985507246376812 0.12045454545454545
0 0.355924978687127 0.4340909090909091 0.03324808184143223 0.11136363636363636
0 0.1184995737425405 0.6863636363636364 0.0443307757885763 0.125
0 0.49445865302642794 0.5920454545454545 0.03751065643648764 0.125
0 0.16837169650468883 0.23806818181818182 0.03324808184143223 0.10113636363636364
0 0.4036658141517477 0.47613636363636364 0.03836317135549872 0.11136363636363636
0 0.4011082693947144 0.34261363636363634 0.03665814151747655 0.10113636363636364
0 0.19522591645353793 0.24659090909090908 0.028985507246376812 0.10227272727272728
0 0.1184995737425405 0.6045454545454545 0.0392156862745098 0.12045454545454545
0 0.1628303495311168 0.6875 0.04774083546462063 0.15454545454545454
0 0.8486786018755328 0.6130681818181818 0.04859335038363171 0.13068181818181818
0 0.13427109974424553 0.3079545454545455 0.03154305200341006 0.09772727272727273
0 0.3422847399829497 0.36022727272727273 0.03154305200341006 0.11136363636363636
0 0.16751918158567775 0.9789772727272728 0.03495311167945439 0.04431818181818182
0 0.6551577152600171 0.9795454545454545 0.045183290707587385 0.04318181818181818
0 0.6994884910485933 0.9795454545454545 0.03324808184143223 0.04318181818181818
0 0.38277919863597615 0.46704545454545454 0.03751065643648764 0.1340909090909091
0 0.3589087809036658 0.07045454545454545 0.020460358056265986 0.07727272727272727
0 0.876385336743393 0.9414772727272728 0.04092071611253197 0.11022727272727273
