0 0.38567708333333334 0.8888888888888888 0.0859375 0.22407407407407406
0 0.3098958333333333 0.8949074074074074 0.06979166666666667 0.20833333333333334
0 0.15052083333333333 0.937962962962963 0.0625 0.1259259259259259
0 0.057291666666666664 0.899074074074074 0.07083333333333333 0.20185185185185187
0 0.1078125 0.8800925925925925 0.084375 0.24166666666666667
0 0.19296875 0.8550925925925926 0.050520833333333334 0.2712962962962963
0 0.24427083333333333 0.8472222222222222 0.05520833333333333 0.3074074074074074
0 0.3421875 0.8495370370370371 0.06458333333333334 0.275
0 0.13854166666666667 0.7388888888888889 0.06354166666666666 0.2611111111111111
0 0.19947916666666668 0.6731481481481482 0.059375 0.23333333333333334
0 0.2734375 0.7296296296296296 0.06041666666666667 0.2611111111111111
0 0.3494791666666667 0.7953703703703704 0.06875 0.28888888888888886
0 0.49244791666666665 0.7217592592592592 0.05364583333333333 0.2601851851851852
0 0.31223958333333335 0.575 0.0515625 0.22777777777777777
0 0.3729166666666667 0.575462962962963 0.05 0.225
0 0.8921875 0.4685185185185185 0.059375 0.21481481481481482
0 0.8049479166666667 0.45601851851851855 0.04010416666666667 0.18981481481481483
0 0.75703125 0.4703703703703704 0.05572916666666667 0.18888888888888888
0 0.69453125 0.487962962962963 0.0359375 0.17962962962962964
0 0.6111979166666667 0.4699074074074074 0.044270833333333336 0.2101851851851852
0 0.19427083333333334 0.4185185185185185 0.03333333333333333 0.1537037037037037
0 0.2671875 0.4740740740740741 0.034375 0.15
0 0.28541666666666665 0.475 0.04583333333333333 0.21666666666666667
0 0.33229166666666665 0.49907407407407406 0.04583333333333333 0.21296296296296297
0 0.3888020833333333 0.5268518518518519 0.0453125 0.1962962962962963
0 0.51875 0.5337962962962963 0.046875 0.21574074074074073
0 0.34140625 0.40925925925925927 0.03802083333333333 0.15185185185185185
0 0.3723958333333333 0.4027777777777778 0.0375 0.1648148148148148
0 0.4453125 0.48194444444444445 0.041666666666666664 0.1935185185185185
0 0.6549479166666666 0.5217592592592593 0.0546875 0.20092592592592592
0 0.71328125 0.5611111111111111 0.0484375 0.1648148148148148
0 0.5604166666666667 0.46435185185185185 0.041666666666666664 0.175
0 0.5364583333333334 0.4824074074074074 0.0375 0.17962962962962964
0 0.5260416666666666 0.4634259259259259 0.041666666666666664 0.18796296296296297
0 0.478125 0.4305555555555556 0.0375 0.17962962962962964
0 0.30859375 0.36435185185185187 0.0390625 0.15833333333333333
0 0.3653645833333333 0.3773148148148148 0.04010416666666667 0.16203703703703703
0 0.3528645833333333 0.3541666666666667 0.034895833333333334 0.14166666666666666
0 0.425 0.41064814814814815 0.035416666666666666 0.1675925925925926
0 0.44583333333333336 0.3560185185185185 0.03854166666666667 0.14351851851851852
0 0.32916666666666666 0.2962962962962963 0.028125 0.13518518518518519
0 0.5578125 0.4388888888888889 0.034375 0.1814814814814815
0 0.4317708333333333 0.33935185185185185 0.027083333333333334 0.13240740740740742
0 0.40729166666666666 0.3060185185185185 0.029166666666666667 0.13240740740740742
0 0.3796875 0.34814814814814815 0.03229166666666667 0.15185185185185185
0 0.5455729166666666 0.4060185185185185 0.0359375 0.18611111111111112
0 0.5255208333333333 0.37222222222222223 0.034375 0.16111111111111112
0 0.5484375 0.3486111111111111 0.03229166666666667 0.14537037037037037
0 0.4875 0.337037037037037 0.029166666666666667 0.1388888888888889
0 0.5109375 0.3453703703703704 0.03333333333333333 0.1425925925925926
0 0.46796875 0.300462962962963 0.0234375 0.13240740740740742
0 0.41744791666666664 0.25324074074074077 0.027604166666666666 0.12129629629629629
0 0.5481770833333334 0.32685185185185184 0.03177083333333333 0.1537037037037037
0 0.5684895833333333 0.3351851851851852 0.033854166666666664 0.16111111111111112
0 0.5432291666666667 0.25555555555555554 0.026041666666666668 0.11666666666666667
0 0.49192708333333335 0.23796296296296296 0.0234375 0.1111111111111111
0 0.3567708333333333 0.24444444444444444 0.026041666666666668 0.11481481481481481
0 0.3807291666666667 0.2611111111111111 0.029166666666666667 0.12407407407407407
0 0.47161458333333334 0.24259259259259258 0.0296875 0.11666666666666667
0 0.3346354166666667 0.24537037037037038 0.022395833333333334 0.11296296296296296
0 0.4359375 0.26944444444444443 0.023958333333333335 0.10185185185185185
0 0.43020833333333336 0.29398148148148145 0.028125 0.11203703703703703
0 0.43125 0.24537037037037038 0.025 0.10925925925925926
0 0.3640625 0.25 0.023958333333333335 0.10740740740740741
0 0.5380208333333333 0.2712962962962963 0.021875 0.1037037037037037
0 0.45859375 0.2657407407407407 0.025520833333333333 0.08703703703703704
0 0.453125 0.45185185185185184 0.03854166666666667 0.17037037037037037
0 0.6020833333333333 0.34074074074074073 0.03229166666666667 0.13703703703703704
0 0.77890625 0.35185185185185186 0.030729166666666665 0.1685185185185185
0 0.3815104166666667 0.2902777777777778 0.030729166666666665 0.125
0 0.5755208333333334 0.43703703703703706 0.03125 0.15925925925925927
