0 0.7519181585677749 0.48125 0.042625745950554135 0.11477272727272728
0 0.12745098039215685 0.14375 0.03495311167945439 0.09431818181818181
0 0.5728900255754475 0.4784090909090909 0.042625745950554135 0.11818181818181818
0 0.05413469735720375 0.14204545454545456 0.03154305200341006 0.1
0 0.08951406649616368 0.3375 0.05115089514066496 0.10681818181818181
0 0.5277067348678602 0.19261363636363638 0.023870417732310314 0.0875
0 0.3358908780903666 0.16988636363636364 0.03239556692242114 0.0875
0 0.5170502983802217 0.1784090909090909 0.03154305200341006 0.08409090909090909
0 0.309462915601023 0.16079545454545455 0.028985507246376812 0.08068181818181819
0 0.289002557544757 0.14375 0.028985507246376812 0.0875
0 0.26427962489343565 0.14261363636363636 0.03239556692242114 0.09431818181818181
0 0.4803921568627451 0.17954545454545454 0.03154305200341006 0.1
0 0.3235294117647059 0.13352272727272727 0.03154305200341006 0.09431818181818181
0 0.22719522591645352 0.07386363636363637 0.03154305200341006 0.08409090909090909
0 0.27195225916453536 0.07613636363636364 0.028985507246376812 0.07045454545454545
0 0.2911338448422847 0.0625 0.03324808184143223 0.08863636363636364
0 0.3422847399829497 0.06931818181818182 0.028132992327365727 0.08409090909090909
0 0.37681159420289856 0.07329545454545454 0.030690537084398978 0.0875
0 0.40664961636828645 0.07897727272727273 0.03239556692242114 0.0875
0 0.4317988064791134 0.05568181818181818 0.029838022165387893 0.08636363636363636
0 0.4884910485933504 0.10909090909090909 0.03239556692242114 0.08409090909090909
0 0.5123614663256607 0.09943181818181818 0.03239556692242114 0.08068181818181819
0 0.489769820971867 0.0625 0.029838022165387893 0.08409090909090909
0 0.36231884057971014 0.03068181818181818 0.028985507246376812 0.05909090909090909
0 0.9859335038363172 0.053409090909090906 0.028132992327365727 0.07272727272727272
0 0.9573742540494459 0.06647727272727273 0.03580562659846547 0.0875
0 0.9104859335038363 0.030113636363636363 0.03239556692242114 0.05795454545454545
0 0.8350383631713555 0.09602272727272727 0.03495311167945439 0.10113636363636364
0 0.30605285592497866 0.03579545454545455 0.028985507246376812 0.06704545454545455
0 0.29028132992327366 0.04261363636363636 0.028132992327365727 0.0715909090909091
0 0.684995737425405 0.3380681818181818 0.03324808184143223 0.10795454545454546
0 0.7348678601875532 0.32840909090909093 0.0443307757885763 0.10681818181818181
0 0.7647058823529411 0.43920454545454546 0.03751065643648764 0.10568181818181818
0 0.6973572037510657 0.45 0.03751065643648764 0.10227272727272728
0 0.5430520034100597 0.4909090909090909 0.028985507246376812 0.07954545454545454
0 0.37809036658141515 0.17272727272727273 0.03324808184143223 0.09090909090909091
0 0.17561807331628304 0.5840909090909091 0.04603580562659847 0.1318181818181818
0 0.947996589940324 0.9528409090909091 0.0443307757885763 0.09431818181818181
0 0.9663256606990622 0.9710227272727273 0.041773231031543054 0.060227272727272727
0 0.526001705029838 0.4056818181818182 0.04092071611253197 0.10681818181818181
0 0.3797953964194373 0.4113636363636364 0.03836317135549872 0.11136363636363636
0 0.4019607843137255 0.3659090909090909 0.03836317135549872 0.11136363636363636
0 0.5554134697357204 0.39943181818181817 0.03495311167945439 0.10795454545454546
0 0.4215686274509804 0.4244318181818182 0.04688832054560955 0.11704545454545455
0 0.4514066496163683 0.44375 0.0247229326513214 0.0715909090909091
0 0.1636828644501279 0.45 0.042625745950554135 0.11818181818181818
0 0.30008525149190113 0.3875 0.03410059676044331 0.1159090909090909
0 0.33631713554987214 0.39147727272727273 0.03324808184143223 0.10795454545454546
0 0.08738277919863598 0.23522727272727273 0.028132992327365727 0.09772727272727273
0 0.5144927536231884 0.38522727272727275 0.03324808184143223 0.125
0 0.37809036658141515 0.3306818181818182 0.03836317135549872 0.11136363636363636
0 0.4761295822676897 0.30113636363636365 0.03324808184143223 0.10681818181818181
0 0.014919011082693947 0.21079545454545454 0.028132992327365727 0.10113636363636364
0 0.1453537936913896 0.20852272727272728 0.03324808184143223 0.09886363636363636
0 0.11594202898550725 0.2125 0.028985507246376812 0.10227272727272728
0 0.21099744245524296 0.1409090909090909 0.03154305200341006 0.08636363636363636
0 0.5622335890878091 0.17386363636363636 0.03154305200341006 0.09772727272727273
0 0.23827791986359761 0.22670454545454546 0.03665814151747655 0.11022727272727273
0 0.3512361466325661 0.19261363636363638 0.03580562659846547 0.10113636363636364
0 0.3755328218243819 0.19261363636363638 0.03154305200341006 0.10340909090909091
0 0.4143222506393862 0.19375 0.03580562659846547 0.09659090909090909
0 0.3525149190110827 0.26704545454545453 0.03665814151747655 0.09318181818181819
0 0.5063938618925832 0.29715909090909093 0.028985507246376812 0.11022727272727273
0 0.2894288150042626 0.10113636363636364 0.028132992327365727 0.07727272727272727
0 0.48678601875532823 0.2034090909090909 0.03239556692242114 0.09090909090909091
0 0.38405797101449274 0.6960227272727273 0.04688832054560955 0.1375
0 0.4518329070758738 0.15113636363636362 0.03580562659846547 0.09090909090909091
0 0.3052003410059676 0.11022727272727273 0.028985507246376812 0.08409090909090909
0 0.2710997442455243 0.23522727272727273 0.028985507246376812 0.08863636363636364
0 0.37809036658141515 0.2556818181818182 0.03324808184143223 0.11136363636363636
0 0.6918158567774936 0.24545454545454545 0.041773231031543054 0.09772727272727273
0 0.2412617220801364 0.1409090909090909 0.030690537084398978 0.08409090909090909
0 0.3537936913895993 0.14147727272727273 0.03239556692242114 0.0875
0 0.4859335038363171 0.6272727272727273 0.0443307757885763 0.13636363636363635
0 0.7446717817561808 0.9727272727272728 0.045183290707587385 0.056818181818181816
0 0.11253196930946291 0.9829545454545454 0.03580562659846547 0.03636363636363636
0 0.16112531969309463 0.9806818181818182 0.04092071611253197 0.04090909090909091
0 0.551150895140665 0.9619318181818182 0.03836317135549872 0.07840909090909091
0 0.8167092924126172 0.8488636363636364 0.0494458653026428 0.14545454545454545
0 0.5370843989769821 0.9727272727272728 0.0392156862745098 0.056818181818181816
0 0.33844842284739984 0.8539772727272728 0.05115089514066496 0.15113636363636362
0 0.8231031543052003 0.9482954545454545 0.05541346973572037 0.10568181818181818
0 0.5038363171355499 0.9517045454545454 0.04603580562659847 0.09886363636363636
0 0.0959079283887468 0.8852272727272728 0.05541346973572037 0.1590909090909091
0 0.4437340153452685 0.63125 0.03495311167945439 0.13068181818181818
0 0.07203751065643649 0.5295454545454545 0.026427962489343565 0.09545454545454546
0 0.46888320545609546 0.5903409090909091 0.0392156862745098 0.12386363636363637
0 0.5127877237851662 0.5869318181818182 0.03665814151747655 0.11931818181818182
0 0.46462063086104005 0.19545454545454546 0.03580562659846547 0.09090909090909091
0 0.032821824381926684 0.5022727272727273 0.03665814151747655 0.11818181818181818
0 0.05285592497868713 0.5301136363636364 0.02557544757033248 0.07840909090909091
0 0.8154305200341005 0.49261363636363636 0.03495311167945439 0.11477272727272728
