0 0.40729166666666666 0.24074074074074073 0.034375 0.1259259259259259
0 0.3859375 0.2523148148148148 0.030208333333333334 0.1287037037037037
0 0.5611979166666666 0.44027777777777777 0.04010416666666667 0.18425925925925926
0 0.43984375 0.26851851851851855 0.025520833333333333 0.12407407407407407
0 0.43854166666666666 0.36018518518518516 0.036458333333333336 0.16296296296296298
0 0.40572916666666664 0.3476851851851852 0.03229166666666667 0.1675925925925926
0 0.11223958333333334 0.5291666666666667 0.04010416666666667 0.19537037037037036
0 0.559375 0.3074074074074074 0.030208333333333334 0.14074074074074075
0 0.39453125 0.3574074074074074 0.0296875 0.17222222222222222
0 0.03203125 0.95 0.06302083333333333 0.10185185185185185
0 0.30833333333333335 0.924074074074074 0.06145833333333333 0.1537037037037037
0 0.23489583333333333 0.5060185185185185 0.06666666666666667 0.21574074074074073
0 0.19791666666666666 0.7870370370370371 0.0625 0.2722222222222222
0 0.2630208333333333 0.6694444444444444 0.0625 0.24814814814814815
0 0.3255208333333333 0.6564814814814814 0.051041666666666666 0.22962962962962963
0 0.3484375 0.725925925925926 0.051041666666666666 0.2111111111111111
0 0.28880208333333335 0.5981481481481481 0.0671875 0.26296296296296295
0 0.35052083333333334 0.6388888888888888 0.040625 0.16296296296296298
0 0.7791666666666667 0.4912037037037037 0.04895833333333333 0.21388888888888888
0 0.30885416666666665 0.47453703703703703 0.04479166666666667 0.18611111111111112
0 0.36744791666666665 0.4925925925925926 0.0484375 0.21851851851851853
0 0.41901041666666666 0.47175925925925927 0.03802083333333333 0.16574074074074074
0 0.5473958333333333 0.42407407407407405 0.041666666666666664 0.17407407407407408
0 0.15078125 0.5740740740740741 0.0515625 0.22592592592592592
0 0.3078125 0.43333333333333335 0.036458333333333336 0.16296296296296298
0 0.7598958333333333 0.4060185185185185 0.040625 0.19907407407407407
0 0.7177083333333333 0.3902777777777778 0.03229166666666667 0.14907407407407408
0 0.7005208333333334 0.38796296296296295 0.04375 0.16666666666666666
0 0.44921875 0.35462962962962963 0.034895833333333334 0.1537037037037037
0 0.5729166666666666 0.33194444444444443 0.03333333333333333 0.14166666666666666
0 0.5223958333333333 0.3736111111111111 0.03333333333333333 0.16203703703703703
0 0.5473958333333333 0.3296296296296296 0.03229166666666667 0.12962962962962962
0 0.49635416666666665 0.3773148148148148 0.03958333333333333 0.17685185185185184
0 0.49140625 0.25324074074074077 0.025520833333333333 0.1287037037037037
0 0.45364583333333336 0.2462962962962963 0.029166666666666667 0.12407407407407407
0 0.4778645833333333 0.24166666666666667 0.03177083333333333 0.13518518518518519
0 0.34739583333333335 0.31574074074074077 0.029166666666666667 0.13518518518518519
0 0.82578125 0.487962962962963 0.0515625 0.18518518518518517
0 0.5875 0.4222222222222222 0.0375 0.17222222222222222
