0 0.8780903665814151 0.8380681818181818 0.0494458653026428 0.14204545454545456
0 0.29752770673486784 0.75 0.04092071611253197 0.13636363636363635
0 0.6845694799658995 0.5034090909090909 0.04092071611253197 0.11363636363636363
0 0.2348678601875533 0.3528409090909091 0.03324808184143223 0.10568181818181818
0 0.5733162830349531 0.36306818181818185 0.03154305200341006 0.10340909090909091
0 0.1947996589940324 0.33181818181818185 0.03324808184143223 0.10681818181818181
0 0.15814151747655583 0.3079545454545455 0.03495311167945439 0.11136363636363636
0 0.12958226768968456 0.3028409090909091 0.030690537084398978 0.10113636363636364
0 0.5323955669224212 0.3784090909090909 0.03836317135549872 0.11363636363636363
0 0.3188405797101449 0.2727272727272727 0.03410059676044331 0.09545454545454546
0 0.01918158567774936 0.1903409090909091 0.03495311167945439 0.09886363636363636
0 0.1257459505541347 0.21420454545454545 0.028132992327365727 0.08522727272727272
0 0.17092924126172207 0.2034090909090909 0.03324808184143223 0.10681818181818181
0 0.2783461210571185 0.2125 0.03324808184143223 0.11136363636363636
0 0.319693094629156 0.2034090909090909 0.03751065643648764 0.10227272727272728
0 0.3567774936061381 0.21022727272727273 0.03324808184143223 0.10227272727272728
0 0.39940323955669227 0.22272727272727272 0.028132992327365727 0.09772727272727273
0 0.4744245524296675 0.29659090909090907 0.03324808184143223 0.10909090909090909
0 0.5046888320545609 0.2818181818181818 0.03751065643648764 0.10227272727272728
0 0.4978687127024723 0.2096590909090909 0.03410059676044331 0.09431818181818181
0 0.3103154305200341 0.14488636363636365 0.028985507246376812 0.0875
0 0.44075021312872975 0.14204545454545456 0.03239556692242114 0.10227272727272728
0 0.40664961636828645 0.1494318181818182 0.027280477408354646 0.09886363636363636
0 0.3013640238704177 0.05113636363636364 0.028132992327365727 0.08409090909090909
0 0.8414322250639387 0.09659090909090909 0.028985507246376812 0.08409090909090909
0 0.8239556692242114 0.08352272727272728 0.03154305200341006 0.09204545454545454
0 0.8277919863597613 0.12727272727272726 0.028985507246376812 0.09772727272727273
0 0.8537936913895993 0.21136363636363636 0.03324808184143223 0.10227272727272728
0 0.8222506393861893 0.21818181818181817 0.03324808184143223 0.08863636363636364
0 0.5413469735720375 0.06136363636363636 0.03580562659846547 0.10454545454545454
0 0.8375959079283888 0.2505681818181818 0.03324808184143223 0.09659090909090909
0 0.7514919011082694 0.3352272727272727 0.03324808184143223 0.10681818181818181
0 0.07075873827791987 0.13977272727272727 0.030690537084398978 0.09090909090909091
0 0.05285592497868713 0.1375 0.028985507246376812 0.08409090909090909
0 0.8077578857630009 0.6375 0.04859335038363171 0.13863636363636364
0 0.8473998294970162 0.63125 0.0392156862745098 0.1375
0 0.8145780051150895 0.7244318181818182 0.043478260869565216 0.13522727272727272
0 0.7416879795396419 0.7284090909090909 0.0392156862745098 0.1318181818181818
0 0.2753623188405797 0.7619318181818182 0.0392156862745098 0.10113636363636364
0 0.5115089514066496 0.5517045454545455 0.042625745950554135 0.1215909090909091
0 0.2612958226768968 0.3534090909090909 0.03324808184143223 0.10681818181818181
0 0.4215686274509804 0.30568181818181817 0.03324808184143223 0.11136363636363636
0 0.7672634271099744 0.47613636363636364 0.042625745950554135 0.125
0 0.5400682011935208 0.5488636363636363 0.045183290707587385 0.1318181818181818
0 0.5558397271952259 0.4005681818181818 0.03410059676044331 0.1215909090909091
0 0.7233589087809037 0.4068181818181818 0.029838022165387893 0.09772727272727273
0 0.7105711849957375 0.3352272727272727 0.03324808184143223 0.1159090909090909
0 0.814151747655584 0.2545454545454545 0.028985507246376812 0.09772727272727273
0 0.7813299232736572 0.20795454545454545 0.03324808184143223 0.10681818181818181
0 0.8009377664109122 0.2119318181818182 0.028132992327365727 0.09431818181818181
0 0.33844842284739984 0.04602272727272727 0.023870417732310314 0.08522727272727272
0 0.3205456095481671 0.058522727272727275 0.028985507246376812 0.07840909090909091
0 0.3776641091219096 0.03636363636363636 0.02557544757033248 0.07045454545454545
0 0.3917306052855925 0.04318181818181818 0.0247229326513214 0.075
0 0.4236999147485081 0.042045454545454546 0.023870417732310314 0.08181818181818182
0 0.4258312020460358 0.0625 0.0247229326513214 0.08409090909090909
0 0.4578005115089514 0.06534090909090909 0.03239556692242114 0.0875
0 0.4982949701619778 0.044886363636363634 0.028132992327365727 0.0875
0 0.4816709292412617 0.06306818181818181 0.02557544757033248 0.07386363636363637
0 0.5707587382779199 0.05227272727272727 0.03154305200341006 0.08863636363636364
0 0.3955669224211424 0.024431818181818183 0.023870417732310314 0.04659090909090909
0 0.39045183290707586 0.30170454545454545 0.03751065643648764 0.11022727272727273
0 0.5375106564364877 0.6448863636363636 0.05200341005967604 0.14204545454545456
0 0.42284739982949704 0.675 0.042625745950554135 0.14545454545454545
0 0.453537936913896 0.5875 0.04603580562659847 0.13863636363636364
0 0.5127877237851662 0.66875 0.04859335038363171 0.13522727272727272
0 0.45524296675191817 0.6795454545454546 0.05115089514066496 0.1409090909090909
0 0.479539641943734 0.7022727272727273 0.041773231031543054 0.09318181818181819
0 0.2864450127877238 0.6380681818181818 0.0494458653026428 0.14886363636363636
0 0.31798806479113384 0.6494318181818182 0.042625745950554135 0.13522727272727272
0 0.013213981244671782 0.3931818181818182 0.0247229326513214 0.11818181818181818
0 0.5575447570332481 0.6579545454545455 0.05285592497868713 0.14545454545454545
0 0.3111679454390452 0.5755681818181818 0.04603580562659847 0.1215909090909091
0 0.4629156010230179 0.48920454545454545 0.0443307757885763 0.12840909090909092
0 0.05924978687127025 0.36079545454545453 0.03836317135549872 0.11931818181818182
0 0.0247229326513214 0.3619318181818182 0.03410059676044331 0.11022727272727273
0 0.13427109974424553 0.26477272727272727 0.03665814151747655 0.09318181818181819
0 0.14407502131287298 0.45795454545454545 0.0443307757885763 0.125
0 0.3073316283034953 0.35454545454545455 0.03665814151747655 0.10681818181818181
0 0.3422847399829497 0.3522727272727273 0.03324808184143223 0.12045454545454545
0 0.3772378516624041 0.35113636363636364 0.03665814151747655 0.11136363636363636
0 0.2318840579710145 0.5329545454545455 0.03751065643648764 0.11363636363636363
0 0.49701619778346123 0.49318181818181817 0.0392156862745098 0.125
0 0.2092924126172208 0.2056818181818182 0.03324808184143223 0.10227272727272728
0 0.437766410912191 0.38295454545454544 0.03836317135549872 0.10227272727272728
0 0.42497868712702475 0.27954545454545454 0.03324808184143223 0.09772727272727273
0 0.22719522591645352 0.21022727272727273 0.028132992327365727 0.1
0 0.17561807331628304 0.4744318181818182 0.0392156862745098 0.1215909090909091
0 0.2591645353793691 0.5278409090909091 0.0494458653026428 0.1375
0 0.7992327365728901 0.48068181818181815 0.04859335038363171 0.125
0 0.1636828644501279 0.2585227272727273 0.028985507246376812 0.08977272727272727
0 0.35507246376811596 0.2840909090909091 0.03154305200341006 0.09772727272727273
0 0.5946291560102301 0.9329545454545455 0.04859335038363171 0.13636363636363635
0 0.1504688832054561 0.9835227272727273 0.041773231031543054 0.035227272727272725
0 0.552003410059676 0.9409090909090909 0.03836317135549872 0.12045454545454545
0 0.5822676896845694 0.8784090909090909 0.04603580562659847 0.13863636363636364
0 0.6223358908780904 0.8698863636363636 0.042625745950554135 0.12840909090909092
0 0.417306052855925 0.3744318181818182 0.03665814151747655 0.1215909090909091
0 0.3635976129582268 0.04261363636363636 0.021312872975277068 0.07386363636363637
0 0.8286445012787724 0.7909090909090909 0.04092071611253197 0.13863636363636364
