0 0.6807291666666667 0.5393518518518519 0.052083333333333336 0.18796296296296297
0 0.3078125 0.44537037037037036 0.036458333333333336 0.1685185185185185
0 0.7213541666666666 0.41064814814814815 0.03958333333333333 0.16574074074074074
0 0.553125 0.41388888888888886 0.03854166666666667 0.1685185185185185
0 0.5111979166666667 0.42453703703703705 0.0421875 0.17685185185185184
0 0.5763020833333333 0.5546296296296296 0.044270833333333336 0.20925925925925926
0 0.5515625 0.3736111111111111 0.03229166666666667 0.1287037037037037
0 0.5046875 0.3162037037037037 0.030208333333333334 0.12685185185185185
0 0.5221354166666666 0.31527777777777777 0.025520833333333333 0.11018518518518519
0 0.46119791666666665 0.32175925925925924 0.028645833333333332 0.12685185185185185
0 0.8104166666666667 0.3662037037037037 0.03333333333333333 0.15462962962962962
0 0.45625 0.36203703703703705 0.030208333333333334 0.14074074074074075
0 0.013802083333333333 0.8050925925925926 0.0265625 0.28055555555555556
0 0.42578125 0.2875 0.03177083333333333 0.12129629629629629
0 0.37421875 0.28194444444444444 0.03177083333333333 0.13055555555555556
0 0.35104166666666664 0.2773148148148148 0.028125 0.12129629629629629
0 0.83125 0.8981481481481481 0.08333333333333333 0.2037037037037037
0 0.734375 0.9046296296296297 0.07604166666666666 0.1925925925925926
0 0.10208333333333333 0.5638888888888889 0.04479166666666667 0.1962962962962963
0 0.3296875 0.3560185185185185 0.03333333333333333 0.14351851851851852
0 0.775 0.39351851851851855 0.03333333333333333 0.1685185185185185
0 0.0859375 0.9092592592592592 0.08854166666666667 0.1814814814814815
0 0.1640625 0.8587962962962963 0.071875 0.2824074074074074
0 0.22604166666666667 0.8675925925925926 0.06458333333333334 0.2611111111111111
0 0.21614583333333334 0.5518518518518518 0.042708333333333334 0.22777777777777777
0 0.08776041666666666 0.8578703703703704 0.0609375 0.23055555555555557
0 0.60390625 0.3907407407407407 0.03177083333333333 0.17407407407407408
0 0.48984375 0.387037037037037 0.033854166666666664 0.15925925925925927
0 0.28229166666666666 0.5449074074074074 0.04895833333333333 0.23981481481481481
0 0.74296875 0.44537037037037036 0.0328125 0.15925925925925927
0 0.32057291666666665 0.3851851851851852 0.03177083333333333 0.13518518518518519
0 0.8083333333333333 0.6828703703703703 0.06458333333333334 0.24537037037037038
0 0.5791666666666667 0.524537037037037 0.057291666666666664 0.20092592592592592
0 0.4166666666666667 0.5611111111111111 0.04479166666666667 0.21296296296296297
0 0.58671875 0.4740740740740741 0.0484375 0.18888888888888888
0 0.3880208333333333 0.425462962962963 0.03854166666666667 0.1675925925925926
