0 0.4235187424425635 0.9712962962962963 0.03325272067714631 0.05740740740740741
0 0.47339782345828296 0.22037037037037038 0.03506650544135429 0.12962962962962962
0 0.4939540507859734 0.21203703703703702 0.02902055622732769 0.11851851851851852
0 0.9464933494558646 0.5615740740740741 0.04171704957678356 0.1527777777777778
0 0.3860338573155985 0.9564814814814815 0.05501813784764208 0.08333333333333333
0 0.5816203143893591 0.6064814814814815 0.037484885126964934 0.14074074074074075
0 0.5450423216444982 0.612037037037037 0.044135429262394194 0.16296296296296298
0 0.5350665054413543 0.2740740740740741 0.041112454655380895 0.14074074074074075
0 0.5580411124546554 0.31712962962962965 0.03506650544135429 0.12685185185185185
0 0.8252720677146312 0.6263888888888889 0.04232164449818621 0.15462962962962962
0 0.7911124546553809 0.6166666666666667 0.04171704957678356 0.1648148148148148
0 0.7521160822249093 0.6078703703703704 0.036275695284159616 0.13425925925925927
0 0.9815598548972189 0.2935185185185185 0.03688029020556227 0.13518518518518519
0 0.8881499395405078 0.27824074074074073 0.04353083434099154 0.13425925925925927
0 0.5671100362756953 0.27546296296296297 0.03143893591293833 0.11574074074074074
0 0.9183796856106409 0.37824074074074077 0.03990326481257558 0.1638888888888889
0 0.969770253929867 0.3523148148148148 0.037484885126964934 0.14537037037037037
0 0.9404474002418379 0.33796296296296297 0.03688029020556227 0.13518518518518519
0 0.5296251511487303 0.20277777777777778 0.03506650544135429 0.13518518518518519
0 0.49334945586457074 0.15694444444444444 0.030229746070133012 0.13796296296296295
0 0.5912938331318017 0.32314814814814813 0.032648125755743655 0.13518518518518519
0 0.6076178960096735 0.3282407407407407 0.032648125755743655 0.14537037037037037
0 0.5985489721886336 0.34814814814814815 0.036275695284159616 0.14074074074074075
0 0.6831922611850061 0.2861111111111111 0.037484885126964934 0.13333333333333333
0 0.7551390568319226 0.5185185185185185 0.053204353083434096 0.16111111111111112
0 0.7968561064087062 0.41712962962962963 0.04353083434099154 0.14722222222222223
0 0.7091898428053204 0.4203703703703704 0.04353083434099154 0.16666666666666666
0 0.6330108827085853 0.3087962962962963 0.03143893591293833 0.11574074074074074
0 0.6828899637243047 0.5671296296296297 0.034461910519951636 0.14722222222222223
0 0.5931076178960096 0.37407407407407406 0.0471584038694075 0.15185185185185185
0 0.6744256348246674 0.35833333333333334 0.044135429262394194 0.14444444444444443
0 0.5278113663845224 0.16712962962962963 0.04232164449818621 0.14907407407407408
0 0.6590084643288996 0.2263888888888889 0.044740024183796856 0.13425925925925927
0 0.7200725513905684 0.29768518518518516 0.03869407496977025 0.14537037037037037
0 0.8932889963724304 0.587037037037037 0.042926239419588876 0.1574074074074074
0 0.8688029020556227 0.55 0.037484885126964934 0.14074074074074075
0 0.841596130592503 0.5486111111111112 0.041112454655380895 0.15092592592592594
0 0.750906892382104 0.37592592592592594 0.03385731559854897 0.14074074074074075
0 0.7421402660217654 0.3125 0.03204353083434099 0.12685185185185185
0 0.6405683192261185 0.362962962962963 0.03688029020556227 0.1425925925925926
0 0.9389359129383313 0.35694444444444445 0.03869407496977025 0.13796296296296295
0 0.8929866989117291 0.4074074074074074 0.036275695284159616 0.13518518518518519
0 0.903869407496977 0.3421296296296296 0.037484885126964934 0.1175925925925926
0 0.7666263603385731 0.40370370370370373 0.04232164449818621 0.14074074074074075
0 0.7714631197097944 0.33055555555555555 0.03506650544135429 0.12962962962962962
0 0.7871825876662636 0.36574074074074076 0.041112454655380895 0.15185185185185185
0 0.6568923821039904 0.31296296296296294 0.039298669891172915 0.13518518518518519
0 0.879081015719468 0.5143518518518518 0.036275695284159616 0.13240740740740742
0 0.5235792019347038 0.27361111111111114 0.02418379685610641 0.08796296296296297
0 0.5686215235792019 0.22546296296296298 0.03083434099153567 0.12685185185185185
0 0.9404474002418379 0.412962962962963 0.034461910519951636 0.10740740740740741
0 0.8035066505441354 0.6833333333333333 0.05441354292623942 0.17037037037037037
0 0.846130592503023 0.6856481481481481 0.044135429262394194 0.15648148148148147
0 0.3382708585247884 0.1824074074074074 0.03204353083434099 0.10185185185185185
0 0.626360338573156 0.37962962962962965 0.044740024183796856 0.14814814814814814
0 0.5477629987908101 0.30833333333333335 0.02902055622732769 0.11296296296296296
0 0.6741233373639661 0.2675925925925926 0.02539298669891173 0.12037037037037036
0 0.10126964933494559 0.9763888888888889 0.03688029020556227 0.049074074074074076
0 0.021160822249093107 0.7671296296296296 0.041112454655380895 0.1638888888888889
0 0.0912938331318017 0.26435185185185184 0.04353083434099154 0.14537037037037037
0 0.006045949214026602 0.1439814814814815 0.010882708585247884 0.14537037037037037
0 0.044135429262394194 0.175 0.045949214026602174 0.1425925925925926
0 0.06590084643288996 0.17685185185185184 0.032648125755743655 0.14074074074074075
0 0.08766626360338574 0.14074074074074075 0.041112454655380895 0.13518518518518519
0 0.06892382103990327 0.046296296296296294 0.03990326481257558 0.09074074074074075
0 0.09552599758162031 0.21898148148148147 0.037484885126964934 0.1287037037037037
0 0.12515114873035066 0.21712962962962962 0.04232164449818621 0.14351851851851852
0 0.11729141475211609 0.0412037037037037 0.03506650544135429 0.08055555555555556
0 0.13029020556227328 0.04953703703703704 0.034461910519951636 0.09722222222222222
0 0.22128174123337363 0.10046296296296296 0.03143893591293833 0.11574074074074074
0 0.17623941958887546 0.0587962962962963 0.03688029020556227 0.11203703703703703
0 0.24879081015719468 0.10092592592592593 0.0380894800483676 0.1259259259259259
0 0.2370012091898428 0.3111111111111111 0.0471584038694075 0.1425925925925926
0 0.32376058041112454 0.03888888888888889 0.039298669891172915 0.07592592592592592
0 0.3978234582829504 0.053703703703703705 0.037484885126964934 0.10555555555555556
0 0.3681983071342201 0.040740740740740744 0.032648125755743655 0.07962962962962963
0 0.35792019347037485 0.10046296296296296 0.030229746070133012 0.12685185185185185
0 0.40719467956469163 0.0912037037037037 0.035671100362756954 0.12314814814814815
0 0.4546553808948005 0.04675925925925926 0.03506650544135429 0.09166666666666666
0 0.5843409915356711 0.026851851851851852 0.03204353083434099 0.05185185185185185
0 0.4821644498186215 0.10462962962962963 0.03204353083434099 0.13703703703703704
0 0.5084643288996372 0.10740740740740741 0.03506650544135429 0.13148148148148148
0 0.5196493349455864 0.125 0.035671100362756954 0.12777777777777777
0 0.5495767835550182 0.14166666666666666 0.03506650544135429 0.13333333333333333
0 0.5535066505441354 0.08888888888888889 0.044135429262394194 0.1259259259259259
0 0.5855501813784765 0.10416666666666667 0.03204353083434099 0.12685185185185185
0 0.6348246674727932 0.06620370370370371 0.032648125755743655 0.125
0 0.6562877871825876 0.08148148148148149 0.03083434099153567 0.11296296296296296
0 0.6771463119709794 0.08842592592592592 0.030229746070133012 0.1175925925925926
0 0.6723095525997581 0.06018518518518518 0.036275695284159616 0.11851851851851852
0 0.6683796856106409 0.20046296296296295 0.03204353083434099 0.11574074074074074
0 0.7152357920193471 0.25925925925925924 0.03143893591293833 0.1259259259259259
0 0.7382103990326482 0.25277777777777777 0.032648125755743655 0.13518518518518519
0 0.7276299879081015 0.18935185185185185 0.035671100362756954 0.12129629629629629
0 0.7578597339782346 0.2375 0.034461910519951636 0.13796296296296295
0 0.851571946795647 0.18611111111111112 0.03204353083434099 0.12407407407407407
0 0.9625151148730351 0.0412037037037037 0.03385731559854897 0.08055555555555556
0 0.937726723095526 0.05185185185185185 0.032648125755743655 0.10185185185185185
0 0.8600362756952842 0.2759259259259259 0.02720677146311971 0.12037037037037036
0 0.9691656590084643 0.2652777777777778 0.03506650544135429 0.1398148148148148
0 0.9673518742442564 0.1837962962962963 0.037484885126964934 0.13240740740740742
0 0.9434703748488513 0.20555555555555555 0.03688029020556227 0.13148148148148148
0 0.8733373639661427 0.11851851851851852 0.03204353083434099 0.12962962962962962
0 0.9023579201934704 0.12222222222222222 0.03688029020556227 0.12962962962962962
0 0.9168681983071342 0.21157407407407408 0.03204353083434099 0.12314814814814815
0 0.9319830713422007 0.1597222222222222 0.02962515114873035 0.1287037037037037
0 0.9764207980652962 0.12916666666666668 0.036275695284159616 0.1287037037037037
0 0.9483071342200725 0.12453703703703704 0.034461910519951636 0.12129629629629629
0 0.9005441354292624 0.09305555555555556 0.03204353083434099 0.12685185185185185
0 0.9195888754534461 0.0824074074074074 0.030229746070133012 0.10555555555555556
0 0.7687424425634825 0.22777777777777777 0.034461910519951636 0.12407407407407407
0 0.7388149939540508 0.2111111111111111 0.03506650544135429 0.11296296296296296
0 0.05380894800483676 0.04351851851851852 0.030229746070133012 0.08518518518518518
0 0.8890568319226119 0.22314814814814815 0.06469165659008465 0.1685185185185185
0 0.3675937122128174 0.5532407407407407 0.03506650544135429 0.14907407407407408
0 0.0743651753325272 0.47129629629629627 0.03990326481257558 0.1537037037037037
0 0.044437726723095525 0.5254629629629629 0.039298669891172915 0.15462962962962962
0 0.028415961305925032 0.4949074074074074 0.03506650544135429 0.16203703703703703
0 0.09310761789600967 0.5092592592592593 0.045949214026602174 0.14814814814814814
0 0.8295042321644498 0.3699074074074074 0.03990326481257558 0.1287037037037037
0 0.839782345828295 0.35185185185185186 0.03143893591293833 0.1259259259259259
0 0.25211608222490933 0.6662037037037037 0.044740024183796856 0.16574074074074074
0 0.22370012091898428 0.6541666666666667 0.037484885126964934 0.16018518518518518
0 0.3542926239419589 0.6425925925925926 0.03869407496977025 0.13703703703703704
0 0.22007255139056833 0.5745370370370371 0.032648125755743655 0.13425925925925927
0 0.22853688029020555 0.5643518518518519 0.03506650544135429 0.15462962962962962
0 0.1786577992744861 0.5574074074074075 0.042926239419588876 0.14444444444444443
0 0.19044740024183796 0.5236111111111111 0.044740024183796856 0.15462962962962962
0 0.14993954050785974 0.5388888888888889 0.037484885126964934 0.1425925925925926
0 0.3648730350665054 0.22592592592592592 0.03204353083434099 0.12962962962962962
0 0.3851269649334946 0.22546296296296298 0.03143893591293833 0.12685185185185185
0 0.4906287787182588 0.9597222222222223 0.04897218863361548 0.0824074074074074
0 0.530229746070133 0.9652777777777778 0.053204353083434096 0.0712962962962963
0 0.2762998790810157 0.44583333333333336 0.037484885126964934 0.1287037037037037
0 0.2702539298669891 0.4708333333333333 0.036275695284159616 0.14351851851851852
0 0.25574365175332525 0.9388888888888889 0.041112454655380895 0.12407407407407407
0 0.30743651753325274 0.7819444444444444 0.04171704957678356 0.15462962962962962
0 0.32043530834340994 0.5819444444444445 0.03506650544135429 0.14907407407407408
0 0.34280532043530837 0.7041666666666667 0.037484885126964934 0.15092592592592594
0 0.3515719467956469 0.736574074074074 0.044135429262394194 0.16574074074074074
0 0.6435912938331319 0.8111111111111111 0.051390568319226115 0.16666666666666666
0 0.682285368802902 0.836574074074074 0.046553808948004836 0.16203703703703703
0 0.689540507859734 0.8055555555555556 0.03688029020556227 0.14629629629629629
0 0.42200725513905685 0.7384259259259259 0.049576783555018135 0.14537037037037037
0 0.6490326481257558 0.6546296296296297 0.042926239419588876 0.14814814814814814
0 0.44740024183796856 0.5268518518518519 0.03506650544135429 0.13148148148148148
0 0.4244256348246675 0.5097222222222222 0.032648125755743655 0.13796296296296295
0 0.35761789600967353 0.17222222222222222 0.034461910519951636 0.13703703703703704
0 0.4192865779927449 0.5888888888888889 0.03204353083434099 0.14814814814814814
0 0.42623941958887546 0.5615740740740741 0.03385731559854897 0.15092592592592594
0 0.23397823458282951 0.6268518518518519 0.03143893591293833 0.1425925925925926
0 0.2883917775090689 0.5958333333333333 0.04232164449818621 0.15092592592592594
0 0.28869407496977023 0.6513888888888889 0.03325272067714631 0.17314814814814813
0 0.3080411124546554 0.4134259259259259 0.044135429262394194 0.15648148148148147
0 0.33615477629987905 0.3962962962962963 0.036275695284159616 0.12962962962962962
0 0.29564691656590086 0.3773148148148148 0.037484885126964934 0.14351851851851852
0 0.8981257557436517 0.7712962962962963 0.05380894800483676 0.17037037037037037
0 0.40326481257557434 0.46064814814814814 0.037484885126964934 0.14351851851851852
0 0.8932889963724304 0.6902777777777778 0.05380894800483676 0.15092592592592594
0 0.7327690447400241 0.7819444444444444 0.044740024183796856 0.13796296296296295
0 0.9026602176541717 0.24675925925925926 0.02902055622732769 0.1287037037037037
0 0.7729746070133011 0.19305555555555556 0.03325272067714631 0.1287037037037037
0 0.7321644498186215 0.8972222222222223 0.06529625151148731 0.1962962962962963
0 0.4833736396614268 0.5712962962962963 0.0380894800483676 0.15
0 0.8264812575574365 0.8037037037037037 0.0471584038694075 0.17592592592592593
0 0.7844619105199516 0.7805555555555556 0.058645707376058044 0.1814814814814815
0 0.06076178960096735 0.9157407407407407 0.062273276904474005 0.1685185185185185
0 0.011789600967351875 0.9277777777777778 0.022370012091898428 0.14444444444444443
0 0.6792623941958887 0.9009259259259259 0.05501813784764208 0.16666666666666666
0 0.75453446191052 0.9578703703703704 0.045949214026602174 0.08611111111111111
0 0.8107617896009673 0.95 0.053204353083434096 0.09814814814814815
0 0.7088875453446191 0.6837962962962963 0.04534461910519952 0.15092592592592594
0 0.8107617896009673 0.55 0.036275695284159616 0.15185185185185185
0 0.8225513905683193 0.9078703703703703 0.047762998790810154 0.15648148148148147
0 0.27871825876662637 0.35648148148148145 0.03869407496977025 0.14074074074074075
0 0.4540507859733978 0.44074074074074077 0.04232164449818621 0.16296296296296298
0 0.4960701330108827 0.39675925925925926 0.03688029020556227 0.15462962962962962
0 0.2512091898428053 0.39675925925925926 0.034461910519951636 0.11944444444444445
0 0.9195888754534461 0.5555555555555556 0.03990326481257558 0.1648148148148148
0 0.7430471584038694 0.6833333333333333 0.04353083434099154 0.14629629629629629
0 0.9830713422007256 0.5023148148148148 0.03143893591293833 0.15648148148148147
0 0.8660822249093107 0.8851851851851852 0.04050785973397823 0.1574074074074074
0 0.783857315598549 0.8726851851851852 0.05501813784764208 0.17314814814814813
0 0.845223700120919 0.9356481481481481 0.03385731559854897 0.1287037037037037
