0 0.12020460358056266 0.5596590909090909 0.042625745950554135 0.1375
0 0.9049445865302643 0.29829545454545453 0.03495311167945439 0.10340909090909091
0 0.11210571184995738 0.5357954545454545 0.041773231031543054 0.13977272727272727
0 0.49744245524296676 0.6085227272727273 0.05711849957374254 0.12613636363636363
0 0.37254901960784315 0.26988636363636365 0.03751065643648764 0.10340909090909091
0 0.8618925831202046 0.5079545454545454 0.03751065643648764 0.1318181818181818
0 0.7817561807331628 0.4948863636363636 0.03751065643648764 0.12386363636363637
0 0.7813299232736572 0.5181818181818182 0.041773231031543054 0.12954545454545455
0 0.8209718670076727 0.5125 0.0443307757885763 0.1318181818181818
0 0.8098891730605285 0.5477272727272727 0.0443307757885763 0.1318181818181818
0 0.6990622335890878 0.7102272727272727 0.05115089514066496 0.13636363636363635
0 0.9305200341005968 0.7522727272727273 0.041773231031543054 0.13636363636363635
0 0.6479113384484229 0.9159090909090909 0.04092071611253197 0.15227272727272728
0 0.9313725490196079 0.036931818181818184 0.026427962489343565 0.0715909090909091
0 0.8780903665814151 0.21931818181818183 0.03239556692242114 0.10454545454545454
0 0.9492753623188406 0.030113636363636363 0.03154305200341006 0.05795454545454545
0 0.8930093776641091 0.04147727272727273 0.0247229326513214 0.08068181818181819
0 0.00980392156862745 0.13636363636363635 0.017902813299232736 0.09318181818181819
0 0.0247229326513214 0.13352272727272727 0.028985507246376812 0.09659090909090909
0 0.1278772378516624 0.14147727272727273 0.03239556692242114 0.09431818181818181
0 0.5136402387041773 0.1630681818181818 0.03495311167945439 0.09431818181818181
0 0.4011082693947144 0.16022727272727272 0.03665814151747655 0.08409090909090909
0 0.39045183290707586 0.13636363636363635 0.03239556692242114 0.09772727272727273
0 0.5089514066496164 0.11363636363636363 0.03410059676044331 0.08863636363636364
0 0.1568627450980392 0.0659090909090909 0.030690537084398978 0.09545454545454546
0 0.43435635123614663 0.16363636363636364 0.03836317135549872 0.1
0 0.45481670929241264 0.175 0.0247229326513214 0.06136363636363636
0 0.18030690537084398 0.06931818181818182 0.028132992327365727 0.09772727272727273
0 0.20630861040068202 0.07784090909090909 0.028985507246376812 0.08977272727272727
0 0.2813299232736573 0.11079545454545454 0.03239556692242114 0.09886363636363636
0 0.3205456095481671 0.12272727272727273 0.03239556692242114 0.09772727272727273
0 0.3380221653878943 0.12897727272727272 0.03324808184143223 0.09204545454545454
0 0.2463768115942029 0.044886363636363634 0.030690537084398978 0.08522727272727272
0 0.19437340153452684 0.015909090909090907 0.027280477408354646 0.029545454545454545
0 0.20630861040068202 0.020454545454545454 0.023870417732310314 0.038636363636363635
0 0.2979539641943734 0.03465909090909091 0.028132992327365727 0.06704545454545455
0 0.47485080988917305 0.10681818181818181 0.03580562659846547 0.09318181818181819
0 0.42071611253196933 0.075 0.03324808184143223 0.09318181818181819
0 0.4658994032395567 0.07329545454545454 0.029838022165387893 0.09204545454545454
0 0.3670076726342711 0.017613636363636363 0.03154305200341006 0.03295454545454545
0 0.4394714407502131 0.021022727272727273 0.028132992327365727 0.03977272727272727
0 0.47698209718670076 0.023295454545454546 0.026427962489343565 0.04431818181818182
0 0.49658994032395565 0.07272727272727272 0.028132992327365727 0.08863636363636364
0 0.5788576300085252 0.34204545454545454 0.03580562659846547 0.11363636363636363
0 0.6227621483375959 0.6590909090909091 0.04688832054560955 0.1318181818181818
0 0.9062233589087809 0.021022727272727273 0.030690537084398978 0.03977272727272727
0 0.2625745950554135 0.028977272727272727 0.028985507246376812 0.05568181818181818
0 0.38448422847399827 0.019318181818181818 0.027280477408354646 0.03636363636363636
0 0.5170502983802217 0.026136363636363635 0.03495311167945439 0.05
0 0.5051150895140665 0.042045454545454546 0.029838022165387893 0.08181818181818182
0 0.34867860187553285 0.006818181818181818 0.028985507246376812 0.011363636363636364
0 0.09846547314578005 0.44886363636363635 0.040068201193520885 0.11818181818181818
0 0.4194373401534527 0.30568181818181817 0.03410059676044331 0.11818181818181818
0 0.293691389599318 0.709659090909091 0.043478260869565216 0.1534090909090909
0 0.7689684569479965 0.5875 0.0392156862745098 0.12954545454545455
0 0.2391304347826087 0.9903409090909091 0.03324808184143223 0.02159090909090909
0 0.12318840579710146 0.9636363636363636 0.041773231031543054 0.075
0 0.16325660699062233 0.9664772727272727 0.043478260869565216 0.06931818181818182
0 0.4177323103154305 0.5494318181818182 0.03239556692242114 0.11022727272727273
0 0.6999147485080989 0.43636363636363634 0.03751065643648764 0.1159090909090909
0 0.3895993179880648 0.5346590909090909 0.03580562659846547 0.11022727272727273
0 0.30775788576300084 0.44488636363636364 0.042625745950554135 0.1215909090909091
0 0.7988064791133845 0.6926136363636364 0.0443307757885763 0.13068181818181818
0 0.9838022165387894 0.9335227272727272 0.03239556692242114 0.10795454545454546
0 0.974850809889173 0.9556818181818182 0.043478260869565216 0.08636363636363636
0 0.8107416879795396 0.5880681818181818 0.042625745950554135 0.13068181818181818
0 0.7242114236999148 0.7494318181818181 0.03836317135549872 0.13068181818181818
0 0.30818414322250637 0.575 0.043478260869565216 0.12045454545454545
0 0.3618925831202046 0.5255681818181818 0.03836317135549872 0.1125
0 0.7553282182438192 0.7528409090909091 0.0392156862745098 0.1375
0 0.056692242114237 0.2857954545454545 0.03665814151747655 0.09204545454545454
0 0.7570332480818415 0.6903409090909091 0.04092071611253197 0.13068181818181818
0 0.008525149190110827 0.6522727272727272 0.015345268542199489 0.12954545454545455
0 0.5345268542199488 0.6670454545454545 0.0443307757885763 0.13863636363636364
0 0.5647911338448423 0.6829545454545455 0.041773231031543054 0.125
0 0.010656436487638534 0.40738636363636366 0.0196078431372549 0.10568181818181818
0 0.0392156862745098 0.39886363636363636 0.03751065643648764 0.11818181818181818
0 0.2246376811594203 0.8727272727272727 0.05541346973572037 0.15454545454545454
0 0.2971014492753623 0.40454545454545454 0.045183290707587385 0.125
0 0.39428815004262574 0.3090909090909091 0.026427962489343565 0.10454545454545454
0 0.23785166240409208 0.25795454545454544 0.02557544757033248 0.08181818181818182
0 0.08269394714407502 0.27954545454545454 0.03410059676044331 0.10454545454545454
0 0.10997442455242967 0.2857954545454545 0.030690537084398978 0.09659090909090909
0 0.4505541346973572 0.2840909090909091 0.03665814151747655 0.10454545454545454
0 0.479539641943734 0.28920454545454544 0.03324808184143223 0.09886363636363636
0 0.4718670076726343 0.01534090909090909 0.03154305200341006 0.028409090909090908
0 0.07800511508951406 0.11704545454545455 0.03495311167945439 0.08863636363636364
0 0.2050298380221654 0.23977272727272728 0.03154305200341006 0.1
0 0.21611253196930946 0.2596590909090909 0.0247229326513214 0.06931818181818182
0 0.5272804774083546 0.8818181818181818 0.04859335038363171 0.15454545454545454
0 0.8589087809036658 0.8738636363636364 0.045183290707587385 0.15681818181818183
0 0.7962489343563512 0.9664772727272727 0.04774083546462063 0.06477272727272727
0 0.8316283034953111 0.959659090909091 0.05200341005967604 0.08068181818181819
0 0.3576300085251492 0.9823863636363637 0.03324808184143223 0.035227272727272725
0 0.7131287297527706 0.9090909090909091 0.03836317135549872 0.15227272727272728
0 0.8265132139812447 0.8857954545454545 0.04688832054560955 0.14659090909090908
0 0.2710997442455243 0.5318181818181819 0.03410059676044331 0.09318181818181819
0 0.23827791986359761 0.5159090909090909 0.041773231031543054 0.11818181818181818
0 0.19522591645353793 0.4943181818181818 0.042625745950554135 0.1318181818181818
0 0.8644501278772379 0.19829545454545455 0.03410059676044331 0.09431818181818181
0 0.7523444160272805 0.6017045454545454 0.03154305200341006 0.08068181818181819
0 0.690537084398977 0.9159090909090909 0.04092071611253197 0.16590909090909092
0 0.11764705882352941 0.2346590909090909 0.03410059676044331 0.10340909090909091
0 0.3900255754475703 0.8096590909090909 0.05200341005967604 0.1625
0 0.5502983802216539 0.9784090909090909 0.043478260869565216 0.04318181818181818
0 0.3218243819266837 0.7227272727272728 0.041773231031543054 0.12954545454545455
0 0.6112531969309463 0.9460227272727273 0.05115089514066496 0.10795454545454546
0 0.34995737425404944 0.5784090909090909 0.041773231031543054 0.12954545454545455
0 0.45012787723785164 0.5852272727272727 0.0443307757885763 0.125
0 0.47570332480818417 0.9409090909090909 0.05115089514066496 0.11818181818181818
0 0.4011082693947144 0.96875 0.043478260869565216 0.0625
0 0.4360613810741688 0.9352272727272727 0.05370843989769821 0.12954545454545455
0 0.5017050298380221 0.9715909090909091 0.045183290707587385 0.05909090909090909
0 0.6304347826086957 0.9431818181818182 0.041773231031543054 0.11136363636363636
0 0.42412617220801363 0.7443181818181818 0.045183290707587385 0.1318181818181818
