0 0.08653026427962489 0.7147727272727272 0.045183290707587385 0.15
0 0.14705882352941177 0.5897727272727272 0.05200341005967604 0.13636363636363635
0 0.14194373401534527 0.5471590909090909 0.04688832054560955 0.14204545454545456
0 0.19224211423699913 0.5465909090909091 0.05200341005967604 0.1318181818181818
0 0.034526854219948847 0.6886363636363636 0.04688832054560955 0.13636363636363635
0 0.6687979539641944 0.9443181818181818 0.04688832054560955 0.10681818181818181
0 0.6794543904518329 0.9318181818181818 0.03580562659846547 0.12954545454545455
0 0.5763000852514919 0.6738636363636363 0.04603580562659847 0.13863636363636364
0 0.34484228473998296 0.48806818181818185 0.040068201193520885 0.12840909090909092
0 0.479539641943734 0.6403409090909091 0.05711849957374254 0.14886363636363636
0 0.38277919863597615 0.6352272727272728 0.04092071611253197 0.15681818181818183
0 0.30562659846547313 0.2863636363636364 0.03324808184143223 0.10227272727272728
0 0.736999147485081 0.3170454545454545 0.029838022165387893 0.10227272727272728
0 0.7046035805626598 0.2897727272727273 0.03324808184143223 0.11136363636363636
0 0.7600170502983802 0.32386363636363635 0.041773231031543054 0.11136363636363636
0 0.8363171355498721 0.509090909090909 0.042625745950554135 0.1318181818181818
0 0.8077578857630009 0.5238636363636363 0.041773231031543054 0.10909090909090909
0 0.556692242114237 0.26420454545454547 0.03580562659846547 0.10795454545454546
0 0.8324808184143222 0.6431818181818182 0.041773231031543054 0.13863636363636364
0 0.7246376811594203 0.9090909090909091 0.05115089514066496 0.1318181818181818
0 0.7625745950554135 0.9170454545454545 0.040068201193520885 0.1409090909090909
0 0.959079283887468 0.975 0.0443307757885763 0.05
0 0.7868712702472294 0.7988636363636363 0.0443307757885763 0.15681818181818183
0 0.7208013640238704 0.8596590909090909 0.041773231031543054 0.14431818181818182
0 0.8034953111679455 0.65 0.045183290707587385 0.1318181818181818
0 0.7591645353793691 0.5170454545454546 0.03665814151747655 0.13863636363636364
0 0.7821824381926684 0.5119318181818182 0.03324808184143223 0.12386363636363637
0 0.841005967604433 0.1409090909090909 0.03324808184143223 0.09545454545454546
0 0.8124467178175618 0.12613636363636363 0.028985507246376812 0.10227272727272728
0 0.34995737425404944 0.2806818181818182 0.03324808184143223 0.11363636363636363
0 0.3273657289002558 0.2948863636363636 0.0392156862745098 0.09659090909090909
0 0.1287297527706735 0.2255681818181818 0.03239556692242114 0.09886363636363636
0 0.17604433077578857 0.22613636363636364 0.028132992327365727 0.10227272727272728
0 0.21526001705029837 0.19261363636363638 0.029838022165387893 0.10113636363636364
0 0.36828644501278773 0.24545454545454545 0.028985507246376812 0.10454545454545454
0 0.3895993179880648 0.25227272727272726 0.027280477408354646 0.09090909090909091
0 0.4697357203751066 0.44488636363636364 0.0443307757885763 0.13068181818181818
0 0.4198635976129582 0.26988636363636365 0.03836317135549872 0.10113636363636364
0 0.45865302642796246 0.26931818181818185 0.03239556692242114 0.1
0 0.47357203751065646 0.3386363636363636 0.040068201193520885 0.12045454545454545
0 0.44288150042625746 0.25227272727272726 0.028132992327365727 0.08636363636363636
0 0.47271952259164535 0.24204545454545454 0.03154305200341006 0.10454545454545454
0 0.4629156010230179 0.19318181818181818 0.028985507246376812 0.09318181818181819
0 0.45481670929241264 0.17670454545454545 0.028132992327365727 0.09431818181818181
0 0.4194373401534527 0.18579545454545454 0.030690537084398978 0.09659090909090909
0 0.17774936061381075 0.14147727272727273 0.03154305200341006 0.09659090909090909
0 0.2442455242966752 0.18977272727272726 0.03154305200341006 0.10681818181818181
0 0.263000852514919 0.2028409090909091 0.03154305200341006 0.10113636363636364
0 0.2911338448422847 0.20227272727272727 0.029838022165387893 0.09318181818181819
0 0.27621483375959077 0.18806818181818183 0.030690537084398978 0.09431818181818181
0 0.29624893435635125 0.16590909090909092 0.03836317135549872 0.09318181818181819
0 0.505541346973572 0.1846590909090909 0.03239556692242114 0.11022727272727273
0 0.46334185848252346 0.15056818181818182 0.03495311167945439 0.10340909090909091
0 0.48934356351236147 0.13465909090909092 0.028985507246376812 0.09659090909090909
0 0.39045183290707586 0.1715909090909091 0.03239556692242114 0.1
0 0.45822676896845693 0.11022727272727273 0.029838022165387893 0.09772727272727273
0 0.437766410912191 0.11988636363636364 0.021312872975277068 0.06704545454545455
0 0.3175618073316283 0.08238636363636363 0.03495311167945439 0.09886363636363636
0 0.5063938618925832 0.25681818181818183 0.03410059676044331 0.11363636363636363
0 0.06010230179028133 0.39829545454545456 0.05541346973572037 0.11931818181818182
0 0.47698209718670076 0.31420454545454546 0.03665814151747655 0.10340909090909091
0 0.13640238704177324 0.78125 0.04092071611253197 0.14659090909090908
0 0.0034100596760443308 0.5630681818181819 0.005115089514066497 0.11931818181818182
0 0.7459505541346974 0.8136363636363636 0.04603580562659847 0.1431818181818182
0 0.257459505541347 0.8323863636363636 0.04603580562659847 0.14431818181818182
0 0.3013640238704177 0.8181818181818182 0.04688832054560955 0.1590909090909091
0 0.3691389599317988 0.8227272727272728 0.04603580562659847 0.15454545454545454
0 0.034526854219948847 0.30625 0.03665814151747655 0.10113636363636364
0 0.1206308610400682 0.9335227272727272 0.045183290707587385 0.12840909090909092
0 0.29923273657289 0.6272727272727273 0.056265984654731455 0.15227272727272728
0 0.06777493606138107 0.3039772727272727 0.03665814151747655 0.10568181818181818
0 0.017476555839727195 0.5556818181818182 0.03324808184143223 0.12272727272727273
0 0.12148337595907928 0.7090909090909091 0.041773231031543054 0.13636363636363635
0 0.014492753623188406 0.9880681818181818 0.027280477408354646 0.023863636363636365
0 0.09121909633418585 0.9147727272727273 0.05285592497868713 0.15454545454545454
0 0.34271099744245526 0.24886363636363637 0.023870417732310314 0.09772727272727273
0 0.7612958226768969 0.5596590909090909 0.057971014492753624 0.13295454545454546
0 0.7280477408354646 0.27443181818181817 0.03580562659846547 0.1125
0 0.710997442455243 0.24431818181818182 0.042625745950554135 0.10681818181818181
0 0.8823529411764706 0.03125 0.028985507246376812 0.060227272727272727
0 0.855072463768116 0.02727272727272727 0.027280477408354646 0.05227272727272727
0 0.8273657289002557 0.03238636363636364 0.03154305200341006 0.0625
0 0.2208013640238704 0.006818181818181818 0.027280477408354646 0.011363636363636364
0 0.2966751918158568 0.024431818181818183 0.023870417732310314 0.04659090909090909
0 0.3175618073316283 0.026704545454545453 0.026427962489343565 0.05113636363636364
0 0.32225063938618925 0.01534090909090909 0.027280477408354646 0.028409090909090908
0 0.35507246376811596 0.028977272727272727 0.03154305200341006 0.05568181818181818
0 0.37254901960784315 0.10965909090909091 0.028985507246376812 0.09431818181818181
0 0.3751065643648764 0.03125 0.027280477408354646 0.060227272727272727
0 0.3900255754475703 0.0375 0.029838022165387893 0.07272727272727272
0 0.42838874680306904 0.16079545454545455 0.03324808184143223 0.08977272727272727
0 0.49232736572890023 0.05909090909090909 0.03154305200341006 0.09090909090909091
0 0.5140664961636828 0.05909090909090909 0.03239556692242114 0.09090909090909091
0 0.4198635976129582 0.033522727272727273 0.028132992327365727 0.06477272727272727
0 0.4514066496163683 0.03920454545454546 0.03154305200341006 0.07386363636363637
0 0.47911338448422847 0.10397727272727272 0.03239556692242114 0.0875
0 0.566069906223359 0.05795454545454545 0.02557544757033248 0.08636363636363636
0 0.4057971014492754 0.11193181818181819 0.028985507246376812 0.09431818181818181
