0 0.46523579201934706 0.24583333333333332 0.03688029020556227 0.13425925925925927
0 0.4921402660217654 0.22870370370370371 0.032648125755743655 0.11851851851851852
0 0.5698307134220073 0.687962962962963 0.0380894800483676 0.1537037037037037
0 0.5308343409915357 0.6953703703703704 0.049576783555018135 0.1574074074074074
0 0.533857315598549 0.3111111111111111 0.044740024183796856 0.14444444444444443
0 0.5592503022974608 0.36574074074074076 0.037484885126964934 0.13148148148148148
0 0.8654776299879081 0.7314814814814815 0.04171704957678356 0.15925925925925927
0 0.8307134220072552 0.725 0.044740024183796856 0.17407407407407408
0 0.7886940749697703 0.7203703703703703 0.04171704957678356 0.14074074074074075
0 0.8972188633615478 0.325 0.03990326481257558 0.1537037037037037
0 0.5922007255139057 0.34120370370370373 0.03083434099153567 0.125
0 0.9277509068923822 0.4162037037037037 0.04050785973397823 0.1638888888888889
0 0.9737001209189843 0.37546296296296294 0.04050785973397823 0.1527777777777778
0 0.9492140266021766 0.37083333333333335 0.036275695284159616 0.1398148148148148
0 0.5368802902055623 0.22870370370370371 0.03990326481257558 0.14074074074074075
0 0.4785368802902056 0.18009259259259258 0.03688029020556227 0.14722222222222223
0 0.5979443772672309 0.37175925925925923 0.03385731559854897 0.1361111111111111
0 0.6278718258766627 0.37777777777777777 0.034461910519951636 0.14074074074074075
0 0.6055018137847642 0.4009259259259259 0.039298669891172915 0.13703703703703704
0 0.6590084643288996 0.30787037037037035 0.037484885126964934 0.13796296296296295
0 0.7699516324062878 0.6351851851851852 0.0562273276904474 0.17592592592592593
0 0.7418379685610641 0.4685185185185185 0.045949214026602174 0.16111111111111112
0 0.6916565900846433 0.49074074074074076 0.049576783555018135 0.17777777777777778
0 0.6532648125755743 0.36342592592592593 0.034461910519951636 0.12685185185185185
0 0.7119105199516325 0.6712962962962963 0.035671100362756954 0.14074074074074075
0 0.5574365175332527 0.4203703703703704 0.044740024183796856 0.15555555555555556
0 0.6844014510278114 0.41203703703703703 0.04232164449818621 0.1425925925925926
0 0.507255139056832 0.18888888888888888 0.04353083434099154 0.14814814814814814
0 0.6786577992744861 0.27314814814814814 0.04050785973397823 0.1425925925925926
0 0.7303506650544136 0.36898148148148147 0.03869407496977025 0.14537037037037037
0 0.9501209189842805 0.6856481481481481 0.04534461910519952 0.1675925925925926
0 0.9090084643288996 0.6462962962962963 0.03688029020556227 0.14629629629629629
0 0.8833131801692866 0.6481481481481481 0.04353083434099154 0.16111111111111112
0 0.7796251511487303 0.43842592592592594 0.0380894800483676 0.14907407407407408
0 0.7521160822249093 0.37824074074074077 0.032648125755743655 0.1287037037037037
0 0.6505441354292624 0.41388888888888886 0.037484885126964934 0.1425925925925926
0 0.9495163240628779 0.3958333333333333 0.042926239419588876 0.14166666666666666
0 0.9017533252720678 0.44675925925925924 0.0380894800483676 0.14537037037037037
0 0.9153567110036276 0.38796296296296295 0.03990326481257558 0.13148148148148148
0 0.8016928657799275 0.3888888888888889 0.041112454655380895 0.13703703703703704
0 0.8128778718258767 0.4375 0.04534461910519952 0.1527777777777778
0 0.6638452237001209 0.3421296296296296 0.03990326481257558 0.13796296296296295
0 0.9211003627569528 0.6087962962962963 0.039298669891172915 0.14722222222222223
0 0.5181378476420798 0.30925925925925923 0.026602176541717048 0.09444444444444444
0 0.56590084643289 0.26296296296296295 0.03506650544135429 0.13148148148148148
0 0.9531438935912938 0.4537037037037037 0.03688029020556227 0.10740740740740741
0 0.8966142684401451 0.7875 0.05804111245465538 0.16944444444444445
0 0.932285368802902 0.7791666666666667 0.0471584038694075 0.1527777777777778
0 0.2584643288996372 0.21712962962962962 0.03688029020556227 0.10462962962962963
0 0.5909915356711004 0.4101851851851852 0.04050785973397823 0.1574074074074074
0 0.5405078597339782 0.3523148148148148 0.02902055622732769 0.1175925925925926
0 0.6438935912938332 0.2962962962962963 0.03385731559854897 0.12777777777777777
0 0.7769044740024184 0.3958333333333333 0.03385731559854897 0.10092592592592593
0 0.2663240628778718 0.9768518518518519 0.034461910519951636 0.04814814814814815
0 0.014207980652962516 0.33796296296296297 0.02720677146311971 0.1537037037037037
0 0.007859733978234583 0.22824074074074074 0.014510278113663845 0.14166666666666666
0 0.014207980652962516 0.18935185185185185 0.02720677146311971 0.1361111111111111
0 0.023276904474002418 0.08333333333333333 0.04534461910519952 0.13518518518518519
0 0.06408706166868199 0.28888888888888886 0.03990326481257558 0.1388888888888889
0 0.09220072551390568 0.28379629629629627 0.04171704957678356 0.14537037037037037
0 0.05894800483675937 0.06481481481481481 0.03688029020556227 0.11851851851851852
0 0.08706166868198308 0.07916666666666666 0.03506650544135429 0.1287037037037037
0 0.04171704957678356 0.25277777777777777 0.032648125755743655 0.12777777777777777
0 0.09310761789600967 0.21666666666666667 0.03869407496977025 0.13148148148148148
0 0.1475211608222491 0.14166666666666666 0.036275695284159616 0.12407407407407407
0 0.15084643288996372 0.10138888888888889 0.03688029020556227 0.11944444444444445
0 0.22521160822249092 0.046296296296296294 0.03688029020556227 0.09074074074074075
0 0.187726723095526 0.1449074074074074 0.03688029020556227 0.13055555555555556
0 0.20163240628778717 0.04212962962962963 0.028415961305925032 0.07685185185185185
0 0.12394195888754535 0.3814814814814815 0.04836759371221282 0.15185185185185185
0 0.3044135429262394 0.06018518518518518 0.04171704957678356 0.11851851851851852
0 0.3388754534461911 0.08935185185185185 0.035671100362756954 0.13055555555555556
0 0.33706166868198306 0.06111111111111111 0.03204353083434099 0.11666666666666667
0 0.4156590084643289 0.14212962962962963 0.03325272067714631 0.13425925925925927
0 0.4495163240628779 0.022222222222222223 0.02720677146311971 0.04259259259259259
0 0.39631197097944376 0.09675925925925925 0.034461910519951636 0.12314814814814815
0 0.440447400241838 0.07268518518518519 0.03325272067714631 0.125
0 0.4987908101571947 0.0787037037037037 0.037484885126964934 0.14444444444444443
0 0.5646916565900847 0.04212962962962963 0.03506650544135429 0.0824074074074074
0 0.5816203143893591 0.046296296296296294 0.03385731559854897 0.09074074074074075
0 0.469770253929867 0.11898148148148148 0.032648125755743655 0.12685185185185185
0 0.6490326481257558 0.03194444444444444 0.028415961305925032 0.062037037037037036
0 0.6753325272067715 0.02962962962962963 0.02781136638452237 0.05740740740740741
0 0.6130592503022975 0.02546296296296296 0.032648125755743655 0.049074074074074076
0 0.496372430471584 0.13194444444444445 0.03506650544135429 0.13240740740740742
0 0.5069528415961306 0.1587962962962963 0.0380894800483676 0.14722222222222223
0 0.5471584038694075 0.1574074074074074 0.036275695284159616 0.13148148148148148
0 0.5710399032648126 0.14629629629629629 0.039298669891172915 0.13148148148148148
0 0.6000604594921403 0.14629629629629629 0.035671100362756954 0.13148148148148148
0 0.6354292623941958 0.10833333333333334 0.036275695284159616 0.13333333333333333
0 0.653869407496977 0.13055555555555556 0.03204353083434099 0.11481481481481481
0 0.6683796856106409 0.14305555555555555 0.03204353083434099 0.11944444444444445
0 0.7469770253929867 0.10740740740740741 0.03688029020556227 0.13518518518518519
0 0.6813784764207981 0.23564814814814813 0.03385731559854897 0.125
0 0.7113059250302297 0.3125 0.035671100362756954 0.13425925925925927
0 0.7333736396614269 0.30092592592592593 0.03506650544135429 0.13518518518518519
0 0.7300483675937122 0.2439814814814815 0.04050785973397823 0.13240740740740742
0 0.7769044740024184 0.28055555555555556 0.037484885126964934 0.1388888888888889
0 0.7938331318016929 0.2263888888888889 0.03385731559854897 0.13055555555555556
0 0.9906287787182587 0.06296296296296296 0.017533252720677146 0.11851851851851852
0 0.9576783555018138 0.06898148148148148 0.03990326481257558 0.125
0 0.9277509068923822 0.06481481481481481 0.03083434099153567 0.10555555555555556
0 0.9374244256348246 0.08703703703703704 0.03325272067714631 0.12407407407407407
0 0.8648730350665055 0.3439814814814815 0.03204353083434099 0.11203703703703703
0 0.9785368802902056 0.3212962962962963 0.03325272067714631 0.14444444444444443
0 0.9824667472793228 0.23564814814814813 0.032648125755743655 0.13240740740740742
0 0.9588875453446191 0.2652777777777778 0.03869407496977025 0.13425925925925927
0 0.8564087061668681 0.15694444444444444 0.03325272067714631 0.12685185185185185
0 0.8845223700120919 0.15324074074074073 0.036275695284159616 0.11944444444444445
0 0.9531438935912938 0.22870370370370371 0.03688029020556227 0.1388888888888889
0 0.9513301088270859 0.18611111111111112 0.035671100362756954 0.12962962962962962
0 0.9265417170495768 0.18611111111111112 0.04171704957678356 0.1388888888888889
0 0.8730350665054414 0.12777777777777777 0.036275695284159616 0.13333333333333333
0 0.8914752116082225 0.12685185185185185 0.03083434099153567 0.11666666666666667
0 0.8908706166868199 0.44212962962962965 0.02962515114873035 0.09537037037037037
0 0.874546553808948 0.020833333333333332 0.02599758162031439 0.03981481481481482
0 0.20133010882708585 0.02546296296296296 0.032648125755743655 0.049074074074074076
0 0.8476420798065296 0.14722222222222223 0.030229746070133012 0.09444444444444444
0 0.8966142684401451 0.14814814814814814 0.032648125755743655 0.10740740740740741
0 0.9111245465538089 0.12083333333333333 0.030229746070133012 0.11018518518518519
0 0.7424425634824667 0.26805555555555555 0.037484885126964934 0.1175925925925926
0 0.9108222490931076 0.2662037037037037 0.06469165659008465 0.1675925925925926
0 0.849758162031439 0.015277777777777777 0.034461910519951636 0.028703703703703703
0 0.36577992744860943 0.5356481481481481 0.03869407496977025 0.14907407407407408
0 0.0752720677146312 0.47685185185185186 0.04171704957678356 0.15
0 0.04201934703748488 0.5444444444444444 0.04050785973397823 0.14814814814814814
0 0.022067714631197097 0.49722222222222223 0.04171704957678356 0.16111111111111112
0 0.08796856106408706 0.5439814814814815 0.04897218863361548 0.15833333333333333
0 0.8155985489721886 0.3425925925925926 0.032648125755743655 0.13148148148148148
0 0.8325272067714631 0.33564814814814814 0.03385731559854897 0.125
0 0.2512091898428053 0.6476851851851851 0.04534461910519952 0.1675925925925926
0 0.21704957678355502 0.6310185185185185 0.03869407496977025 0.16203703703703703
0 0.35278113663845223 0.6287037037037037 0.035671100362756954 0.14629629629629629
0 0.217956469165659 0.5587962962962963 0.03325272067714631 0.13425925925925927
0 0.22128174123337363 0.5407407407407407 0.036275695284159616 0.1388888888888889
0 0.1837968561064087 0.5365740740740741 0.041112454655380895 0.14166666666666666
0 0.19044740024183796 0.5050925925925925 0.044740024183796856 0.15462962962962962
0 0.14782345828295043 0.5217592592592593 0.039298669891172915 0.14351851851851852
0 0.3624546553808948 0.20972222222222223 0.03325272067714631 0.1287037037037037
0 0.3848246674727932 0.2064814814814815 0.03083434099153567 0.1259259259259259
0 0.2714631197097944 0.4300925925925926 0.0471584038694075 0.1398148148148148
0 0.2678355501813785 0.449537037037037 0.036275695284159616 0.1398148148148148
0 0.24455864570737607 0.9356481481481481 0.044135429262394194 0.1287037037037037
0 0.30652962515114873 0.7597222222222222 0.041112454655380895 0.15462962962962962
0 0.3219467956469166 0.562962962962963 0.0380894800483676 0.14629629629629629
0 0.3422007255139057 0.6851851851851852 0.03869407496977025 0.15555555555555556
0 0.34915356711003626 0.7203703703703703 0.042926239419588876 0.1648148148148148
0 0.6469165659008465 0.8560185185185185 0.05199516324062878 0.19166666666666668
0 0.7067714631197098 0.8861111111111111 0.0471584038694075 0.16296296296296298
0 0.7107013301088271 0.85 0.0380894800483676 0.1425925925925926
0 0.4192865779927449 0.7217592592592592 0.04897218863361548 0.14537037037037037
0 0.6375453446191052 0.6805555555555556 0.051390568319226115 0.14814814814814814
0 0.44256348246674726 0.5101851851851852 0.03385731559854897 0.13703703703703704
0 0.4280532043530834 0.48842592592592593 0.03385731559854897 0.13240740740740742
0 0.2850665054413543 0.20879629629629629 0.039298669891172915 0.13425925925925927
0 0.42019347037484883 0.5736111111111111 0.036275695284159616 0.14907407407407408
0 0.42956469165659006 0.5416666666666666 0.03688029020556227 0.15
0 0.23609431680773882 0.6050925925925926 0.035671100362756954 0.14166666666666666
0 0.28597339782345826 0.5800925925925926 0.05199516324062878 0.16018518518518518
0 0.2883917775090689 0.6296296296296297 0.03869407496977025 0.1685185185185185
0 0.30350665054413545 0.3921296296296296 0.03990326481257558 0.14537037037037037
0 0.32980652962515117 0.3763888888888889 0.0380894800483676 0.13055555555555556
0 0.3022974607013301 0.3675925925925926 0.037484885126964934 0.15
0 0.40417170495767835 0.4439814814814815 0.039298669891172915 0.14351851851851852
0 0.7633010882708585 0.9125 0.042926239419588876 0.13240740740740742
0 0.8201330108827086 0.20324074074074075 0.028415961305925032 0.13055555555555556
0 0.7394195888754534 0.14444444444444443 0.03385731559854897 0.1259259259259259
0 0.6983071342200725 0.9597222222222223 0.05804111245465538 0.08055555555555556
0 0.4821644498186215 0.5518518518518518 0.0380894800483676 0.15
0 0.8730350665054414 0.9203703703703704 0.053204353083434096 0.15925925925925927
0 0.8171100362756953 0.899074074074074 0.06952841596130592 0.17407407407407408
0 0.6405683192261185 0.9574074074074074 0.06348246674727932 0.08703703703703704
0 0.652962515114873 0.7703703703703704 0.0471584038694075 0.17407407407407408
0 0.8473397823458283 0.6416666666666667 0.039298669891172915 0.15
0 0.7965538089480049 0.9773148148148149 0.042926239419588876 0.04722222222222222
0 0.24455864570737607 0.3592592592592593 0.0380894800483676 0.1425925925925926
0 0.5033252720677146 0.49074074074074076 0.044135429262394194 0.15925925925925927
0 0.5166263603385731 0.45787037037037037 0.0380894800483676 0.15833333333333333
0 0.24909310761789602 0.38472222222222224 0.032648125755743655 0.12129629629629629
0 0.9646311970979444 0.6425925925925926 0.044135429262394194 0.1648148148148148
0 0.6992140266021766 0.7592592592592593 0.047762998790810154 0.1537037037037037
0 0.7475816203143894 0.9486111111111111 0.0562273276904474 0.10092592592592593
