0 0.013603385731559855 0.17453703703703705 0.02599758162031439 0.13796296296296295
0 0.09068923821039904 0.14953703703703702 0.037484885126964934 0.11574074074074074
0 0.11487303506650544 0.14675925925925926 0.03990326481257558 0.13425925925925927
0 0.14812575574365175 0.12731481481481483 0.037484885126964934 0.13240740740740742
0 0.19044740024183796 0.12685185185185185 0.04232164449818621 0.12407407407407407
0 0.2327690447400242 0.09537037037037037 0.041112454655380895 0.13148148148148148
0 0.1608222490931076 0.026851851851851852 0.03506650544135429 0.05185185185185185
0 0.47551390568319224 0.19398148148148148 0.03204353083434099 0.11203703703703703
0 0.42230955259975816 0.049074074074074076 0.034461910519951636 0.0962962962962963
0 0.23216444981862153 0.1912037037037037 0.037484885126964934 0.13425925925925927
0 0.4546553808948005 0.17731481481481481 0.037484885126964934 0.12685185185185185
0 0.4419588875453446 0.08287037037037037 0.03143893591293833 0.11574074074074074
0 0.40507859733978235 0.08055555555555556 0.036275695284159616 0.12037037037037036
0 0.3938935912938331 0.15231481481481482 0.03204353083434099 0.12685185185185185
0 0.4325876662636034 0.1476851851851852 0.03204353083434099 0.12129629629629629
0 0.5991535671100363 0.059722222222222225 0.02781136638452237 0.10648148148148148
0 0.5707376058041113 0.05740740740740741 0.03506650544135429 0.11296296296296296
0 0.5435308343409916 0.06342592592592593 0.02781136638452237 0.10277777777777777
0 0.9516324062877872 0.1398148148148148 0.03506650544135429 0.12777777777777777
0 0.9873035066505441 0.03611111111111111 0.02418379685610641 0.07037037037037037
0 0.9244256348246674 0.12731481481481483 0.032648125755743655 0.11388888888888889
0 0.9023579201934704 0.11574074074074074 0.034461910519951636 0.12962962962962962
0 0.6402660217654171 0.14629629629629629 0.032648125755743655 0.12407407407407407
0 0.6553808948004837 0.1736111111111111 0.03990326481257558 0.14537037037037037
0 0.6783555018137848 0.18425925925925926 0.02902055622732769 0.12407407407407407
0 0.6360338573155986 0.030555555555555555 0.032648125755743655 0.05925925925925926
0 0.9685610640870617 0.11388888888888889 0.03990326481257558 0.14629629629629629
0 0.9253325272067715 0.07453703703703704 0.03204353083434099 0.11388888888888889
0 0.8694074969770254 0.15 0.032648125755743655 0.12962962962962962
0 0.849758162031439 0.15046296296296297 0.02962515114873035 0.13425925925925927
0 0.8343409915356711 0.14814814814814814 0.032648125755743655 0.1388888888888889
0 0.6635429262394196 0.1425925925925926 0.03688029020556227 0.13148148148148148
0 0.6523579201934704 0.029166666666666667 0.032648125755743655 0.05648148148148148
0 0.9516324062877872 0.06527777777777778 0.037484885126964934 0.11944444444444445
0 0.9812575574365175 0.09212962962962963 0.03385731559854897 0.1175925925925926
0 0.9613059250302297 0.17824074074074073 0.037484885126964934 0.14351851851851852
0 0.6989117291414753 0.04537037037037037 0.030229746070133012 0.08888888888888889
0 0.8778718258766627 0.14166666666666666 0.03143893591293833 0.11851851851851852
0 0.28536880290205563 0.0875 0.03869407496977025 0.13425925925925927
0 0.31136638452237003 0.075 0.03385731559854897 0.11851851851851852
0 0.9274486094316807 0.0875 0.032648125755743655 0.11203703703703703
0 0.6907496977025392 0.041666666666666664 0.02720677146311971 0.07962962962962963
0 0.37998790810157196 0.5726851851851852 0.03688029020556227 0.15462962962962962
0 0.06559854897218863 0.47129629629629627 0.034461910519951636 0.1425925925925926
0 0.06106408706166868 0.5208333333333334 0.036275695284159616 0.14537037037037037
0 0.03506650544135429 0.4949074074074074 0.03506650544135429 0.15648148148148147
0 0.10368802902055622 0.49027777777777776 0.03688029020556227 0.15648148148148147
0 0.8270858524788391 0.37916666666666665 0.037484885126964934 0.13055555555555556
0 0.8422007255139057 0.3611111111111111 0.03506650544135429 0.12037037037037036
0 0.26934703748488514 0.6902777777777778 0.044135429262394194 0.1712962962962963
0 0.2400241837968561 0.6666666666666666 0.04836759371221282 0.1685185185185185
0 0.37515114873035066 0.6671296296296296 0.034461910519951636 0.14537037037037037
0 0.22944377267230956 0.5958333333333333 0.034461910519951636 0.14907407407407408
0 0.23669891172914148 0.5685185185185185 0.02962515114873035 0.14074074074074075
0 0.19226118500604594 0.5680555555555555 0.04232164449818621 0.13425925925925927
0 0.19921402660217655 0.5337962962962963 0.044135429262394194 0.15648148148148147
0 0.15356711003627568 0.5504629629629629 0.04353083434099154 0.14907407407407408
0 0.37726723095526 0.2439814814814815 0.03385731559854897 0.1287037037037037
0 0.3984280532043531 0.2490740740740741 0.032648125755743655 0.12962962962962962
0 0.6227327690447401 0.42453703703703705 0.044740024183796856 0.12129629629629629
0 0.7200725513905684 0.45601851851851855 0.044740024183796856 0.1398148148148148
0 0.24244256348246676 0.3888888888888889 0.03990326481257558 0.1425925925925926
0 0.23851269649334947 0.4199074074074074 0.034461910519951636 0.14537037037037037
0 0.9788391777509069 0.9717592592592592 0.041112454655380895 0.05648148148148148
0 0.2629987908101572 0.950925925925926 0.049576783555018135 0.1
0 0.28355501813784767 0.48333333333333334 0.03869407496977025 0.1574074074074074
0 0.309552599758162 0.7870370370370371 0.05199516324062878 0.1648148148148148
0 0.17805320435308344 0.43472222222222223 0.035671100362756954 0.15648148148148147
0 0.34008464328899635 0.487962962962963 0.03688029020556227 0.13518518518518519
0 0.25211608222490933 0.7268518518518519 0.044740024183796856 0.16666666666666666
0 0.5157194679564692 0.6518518518518519 0.037484885126964934 0.13518518518518519
0 0.3573155985489722 0.7157407407407408 0.03990326481257558 0.1574074074074074
0 0.3600362756952842 0.7518518518518519 0.039298669891172915 0.1685185185185185
0 0.5855501813784765 0.6296296296296297 0.044135429262394194 0.16296296296296298
0 0.620918984280532 0.6518518518518519 0.044740024183796856 0.16296296296296298
0 0.6390568319226119 0.6328703703703704 0.02902055622732769 0.13425925925925927
0 0.4307738814993954 0.7550925925925925 0.046553808948004836 0.14907407407407408
0 0.6765417170495768 0.6916666666666667 0.05199516324062878 0.14444444444444443
0 0.4625151148730351 0.6444444444444445 0.03869407496977025 0.1574074074074074
0 0.4588875453446191 0.5504629629629629 0.041112454655380895 0.13796296296296295
0 0.4477025392986699 0.5157407407407407 0.044135429262394194 0.10740740740740741
0 0.496372430471584 0.6185185185185185 0.04232164449818621 0.1537037037037037
0 0.5447400241837969 0.6337962962962963 0.041112454655380895 0.15648148148148147
0 0.40810157194679564 0.02824074074074074 0.03143893591293833 0.05462962962962963
0 0.9806529625151149 0.2902777777777778 0.036275695284159616 0.10648148148148148
0 0.75 0.8231481481481482 0.044135429262394194 0.1648148148148148
0 0.7896009673518742 0.8398148148148148 0.04232164449818621 0.15185185185185185
0 0.4274486094316808 0.6018518518518519 0.044740024183796856 0.15
0 0.4625151148730351 0.5944444444444444 0.037484885126964934 0.13703703703703704
0 0.08252720677146312 0.7236111111111111 0.044135429262394194 0.15462962962962962
0 0.5353688029020556 0.7106481481481481 0.044135429262394194 0.16574074074074074
0 0.5643893591293833 0.7212962962962963 0.046553808948004836 0.1648148148148148
0 0.04050785973397823 0.7148148148148148 0.041112454655380895 0.1537037037037037
0 0.07164449818621524 0.3162037037037037 0.035671100362756954 0.1287037037037037
0 0.1163845223700121 0.3125 0.04171704957678356 0.14166666666666666
0 0.9628174123337364 0.2569444444444444 0.03204353083434099 0.12685185185185185
0 0.9474002418379686 0.2949074074074074 0.03869407496977025 0.13796296296296295
0 0.9431680773881499 0.2574074074074074 0.036275695284159616 0.12407407407407407
0 0.6411729141475212 0.7240740740740741 0.044135429262394194 0.17037037037037037
0 0.6064087061668681 0.7328703703703704 0.041112454655380895 0.16018518518518518
0 0.24516324062877873 0.65 0.04171704957678356 0.1685185185185185
0 0.29353083434099153 0.6106481481481482 0.04897218863361548 0.16574074074074074
0 0.29353083434099153 0.6712962962962963 0.03688029020556227 0.1648148148148148
0 0.33615477629987905 0.38935185185185184 0.03869407496977025 0.12314814814814815
0 0.31257557436517536 0.43148148148148147 0.04232164449818621 0.14814814814814814
0 0.34582829504232165 0.4148148148148148 0.03990326481257558 0.13518518518518519
0 0.3013905683192261 0.3925925925925926 0.03204353083434099 0.1425925925925926
0 0.8013905683192262 0.2574074074074074 0.03204353083434099 0.13148148148148148
0 0.8213422007255139 0.2564814814814815 0.0380894800483676 0.14814814814814814
0 0.11396614268440144 0.7791666666666667 0.0380894800483676 0.16203703703703703
0 0.08978234582829504 0.7601851851851852 0.046553808948004836 0.1814814814814815
0 0.46644498186215233 0.4462962962962963 0.039298669891172915 0.14814814814814814
0 0.43893591293833134 0.4412037037037037 0.037484885126964934 0.14537037037037037
0 0.914752116082225 0.8092592592592592 0.044740024183796856 0.17592592592592593
0 0.8845223700120919 0.8300925925925926 0.053204353083434096 0.15462962962962962
0 0.9449818621523579 0.6921296296296297 0.05078597339782346 0.16018518518518518
0 0.9014510278113664 0.6828703703703703 0.053204353083434096 0.1638888888888889
0 0.6136638452237001 0.8115740740740741 0.05441354292623942 0.1712962962962963
0 0.5102781136638452 0.3277777777777778 0.03506650544135429 0.13148148148148148
0 0.11426844014510278 0.5601851851851852 0.0471584038694075 0.1814814814814815
0 0.009068923821039904 0.6597222222222222 0.016928657799274487 0.14351851851851852
0 0.841596130592503 0.5291666666666667 0.04232164449818621 0.1638888888888889
0 0.8688029020556227 0.5217592592592593 0.04353083434099154 0.15648148148148147
0 0.2593712212817412 0.22361111111111112 0.032648125755743655 0.11574074074074074
0 0.22914147521160821 0.21342592592592594 0.041112454655380895 0.13796296296296295
0 0.1496372430471584 0.17083333333333334 0.03688029020556227 0.13425925925925927
0 0.6463119709794438 0.43796296296296294 0.04353083434099154 0.14074074074074075
0 0.012091898428053204 0.7310185185185185 0.022974607013301087 0.15092592592592594
0 0.5752720677146312 0.8111111111111111 0.039298669891172915 0.12962962962962962
0 0.7759975816203144 0.6736111111111112 0.04171704957678356 0.1287037037037037
0 0.7406287787182587 0.6699074074074074 0.041112454655380895 0.16018518518518518
0 0.16928657799274485 0.19583333333333333 0.03506650544135429 0.12129629629629629
0 0.6970979443772672 0.6328703703703704 0.044740024183796856 0.14351851851851852
0 0.7273276904474002 0.6240740740740741 0.037484885126964934 0.1685185185185185
0 0.10066505441354293 0.6486111111111111 0.051390568319226115 0.15092592592592594
0 0.12726723095525996 0.6574074074074074 0.04050785973397823 0.15925925925925927
0 0.058645707376058044 0.6578703703703703 0.037484885126964934 0.14907407407407408
0 0.6955864570737605 0.7305555555555555 0.03688029020556227 0.11481481481481481
0 0.6698911729141476 0.43703703703703706 0.036275695284159616 0.13518518518518519
0 0.7551390568319226 0.787962962962963 0.053204353083434096 0.17407407407407408
0 0.5550181378476421 0.9412037037037037 0.04232164449818621 0.11944444444444445
0 0.8035066505441354 0.7462962962962963 0.04836759371221282 0.17222222222222222
0 0.7977629987908101 0.7138888888888889 0.046553808948004836 0.15555555555555556
0 0.847037484885127 0.7731481481481481 0.044740024183796856 0.1814814814814815
0 0.8639661426844014 0.6143518518518518 0.037484885126964934 0.16574074074074074
0 0.314087061668682 0.9023148148148148 0.051390568319226115 0.16944444444444445
0 0.7986698911729141 0.2300925925925926 0.03869407496977025 0.14722222222222223
0 0.8234582829504232 0.21851851851851853 0.03385731559854897 0.12407407407407407
0 0.9017533252720678 0.3712962962962963 0.04534461910519952 0.14814814814814814
0 0.6714026602176542 0.3685185185185185 0.039298669891172915 0.14629629629629629
0 0.6883313180169287 0.34120370370370373 0.035671100362756954 0.1361111111111111
0 0.8869407496977025 0.48518518518518516 0.05078597339782346 0.15555555555555556
0 0.44014510278113667 0.24583333333333332 0.03506650544135429 0.1287037037037037
0 0.4655380894800484 0.26157407407407407 0.03506650544135429 0.13425925925925927
0 0.6457073760580411 0.2611111111111111 0.037484885126964934 0.14814814814814814
0 0.6076178960096735 0.18888888888888888 0.03506650544135429 0.13703703703703704
0 0.5828295042321644 0.16203703703703703 0.04232164449818621 0.13333333333333333
0 0.006650544135429262 0.5018518518518519 0.012091898428053204 0.14074074074074075
0 0.23458282950423218 0.29768518518518516 0.04232164449818621 0.14351851851851852
0 0.2037484885126965 0.3087962962962963 0.04232164449818621 0.12129629629629629
0 0.017533252720677146 0.3490740740740741 0.03385731559854897 0.1574074074074074
0 0.04564691656590085 0.34305555555555556 0.03325272067714631 0.1398148148148148
0 0.19044740024183796 0.2537037037037037 0.03990326481257558 0.12407407407407407
0 0.018137847642079808 0.449537037037037 0.03506650544135429 0.14907407407407408
0 0.14600967351874244 0.23055555555555557 0.03688029020556227 0.14074074074074075
0 0.05229746070133011 0.2388888888888889 0.044135429262394194 0.14629629629629629
0 0.10096735187424426 0.21944444444444444 0.04232164449818621 0.1425925925925926
0 0.8672914147521161 0.38101851851851853 0.04050785973397823 0.1361111111111111
0 0.9313784764207981 0.34120370370370373 0.034461910519951636 0.11574074074074074
0 0.9573760580411125 0.3351851851851852 0.035671100362756954 0.13518518518518519
0 0.8872430471584039 0.3037037037037037 0.03688029020556227 0.14074074074074075
0 0.8050181378476421 0.15648148148148147 0.02962515114873035 0.12962962962962962
0 0.9171704957678356 0.29583333333333334 0.037484885126964934 0.15092592592592594
0 0.05804111245465538 0.3990740740740741 0.03506650544135429 0.1388888888888889
0 0.10006045949214026 0.38796296296296295 0.034461910519951636 0.14629629629629629
0 0.09250302297460701 0.37222222222222223 0.032648125755743655 0.14074074074074075
0 0.9824667472793228 0.387037037037037 0.03385731559854897 0.12962962962962962
0 0.907496977025393 0.20324074074074075 0.03143893591293833 0.1287037037037037
0 0.08282950423216445 0.4236111111111111 0.03385731559854897 0.12129629629629629
0 0.017230955259975818 0.2777777777777778 0.03325272067714631 0.14814814814814814
0 0.2530229746070133 0.16666666666666666 0.034461910519951636 0.12962962962962962
0 0.8923821039903265 0.2824074074074074 0.03506650544135429 0.13518518518518519
0 0.9159613059250302 0.22083333333333333 0.037484885126964934 0.12314814814814815
0 0.9129383313180169 0.350462962962963 0.03990326481257558 0.13796296296296295
0 0.7164449818621523 0.6925925925925925 0.04353083434099154 0.15185185185185185
0 0.11185006045949214 0.9342592592592592 0.04836759371221282 0.13333333333333333
0 0.5967351874244257 0.26805555555555555 0.03506650544135429 0.13425925925925927
0 0.046553808948004836 0.9578703703703704 0.041112454655380895 0.08611111111111111
0 0.009975816203143894 0.8199074074074074 0.018742442563482467 0.1638888888888889
0 0.008766626360338573 0.4273148148148148 0.016324062877871828 0.15462962962962962
