0 0.7994791666666666 0.8717592592592592 0.06354166666666666 0.25833333333333336
0 0.22057291666666667 0.45092592592592595 0.0359375 0.1648148148148148
0 0.19765625 0.48842592592592593 0.050520833333333334 0.1398148148148148
0 0.1734375 0.44212962962962965 0.05 0.18796296296296297
0 0.3067708333333333 0.8152777777777778 0.06770833333333333 0.29907407407407405
0 0.23958333333333334 0.8569444444444444 0.0875 0.2861111111111111
0 0.16536458333333334 0.8157407407407408 0.07135416666666666 0.31851851851851853
0 0.278125 0.5504629629629629 0.04895833333333333 0.2212962962962963
0 0.38723958333333336 0.5615740740740741 0.03802083333333333 0.18055555555555555
0 0.35130208333333335 0.5402777777777777 0.050520833333333334 0.21574074074074073
0 0.30911458333333336 0.5282407407407408 0.044270833333333336 0.2101851851851852
0 0.5846354166666666 0.524074074074074 0.0453125 0.1962962962962963
0 0.5403645833333334 0.5268518518518519 0.044270833333333336 0.2037037037037037
0 0.6265625 0.4736111111111111 0.04895833333333333 0.18055555555555555
0 0.38619791666666664 0.4546296296296296 0.03177083333333333 0.17592592592592593
0 0.3463541666666667 0.44305555555555554 0.040625 0.1787037037037037
0 0.5455729166666666 0.4527777777777778 0.03802083333333333 0.17962962962962964
0 0.5072916666666667 0.45740740740740743 0.03854166666666667 0.19074074074074074
0 0.28072916666666664 0.44351851851851853 0.030208333333333334 0.13703703703703704
0 0.265625 0.5120370370370371 0.04375 0.2074074074074074
0 0.45078125 0.43703703703703706 0.0359375 0.16666666666666666
0 0.40520833333333334 0.41203703703703703 0.03333333333333333 0.18333333333333332
0 0.4127604166666667 0.4361111111111111 0.03802083333333333 0.1685185185185185
0 0.38177083333333334 0.30277777777777776 0.030208333333333334 0.14074074074074075
0 0.35572916666666665 0.31203703703703706 0.03333333333333333 0.13148148148148148
0 0.7854166666666667 0.36157407407407405 0.030208333333333334 0.17314814814814813
0 0.4640625 0.40555555555555556 0.036458333333333336 0.17777777777777778
0 0.515625 0.40694444444444444 0.041666666666666664 0.18425925925925926
0 0.49114583333333334 0.4361111111111111 0.03229166666666667 0.1537037037037037
0 0.32916666666666666 0.42592592592592593 0.036458333333333336 0.16296296296296298
0 0.29739583333333336 0.38796296296296295 0.03854166666666667 0.14814814814814814
0 0.4549479166666667 0.36018518518518516 0.027604166666666666 0.13518518518518519
0 0.49244791666666665 0.3587962962962963 0.03177083333333333 0.14351851851851852
0 0.3307291666666667 0.36712962962962964 0.03229166666666667 0.15092592592592594
0 0.47994791666666664 0.3296296296296296 0.0296875 0.12037037037037036
0 0.5513020833333333 0.4273148148148148 0.0359375 0.1712962962962963
0 0.5088541666666667 0.32685185185185184 0.03125 0.11851851851851852
0 0.3859375 0.32175925925925924 0.03229166666666667 0.14537037037037037
0 0.4276041666666667 0.32314814814814813 0.030208333333333334 0.13703703703703704
0 0.4434895833333333 0.26990740740740743 0.025520833333333333 0.12129629629629629
0 0.4510416666666667 0.30324074074074076 0.030208333333333334 0.13240740740740742
0 0.39036458333333335 0.2810185185185185 0.025520833333333333 0.1175925925925926
0 0.09010416666666667 0.5518518518518518 0.040625 0.1925925925925926
0 0.13229166666666667 0.5032407407407408 0.040625 0.19537037037037036
0 0.46770833333333334 0.2861111111111111 0.029166666666666667 0.12962962962962962
0 0.020052083333333335 0.8736111111111111 0.0390625 0.25462962962962965
0 0.35963541666666665 0.4824074074074074 0.03802083333333333 0.1925925925925926
0 0.37421875 0.500462962962963 0.04114583333333333 0.1935185185185185
0 0.5690104166666666 0.287962962962963 0.03177083333333333 0.12962962962962962
0 0.4828125 0.2810185185185185 0.030208333333333334 0.13796296296296295
0 0.41302083333333334 0.3162037037037037 0.027083333333333334 0.11944444444444445
0 0.76953125 0.3824074074074074 0.027604166666666666 0.1685185185185185
0 0.5450520833333333 0.2824074074074074 0.027604166666666666 0.1111111111111111
