0 0.7966145833333333 0.8625 0.07239583333333334 0.275
0 0.2328125 0.47685185185185186 0.042708333333333334 0.17037037037037037
0 0.19453125 0.5083333333333333 0.04010416666666667 0.14074074074074075
0 0.1890625 0.46296296296296297 0.051041666666666666 0.19814814814814816
0 0.246875 0.4652777777777778 0.041666666666666664 0.1675925925925926
0 0.35260416666666666 0.7481481481481481 0.06666666666666667 0.2814814814814815
0 0.290625 0.7648148148148148 0.06875 0.2777777777777778
0 0.21302083333333333 0.7226851851851852 0.06041666666666667 0.2861111111111111
0 0.2994791666666667 0.5157407407407407 0.053125 0.20925925925925926
0 0.9026041666666667 0.5231481481481481 0.051041666666666666 0.19814814814814816
0 0.39557291666666666 0.5175925925925926 0.0359375 0.1648148148148148
0 0.3611979166666667 0.5 0.04635416666666667 0.20185185185185187
0 0.3229166666666667 0.4925925925925926 0.042708333333333334 0.20185185185185187
0 0.5565104166666667 0.48518518518518516 0.0453125 0.18518518518518517
0 0.51171875 0.48842592592592593 0.0421875 0.1935185185185185
0 0.5234375 0.4388888888888889 0.040625 0.16296296296296298
0 0.38515625 0.43333333333333335 0.03177083333333333 0.1537037037037037
0 0.3463541666666667 0.42083333333333334 0.03854166666666667 0.1787037037037037
0 0.46588541666666666 0.4287037037037037 0.034895833333333334 0.17407407407407408
0 0.4388020833333333 0.4287037037037037 0.033854166666666664 0.17592592592592593
0 0.44453125 0.3449074074074074 0.03177083333333333 0.12314814814814815
0 0.28619791666666666 0.4675925925925926 0.04010416666666667 0.1925925925925926
0 0.4200520833333333 0.40925925925925927 0.03177083333333333 0.1574074074074074
0 0.40260416666666665 0.3773148148148148 0.03333333333333333 0.15462962962962962
0 0.3919270833333333 0.4050925925925926 0.03802083333333333 0.15648148148148147
0 0.35885416666666664 0.2865740740740741 0.030208333333333334 0.1398148148148148
0 0.334375 0.2884259259259259 0.026041666666666668 0.1175925925925926
0 0.7833333333333333 0.3625 0.03125 0.17314814814814813
0 0.4661458333333333 0.38287037037037036 0.036458333333333336 0.16574074074074074
0 0.5526041666666667 0.39351851851851855 0.034375 0.18518518518518517
0 0.51015625 0.4027777777777778 0.0328125 0.17592592592592593
0 0.4786458333333333 0.4152777777777778 0.029166666666666667 0.14907407407407408
0 0.43203125 0.3958333333333333 0.0296875 0.15462962962962962
0 0.32369791666666664 0.4064814814814815 0.0359375 0.16296296296296298
0 0.47317708333333336 0.3416666666666667 0.027604166666666666 0.12962962962962962
0 0.4979166666666667 0.3375 0.03229166666666667 0.14351851851851852
0 0.4747395833333333 0.3087962962962963 0.027604166666666666 0.12129629629629629
0 0.5388020833333333 0.41203703703703703 0.03177083333333333 0.17037037037037037
0 0.5083333333333333 0.3023148148148148 0.028125 0.11574074074074074
0 0.37786458333333334 0.300462962962963 0.03177083333333333 0.14351851851851852
0 0.40963541666666664 0.3037037037037037 0.0296875 0.13703703703703704
0 0.4140625 0.25462962962962965 0.025 0.12037037037037036
0 0.43671875 0.28425925925925927 0.03177083333333333 0.13148148148148148
0 0.3734375 0.2625 0.026041666666666668 0.11574074074074074
0 0.09140625 0.549537037037037 0.0390625 0.1935185185185185
0 0.13125 0.500462962962963 0.03958333333333333 0.19537037037037036
0 0.45364583333333336 0.26990740740740743 0.030208333333333334 0.12129629629629629
0 0.42682291666666666 0.47453703703703703 0.04114583333333333 0.1935185185185185
0 0.43463541666666666 0.5060185185185185 0.04010416666666667 0.20092592592592592
0 0.5671875 0.27037037037037037 0.028125 0.12407407407407407
0 0.45625 0.25833333333333336 0.03125 0.12962962962962962
0 0.60703125 0.3574074074074074 0.03177083333333333 0.13518518518518519
0 0.7684895833333333 0.37962962962962965 0.028645833333333332 0.1685185185185185
0 0.5252604166666667 0.26805555555555555 0.025520833333333333 0.11018518518518519
