0 0.7433930093776641 0.6068181818181818 0.04603580562659847 0.1318181818181818
0 0.03580562659846547 0.2 0.03239556692242114 0.09318181818181819
0 0.4629156010230179 0.5727272727272728 0.03751065643648764 0.11818181818181818
0 0.30988917306052854 0.3034090909090909 0.03836317135549872 0.1
0 0.5366581415174766 0.3170454545454545 0.03495311167945439 0.1
0 0.30221653878942883 0.23863636363636365 0.03324808184143223 0.09772727272727273
0 0.5238704177323104 0.24375 0.03154305200341006 0.09431818181818181
0 0.2591645353793691 0.22215909090909092 0.027280477408354646 0.10113636363636364
0 0.236999147485081 0.20795454545454545 0.03410059676044331 0.09772727272727273
0 0.20801364023870417 0.19829545454545455 0.03239556692242114 0.10113636363636364
0 0.49658994032395565 0.24886363636363637 0.03665814151747655 0.10227272727272728
0 0.31585677749360613 0.1846590909090909 0.03324808184143223 0.09431818181818181
0 0.16624040920716113 0.12272727272727273 0.03580562659846547 0.09090909090909091
0 0.21739130434782608 0.13295454545454546 0.023870417732310314 0.07045454545454545
0 0.24168797953964194 0.11704545454545455 0.028132992327365727 0.09318181818181819
0 0.31415174765558396 0.125 0.03324808184143223 0.09772727272727273
0 0.34654731457800514 0.12897727272727272 0.03324808184143223 0.10113636363636364
0 0.3772378516624041 0.12613636363636363 0.03324808184143223 0.09545454545454546
0 0.41389599317988063 0.11306818181818182 0.028132992327365727 0.0875
0 0.5 0.18409090909090908 0.03324808184143223 0.10681818181818181
0 0.5247229326513214 0.17045454545454544 0.028132992327365727 0.09318181818181819
0 0.5051150895140665 0.12045454545454545 0.0247229326513214 0.09090909090909091
0 0.3393009377664109 0.06818181818181818 0.028985507246376812 0.08409090909090909
0 0.4258312020460358 0.05284090909090909 0.028132992327365727 0.08977272727272727
0 0.4040920716112532 0.05227272727272727 0.028985507246376812 0.08863636363636364
0 0.8981244671781756 0.0875 0.028132992327365727 0.08409090909090909
0 0.8930093776641091 0.06931818181818182 0.03324808184143223 0.08409090909090909
0 0.8431372549019608 0.09545454545454546 0.028985507246376812 0.09772727272727273
0 0.8350383631713555 0.05738636363636364 0.028132992327365727 0.0875
0 0.8162830349531117 0.1318181818181818 0.03324808184143223 0.10227272727272728
0 0.2216538789428815 0.07613636363636364 0.028985507246376812 0.08409090909090909
0 0.20801364023870417 0.07443181818181818 0.023870417732310314 0.07613636363636364
0 0.7348678601875532 0.43863636363636366 0.04774083546462063 0.1318181818181818
0 0.7766410912190963 0.4335227272727273 0.03751065643648764 0.13068181818181818
0 0.7791986359761296 0.5386363636363637 0.0392156862745098 0.11136363636363636
0 0.7306052855924978 0.5482954545454546 0.03751065643648764 0.1215909090909091
0 0.43137254901960786 0.5818181818181818 0.03239556692242114 0.08409090909090909
0 0.5626598465473146 0.41875 0.042625745950554135 0.1215909090909091
0 0.3312020460358056 0.2340909090909091 0.03154305200341006 0.09318181818181819
0 0.5281329923273658 0.20909090909090908 0.03324808184143223 0.10227272727272728
0 0.4722932651321398 0.023295454545454546 0.023870417732310314 0.04431818181818182
0 0.0886615515771526 0.6926136363636364 0.0494458653026428 0.12840909090909092
0 0.5093776641091219 0.21136363636363636 0.03154305200341006 0.08863636363636364
0 0.526001705029838 0.4960227272727273 0.04603580562659847 0.13522727272727272
0 0.3836317135549872 0.5028409090909091 0.04092071611253197 0.11704545454545455
0 0.4083546462063086 0.4409090909090909 0.03751065643648764 0.125
0 0.5711849957374254 0.5107954545454545 0.04774083546462063 0.1215909090909091
0 0.41901108269394716 0.5142045454545454 0.05200341005967604 0.12840909090909092
0 0.45098039215686275 0.5426136363636364 0.03580562659846547 0.08295454545454546
0 0.040068201193520885 0.6386363636363637 0.0443307757885763 0.13863636363636364
0 0.3052003410059676 0.4744318181818182 0.04092071611253197 0.12840909090909092
0 0.3307757885763001 0.48125 0.04092071611253197 0.1215909090909091
0 0.04092071611253197 0.29261363636363635 0.03410059676044331 0.10795454545454546
0 0.5583972719522592 0.4772727272727273 0.04603580562659847 0.125
0 0.36231884057971014 0.4153409090909091 0.04603580562659847 0.1215909090909091
0 0.47655583972719523 0.36079545454545453 0.042625745950554135 0.11022727272727273
0 0.09803921568627451 0.26534090909090907 0.0392156862745098 0.10113636363636364
0 0.07246376811594203 0.2715909090909091 0.03580562659846547 0.11136363636363636
0 0.17689684569479966 0.19147727272727272 0.029838022165387893 0.09204545454545454
0 0.5754475703324808 0.22386363636363638 0.023870417732310314 0.10681818181818181
0 0.19522591645353793 0.3068181818181818 0.0392156862745098 0.11363636363636363
0 0.34398976982097185 0.25227272727272726 0.03324808184143223 0.10681818181818181
0 0.3695652173913043 0.2551136363636364 0.03324808184143223 0.1125
0 0.40238704177323104 0.25227272727272726 0.03751065643648764 0.10227272727272728
0 0.2915601023017903 0.36420454545454545 0.0392156862745098 0.10113636363636364
0 0.510230179028133 0.36704545454545456 0.03836317135549872 0.11818181818181818
0 0.26001705029838024 0.1431818181818182 0.028985507246376812 0.09318181818181819
0 0.473998294970162 0.275 0.03410059676044331 0.09772727272727273
0 0.3640238704177323 0.821590909090909 0.04774083546462063 0.14545454545454545
0 0.44799658994032393 0.20227272727272727 0.03324808184143223 0.09772727272727273
0 0.27664109121909636 0.14659090909090908 0.028132992327365727 0.09772727272727273
0 0.2310315430520034 0.31420454545454546 0.0392156862745098 0.10340909090909091
0 0.3256606990622336 0.35568181818181815 0.04774083546462063 0.12954545454545455
0 0.7186700767263428 0.3352272727272727 0.042625745950554135 0.11136363636363636
0 0.3435635123614663 0.19318181818181818 0.028985507246376812 0.08409090909090909
0 0.5123614663256607 0.740909090909091 0.042625745950554135 0.1590909090909091
0 0.11082693947144075 0.9818181818181818 0.04092071611253197 0.03636363636363636
0 0.1568627450980392 0.9823863636363637 0.03751065643648764 0.035227272727272725
0 0.8913043478260869 0.9676136363636364 0.05200341005967604 0.06704545454545455
0 0.3491048593350384 0.9693181818181819 0.045183290707587385 0.06363636363636363
0 0.4816709292412617 0.7426136363636363 0.0392156862745098 0.14204545454545456
0 0.028985507246376812 0.6238636363636364 0.0392156862745098 0.09772727272727273
0 0.5191815856777494 0.6909090909090909 0.042625745950554135 0.11818181818181818
0 0.5507246376811594 0.6920454545454545 0.03580562659846547 0.12727272727272726
0 0.45481670929241264 0.26136363636363635 0.03665814151747655 0.11136363636363636
0 0.004688832054560955 0.6238636363636364 0.0076726342710997444 0.07954545454545454
0 0.7941176470588235 0.5897727272727272 0.03836317135549872 0.11818181818181818
