0 0.4782345828295042 0.30277777777777776 0.03990326481257558 0.14074074074074075
0 0.50453446191052 0.2800925925925926 0.034461910519951636 0.125
0 0.6172914147521161 0.8078703703703703 0.049576783555018135 0.15092592592592594
0 0.5583434099153567 0.8162037037037037 0.05259975816203144 0.16944444444444445
0 0.5456469165659008 0.39861111111111114 0.051390568319226115 0.14537037037037037
0 0.5752720677146312 0.4597222222222222 0.04171704957678356 0.14907407407407408
0 0.9461910519951633 0.9166666666666666 0.045949214026602174 0.14629629629629629
0 0.9044740024183797 0.9157407407407407 0.05078597339782346 0.17037037037037037
0 0.8542926239419589 0.9111111111111111 0.04232164449818621 0.13703703703703704
0 0.900241837968561 0.45046296296296295 0.04353083434099154 0.1638888888888889
0 0.619105199516324 0.4351851851851852 0.032648125755743655 0.12962962962962962
0 0.9564691656590084 0.524074074074074 0.0471584038694075 0.1574074074074074
0 0.9830713422007256 0.4615740740740741 0.032648125755743655 0.13425925925925927
0 0.5405078597339782 0.2884259259259259 0.041112454655380895 0.15092592592592594
0 0.46009673518742444 0.20601851851851852 0.04232164449818621 0.15462962962962962
0 0.6169891172914147 0.4736111111111111 0.039298669891172915 0.16203703703703703
0 0.650241837968561 0.45925925925925926 0.034461910519951636 0.13703703703703704
0 0.6185006045949214 0.5018518518518519 0.04232164449818621 0.15185185185185185
0 0.6695888754534461 0.3768518518518518 0.04171704957678356 0.1425925925925926
0 0.8174123337363967 0.850925925925926 0.06166868198307134 0.1962962962962963
0 0.7088875453446191 0.5550925925925926 0.042926239419588876 0.17314814814814813
0 0.6629383313180169 0.562962962962963 0.047762998790810154 0.17777777777777778
0 0.6783555018137848 0.46111111111111114 0.037484885126964934 0.15185185185185185
0 0.7817412333736397 0.875462962962963 0.04353083434099154 0.16018518518518518
0 0.5423216444981862 0.4898148148148148 0.04353083434099154 0.15185185185185185
0 0.7191656590084643 0.5106481481481482 0.044135429262394194 0.15648148148148147
0 0.496372430471584 0.21944444444444444 0.04353083434099154 0.15185185185185185
0 0.6961910519951633 0.3490740740740741 0.046553808948004836 0.16296296296296298
0 0.7772067714631197 0.5115740740740741 0.04897218863361548 0.16574074074074074
0 0.9830713422007256 0.8148148148148148 0.03143893591293833 0.15925925925925927
0 0.9625151148730351 0.8240740740740741 0.05078597339782346 0.18518518518518517
0 0.8041112454655381 0.575925925925926 0.04353083434099154 0.15555555555555556
0 0.8056227327690447 0.5222222222222223 0.04171704957678356 0.1388888888888889
0 0.6816807738814994 0.5060185185185185 0.039298669891172915 0.14722222222222223
0 0.9703748488512697 0.49027777777777776 0.044740024183796856 0.15462962962962962
0 0.9455864570737605 0.5819444444444445 0.044740024183796856 0.14351851851851852
0 0.93863361547763 0.4898148148148148 0.04171704957678356 0.14629629629629629
0 0.8512696493349455 0.49398148148148147 0.0471584038694075 0.14907407407407408
0 0.843409915356711 0.5828703703703704 0.04836759371221282 0.16574074074074074
0 0.6995163240628779 0.4300925925925926 0.04232164449818621 0.14351851851851852
0 0.5226723095525998 0.4097222222222222 0.02962515114873035 0.11018518518518519
0 0.5922007255139057 0.3416666666666667 0.0380894800483676 0.14074074074074075
0 0.977932285368803 0.562962962962963 0.03204353083434099 0.10185185185185185
0 0.14631197097944376 0.2847222222222222 0.03990326481257558 0.09907407407407408
0 0.5792019347037485 0.4981481481481482 0.04232164449818621 0.17037037037037037
0 0.5480652962515115 0.4449074074074074 0.03204353083434099 0.12314814814814815
0 0.6414752116082225 0.33796296296296297 0.03506650544135429 0.13518518518518519
0 0.8243651753325272 0.49074074074074076 0.03688029020556227 0.11296296296296296
0 0.1847037484885127 0.7652777777777777 0.06831922611850061 0.17314814814814813
0 0.16203143893591293 0.7328703703703704 0.06287787182587666 0.15648148148148147
0 0.03143893591293833 0.4125 0.041112454655380895 0.14537037037037037
0 0.06136638452237001 0.4078703703703704 0.04050785973397823 0.15833333333333333
0 0.002720677146311971 0.1486111111111111 0.004232164449818622 0.13796296296296295
0 0.03839177750906892 0.15925925925925927 0.039298669891172915 0.12962962962962962
0 0.20435308343409916 0.23564814814814813 0.037484885126964934 0.12314814814814815
0 0.2699516324062878 0.19027777777777777 0.046553808948004836 0.125
0 0.05350665054413543 0.22453703703703703 0.039298669891172915 0.12685185185185185
0 0.07769044740024184 0.16898148148148148 0.03688029020556227 0.12685185185185185
0 0.16717049576783555 0.10787037037037037 0.046553808948004836 0.13240740740740742
0 0.09068923821039904 0.2152777777777778 0.03990326481257558 0.13240740740740742
0 0.1435912938331318 0.08935185185185185 0.03204353083434099 0.1287037037037037
0 0.016928657799274487 0.525 0.032648125755743655 0.16111111111111112
0 0.2457678355501814 0.11388888888888889 0.04171704957678356 0.14629629629629629
0 0.24365175332527206 0.16944444444444445 0.04232164449818621 0.13518518518518519
0 0.29957678355501816 0.1398148148148148 0.03688029020556227 0.13518518518518519
0 0.4371221281741233 0.2361111111111111 0.03506650544135429 0.13518518518518519
0 0.439540507859734 0.06435185185185185 0.03990326481257558 0.12685185185185185
0 0.39903264812575573 0.15 0.037484885126964934 0.12962962962962962
0 0.5389963724304716 0.16944444444444445 0.034461910519951636 0.12962962962962962
0 0.5707376058041113 0.15185185185185185 0.041112454655380895 0.14074074074074075
0 0.555925030229746 0.12129629629629629 0.03688029020556227 0.1259259259259259
0 0.5798065296251511 0.1037037037037037 0.03506650544135429 0.1259259259259259
0 0.46644498186215233 0.1537037037037037 0.03204353083434099 0.12407407407407407
0 0.6215235792019347 0.08981481481481482 0.03990326481257558 0.14814814814814814
0 0.6490326481257558 0.09351851851851851 0.03204353083434099 0.13518518518518519
0 0.6363361547762999 0.041666666666666664 0.03325272067714631 0.08148148148148149
0 0.4909310761789601 0.17592592592592593 0.03990326481257558 0.13518518518518519
0 0.5108827085852479 0.20092592592592592 0.03990326481257558 0.16296296296296298
0 0.5459492140266021 0.19814814814814816 0.036275695284159616 0.12962962962962962
0 0.5610640870616687 0.21574074074074073 0.03990326481257558 0.13518518518518519
0 0.5864570737605804 0.2351851851851852 0.03869407496977025 0.14074074074074075
0 0.652962515114873 0.20277777777777778 0.04353083434099154 0.13518518518518519
0 0.6765417170495768 0.21666666666666667 0.036275695284159616 0.12037037037037036
0 0.7091898428053204 0.2273148148148148 0.03869407496977025 0.13240740740740742
0 0.8288996372430472 0.21342592592592594 0.037484885126964934 0.1398148148148148
0 0.7013301088270859 0.2791666666666667 0.04232164449818621 0.14351851851851852
0 0.748186215235792 0.42777777777777776 0.04171704957678356 0.14629629629629629
0 0.7690447400241838 0.40925925925925927 0.03990326481257558 0.15555555555555556
0 0.742744860943168 0.32546296296296295 0.03688029020556227 0.14351851851851852
0 0.8101571946795647 0.3787037037037037 0.03990326481257558 0.14444444444444443
0 0.7814389359129383 0.33935185185185185 0.044135429262394194 0.16574074074074074
0 0.9912333736396615 0.1625 0.017533252720677146 0.13796296296296295
0 0.9619105199516325 0.14907407407407408 0.04232164449818621 0.1425925925925926
0 0.9443772672309553 0.11064814814814815 0.044740024183796856 0.13240740740740742
0 0.9325876662636033 0.1476851851851852 0.03204353083434099 0.11018518518518519
0 0.9691656590084643 0.18101851851851852 0.037484885126964934 0.13240740740740742
0 0.8811970979443773 0.47638888888888886 0.034461910519951636 0.14351851851851852
0 0.9703748488512697 0.3851851851851852 0.03869407496977025 0.14814814814814814
0 0.8681983071342201 0.21296296296296297 0.03506650544135429 0.12962962962962962
0 0.9008464328899637 0.21342592592592594 0.037484885126964934 0.11574074074074074
0 0.9764207980652962 0.3347222222222222 0.04353083434099154 0.14351851851851852
0 0.9498186215235792 0.3050925925925926 0.03990326481257558 0.13796296296296295
0 0.9207980652962515 0.3101851851851852 0.049576783555018135 0.1574074074074074
0 0.875453446191052 0.1865740740740741 0.03990326481257558 0.14537037037037037
0 0.9189842805320435 0.5578703703703703 0.02902055622732769 0.08981481481481482
0 0.9068923821039904 0.06481481481481481 0.03506650544135429 0.1111111111111111
0 0.37515114873035066 0.05648148148148148 0.04171704957678356 0.1111111111111111
0 0.35368802902055624 0.0625 0.032648125755743655 0.11018518518518519
0 0.8491535671100363 0.17314814814814813 0.02962515114873035 0.11296296296296296
0 0.9111245465538089 0.1986111111111111 0.03143893591293833 0.12129629629629629
0 0.907496977025393 0.17407407407407408 0.03143893591293833 0.12037037037037036
0 0.772067714631197 0.37546296296296294 0.036275695284159616 0.14351851851851852
0 0.914752116082225 0.37175925925925923 0.07255139056831923 0.18981481481481483
0 0.3295042321644498 0.0587962962962963 0.041112454655380895 0.11574074074074074
0 0.5281136638452237 0.062037037037037036 0.046553808948004836 0.12222222222222222
0 0.6124546553808948 0.06111111111111111 0.03506650544135429 0.1111111111111111
0 0.8902660217654171 0.05416666666666667 0.034461910519951636 0.10648148148148148
0 0.9307738814993954 0.04537037037037037 0.034461910519951636 0.08888888888888889
0 0.9625151148730351 0.055092592592592596 0.04232164449818621 0.10833333333333334
0 0.28597339782345826 0.041666666666666664 0.04232164449818621 0.08148148148148149
0 0.25332527206771466 0.03657407407407407 0.03506650544135429 0.0712962962962963
0 0.21039903264812576 0.038425925925925926 0.03506650544135429 0.075
0 0.40386940749697703 0.037037037037037035 0.041112454655380895 0.07222222222222222
0 0.5755743651753326 0.05648148148148148 0.037484885126964934 0.1111111111111111
0 0.11124546553808948 0.04722222222222222 0.03990326481257558 0.09259259259259259
0 0.08464328899637243 0.04537037037037037 0.03506650544135429 0.08888888888888889
0 0.06348246674727932 0.04583333333333333 0.03506650544135429 0.08981481481481482
0 0.36698911729141476 0.524537037037037 0.03990326481257558 0.14907407407407408
0 0.1154776299879081 0.42453703703703705 0.04232164449818621 0.14907407407407408
0 0.06650544135429262 0.6620370370370371 0.04232164449818621 0.1537037037037037
0 0.0402055622732769 0.5962962962962963 0.046553808948004836 0.17407407407407408
0 0.10429262394195889 0.6523148148148148 0.04897218863361548 0.1675925925925926
0 0.813180169286578 0.3263888888888889 0.04232164449818621 0.13425925925925927
0 0.8343409915356711 0.325 0.03385731559854897 0.12407407407407407
0 0.25574365175332525 0.6370370370370371 0.0471584038694075 0.1685185185185185
0 0.22732769044740025 0.6138888888888889 0.03990326481257558 0.1685185185185185
0 0.35368802902055624 0.6185185185185185 0.03506650544135429 0.14814814814814814
0 0.22732769044740025 0.5504629629629629 0.04232164449818621 0.14907407407407408
0 0.2249093107617896 0.5222222222222223 0.037484885126964934 0.13518518518518519
0 0.18712212817412333 0.5236111111111111 0.04171704957678356 0.1398148148148148
0 0.19316807738814995 0.4888888888888889 0.044135429262394194 0.1425925925925926
0 0.154776299879081 0.5143518518518518 0.03990326481257558 0.14351851851851852
0 0.36577992744860943 0.1962962962962963 0.03385731559854897 0.13148148148148148
0 0.3866384522370012 0.19444444444444445 0.02720677146311971 0.12407407407407407
0 0.28083434099153565 0.4199074074074074 0.044135429262394194 0.14351851851851852
0 0.26904474002418377 0.4375 0.037484885126964934 0.1398148148148148
0 0.19558645707376057 0.9347222222222222 0.051390568319226115 0.13055555555555556
0 0.31106408706166866 0.7467592592592592 0.04171704957678356 0.15462962962962962
0 0.32496977025392987 0.5518518518518518 0.039298669891172915 0.14629629629629629
0 0.34280532043530837 0.674537037037037 0.04353083434099154 0.15648148148148147
0 0.3512696493349456 0.7074074074074074 0.04232164449818621 0.1685185185185185
0 0.6816807738814994 0.924074074074074 0.05380894800483676 0.15185185185185185
0 0.74546553808948 0.950462962962963 0.045949214026602174 0.10092592592592593
0 0.7442563482466747 0.9212962962962963 0.03990326481257558 0.13703703703703704
0 0.42019347037484883 0.7064814814814815 0.0592503022974607 0.14814814814814814
0 0.6305925030229746 0.7347222222222223 0.041112454655380895 0.15092592592592594
0 0.4410519951632406 0.5064814814814815 0.034461910519951636 0.14074074074074075
0 0.43440145102781136 0.48194444444444445 0.034461910519951636 0.13240740740740742
0 0.1807738814993954 0.275 0.04836759371221282 0.14629629629629629
0 0.4189842805320435 0.5592592592592592 0.037484885126964934 0.14814814814814814
0 0.4362152357920194 0.5273148148148148 0.03688029020556227 0.14537037037037037
0 0.2400241837968561 0.5898148148148148 0.037484885126964934 0.14074074074074075
0 0.2877871825876663 0.5712962962962963 0.04232164449818621 0.16296296296296298
0 0.28960096735187424 0.6203703703703703 0.03990326481257558 0.1685185185185185
0 0.3053204353083434 0.37962962962962965 0.03869407496977025 0.1425925925925926
0 0.34099153567110035 0.37175925925925923 0.03990326481257558 0.13240740740740742
0 0.30773881499395406 0.34629629629629627 0.04232164449818621 0.15185185185185185
0 0.40598548972188636 0.43287037037037035 0.039298669891172915 0.14351851851851852
0 0.719770253929867 0.12546296296296297 0.034461910519951636 0.13240740740740742
0 0.6907496977025392 0.09212962962962963 0.03204353083434099 0.12314814814814815
0 0.4860943168077388 0.5212962962962963 0.03385731559854897 0.14074074074074075
0 0.48246674727932287 0.5398148148148149 0.037484885126964934 0.15185185185185185
0 0.620918984280532 0.9337962962962963 0.04836759371221282 0.13240740740740742
0 0.9189842805320435 0.8074074074074075 0.045949214026602174 0.1648148148148148
0 0.2539298669891173 0.3476851851851852 0.037484885126964934 0.14351851851851852
0 0.5426239419588875 0.5875 0.04897218863361548 0.15462962962962962
0 0.530229746070133 0.5675925925925925 0.04232164449818621 0.16296296296296298
0 0.25211608222490933 0.37453703703703706 0.032648125755743655 0.12685185185185185
0 0.6514510278113664 0.9157407407407407 0.051390568319226115 0.16296296296296298
