0 0.5572916666666666 0.32175925925925924 0.03333333333333333 0.15648148148148147
0 0.40286458333333336 0.2865740740740741 0.0296875 0.13425925925925927
0 0.11354166666666667 0.524537037037037 0.040625 0.18981481481481483
0 0.6208333333333333 0.32916666666666666 0.03125 0.14907407407407408
0 0.37213541666666666 0.28564814814814815 0.027604166666666666 0.14351851851851852
0 0.8697916666666666 0.44907407407407407 0.05625 0.18518518518518517
0 0.8421875 0.46064814814814814 0.052083333333333336 0.19537037037037036
0 0.24348958333333334 0.8050925925925926 0.08385416666666666 0.38981481481481484
0 0.4713541666666667 0.6277777777777778 0.06666666666666667 0.26296296296296295
0 0.40338541666666666 0.6421296296296296 0.0546875 0.21388888888888888
0 0.353125 0.6203703703703703 0.05520833333333333 0.24074074074074073
0 0.30911458333333336 0.6643518518518519 0.04635416666666667 0.16574074074074074
0 0.2609375 0.6074074074074074 0.04375 0.23148148148148148
0 0.030989583333333334 0.8495370370370371 0.0609375 0.29907407407407405
0 0.04765625 0.7611111111111111 0.09010416666666667 0.29259259259259257
0 0.05546875 0.7101851851851851 0.08177083333333333 0.29259259259259257
0 0.32708333333333334 0.47824074074074074 0.035416666666666666 0.1824074074074074
0 0.3575520833333333 0.4324074074074074 0.04739583333333333 0.17777777777777778
0 0.39114583333333336 0.42453703703703705 0.03333333333333333 0.16018518518518518
0 0.4546875 0.4773148148148148 0.03854166666666667 0.14907407407407408
0 0.4609375 0.38287037037037036 0.03958333333333333 0.1787037037037037
0 0.4942708333333333 0.4097222222222222 0.034375 0.12129629629629629
0 0.39375 0.3560185185185185 0.040625 0.16203703703703703
0 0.31354166666666666 0.3458333333333333 0.04583333333333333 0.15092592592592594
0 0.36614583333333334 0.3143518518518518 0.036458333333333336 0.15462962962962962
0 0.42552083333333335 0.32546296296296295 0.034375 0.13796296296296295
0 0.4609375 0.3300925925925926 0.03229166666666667 0.12129629629629629
0 0.46848958333333335 0.30185185185185187 0.0359375 0.12962962962962962
0 0.7333333333333333 0.4305555555555556 0.0375 0.12407407407407407
0 0.7697916666666667 0.39814814814814814 0.040625 0.1925925925925926
0 0.3328125 0.31157407407407406 0.028125 0.1287037037037037
0 0.5255208333333333 0.3148148148148148 0.034375 0.15925925925925927
0 0.5013020833333334 0.24305555555555555 0.0296875 0.1287037037037037
0 0.44140625 0.2490740740740741 0.0296875 0.11851851851851852
0 0.4119791666666667 0.27314814814814814 0.030208333333333334 0.1259259259259259
0 0.42239583333333336 0.2523148148148148 0.026041666666666668 0.12314814814814815
0 0.4942708333333333 0.30925925925925923 0.030208333333333334 0.12962962962962962
