0 0.09869791666666666 0.39814814814814814 0.03802083333333333 0.18518518518518517
0 0.8986979166666667 0.3861111111111111 0.044270833333333336 0.19444444444444445
0 0.22604166666666667 0.48564814814814816 0.04375 0.22685185185185186
0 0.31614583333333335 0.4981481481481482 0.06875 0.21481481481481482
0 0.26197916666666665 0.42592592592592593 0.04479166666666667 0.21851851851851853
0 0.3729166666666667 0.42824074074074076 0.052083333333333336 0.23055555555555557
0 0.3619791666666667 0.3398148148148148 0.041666666666666664 0.1814814814814815
0 0.3234375 0.3375 0.03854166666666667 0.1935185185185185
0 0.41770833333333335 0.35 0.0375 0.18518518518518517
0 0.4432291666666667 0.38333333333333336 0.052083333333333336 0.20925925925925926
0 0.5026041666666666 0.3921296296296296 0.04895833333333333 0.19537037037037036
0 0.7588541666666667 0.39537037037037037 0.059375 0.18703703703703703
0 0.34348958333333335 0.37916666666666665 0.04114583333333333 0.18981481481481483
0 0.340625 0.35648148148148145 0.04791666666666667 0.18703703703703703
0 0.8432291666666667 0.41574074074074074 0.06041666666666667 0.18703703703703703
0 0.42994791666666665 0.2962962962962963 0.04114583333333333 0.17962962962962964
0 0.7984375 0.3763888888888889 0.04583333333333333 0.18425925925925926
0 0.7265625 0.36898148148148147 0.041666666666666664 0.1935185185185185
0 0.8036458333333333 0.35 0.03854166666666667 0.19074074074074074
0 0.7809895833333333 0.3453703703703704 0.0359375 0.1962962962962963
0 0.7536458333333333 0.33611111111111114 0.041666666666666664 0.2074074074074074
0 0.5791666666666667 0.3199074074074074 0.041666666666666664 0.17314814814814813
0 0.28463541666666664 0.25972222222222224 0.03697916666666667 0.16018518518518518
0 0.46119791666666665 0.22592592592592592 0.0296875 0.14814814814814814
0 0.4875 0.23935185185185184 0.03229166666666667 0.12314814814814815
0 0.49192708333333335 0.20833333333333334 0.0328125 0.1388888888888889
0 0.34453125 0.23287037037037037 0.0484375 0.16203703703703703
0 0.35104166666666664 0.2023148148148148 0.030208333333333334 0.13796296296296295
0 0.5434895833333333 0.11342592592592593 0.0234375 0.11203703703703703
0 0.3828125 0.11990740740740741 0.029166666666666667 0.1175925925925926
0 0.3958333333333333 0.29398148148148145 0.036458333333333336 0.18055555555555555
0 0.34791666666666665 0.1287037037037037 0.03125 0.15555555555555556
0 0.46197916666666666 0.14537037037037037 0.030208333333333334 0.1259259259259259
0 0.41380208333333335 0.15555555555555556 0.025520833333333333 0.10925925925925926
0 0.38229166666666664 0.15231481481481482 0.03125 0.13240740740740742
0 0.3614583333333333 0.16296296296296298 0.023958333333333335 0.09074074074074075
