0 0.42110036275695284 0.9824074074074074 0.028415961305925032 0.03518518518518519
0 0.4703748488512696 0.22314814814814815 0.03506650544135429 0.12962962962962962
0 0.4939540507859734 0.21574074074074073 0.02902055622732769 0.11851851851851852
0 0.9540507859733979 0.5685185185185185 0.045949214026602174 0.15
0 0.38361547762998793 0.9680555555555556 0.05259975816203144 0.06018518518518518
0 0.5810157194679565 0.6166666666666667 0.037484885126964934 0.14074074074074075
0 0.5438331318016929 0.6226851851851852 0.046553808948004836 0.17314814814814813
0 0.5344619105199516 0.2791666666666667 0.041112454655380895 0.14166666666666666
0 0.558645707376058 0.3236111111111111 0.03506650544135429 0.12685185185185185
0 0.8325272067714631 0.6425925925925926 0.04232164449818621 0.1574074074074074
0 0.7956469165659008 0.6342592592592593 0.04353083434099154 0.1648148148148148
0 0.7575574365175333 0.6240740740740741 0.037484885126964934 0.13518518518518519
0 0.9815598548972189 0.30092592592592593 0.03688029020556227 0.13518518518518519
0 0.8911729141475212 0.2810185185185185 0.04232164449818621 0.1361111111111111
0 0.5704353083434099 0.28379629629629627 0.03204353083434099 0.11574074074074074
0 0.9183796856106409 0.3819444444444444 0.03990326481257558 0.16574074074074074
0 0.9703748488512697 0.350462962962963 0.037484885126964934 0.14537037037037037
0 0.9419588875453446 0.3398148148148148 0.036275695284159616 0.13518518518518519
0 0.530229746070133 0.20555555555555555 0.03506650544135429 0.13518518518518519
0 0.4915356711003628 0.1597222222222222 0.030229746070133012 0.13796296296296295
0 0.5912938331318017 0.33055555555555555 0.032648125755743655 0.13518518518518519
0 0.6100362756952842 0.3347222222222222 0.032648125755743655 0.14537037037037037
0 0.6003627569528416 0.3527777777777778 0.036275695284159616 0.14074074074074075
0 0.6771463119709794 0.2902777777777778 0.037484885126964934 0.13425925925925927
0 0.7551390568319226 0.5300925925925926 0.053204353083434096 0.15648148148148147
0 0.7896009673518742 0.42592592592592593 0.04353083434099154 0.15
0 0.7061668681983071 0.43194444444444446 0.04353083434099154 0.1712962962962963
0 0.6330108827085853 0.31342592592592594 0.03143893591293833 0.11574074074074074
0 0.6844014510278114 0.5791666666666667 0.03385731559854897 0.14166666666666666
0 0.5855501813784765 0.37962962962962965 0.046553808948004836 0.15185185185185185
0 0.6750302297460702 0.36435185185185187 0.04534461910519952 0.14537037037037037
0 0.5253929866989118 0.16898148148148148 0.04232164449818621 0.14907407407407408
0 0.6611245465538089 0.2324074074074074 0.044135429262394194 0.13518518518518519
0 0.718863361547763 0.30694444444444446 0.03869407496977025 0.14537037037037037
0 0.900241837968561 0.5995370370370371 0.04353083434099154 0.15833333333333333
0 0.8733373639661427 0.5587962962962963 0.03688029020556227 0.1361111111111111
0 0.8467351874244257 0.5587962962962963 0.04171704957678356 0.15092592592592594
0 0.7524183796856106 0.38055555555555554 0.034461910519951636 0.14074074074074075
0 0.7391172914147521 0.3199074074074074 0.03204353083434099 0.12685185185185185
0 0.6399637243047158 0.3712962962962963 0.0380894800483676 0.1425925925925926
0 0.937726723095526 0.3578703703703704 0.041112454655380895 0.13796296296296295
0 0.8941958887545345 0.412962962962963 0.036275695284159616 0.13518518518518519
0 0.9044740024183797 0.3458333333333333 0.037484885126964934 0.1175925925925926
0 0.7608827085852479 0.4101851851851852 0.04171704957678356 0.14074074074074075
0 0.7738814993954051 0.33796296296296297 0.03506650544135429 0.12962962962962962
0 0.7896009673518742 0.37407407407407406 0.041112454655380895 0.15185185185185185
0 0.657496977025393 0.31666666666666665 0.039298669891172915 0.13518518518518519
0 0.8842200725513906 0.524537037037037 0.03688029020556227 0.13240740740740742
0 0.5223700120918985 0.2791666666666667 0.02418379685610641 0.08796296296296297
0 0.5683192261185006 0.22824074074074074 0.03143893591293833 0.12685185185185185
0 0.9410519951632407 0.41574074074074074 0.034461910519951636 0.10740740740740741
0 0.8174123337363967 0.6990740740740741 0.05441354292623942 0.17037037037037037
0 0.8555018137847642 0.7 0.04353083434099154 0.15925925925925927
0 0.3255743651753325 0.18333333333333332 0.03204353083434099 0.1037037037037037
0 0.6206166868198307 0.38055555555555554 0.044135429262394194 0.14814814814814814
0 0.5471584038694075 0.31296296296296294 0.02902055622732769 0.11296296296296296
0 0.6668681983071342 0.27037037037037037 0.02781136638452237 0.12037037037037036
0 0.12273276904474002 0.975462962962963 0.037484885126964934 0.05092592592592592
0 0.008766626360338573 0.7518518518518519 0.016324062877871828 0.17407407407407408
0 0.08282950423216445 0.275 0.044740024183796856 0.14814814814814814
0 0.03174123337363966 0.18055555555555555 0.046553808948004836 0.1425925925925926
0 0.05592503022974607 0.1837962962962963 0.035671100362756954 0.1398148148148148
0 0.07920193470374849 0.14629629629629629 0.041112454655380895 0.13518518518518519
0 0.06076178960096735 0.05 0.04171704957678356 0.09814814814814815
0 0.0903869407496977 0.22592592592592592 0.0380894800483676 0.12962962962962962
0 0.11910519951632406 0.2263888888888889 0.04232164449818621 0.14351851851851852
0 0.11003627569528417 0.04398148148148148 0.03506650544135429 0.08611111111111111
0 0.12243047158403869 0.05138888888888889 0.034461910519951636 0.10092592592592593
0 0.0063482466747279325 0.2111111111111111 0.011487303506650543 0.13518518518518519
0 0.21100362756952842 0.10555555555555556 0.03143893591293833 0.11666666666666667
0 0.17291414752116083 0.0625 0.036275695284159616 0.11574074074074074
0 0.24153567110036275 0.10694444444444444 0.04050785973397823 0.12685185185185185
0 0.22309552599758162 0.32222222222222224 0.04836759371221282 0.1425925925925926
0 0.32406287787182586 0.040740740740740744 0.041112454655380895 0.07962962962962963
0 0.39177750906892383 0.05416666666666667 0.037484885126964934 0.10648148148148148
0 0.3615477629987908 0.04351851851851852 0.032648125755743655 0.08518518518518518
0 0.36577992744860943 0.10740740740740741 0.030229746070133012 0.12777777777777777
0 0.4026602176541717 0.09305555555555556 0.03506650544135429 0.12314814814814815
0 0.45918984280532044 0.05138888888888889 0.034461910519951636 0.10092592592592593
0 0.5849455864570737 0.02824074074074074 0.03204353083434099 0.05462962962962963
0 0.4791414752116082 0.1050925925925926 0.03204353083434099 0.13796296296296295
0 0.5060459492140266 0.10833333333333334 0.03506650544135429 0.13148148148148148
0 0.5175332527206772 0.12777777777777777 0.036275695284159616 0.1259259259259259
0 0.5510882708585247 0.14583333333333334 0.034461910519951636 0.13425925925925927
0 0.5550181378476421 0.09537037037037037 0.041112454655380895 0.1259259259259259
0 0.5891777509068924 0.10972222222222222 0.03204353083434099 0.12685185185185185
0 0.6324062877871826 0.0712962962962963 0.032648125755743655 0.12962962962962962
0 0.6541717049576784 0.08796296296296297 0.030229746070133012 0.11481481481481481
0 0.6765417170495768 0.09398148148148149 0.030229746070133012 0.1175925925925926
0 0.6729141475211609 0.06574074074074074 0.036275695284159616 0.12962962962962962
0 0.6701934703748489 0.20601851851851852 0.03204353083434099 0.11574074074074074
0 0.7152357920193471 0.26481481481481484 0.03143893591293833 0.1259259259259259
0 0.7357920193470375 0.25833333333333336 0.032648125755743655 0.13518518518518519
0 0.7273276904474002 0.19583333333333333 0.037484885126964934 0.12129629629629629
0 0.7602781136638452 0.24305555555555555 0.034461910519951636 0.13796296296296295
0 0.8446191051995163 0.19166666666666668 0.032648125755743655 0.12407407407407407
0 0.9600967351874244 0.04537037037037037 0.03385731559854897 0.08888888888888889
0 0.9359129383313181 0.056018518518518516 0.032648125755743655 0.10833333333333334
0 0.8648730350665055 0.2796296296296296 0.02720677146311971 0.12037037037037036
0 0.9685610640870617 0.2726851851851852 0.03506650544135429 0.1398148148148148
0 0.967956469165659 0.18935185185185185 0.037484885126964934 0.13240740740740742
0 0.9446795646916566 0.21296296296296297 0.03688029020556227 0.13148148148148148
0 0.8697097944377267 0.12314814814814815 0.03204353083434099 0.12962962962962962
0 0.8975211608222491 0.12685185185185185 0.03688029020556227 0.12962962962962962
0 0.9180773881499396 0.22083333333333333 0.03204353083434099 0.12314814814814815
0 0.9344014510278114 0.1685185185185185 0.03083434099153567 0.12962962962962962
0 0.9721886336154776 0.13657407407407407 0.03506650544135429 0.1287037037037037
0 0.9446795646916566 0.13194444444444445 0.034461910519951636 0.12129629629629629
0 0.8957073760580411 0.09675925925925925 0.03204353083434099 0.12685185185185185
0 0.9183796856106409 0.11851851851851852 0.032648125755743655 0.10740740740740741
0 0.9195888754534461 0.08935185185185185 0.030229746070133012 0.10648148148148148
0 0.7693470374848851 0.2324074074074074 0.034461910519951636 0.12407407407407407
0 0.7385126964933495 0.21574074074074073 0.034461910519951636 0.11296296296296296
0 0.047762998790810154 0.047685185185185185 0.03143893591293833 0.09351851851851851
0 0.8872430471584039 0.23333333333333334 0.06469165659008465 0.1685185185185185
0 0.36698911729141476 0.549537037037037 0.03506650544135429 0.14907407407407408
0 0.07466747279322854 0.47175925925925927 0.04050785973397823 0.1527777777777778
0 0.04201934703748488 0.5277777777777778 0.039298669891172915 0.15555555555555556
0 0.02720677146311971 0.4949074074074074 0.03506650544135429 0.16203703703703703
0 0.09189842805320435 0.5078703703703704 0.04836759371221282 0.14537037037037037
0 0.8282950423216445 0.3662037037037037 0.03990326481257558 0.1287037037037037
0 0.8385731559854898 0.34953703703703703 0.03143893591293833 0.12685185185185185
0 0.25151148730350664 0.6643518518518519 0.044740024183796856 0.16574074074074074
0 0.22309552599758162 0.6513888888888889 0.037484885126964934 0.16018518518518518
0 0.3542926239419589 0.6407407407407407 0.03869407496977025 0.13703703703703704
0 0.21916565900846433 0.5712962962962963 0.03325272067714631 0.13518518518518519
0 0.2279322853688029 0.5592592592592592 0.03385731559854897 0.1537037037037037
0 0.17896009673518742 0.5541666666666667 0.041112454655380895 0.14722222222222223
0 0.19044740024183796 0.5208333333333334 0.044740024183796856 0.15462962962962962
0 0.1496372430471584 0.5351851851851852 0.03688029020556227 0.1425925925925926
0 0.3642684401451028 0.22407407407407406 0.03204353083434099 0.12962962962962962
0 0.3845223700120919 0.22268518518518518 0.03143893591293833 0.12685185185185185
0 0.4866989117291415 0.9671296296296297 0.045949214026602174 0.06759259259259259
0 0.530229746070133 0.9745370370370371 0.053204353083434096 0.05277777777777778
0 0.2741837968561064 0.44212962962962965 0.03688029020556227 0.1287037037037037
0 0.26964933494558646 0.4675925925925926 0.036275695284159616 0.1425925925925926
0 0.25574365175332525 0.937037037037037 0.041112454655380895 0.12777777777777777
0 0.30743651753325274 0.7787037037037037 0.04171704957678356 0.1537037037037037
0 0.3216444981862152 0.5791666666666667 0.03506650544135429 0.14907407407407408
0 0.343409915356711 0.700462962962963 0.037484885126964934 0.15092592592592594
0 0.3515719467956469 0.7351851851851852 0.044135429262394194 0.1648148148148148
0 0.6460096735187424 0.8148148148148148 0.051390568319226115 0.1648148148148148
0 0.6853083434099153 0.8439814814814814 0.046553808948004836 0.16203703703703703
0 0.6919588875453446 0.8083333333333333 0.03688029020556227 0.14629629629629629
0 0.42200725513905685 0.736574074074074 0.049576783555018135 0.14537037037037037
0 0.648428053204353 0.6555555555555556 0.046553808948004836 0.14814814814814814
0 0.44709794437726724 0.5217592592592593 0.034461910519951636 0.13055555555555556
0 0.4244256348246675 0.5078703703703704 0.032648125755743655 0.13796296296296295
0 0.3473397823458283 0.17685185185185184 0.034461910519951636 0.13703703703703704
0 0.4189842805320435 0.587037037037037 0.032648125755743655 0.14814814814814814
0 0.42623941958887546 0.5578703703703703 0.03385731559854897 0.15092592592592594
0 0.23428053204353083 0.6231481481481481 0.03204353083434099 0.1425925925925926
0 0.2883917775090689 0.5925925925925926 0.04232164449818621 0.15185185185185185
0 0.28869407496977023 0.6481481481481481 0.03325272067714631 0.17222222222222222
0 0.3080411124546554 0.4115740740740741 0.044135429262394194 0.15648148148148147
0 0.3355501813784764 0.39351851851851855 0.036275695284159616 0.12962962962962962
0 0.2962515114873035 0.37592592592592594 0.037484885126964934 0.14444444444444443
0 0.9105199516324063 0.7768518518518519 0.05441354292623942 0.17037037037037037
0 0.4026602176541717 0.45694444444444443 0.037484885126964934 0.14351851851851852
0 0.9081015719467956 0.6958333333333333 0.05199516324062878 0.1527777777777778
0 0.7357920193470375 0.7939814814814815 0.044740024183796856 0.13796296296296295
0 0.7663240628778718 0.1875 0.03204353083434099 0.1287037037037037
0 0.7285368802902056 0.9069444444444444 0.06771463119709795 0.18425925925925926
0 0.4827690447400242 0.5675925925925925 0.0380894800483676 0.14814814814814814
0 0.8331318016928658 0.8203703703703704 0.0471584038694075 0.17592592592592593
0 0.7889963724304716 0.7962962962962963 0.0592503022974607 0.1814814814814815
0 0.05955259975816203 0.9217592592592593 0.0562273276904474 0.15648148148148147
0 0.009975816203143894 0.9393518518518519 0.018742442563482467 0.12314814814814815
0 0.6720072551390568 0.9087962962962963 0.05985489721886336 0.16574074074074074
0 0.7539298669891172 0.9666666666666667 0.045949214026602174 0.06851851851851852
0 0.8098548972188634 0.9601851851851851 0.051390568319226115 0.07592592592592592
0 0.7007255139056832 0.6912037037037037 0.045949214026602174 0.15092592592592594
0 0.8165054413542926 0.5611111111111111 0.03688029020556227 0.1537037037037037
0 0.8204353083434099 0.9208333333333333 0.0471584038694075 0.15648148148148147
0 0.2702539298669891 0.35833333333333334 0.03869407496977025 0.14074074074074075
0 0.45949214026602175 0.44722222222222224 0.04232164449818621 0.16296296296296298
0 0.49939540507859737 0.4041666666666667 0.03869407496977025 0.15462962962962962
0 0.24969770253929868 0.399537037037037 0.03385731559854897 0.1175925925925926
0 0.9262394195888755 0.5657407407407408 0.03990326481257558 0.1648148148148148
0 0.7376058041112454 0.6907407407407408 0.04353083434099154 0.14629629629629629
0 0.9854897218863361 0.5078703703703704 0.02781136638452237 0.15648148148148147
0 0.8591293833131801 0.9009259259259259 0.03869407496977025 0.1574074074074074
0 0.7805320435308344 0.8847222222222222 0.05199516324062878 0.17314814814814813
0 0.8403869407496977 0.9444444444444444 0.03385731559854897 0.11296296296296296
