0 0.10096735187424426 0.7731481481481481 0.04232164449818621 0.1537037037037037
0 0.12877871825876663 0.7342592592592593 0.04836759371221282 0.1685185185185185
0 0.04927448609431681 0.7314814814814815 0.05380894800483676 0.17962962962962964
0 0.06771463119709795 0.7097222222222223 0.056831922611850064 0.1675925925925926
0 0.014812575574365175 0.712037037037037 0.028415961305925032 0.15925925925925927
0 0.21856106408706166 0.6430555555555556 0.03688029020556227 0.14351851851851852
0 0.21946795646916567 0.3055555555555556 0.04232164449818621 0.14629629629629629
0 0.13180169286577992 0.16944444444444445 0.04353083434099154 0.1388888888888889
0 0.09371221281741234 0.12222222222222222 0.04232164449818621 0.13518518518518519
0 0.049576783555018135 0.11018518518518519 0.02902055622732769 0.1259259259259259
0 0.10701330108827085 0.03194444444444444 0.032648125755743655 0.062037037037037036
0 0.13391777509068925 0.031018518518518518 0.03688029020556227 0.06018518518518518
0 0.09220072551390568 0.01898148148148148 0.03204353083434099 0.03611111111111111
0 0.2660217654171705 0.03611111111111111 0.03506650544135429 0.07037037037037037
0 0.2079806529625151 0.06851851851851852 0.03990326481257558 0.11851851851851852
0 0.24637243047158403 0.07175925925925926 0.039298669891172915 0.14166666666666666
0 0.3524788391777509 0.21944444444444444 0.037484885126964934 0.13518518518518519
0 0.3177146311970979 0.20925925925925926 0.03688029020556227 0.12407407407407407
0 0.3561064087061669 0.03518518518518519 0.037484885126964934 0.06851851851851852
0 0.46735187424425634 0.05694444444444444 0.037484885126964934 0.11203703703703703
0 0.5051390568319226 0.08796296296296297 0.039298669891172915 0.12962962962962962
0 0.531136638452237 0.05462962962962963 0.03688029020556227 0.10740740740740741
0 0.5078597339782346 0.055092592592592596 0.03506650544135429 0.10833333333333334
0 0.4096130592503023 0.0375 0.03688029020556227 0.07314814814814814
0 0.4268440145102781 0.03009259259259259 0.032648125755743655 0.058333333333333334
0 0.5377871825876662 0.17222222222222222 0.044135429262394194 0.12962962962962962
0 0.5695284159613059 0.16712962962962963 0.04232164449818621 0.12685185185185185
0 0.5580411124546554 0.07546296296296297 0.032648125755743655 0.12685185185185185
0 0.6142684401451027 0.10092592592592593 0.041112454655380895 0.12407407407407407
0 0.5816203143893591 0.07314814814814814 0.03506650544135429 0.12037037037037036
0 0.5858524788391778 0.04351851851851852 0.03506650544135429 0.08518518518518518
0 0.652962515114873 0.09722222222222222 0.03990326481257558 0.12407407407407407
0 0.721584038694075 0.40324074074074073 0.046553808948004836 0.15092592592592594
0 0.6321039903264812 0.29074074074074074 0.04897218863361548 0.1537037037037037
0 0.6789600967351874 0.2796296296296296 0.036275695284159616 0.13518518518518519
0 0.6614268440145102 0.24074074074074073 0.037484885126964934 0.12037037037037036
0 0.717956469165659 0.20787037037037037 0.03204353083434099 0.12685185185185185
0 0.6804715840386941 0.20416666666666666 0.04050785973397823 0.1398148148148148
0 0.6907496977025392 0.1712962962962963 0.034461910519951636 0.14074074074074075
0 0.7962515114873036 0.16898148148148148 0.037484885126964934 0.13425925925925927
0 0.7614873035066505 0.1527777777777778 0.039298669891172915 0.11851851851851852
0 0.7759975816203144 0.12129629629629629 0.03688029020556227 0.12407407407407407
0 0.8678960096735188 0.1111111111111111 0.04171704957678356 0.12407407407407407
0 0.8343409915356711 0.10462962962962963 0.037484885126964934 0.12407407407407407
0 0.7312575574365175 0.056018518518518516 0.03204353083434099 0.11018518518518519
0 0.9014510278113664 0.08425925925925926 0.037484885126964934 0.12962962962962962
0 0.9241233373639661 0.08287037037037037 0.03688029020556227 0.13425925925925927
0 0.9652357920193471 0.04398148148148148 0.03204353083434099 0.08611111111111111
0 0.9900241837968561 0.05277777777777778 0.018742442563482467 0.1037037037037037
0 0.9265417170495768 0.1449074074074074 0.039298669891172915 0.13425925925925927
0 0.9667472793228536 0.17962962962962964 0.03869407496977025 0.14814814814814814
0 0.9791414752116082 0.1412037037037037 0.03688029020556227 0.12685185185185185
0 0.9247279322853688 0.3541666666666667 0.044135429262394194 0.13796296296296295
0 0.9480048367593712 0.3282407407407407 0.03506650544135429 0.13425925925925927
0 0.742744860943168 0.9745370370370371 0.035671100362756954 0.05092592592592592
0 0.7844619105199516 0.9657407407407408 0.04171704957678356 0.06481481481481481
0 0.09068923821039904 0.6078703703703704 0.0471584038694075 0.15462962962962962
0 0.18802902055622733 0.6087962962962963 0.03990326481257558 0.14537037037037037
0 0.1686819830713422 0.5773148148148148 0.04232164449818621 0.13796296296296295
0 0.20465538089480048 0.5773148148148148 0.039298669891172915 0.14907407407407408
0 0.19347037484885127 0.5175925925925926 0.036275695284159616 0.14074074074074075
0 0.16384522370012092 0.5087962962962963 0.03990326481257558 0.13425925925925927
0 0.7100967351874244 0.7680555555555556 0.04897218863361548 0.1935185185185185
0 0.4486094316807739 0.23472222222222222 0.03385731559854897 0.13240740740740742
0 0.43016928657799275 0.21666666666666667 0.034461910519951636 0.13148148148148148
0 0.4150544135429262 0.23287037037037037 0.04897218863361548 0.1398148148148148
0 0.18016928657799275 0.3787037037037037 0.04353083434099154 0.13703703703703704
0 0.28536880290205563 0.6347222222222222 0.037484885126964934 0.13796296296296295
0 0.3231559854897219 0.47314814814814815 0.042926239419588876 0.1574074074074074
0 0.3252720677146312 0.6074074074074074 0.044740024183796856 0.15925925925925927
0 0.30743651753325274 0.6407407407407407 0.044135429262394194 0.19074074074074074
0 0.20646916565900847 0.3773148148148148 0.03688029020556227 0.1398148148148148
0 0.2980652962515115 0.44212962962962965 0.04353083434099154 0.15648148148148147
0 0.14510278113663846 0.32222222222222224 0.037484885126964934 0.13518518518518519
0 0.16626360338573157 0.33240740740740743 0.037484885126964934 0.14074074074074075
0 0.6384522370012092 0.8004629629629629 0.05804111245465538 0.16944444444444445
0 0.6042926239419589 0.7476851851851852 0.05985489721886336 0.1712962962962963
0 0.8189238210399032 0.7185185185185186 0.044135429262394194 0.17962962962962964
0 0.8802902055622733 0.7314814814814815 0.05441354292623942 0.19074074074074074
0 0.8476420798065296 0.7587962962962963 0.0592503022974607 0.1787037037037037
0 0.2503022974607013 0.3162037037037037 0.03990326481257558 0.1398148148148148
0 0.6977025392986699 0.3212962962962963 0.03506650544135429 0.12407407407407407
0 0.7221886336154776 0.5324074074074074 0.03688029020556227 0.14444444444444443
0 0.9851874244256348 0.525 0.02599758162031439 0.12962962962962962
0 0.8911729141475212 0.6083333333333333 0.05562273276904474 0.1574074074074074
0 0.9827690447400241 0.611574074074074 0.03325272067714631 0.17685185185185184
0 0.8618500604594922 0.5768518518518518 0.0562273276904474 0.14629629629629629
0 0.9126360338573156 0.4101851851851852 0.03204353083434099 0.0962962962962963
0 0.8917775090689238 0.37962962962962965 0.04353083434099154 0.13518518518518519
0 0.2158403869407497 0.15601851851851853 0.037484885126964934 0.13796296296296295
0 0.08252720677146312 0.5486111111111112 0.058645707376058044 0.16574074074074074
0 0.7799274486094316 0.1884259259259259 0.037484885126964934 0.12129629629629629
0 0.9474002418379686 0.5018518518518519 0.044740024183796856 0.1574074074074074
0 0.9655380894800484 0.3421296296296296 0.03385731559854897 0.12314814814814815
0 0.6523579201934704 0.3074074074074074 0.032648125755743655 0.10740740740740741
0 0.9214026602176542 0.5361111111111111 0.04836759371221282 0.15925925925925927
0 0.9785368802902056 0.45787037037037037 0.04171704957678356 0.15648148148148147
0 0.7403264812575574 0.7981481481481482 0.04897218863361548 0.16296296296296298
0 0.7735792019347038 0.7875 0.039298669891172915 0.14907407407407408
0 0.9404474002418379 0.8300925925925926 0.0562273276904474 0.16574074074074074
0 0.9359129383313181 0.6175925925925926 0.049576783555018135 0.2
0 0.9470979443772672 0.9125 0.05743651753325272 0.14537037037037037
0 0.8811970979443773 0.6736111111111112 0.046553808948004836 0.15092592592592594
0 0.7424425634824667 0.35509259259259257 0.037484885126964934 0.12129629629629629
0 0.7841596130592503 0.35509259259259257 0.04232164449818621 0.14351851851851852
0 0.9380290205562273 0.7518518518518519 0.051390568319226115 0.18703703703703703
0 0.4528415961305925 0.6666666666666666 0.04232164449818621 0.14814814814814814
0 0.2932285368802902 0.34629629629629627 0.04353083434099154 0.13703703703703704
0 0.28627569528415964 0.362962962962963 0.034461910519951636 0.1425925925925926
0 0.5671100362756953 0.4787037037037037 0.03990326481257558 0.13518518518518519
0 0.8600362756952842 0.6620370370370371 0.044135429262394194 0.15185185185185185
0 0.9782345828295043 0.7736111111111111 0.04232164449818621 0.16018518518518518
0 0.4407496977025393 0.9449074074074074 0.053204353083434096 0.11018518518518519
0 0.5145102781136639 0.7944444444444444 0.04836759371221282 0.17962962962962964
0 0.46039903264812576 0.8439814814814814 0.046553808948004836 0.16203703703703703
0 0.5740628778718259 0.5972222222222222 0.039298669891172915 0.1574074074074074
0 0.6076178960096735 0.6092592592592593 0.05199516324062878 0.15185185185185185
0 0.35308343409915355 0.7685185185185185 0.049576783555018135 0.17037037037037037
0 0.13270858524788393 0.9523148148148148 0.04171704957678356 0.09351851851851851
0 0.21100362756952842 0.9296296296296296 0.049576783555018135 0.1425925925925926
0 0.5767835550181378 0.5078703703703704 0.03506650544135429 0.13796296296296295
0 0.5516928657799275 0.5120370370370371 0.02962515114873035 0.10925925925925926
0 0.6027811366384522 0.5731481481481482 0.04232164449818621 0.15185185185185185
0 0.5208585247883918 0.8379629629629629 0.047762998790810154 0.19074074074074074
0 0.3654776299879081 0.4476851851851852 0.04171704957678356 0.13796296296296295
0 0.4108222490931076 0.6041666666666666 0.04171704957678356 0.16203703703703703
0 0.3941958887545345 0.3537037037037037 0.04232164449818621 0.15185185185185185
0 0.496372430471584 0.4009259259259259 0.032648125755743655 0.13148148148148148
0 0.40447400241837966 0.7092592592592593 0.037484885126964934 0.1648148148148148
0 0.4108222490931076 0.7486111111111111 0.0562273276904474 0.16203703703703703
0 0.4437726723095526 0.7152777777777778 0.04232164449818621 0.1675925925925926
0 0.38301088270858524 0.7171296296296297 0.046553808948004836 0.16574074074074074
0 0.9785368802902056 0.6777777777777778 0.035671100362756954 0.13703703703703704
0 0.3437122128174123 0.10833333333333334 0.03688029020556227 0.14074074074074075
0 0.32769044740024184 0.05138888888888889 0.02902055622732769 0.10092592592592593
0 0.3041112454655381 0.046296296296296294 0.03143893591293833 0.09074074074074075
0 0.011789600967351875 0.8759259259259259 0.022370012091898428 0.1962962962962963
0 0.29564691656590086 0.11574074074074074 0.032648125755743655 0.13148148148148148
0 0.9594921402660218 0.7032407407407407 0.049576783555018135 0.16574074074074074
0 0.5695284159613059 0.6611111111111111 0.04836759371221282 0.14629629629629629
0 0.5259975816203144 0.6101851851851852 0.03869407496977025 0.1685185185185185
0 0.5640870616686819 0.6513888888888889 0.0471584038694075 0.1361111111111111
0 0.6883313180169287 0.6712962962962963 0.044135429262394194 0.14629629629629629
0 0.5120918984280532 0.512962962962963 0.03506650544135429 0.14074074074074075
0 0.1798669891172914 0.924074074074074 0.04171704957678356 0.1537037037037037
0 0.4797460701330109 0.4912037037037037 0.042926239419588876 0.13796296296296295
0 0.4111245465538089 0.34120370370370373 0.036275695284159616 0.13796296296296295
0 0.342503022974607 0.42685185185185187 0.04050785973397823 0.1425925925925926
0 0.4797460701330109 0.3824074074074074 0.034461910519951636 0.1425925925925926
0 0.5093712212817413 0.3888888888888889 0.03204353083434099 0.14074074074074075
0 0.45133010882708585 0.5314814814814814 0.042926239419588876 0.14444444444444443
0 0.31892382103990324 0.11712962962962963 0.03688029020556227 0.1175925925925926
0 0.40840386940749696 0.6509259259259259 0.046553808948004836 0.16296296296296298
0 0.4860943168077388 0.42314814814814816 0.030229746070133012 0.12407407407407407
0 0.7503022974607013 0.07824074074074074 0.036275695284159616 0.12685185185185185
0 0.004232164449818622 0.1675925925925926 0.007255139056831923 0.12407407407407407
