0 0.7869791666666667 0.22037037037037038 0.025 0.11296296296296296
0 0.3763020833333333 0.22037037037037038 0.03177083333333333 0.12037037037037036
0 0.35989583333333336 0.22824074074074074 0.025 0.1287037037037037
0 0.54140625 0.40925925925925927 0.0421875 0.1814814814814815
0 0.4140625 0.2564814814814815 0.028125 0.12407407407407407
0 0.42526041666666664 0.34675925925925927 0.033854166666666664 0.16018518518518518
0 0.3984375 0.33425925925925926 0.035416666666666666 0.1685185185185185
0 0.3776041666666667 0.33055555555555555 0.03125 0.14629629629629629
0 0.1515625 0.9171296296296296 0.09479166666666666 0.1675925925925926
0 0.10989583333333333 0.8916666666666667 0.071875 0.21666666666666667
0 0.3484375 0.8662037037037037 0.059375 0.262037037037037
0 0.20104166666666667 0.5537037037037037 0.07083333333333333 0.23703703703703705
0 0.23958333333333334 0.7 0.057291666666666664 0.24814814814814815
0 0.30078125 0.6060185185185185 0.059895833333333336 0.2324074074074074
0 0.34817708333333336 0.5958333333333333 0.04635416666666667 0.2064814814814815
0 0.3606770833333333 0.6486111111111111 0.04635416666666667 0.18796296296296297
0 0.3453125 0.5407407407407407 0.04895833333333333 0.2388888888888889
0 0.38828125 0.5773148148148148 0.0421875 0.16203703703703703
0 0.6640625 0.4615740740740741 0.05416666666666667 0.21203703703703702
0 0.8703125 0.462037037037037 0.0625 0.19074074074074074
0 0.32265625 0.4310185185185185 0.0421875 0.17685185185185184
0 0.3653645833333333 0.4393518518518518 0.04635416666666667 0.19166666666666668
0 0.3848958333333333 0.425462962962963 0.03958333333333333 0.1638888888888889
0 0.4322916666666667 0.43425925925925923 0.03854166666666667 0.1574074074074074
0 0.49947916666666664 0.3925925925925926 0.03958333333333333 0.1685185185185185
0 0.10572916666666667 0.6199074074074075 0.057291666666666664 0.23981481481481481
0 0.30911458333333336 0.4046296296296296 0.0359375 0.15925925925925927
0 0.7088541666666667 0.3837962962962963 0.03958333333333333 0.19907407407407407
0 0.5809895833333333 0.3226851851851852 0.034895833333333334 0.16018518518518518
0 0.5536458333333333 0.3074074074074074 0.034375 0.12962962962962962
0 0.5135416666666667 0.35138888888888886 0.03125 0.15462962962962962
0 0.51875 0.3050925925925926 0.03125 0.12314814814814815
0 0.4921875 0.3476851851851852 0.036458333333333336 0.16203703703703703
0 0.4666666666666667 0.32314814814814813 0.028125 0.14629629629629629
0 0.46848958333333335 0.24212962962962964 0.027604166666666666 0.1287037037037037
0 0.4283854166666667 0.2273148148148148 0.03177083333333333 0.13240740740740742
0 0.5486979166666667 0.3939814814814815 0.03697916666666667 0.16944444444444445
