0 0.43319226118500603 0.7143518518518519 0.044135429262394194 0.1675925925925926
0 0.46916565900846435 0.712037037037037 0.04232164449818621 0.15185185185185185
0 0.4743047158403869 0.8824074074074074 0.04897218863361548 0.17962962962962964
0 0.46463119709794437 0.9694444444444444 0.04897218863361548 0.06296296296296296
0 0.5030229746070133 0.8685185185185185 0.044740024183796856 0.16111111111111112
0 0.5211608222490931 0.7138888888888889 0.05441354292623942 0.1814814814814815
0 0.47128174123337363 0.3138888888888889 0.04897218863361548 0.15
0 0.5547158403869408 0.8875 0.05259975816203144 0.17314814814814813
0 0.5640870616686819 0.8319444444444445 0.03990326481257558 0.15462962962962962
0 0.37938331318016927 0.8092592592592592 0.05501813784764208 0.1685185185185185
0 0.4740024183796856 0.33935185185185185 0.04232164449818621 0.16203703703703703
0 0.7088875453446191 0.8226851851851852 0.06106408706166868 0.19166666666666668
0 0.20012091898428053 0.9810185185185185 0.03506650544135429 0.03981481481481482
0 0.6118500604594922 0.8708333333333333 0.053204353083434096 0.1824074074074074
0 0.4570737605804111 0.8842592592592593 0.030229746070133012 0.12222222222222222
0 0.5332527206771464 0.8194444444444444 0.0471584038694075 0.14629629629629629
0 0.4207980652962515 0.8939814814814815 0.04232164449818621 0.14351851851851852
0 0.3464328899637243 0.7870370370370371 0.045949214026602174 0.16296296296296298
0 0.6605199516324063 0.49444444444444446 0.04534461910519952 0.15
0 0.7122128174123338 0.49074074074074076 0.0471584038694075 0.15925925925925927
0 0.8240628778718259 0.7787037037037037 0.0471584038694075 0.1685185185185185
0 0.5973397823458283 0.4828703703703704 0.049576783555018135 0.17314814814814813
0 0.4486094316807739 0.5449074074074074 0.032648125755743655 0.15648148148148147
0 0.805925030229746 0.6796296296296296 0.053204353083434096 0.1685185185185185
0 0.8446191051995163 0.6504629629629629 0.04836759371221282 0.1824074074074074
0 0.5269044740024184 0.549074074074074 0.04171704957678356 0.15925925925925927
0 0.5447400241837969 0.5643518518518519 0.04353083434099154 0.13796296296296295
0 0.5779927448609432 0.27685185185185185 0.03506650544135429 0.1574074074074074
0 0.8799879081015719 0.9476851851851852 0.05743651753325272 0.10462962962962963
0 0.9344014510278114 0.9412037037037037 0.05259975816203144 0.1175925925925926
0 0.5592503022974608 0.29583333333333334 0.04353083434099154 0.14907407407407408
0 0.5269044740024184 0.3597222222222222 0.042926239419588876 0.16018518518518518
0 0.5471584038694075 0.3486111111111111 0.041112454655380895 0.14351851851851852
0 0.4703748488512696 0.6023148148148149 0.036275695284159616 0.16203703703703703
0 0.49758162031438935 0.600462962962963 0.041112454655380895 0.16203703703703703
0 0.5036275695284159 0.6375 0.045949214026602174 0.1712962962962963
0 0.5392986698911729 0.6643518518518519 0.036275695284159616 0.15092592592592594
0 0.5725513905683193 0.6657407407407407 0.0471584038694075 0.1537037037037037
0 0.7119105199516325 0.6851851851851852 0.044135429262394194 0.17037037037037037
0 0.5438331318016929 0.9333333333333333 0.044135429262394194 0.13148148148148148
0 0.5801088270858524 0.9555555555555556 0.08403869407496976 0.08518518518518518
0 0.4782345828295042 0.8199074074074074 0.049576783555018135 0.17314814814814813
0 0.8010882708585247 0.4986111111111111 0.03990326481257558 0.14351851851851852
0 0.8355501813784765 0.5060185185185185 0.03990326481257558 0.13425925925925927
0 0.8047158403869408 0.47175925925925927 0.05199516324062878 0.15462962962962962
0 0.8246674727932285 0.4546296296296296 0.032648125755743655 0.12962962962962962
0 0.9068923821039904 0.5412037037037037 0.04353083434099154 0.15648148148148147
0 0.9531438935912938 0.3972222222222222 0.044135429262394194 0.1648148148148148
0 0.9053808948004837 0.4152777777777778 0.051390568319226115 0.14907407407407408
0 0.8518742442563483 0.4791666666666667 0.03506650544135429 0.125
0 0.8403869407496977 0.45092592592592595 0.032648125755743655 0.13518518518518519
0 0.5532043530834341 0.9527777777777777 0.03990326481257558 0.09444444444444444
0 0.5640870616686819 0.9356481481481481 0.044740024183796856 0.1287037037037037
0 0.3935912938331318 0.7615740740740741 0.0471584038694075 0.1712962962962963
0 0.31136638452237003 0.7481481481481481 0.04836759371221282 0.16296296296296298
0 0.07920193470374849 0.8513888888888889 0.05199516324062878 0.19907407407407407
0 0.8418984280532044 0.8782407407407408 0.06348246674727932 0.20462962962962963
0 0.7953446191051995 0.5708333333333333 0.0380894800483676 0.1398148148148148
0 0.8724304715840387 0.5305555555555556 0.03990326481257558 0.1537037037037037
0 0.7914147521160823 0.40185185185185185 0.0592503022974607 0.17037037037037037
0 0.9262394195888755 0.3300925925925926 0.037484885126964934 0.14537037037037037
0 0.9582829504232164 0.3143518518518518 0.04353083434099154 0.15833333333333333
0 0.9640266021765417 0.19537037037037036 0.044135429262394194 0.13518518518518519
0 0.9144498186215235 0.3611111111111111 0.035671100362756954 0.15185185185185185
0 0.7451632406287787 0.23148148148148148 0.044135429262394194 0.14629629629629629
0 0.7735792019347038 0.24583333333333332 0.044135429262394194 0.14351851851851852
0 0.8884522370012092 0.3277777777777778 0.046553808948004836 0.14629629629629629
0 0.9271463119709794 0.27175925925925926 0.039298669891172915 0.13796296296296295
0 0.9020556227327691 0.29074074074074074 0.037484885126964934 0.14074074074074075
0 0.8911729141475212 0.22592592592592592 0.04232164449818621 0.13148148148148148
0 0.9256348246674728 0.2310185185185185 0.04232164449818621 0.13240740740740742
0 0.9232164449818622 0.17916666666666667 0.03990326481257558 0.1398148148148148
0 0.9123337363966143 0.12407407407407407 0.03869407496977025 0.13703703703703704
0 0.004534461910519952 0.3625 0.007859733978234583 0.14907407407407408
0 0.018440145102781136 0.28703703703703703 0.035671100362756954 0.1537037037037037
0 0.042926239419588876 0.3087962962962963 0.032648125755743655 0.11574074074074074
0 0.044135429262394194 0.2574074074074074 0.036275695284159616 0.12407407407407407
0 0.0752720677146312 0.2375 0.04171704957678356 0.14907407407407408
0 0.07557436517533253 0.37083333333333335 0.04232164449818621 0.13796296296296295
0 0.12454655380894801 0.3365740740740741 0.037484885126964934 0.14537037037037037
0 0.04927448609431681 0.3212962962962963 0.0380894800483676 0.12037037037037036
0 0.012998790810157194 0.487962962962963 0.024788391777509067 0.17777777777777778
0 0.062273276904474005 0.3060185185185185 0.044740024183796856 0.15462962962962962
0 0.09854897218863362 0.32037037037037036 0.032648125755743655 0.13518518518518519
0 0.10217654171704958 0.35185185185185186 0.02539298669891173 0.10185185185185185
0 0.5202539298669892 0.475 0.0562273276904474 0.1685185185185185
0 0.7515114873035067 0.5722222222222222 0.0592503022974607 0.16666666666666666
0 0.7611850060459492 0.5282407407407408 0.045949214026602174 0.15462962962962962
0 0.555925030229746 0.46805555555555556 0.046553808948004836 0.16203703703703703
0 0.6423821039903265 0.4300925925925926 0.046553808948004836 0.16574074074074074
0 0.7309552599758162 0.3731481481481482 0.0471584038694075 0.13333333333333333
0 0.5867593712212817 0.38657407407407407 0.04171704957678356 0.14537037037037037
0 0.81136638452237 0.3347222222222222 0.03990326481257558 0.14722222222222223
0 0.7814389359129383 0.3560185185185185 0.039298669891172915 0.14907407407407408
0 0.7512091898428053 0.3421296296296296 0.039298669891172915 0.14537037037037037
0 0.772067714631197 0.2875 0.03506650544135429 0.12314814814814815
0 0.6771463119709794 0.35694444444444445 0.05078597339782346 0.14907407407407408
0 0.7351874244256348 0.27870370370370373 0.04836759371221282 0.1425925925925926
0 0.6605199516324063 0.2671296296296296 0.0380894800483676 0.1398148148148148
0 0.6880290205562273 0.2861111111111111 0.037484885126964934 0.14074074074074075
0 0.598851269649335 0.42685185185185187 0.044135429262394194 0.1574074074074074
0 0.5646916565900847 0.4074074074074074 0.04232164449818621 0.1425925925925926
0 0.6227327690447401 0.34444444444444444 0.03990326481257558 0.15925925925925927
0 0.5788996372430472 0.34629629629629627 0.03688029020556227 0.1388888888888889
0 0.598851269649335 0.31851851851851853 0.03688029020556227 0.1574074074074074
0 0.6390568319226119 0.31712962962962965 0.0471584038694075 0.16018518518518518
0 0.7164449818621523 0.1986111111111111 0.04353083434099154 0.12685185185185185
0 0.2512091898428053 0.10972222222222222 0.04171704957678356 0.16203703703703703
0 0.22037484885126965 0.12361111111111112 0.034461910519951636 0.13240740740740742
0 0.7203748488512697 0.15092592592592594 0.04171704957678356 0.14629629629629629
0 0.7524183796856106 0.1439814814814815 0.042926239419588876 0.1287037037037037
0 0.9767230955259976 0.49675925925925923 0.035671100362756954 0.12685185185185185
0 0.9854897218863361 0.06296296296296296 0.02902055622732769 0.12407407407407407
0 0.9443772672309553 0.1388888888888889 0.037484885126964934 0.1259259259259259
0 0.9437726723095526 0.058333333333333334 0.037484885126964934 0.11481481481481481
0 0.8582224909310762 0.11018518518518519 0.034461910519951636 0.14074074074074075
0 0.9226118500604595 0.0412037037037037 0.03506650544135429 0.08055555555555556
0 0.9259371221281741 0.07731481481481481 0.0380894800483676 0.12685185185185185
0 0.8748488512696493 0.06527777777777778 0.03385731559854897 0.1287037037037037
0 0.8851269649334945 0.028703703703703703 0.036275695284159616 0.05555555555555555
0 0.8467351874244257 0.04490740740740741 0.039298669891172915 0.08796296296296297
0 0.6106408706166868 0.2611111111111111 0.03869407496977025 0.14629629629629629
0 0.6656590084643289 0.12546296296296297 0.041112454655380895 0.13240740740740742
0 0.6366384522370012 0.13703703703703704 0.037484885126964934 0.13518518518518519
0 0.6100362756952842 0.1310185185185185 0.03143893591293833 0.12314814814814815
0 0.5900846432889963 0.1125 0.036275695284159616 0.14351851851851852
0 0.567714631197098 0.10555555555555556 0.03506650544135429 0.1425925925925926
0 0.6160822249093107 0.04351851851851852 0.030229746070133012 0.08518518518518518
0 0.16384522370012092 0.10324074074074074 0.03385731559854897 0.1287037037037037
0 0.1795646916565901 0.12222222222222222 0.03990326481257558 0.13518518518518519
0 0.22762998790810157 0.05740740740740741 0.04534461910519952 0.11296296296296296
0 0.12333736396614269 0.05648148148148148 0.02902055622732769 0.1111111111111111
0 0.279322853688029 0.032407407407407406 0.02902055622732769 0.06296296296296296
0 0.3004836759371221 0.03796296296296296 0.030229746070133012 0.07407407407407407
0 0.34008464328899635 0.06296296296296296 0.039298669891172915 0.12222222222222222
0 0.3352478839177751 0.03518518518518519 0.03688029020556227 0.06851851851851852
0 0.5114873035066505 0.03888888888888889 0.03990326481257558 0.07592592592592592
0 0.3675937122128174 0.043055555555555555 0.037484885126964934 0.08425925925925926
0 0.5468561064087062 0.03981481481481482 0.03688029020556227 0.07777777777777778
0 0.812273276904474 0.059722222222222225 0.03688029020556227 0.1175925925925926
0 0.1475211608222491 0.05 0.037484885126964934 0.09814814814814815
0 0.3567110036275695 0.45555555555555555 0.03506650544135429 0.1574074074074074
0 0.33766626360338575 0.22314814814814815 0.03083434099153567 0.13333333333333333
0 0.13724304715840388 0.7097222222222223 0.049576783555018135 0.16018518518518518
0 0.31166868198307135 0.23796296296296296 0.04171704957678356 0.1425925925925926
0 0.12998790810157196 0.6736111111111112 0.05562273276904474 0.16203703703703703
0 0.8252720677146312 0.3074074074074074 0.037484885126964934 0.13148148148148148
0 0.8512696493349455 0.2962962962962963 0.03385731559854897 0.12407407407407407
0 0.2391172914147521 0.5648148148148148 0.044135429262394194 0.1685185185185185
0 0.21070133010882708 0.5449074074074074 0.034461910519951636 0.17685185185185184
0 0.3464328899637243 0.5453703703703704 0.032648125755743655 0.14074074074074075
0 0.20495767835550183 0.487962962962963 0.036275695284159616 0.14814814814814814
0 0.21311970979443773 0.47129629629629627 0.03204353083434099 0.1574074074074074
0 0.1807738814993954 0.45787037037037037 0.03143893591293833 0.12685185185185185
0 0.17503022974607013 0.4111111111111111 0.039298669891172915 0.14629629629629629
0 0.1275695284159613 0.44166666666666665 0.037484885126964934 0.14814814814814814
0 0.3558041112454655 0.12222222222222222 0.02962515114873035 0.12962962962962962
0 0.376360338573156 0.11898148148148148 0.03204353083434099 0.1287037037037037
0 0.26541717049576785 0.3439814814814815 0.044740024183796856 0.1398148148148148
0 0.26088270858524787 0.36666666666666664 0.034461910519951636 0.14629629629629629
0 0.1735187424425635 0.8712962962962963 0.04353083434099154 0.16296296296296298
0 0.2941354292623942 0.6791666666666667 0.042926239419588876 0.15648148148148147
0 0.4362152357920194 0.5226851851851851 0.04171704957678356 0.15462962962962962
0 0.33222490931076176 0.5995370370370371 0.034461910519951636 0.15462962962962962
0 0.33282950423216445 0.6361111111111111 0.04171704957678356 0.1685185185185185
0 0.4077992744860943 0.6435185185185185 0.051390568319226115 0.15185185185185185
0 0.6166868198307134 0.6773148148148148 0.0471584038694075 0.15648148148148147
0 0.4244256348246675 0.43148148148148147 0.03506650544135429 0.12407407407407407
0 0.4165659008464329 0.39351851851851855 0.037484885126964934 0.10740740740740741
0 0.407496977025393 0.48564814814814816 0.03385731559854897 0.14907407407407408
0 0.4186819830713422 0.45231481481481484 0.02962515114873035 0.13240740740740742
0 0.22218863361547764 0.5194444444444445 0.03688029020556227 0.14629629629629629
0 0.27660217654171704 0.5092592592592593 0.05501813784764208 0.1574074074074074
0 0.2741837968561064 0.5444444444444444 0.039298669891172915 0.17407407407407408
0 0.5903869407496977 0.7763888888888889 0.051390568319226115 0.16203703703703703
0 0.2400241837968561 0.31296296296296294 0.03506650544135429 0.14074074074074075
0 0.7663240628778718 0.7458333333333333 0.04534461910519952 0.16203703703703703
0 0.28476420798065294 0.30092592592592593 0.03506650544135429 0.14814814814814814
0 0.3941958887545345 0.3560185185185185 0.03990326481257558 0.13796296296296295
0 0.21523579201934703 0.2689814814814815 0.032648125755743655 0.12685185185185185
0 0.4658403869407497 0.46574074074074073 0.039298669891172915 0.1425925925925926
0 0.1674727932285369 0.2865740740740741 0.03506650544135429 0.13796296296296295
0 0.18349455864570738 0.30925925925925923 0.034461910519951636 0.12222222222222222
