0 0.05754475703324808 0.7386363636363636 0.045183290707587385 0.15227272727272728
0 0.061381074168797956 0.7846590909090909 0.05285592497868713 0.15568181818181817
0 0.14407502131287298 0.7414772727272727 0.03751065643648764 0.14204545454545456
0 0.6095481670929241 0.9488636363636364 0.05115089514066496 0.10454545454545454
0 0.6632566069906224 0.8409090909090909 0.0443307757885763 0.15227272727272728
0 0.4394714407502131 0.8221590909090909 0.043478260869565216 0.14886363636363636
0 0.4799658994032396 0.8193181818181818 0.04603580562659847 0.15227272727272728
0 0.33844842284739984 0.7011363636363637 0.042625745950554135 0.1409090909090909
0 0.29923273657289 0.6693181818181818 0.0494458653026428 0.13863636363636364
0 0.2753623188405797 0.7022727272727273 0.05115089514066496 0.1318181818181818
0 0.01918158567774936 0.7130681818181818 0.03495311167945439 0.1375
0 0.45694799658994034 0.6892045454545455 0.0392156862745098 0.14431818181818182
0 0.4936061381074169 0.6954545454545454 0.04092071611253197 0.15227272727272728
0 0.4040920716112532 0.8647727272727272 0.0443307757885763 0.15227272727272728
0 0.3793691389599318 0.5460227272727273 0.0392156862745098 0.13522727272727272
0 0.1483375959079284 0.5346590909090909 0.03580562659846547 0.12840909090909092
0 0.17647058823529413 0.5471590909090909 0.04603580562659847 0.12840909090909092
0 0.7468030690537084 0.5778409090909091 0.0443307757885763 0.15113636363636362
0 0.7024722932651322 0.8534090909090909 0.0443307757885763 0.1409090909090909
0 0.34782608695652173 0.48806818181818185 0.03751065643648764 0.12840909090909092
0 0.3069053708439898 0.4863636363636364 0.03751065643648764 0.12727272727272726
0 0.05711849957374254 0.47045454545454546 0.03751065643648764 0.1340909090909091
0 0.8861892583120204 0.060227272727272727 0.0247229326513214 0.08409090909090909
0 0.8397271952259164 0.7880681818181818 0.05285592497868713 0.14204545454545456
0 0.9838022165387894 0.8159090909090909 0.030690537084398978 0.14772727272727273
0 0.5255754475703325 0.49772727272727274 0.041773231031543054 0.11363636363636363
0 0.4373401534526854 0.5517045454545455 0.0392156862745098 0.13522727272727272
0 0.47357203751065646 0.5625 0.03836317135549872 0.1340909090909091
0 0.5272804774083546 0.6840909090909091 0.045183290707587385 0.12727272727272726
0 0.3154305200341006 0.056818181818181816 0.030690537084398978 0.09772727272727273
0 0.7979539641943734 0.3693181818181818 0.042625745950554135 0.10454545454545454
0 0.10528559249786872 0.9857954545454546 0.03495311167945439 0.028409090909090908
0 0.2813299232736573 0.9715909090909091 0.04603580562659847 0.05909090909090909
0 0.20588235294117646 0.9801136363636364 0.045183290707587385 0.042045454545454546
0 0.2361466325660699 0.9602272727272727 0.04774083546462063 0.08181818181818182
0 0.14791133844842286 0.9255681818181818 0.041773231031543054 0.14886363636363636
0 0.18329070758738278 0.9306818181818182 0.042625745950554135 0.1409090909090909
0 0.4296675191815857 0.014204545454545454 0.023870417732310314 0.026136363636363635
0 0.4151747655583973 0.01818181818181818 0.028985507246376812 0.03409090909090909
0 0.24467178175618073 0.0375 0.028985507246376812 0.06818181818181818
0 0.8009377664109122 0.1965909090909091 0.03836317135549872 0.11136363636363636
0 0.8554987212276215 0.19318181818181818 0.03495311167945439 0.11818181818181818
0 0.819693094629156 0.2028409090909091 0.03154305200341006 0.11477272727272728
0 0.8256606990622336 0.04261363636363636 0.03495311167945439 0.08295454545454546
0 0.7105711849957375 0.35795454545454547 0.03665814151747655 0.1159090909090909
0 0.5063938618925832 0.2636363636363636 0.03239556692242114 0.11136363636363636
0 0.5532821824381927 0.25625 0.03751065643648764 0.11477272727272728
0 0.7898550724637681 0.33295454545454545 0.03836317135549872 0.10454545454545454
0 0.7583120204603581 0.36420454545454545 0.03665814151747655 0.11704545454545455
0 0.7715260017050298 0.5181818181818182 0.03751065643648764 0.1318181818181818
0 0.8000852514919011 0.4630681818181818 0.03154305200341006 0.11704545454545455
0 0.7843137254901961 0.5545454545454546 0.03410059676044331 0.10454545454545454
0 0.8384484228473998 0.5539772727272727 0.03836317135549872 0.13068181818181818
0 0.7907075873827792 0.48068181818181815 0.03836317135549872 0.11818181818181818
0 0.566069906223359 0.36761363636363636 0.042625745950554135 0.11931818181818182
0 0.5336743393009378 0.37670454545454546 0.04092071611253197 0.1215909090909091
0 0.34867860187553285 0.2346590909090909 0.03580562659846547 0.11477272727272728
0 0.4978687127024723 0.0846590909090909 0.027280477408354646 0.08522727272727272
0 0.3009377664109122 0.011931818181818182 0.023870417732310314 0.02159090909090909
0 0.36231884057971014 0.023295454545454546 0.02557544757033248 0.04431818181818182
0 0.35038363171355497 0.977840909090909 0.042625745950554135 0.04659090909090909
0 0.8231031543052003 0.2778409090909091 0.03836317135549872 0.10340909090909091
0 0.8201193520886616 0.6022727272727273 0.02557544757033248 0.10454545454545454
0 0.25404944586530265 0.03238636363636364 0.027280477408354646 0.0625
0 0.7208013640238704 0.26477272727272727 0.045183290707587385 0.11363636363636363
0 0.8175618073316283 0.3261363636363636 0.042625745950554135 0.125
0 0.5601023017902813 0.32443181818181815 0.03410059676044331 0.10795454545454546
0 0.8069053708439897 0.28238636363636366 0.03665814151747655 0.09886363636363636
0 0.7621483375959079 0.4602272727272727 0.04092071611253197 0.1159090909090909
0 0.5213128729752771 0.08863636363636364 0.029838022165387893 0.09090909090909091
0 0.5686274509803921 0.4965909090909091 0.03751065643648764 0.1318181818181818
0 0.5831202046035806 0.3170454545454545 0.0392156862745098 0.11818181818181818
0 0.023870417732310314 0.9767045454545454 0.027280477408354646 0.04431818181818182
0 0.049872122762148335 0.9761363636363637 0.03324808184143223 0.05
0 0.7553282182438192 0.9517045454545454 0.04603580562659847 0.09886363636363636
0 0.8073316283034954 0.9369318181818181 0.05115089514066496 0.12840909090909092
0 0.8482523444160273 0.9159090909090909 0.04092071611253197 0.16136363636363638
0 0.6018755328218244 0.7801136363636364 0.0443307757885763 0.1534090909090909
0 0.6457800511508951 0.7755681818181818 0.045183290707587385 0.15795454545454546
0 0.7774936061381074 0.6909090909090909 0.04603580562659847 0.15454545454545454
0 0.8017902813299232 0.5926136363636364 0.045183290707587385 0.15568181818181817
0 0.8537936913895993 0.6096590909090909 0.03836317135549872 0.12840909090909092
0 0.7476555839727195 0.48977272727272725 0.042625745950554135 0.11136363636363636
0 0.25831202046035806 0.14375 0.030690537084398978 0.10113636363636364
0 0.48934356351236147 0.3375 0.042625745950554135 0.11818181818181818
0 0.26427962489343565 0.37727272727272726 0.03239556692242114 0.10454545454545454
0 0.289002557544757 0.3664772727272727 0.03410059676044331 0.11477272727272728
0 0.3069053708439898 0.3875 0.03580562659846547 0.09090909090909091
0 0.31415174765558396 0.2340909090909091 0.03495311167945439 0.11363636363636363
0 0.4475703324808184 0.3090909090909091 0.03580562659846547 0.11136363636363636
0 0.32225063938618925 0.12613636363636363 0.03410059676044331 0.10454545454545454
0 0.19948849104859334 0.04375 0.027280477408354646 0.08522727272727272
0 0.28090366581415177 0.2369318181818182 0.03154305200341006 0.10113636363636364
0 0.5498721227621484 0.02727272727272727 0.03239556692242114 0.05227272727272727
0 0.4458653026427962 0.08125 0.030690537084398978 0.09431818181818181
0 0.47485080988917305 0.0875 0.03239556692242114 0.08636363636363636
0 0.2216538789428815 0.03579545454545455 0.028985507246376812 0.06931818181818182
0 0.33418584825234443 0.07215909090909091 0.030690537084398978 0.0875
0 0.49914748508098894 0.1125 0.03154305200341006 0.1
0 0.7753623188405797 0.2755681818181818 0.041773231031543054 0.1215909090909091
0 0.38917306052855927 0.025 0.028132992327365727 0.04772727272727273
0 0.46547314578005117 0.026136363636363635 0.027280477408354646 0.05
0 0.5208866155157715 0.32386363636363635 0.03751065643648764 0.10454545454545454
0 0.2847399829497016 0.014772727272727272 0.023870417732310314 0.02727272727272727
0 0.1010230179028133 0.8801136363636364 0.045183290707587385 0.14431818181818182
0 0.5115089514066496 0.9164772727272728 0.042625745950554135 0.1534090909090909
0 0.5601023017902813 0.9238636363636363 0.0392156862745098 0.1340909090909091
0 0.7642796248934356 0.8522727272727273 0.05541346973572037 0.1590909090909091
0 0.23529411764705882 0.6414772727272727 0.042625745950554135 0.1375
0 0.7958226768968457 0.7926136363636364 0.043478260869565216 0.1625
0 0.8891730605285593 0.8045454545454546 0.04092071611253197 0.16590909090909092
0 0.9198635976129582 0.7846590909090909 0.042625745950554135 0.16477272727272727
0 0.9109121909633419 0.7329545454545454 0.04859335038363171 0.15454545454545454
0 0.861466325660699 0.5039772727272728 0.03836317135549872 0.12613636363636363
0 0.5345268542199488 0.2215909090909091 0.03239556692242114 0.09772727272727273
0 0.11508951406649616 0.026704545454545453 0.04092071611253197 0.05113636363636364
0 0.005967604433077579 0.5721590909090909 0.010230179028132993 0.12386363636363637
0 0.03665814151747655 0.5005681818181819 0.04092071611253197 0.11022727272727273
0 0.5677749360613811 0.6715909090909091 0.04092071611253197 0.1409090909090909
0 0.08439897698209718 0.30454545454545456 0.03751065643648764 0.12045454545454545
0 0.22762148337595908 0.5142045454545454 0.03751065643648764 0.1375
0 0.4961636828644501 0.5176136363636363 0.028985507246376812 0.1215909090909091
0 0.4390451832907076 0.4034090909090909 0.03580562659846547 0.11363636363636363
0 0.33972719522591643 0.29829545454545453 0.03495311167945439 0.11477272727272728
0 0.06947996589940324 0.38693181818181815 0.040068201193520885 0.11931818181818182
0 0.01278772378516624 0.4965909090909091 0.023870417732310314 0.125
0 0.10485933503836317 0.33238636363636365 0.042625745950554135 0.11704545454545455
0 0.27152600170502983 0.5511363636363636 0.041773231031543054 0.13636363636363635
0 0.13725490196078433 0.32443181818181815 0.03580562659846547 0.11704545454545455
0 0.46121057118499575 0.17102272727272727 0.030690537084398978 0.09431818181818181
0 0.45225916453537934 0.4869318181818182 0.03495311167945439 0.1215909090909091
0 0.41474850809889174 0.39602272727272725 0.03836317135549872 0.12840909090909092
0 0.45865302642796246 0.3744318181818182 0.03580562659846547 0.11704545454545455
0 0.5370843989769821 0.4329545454545455 0.04092071611253197 0.1318181818181818
0 0.3657289002557545 0.30056818181818185 0.03239556692242114 0.11931818181818182
0 0.18073316283034954 0.19318181818181818 0.04092071611253197 0.09772727272727273
0 0.42497868712702475 0.25227272727272726 0.029838022165387893 0.09772727272727273
0 0.18712702472293266 0.30625 0.03665814151747655 0.11477272727272728
0 0.3375959079283887 0.2551136363636364 0.03580562659846547 0.1215909090909091
0 0.3648763853367434 0.17556818181818182 0.03239556692242114 0.10340909090909091
0 0.39215686274509803 0.17556818181818182 0.03239556692242114 0.10795454545454546
0 0.47144075021312876 0.22840909090909092 0.0392156862745098 0.11818181818181818
0 0.4040920716112532 0.24659090909090908 0.03410059676044331 0.10681818181818181
0 0.4398976982097187 0.16477272727272727 0.030690537084398978 0.1
0 0.4121909633418585 0.17954545454545454 0.03154305200341006 0.10227272727272728
0 0.3316283034953112 0.15738636363636363 0.03580562659846547 0.11477272727272728
0 0.5268542199488491 0.11704545454545455 0.03239556692242114 0.09772727272727273
0 0.7706734867860188 0.3028409090909091 0.03580562659846547 0.11022727272727273
0 0.8832054560954816 0.2056818181818182 0.030690537084398978 0.10681818181818181
0 0.8508098891730606 0.3931818181818182 0.042625745950554135 0.11818181818181818
0 0.8597612958226769 0.20170454545454544 0.03495311167945439 0.10795454545454546
0 0.8422847399829497 0.38238636363636364 0.042625745950554135 0.12386363636363637
0 0.814151747655584 0.39147727272727273 0.0392156862745098 0.1215909090909091
0 0.7446717817561808 0.7977272727272727 0.05200341005967604 0.1590909090909091
0 0.10315430520034101 0.4096590909090909 0.04603580562659847 0.12840909090909092
0 0.4803921568627451 0.38125 0.03154305200341006 0.1215909090909091
0 0.38107416879795397 0.4772727272727273 0.0443307757885763 0.12045454545454545
0 0.6649616368286445 0.9534090909090909 0.05115089514066496 0.09545454545454546
0 0.4948849104859335 0.3715909090909091 0.03154305200341006 0.10454545454545454
0 0.4288150042625746 0.46193181818181817 0.03751065643648764 0.12840909090909092
0 0.4373401534526854 0.12556818181818183 0.02557544757033248 0.0875
