0 0.24583333333333332 0.7574074074074074 0.059375 0.22037037037037038
0 0.30963541666666666 0.7638888888888888 0.049479166666666664 0.23148148148148148
0 0.36302083333333335 0.7402777777777778 0.041666666666666664 0.20462962962962963
0 0.31145833333333334 0.8870370370370371 0.06145833333333333 0.22777777777777777
0 0.371875 0.8916666666666667 0.06145833333333333 0.21666666666666667
0 0.621875 0.6615740740740741 0.04479166666666667 0.1935185185185185
0 0.7940104166666667 0.5296296296296297 0.025520833333333333 0.09259259259259259
0 0.8705729166666667 0.712037037037037 0.05260416666666667 0.19074074074074074
0 0.7536458333333333 0.7643518518518518 0.04479166666666667 0.2212962962962963
0 0.8533854166666667 0.6930555555555555 0.044270833333333336 0.18796296296296297
0 0.44895833333333335 0.5393518518518519 0.023958333333333335 0.11018518518518519
0 0.4747395833333333 0.5287037037037037 0.03177083333333333 0.13333333333333333
0 0.4296875 0.5648148148148148 0.027083333333333334 0.13148148148148148
0 0.496875 0.5527777777777778 0.03125 0.13148148148148148
0 0.5440104166666667 0.5310185185185186 0.03177083333333333 0.13055555555555556
0 0.5265625 0.549074074074074 0.030208333333333334 0.12962962962962962
0 0.5161458333333333 0.6569444444444444 0.04583333333333333 0.18611111111111112
0 0.56015625 0.6518518518518519 0.0359375 0.1685185185185185
0 0.5559895833333334 0.624537037037037 0.03177083333333333 0.16018518518518518
0 0.6255208333333333 0.6222222222222222 0.035416666666666666 0.1574074074074074
0 0.584375 0.6912037037037037 0.04479166666666667 0.17314814814814813
0 0.6158854166666666 0.7041666666666667 0.0359375 0.13425925925925927
0 0.6536458333333334 0.7666666666666667 0.046875 0.22407407407407406
0 0.7653645833333333 0.6504629629629629 0.0390625 0.1675925925925926
0 0.75859375 0.712037037037037 0.0484375 0.17037037037037037
0 0.02109375 0.9384259259259259 0.04114583333333333 0.125
0 0.047135416666666666 0.9546296296296296 0.058854166666666666 0.09259259259259259
0 0.5140625 0.8268518518518518 0.05 0.2037037037037037
0 0.6919270833333333 0.8189814814814815 0.0578125 0.2175925925925926
0 0.9703125 0.8069444444444445 0.041666666666666664 0.2101851851851852
0 0.46458333333333335 0.48935185185185187 0.03229166666666667 0.10462962962962963
0 0.4348958333333333 0.4810185185185185 0.03229166666666667 0.12314814814814815
0 0.7421875 0.4513888888888889 0.030208333333333334 0.08981481481481482
