0 0.5346354166666667 0.21203703703703702 0.028645833333333332 0.12407407407407407
0 0.3703125 0.2199074074074074 0.029166666666666667 0.1287037037037037
0 0.1125 0.48194444444444445 0.034375 0.18981481481481483
0 0.6018229166666667 0.2986111111111111 0.03177083333333333 0.1527777777777778
0 0.3515625 0.2199074074074074 0.027083333333333334 0.1398148148148148
0 0.040625 0.9004629629629629 0.07083333333333333 0.20092592592592592
0 0.24088541666666666 0.8587962962962963 0.08385416666666666 0.28425925925925927
0 0.3572916666666667 0.6888888888888889 0.059375 0.2796296296296296
0 0.7302083333333333 0.46805555555555556 0.065625 0.20462962962962963
0 0.5903645833333333 0.32592592592592595 0.03802083333333333 0.1574074074074074
0 0.14817708333333332 0.8513888888888889 0.08802083333333334 0.2972222222222222
0 0.39348958333333334 0.4412037037037037 0.0546875 0.27314814814814814
0 0.5609375 0.3907407407407407 0.03958333333333333 0.1925925925925926
0 0.46197916666666666 0.41064814814814815 0.03333333333333333 0.16018518518518518
0 0.42864583333333334 0.3912037037037037 0.046875 0.1787037037037037
0 0.31328125 0.37592592592592594 0.0359375 0.17037037037037037
0 0.2713541666666667 0.31527777777777777 0.03229166666666667 0.15648148148148147
0 0.42552083333333335 0.2898148148148148 0.034375 0.13703703703703704
0 0.43854166666666666 0.2800925925925926 0.030208333333333334 0.13425925925925927
0 0.3859375 0.2935185185185185 0.027083333333333334 0.10740740740740741
0 0.46041666666666664 0.2513888888888889 0.03333333333333333 0.14907407407407408
0 0.48489583333333336 0.27546296296296297 0.028125 0.09907407407407408
0 0.41354166666666664 0.22962962962962963 0.03333333333333333 0.1259259259259259
0 0.4075520833333333 0.20972222222222223 0.0296875 0.12129629629629629
0 0.5322916666666667 0.2967592592592593 0.021875 0.10092592592592593
0 0.5549479166666667 0.27175925925925926 0.033854166666666664 0.14537037037037037
0 0.4895833333333333 0.21296296296296297 0.03125 0.1388888888888889
0 0.41901041666666666 0.19583333333333333 0.030729166666666665 0.12685185185185185
0 0.4265625 0.21157407407407408 0.026041666666666668 0.12129629629629629
