0 0.5568319226118501 0.8856481481481482 0.04353083434099154 0.1824074074074074
0 0.5544135429262395 0.9300925925925926 0.04232164449818621 0.14166666666666666
0 0.3926844014510278 0.5666666666666667 0.03688029020556227 0.13518518518518519
0 0.38422007255139057 0.6060185185185185 0.04171704957678356 0.15462962962962962
0 0.7218863361547763 0.7069444444444445 0.0471584038694075 0.1824074074074074
0 0.7152357920193471 0.7356481481481482 0.05199516324062878 0.18425925925925926
0 0.6795646916565901 0.763425925925926 0.045949214026602174 0.1712962962962963
0 0.33585247883917774 0.3106481481481482 0.03688029020556227 0.1398148148148148
0 0.2850665054413543 0.33055555555555555 0.03204353083434099 0.14074074074074075
0 0.3651753325272068 0.31805555555555554 0.03990326481257558 0.14537037037037037
0 0.3902660217654172 0.29814814814814816 0.03688029020556227 0.14074074074074075
0 0.2992744860943168 0.34074074074074073 0.044740024183796856 0.14629629629629629
0 0.6366384522370012 0.9638888888888889 0.05199516324062878 0.07407407407407407
0 0.6735187424425635 0.9541666666666667 0.04232164449818621 0.09351851851851851
0 0.6248488512696493 0.950462962962963 0.04171704957678356 0.10092592592592593
0 0.813180169286578 0.850462962962963 0.04353083434099154 0.1712962962962963
0 0.8948004836759371 0.8875 0.05441354292623942 0.17314814814814813
0 0.8240628778718259 0.7796296296296297 0.036275695284159616 0.12407407407407407
0 0.846130592503023 0.7712962962962963 0.039298669891172915 0.13518518518518519
0 0.9277509068923822 0.30416666666666664 0.044135429262394194 0.15462962962962962
0 0.9591898428053204 0.2763888888888889 0.04534461910519952 0.12129629629629629
0 0.17110036275695284 0.33194444444444443 0.037484885126964934 0.1287037037037037
0 0.03325272067714631 0.399537037037037 0.045949214026602174 0.14907407407407408
0 0.23458282950423218 0.3347222222222222 0.03990326481257558 0.14537037037037037
0 0.6018742442563483 0.47962962962962963 0.039298669891172915 0.17222222222222222
0 0.23548972188633616 0.2763888888888889 0.03083434099153567 0.14351851851851852
0 0.22128174123337363 0.375 0.04232164449818621 0.1425925925925926
0 0.6342200725513906 0.3509259259259259 0.04232164449818621 0.13703703703703704
0 0.6650544135429263 0.3300925925925926 0.0471584038694075 0.1398148148148148
0 0.7028415961305925 0.28935185185185186 0.046553808948004836 0.13425925925925927
0 0.7959492140266021 0.3194444444444444 0.039298669891172915 0.13518518518518519
0 0.781136638452237 0.33611111111111114 0.04232164449818621 0.14629629629629629
0 0.7841596130592503 0.47314814814814815 0.04353083434099154 0.14074074074074075
0 0.977932285368803 0.524074074074074 0.039298669891172915 0.14629629629629629
0 0.9600967351874244 0.5439814814814815 0.03990326481257558 0.14351851851851852
0 0.9434703748488513 0.6657407407407407 0.042926239419588876 0.16296296296296298
0 0.9108222490931076 0.6861111111111111 0.046553808948004836 0.1814814814814815
0 0.8370616686819831 0.6884259259259259 0.042926239419588876 0.15462962962962962
0 0.8016928657799275 0.7319444444444444 0.0592503022974607 0.14907407407407408
0 0.9498186215235792 0.7851851851851852 0.05804111245465538 0.16296296296296298
0 0.939540507859734 0.8842592592592593 0.0471584038694075 0.17592592592592593
0 0.6233373639661427 0.637962962962963 0.045949214026602174 0.15925925925925927
0 0.6478234582829504 0.6657407407407407 0.044135429262394194 0.16296296296296298
0 0.8845223700120919 0.5254629629629629 0.032648125755743655 0.13425925925925927
0 0.8694074969770254 0.5282407407407408 0.03990326481257558 0.14351851851851852
0 0.5722490931076178 0.7407407407407407 0.05380894800483676 0.17037037037037037
0 0.5392986698911729 0.7245370370370371 0.045949214026602174 0.1638888888888889
0 0.7321644498186215 0.6439814814814815 0.036275695284159616 0.13240740740740742
0 0.7799274486094316 0.6625 0.044740024183796856 0.125
0 0.8089480048367593 0.6532407407407408 0.044740024183796856 0.1712962962962963
0 0.8440145102781137 0.3888888888888889 0.03385731559854897 0.13518518518518519
0 0.8609431680773881 0.3712962962962963 0.03385731559854897 0.11851851851851852
0 0.06952841596130592 0.6305555555555555 0.044740024183796856 0.1574074074074074
0 0.10731559854897219 0.6101851851851852 0.04171704957678356 0.14814814814814814
0 0.15114873035066506 0.7861111111111111 0.04353083434099154 0.1814814814814815
0 0.10187424425634825 0.7805555555555556 0.04897218863361548 0.1648148148148148
0 0.2962515114873035 0.6699074074074074 0.049576783555018135 0.16018518518518518
0 0.35006045949214026 0.6421296296296296 0.04232164449818621 0.16574074074074074
0 0.3730350665054414 0.663425925925926 0.036275695284159616 0.13240740740740742
0 0.5326481257557436 0.9351851851851852 0.037484885126964934 0.11296296296296296
0 0.05108827085852479 0.48935185185185187 0.05501813784764208 0.1398148148148148
0 0.4758162031438936 0.9115740740740741 0.05078597339782346 0.16944444444444445
0 0.813180169286578 0.4583333333333333 0.04836759371221282 0.14074074074074075
0 0.20193470374848851 0.337037037037037 0.03990326481257558 0.14814814814814814
0 0.008766626360338573 0.41203703703703703 0.016324062877871828 0.13148148148148148
0 0.058645707376058044 0.43703703703703706 0.053204353083434096 0.16296296296296298
0 0.23760580411124546 0.6032407407407407 0.03869407496977025 0.15648148148148147
0 0.2351874244256348 0.5722222222222222 0.03385731559854897 0.14814814814814814
0 0.19135429262394196 0.6032407407407407 0.04171704957678356 0.1398148148148148
0 0.20556227327690446 0.5486111111111112 0.04232164449818621 0.14351851851851852
0 0.1677750906892382 0.5699074074074074 0.039298669891172915 0.15092592592592594
0 0.3222490931076179 0.6013888888888889 0.03990326481257558 0.15462962962962962
0 0.3866384522370012 0.2574074074074074 0.034461910519951636 0.12962962962962962
0 0.40931076178960096 0.25972222222222224 0.02902055622732769 0.13240740740740742
0 0.35006045949214026 0.5828703703703704 0.03506650544135429 0.1287037037037037
0 0.7152357920193471 0.9629629629629629 0.044740024183796856 0.07592592592592592
0 0.7131197097944377 0.3921296296296296 0.044135429262394194 0.12129629629629629
0 0.7551390568319226 0.40324074074074073 0.03869407496977025 0.1398148148148148
0 0.26934703748488514 0.3962962962962963 0.035671100362756954 0.1425925925925926
0 0.24909310761789602 0.4115740740740741 0.03506650544135429 0.14351851851851852
0 0.7889963724304716 0.5782407407407407 0.03143893591293833 0.1287037037037037
0 0.466142684401451 0.9851851851851852 0.03506650544135429 0.03148148148148148
0 0.4014510278113664 0.9296296296296296 0.049576783555018135 0.1425925925925926
0 0.32043530834340994 0.9680555555555556 0.05199516324062878 0.06574074074074074
0 0.5326481257557436 0.5962962962962963 0.0471584038694075 0.1574074074074074
0 0.3222490931076179 0.7944444444444444 0.049576783555018135 0.16296296296296298
0 0.7336759371221282 0.6027777777777777 0.04534461910519952 0.14814814814814814
0 0.7173518742442564 0.6212962962962963 0.03688029020556227 0.12037037037037036
0 0.5547158403869408 0.6282407407407408 0.03688029020556227 0.16203703703703703
0 0.37001209189842804 0.9481481481481482 0.060459492140266025 0.10555555555555556
0 0.35066505441354295 0.4976851851851852 0.037484885126964934 0.13240740740740742
0 0.2844619105199516 0.4726851851851852 0.0380894800483676 0.15648148148148147
0 0.25634824667472794 0.7731481481481481 0.04232164449818621 0.18518518518518517
0 0.47702539298669894 0.44907407407407407 0.02781136638452237 0.13518518518518519
0 0.3564087061668682 0.7314814814814815 0.04171704957678356 0.15925925925925927
0 0.3818016928657799 0.7870370370370371 0.051390568319226115 0.15925925925925927
0 0.3866384522370012 0.7546296296296297 0.039298669891172915 0.1685185185185185
0 0.3292019347037485 0.7402777777777778 0.04171704957678356 0.17685185185185184
0 0.02871825876662636 0.7902777777777777 0.0562273276904474 0.16203703703703703
0 0.015719467956469165 0.7518518518518519 0.030229746070133012 0.14629629629629629
0 0.4588875453446191 0.7560185185185185 0.03990326481257558 0.15462962962962962
0 0.6804715840386941 0.7185185185185186 0.046553808948004836 0.15185185185185185
0 0.3899637243047158 0.45787037037037037 0.03385731559854897 0.10462962962962963
0 0.466142684401451 0.5606481481481481 0.036275695284159616 0.1398148148148148
0 0.4546553808948005 0.5152777777777777 0.03869407496977025 0.10462962962962963
0 0.20133010882708585 0.8837962962962963 0.053204353083434096 0.1675925925925926
0 0.46735187424425634 0.42453703703703705 0.032648125755743655 0.1398148148148148
0 0.5003022974607013 0.41435185185185186 0.034461910519951636 0.14907407407407408
0 0.4649334945586457 0.6421296296296296 0.037484885126964934 0.15092592592592594
0 0.44316807738814995 0.43703703703703706 0.02781136638452237 0.12407407407407407
0 0.48941958887545345 0.4722222222222222 0.039298669891172915 0.12407407407407407
0 0.11577992744860943 0.9703703703703703 0.051390568319226115 0.05925925925925926
0 0.5752720677146312 0.975 0.0380894800483676 0.05185185185185185
0 0.591596130592503 0.5925925925925926 0.034461910519951636 0.10925925925925926
0 0.5701330108827086 0.5592592592592592 0.03990326481257558 0.14629629629629629
0 0.9268440145102781 0.07268518518518519 0.03869407496977025 0.11944444444444445
0 0.9316807738814994 0.04490740740740741 0.03990326481257558 0.08796296296296297
0 0.9470979443772672 0.09907407407407408 0.028415961305925032 0.09814814814814815
0 0.9885126964933495 0.23148148148148148 0.02176541717049577 0.12407407407407407
0 0.9062877871825876 0.262037037037037 0.03990326481257558 0.14814814814814814
0 0.8926844014510278 0.2824074074074074 0.03688029020556227 0.13518518518518519
0 0.9873035066505441 0.32037037037037036 0.02418379685610641 0.1425925925925926
0 0.9087061668681983 0.3925925925925926 0.044740024183796856 0.14629629629629629
0 0.9461910519951633 0.35648148148148145 0.049576783555018135 0.1537037037037037
0 0.9806529625151149 0.37175925925925923 0.03385731559854897 0.14351851851851852
0 0.8760580411124547 0.47175925925925927 0.04232164449818621 0.14907407407407408
0 0.8778718258766627 0.49027777777777776 0.044740024183796856 0.15092592592592594
0 0.7977629987908101 0.3925925925925926 0.039298669891172915 0.14814814814814814
0 0.8346432889963724 0.4930555555555556 0.04171704957678356 0.15092592592592594
0 0.8799879081015719 0.7134259259259259 0.047762998790810154 0.15833333333333333
0 0.6786577992744861 0.05416666666666667 0.02962515114873035 0.10648148148148148
0 0.6955864570737605 0.056018518518518516 0.03204353083434099 0.11018518518518519
0 0.597037484885127 0.06944444444444445 0.03688029020556227 0.13518518518518519
0 0.5634824667472793 0.04490740740740741 0.030229746070133012 0.08796296296296297
0 0.6432889963724304 0.060648148148148145 0.03506650544135429 0.11388888888888889
0 0.6342200725513906 0.08148148148148149 0.03990326481257558 0.11851851851851852
0 0.5937122128174124 0.08564814814814815 0.032648125755743655 0.11574074074074074
0 0.6478234582829504 0.1550925925925926 0.0380894800483676 0.1287037037037037
0 0.593409915356711 0.13333333333333333 0.03688029020556227 0.13703703703703704
0 0.5807134220072552 0.15324074074074073 0.03204353083434099 0.12129629629629629
0 0.6230350665054414 0.1685185185185185 0.02720677146311971 0.08703703703703704
0 0.6033857315598549 0.17222222222222222 0.03143893591293833 0.12407407407407407
0 0.5541112454655381 0.09675925925925925 0.03688029020556227 0.1175925925925926
0 0.5250906892382105 0.0962962962962963 0.02962515114873035 0.10740740740740741
0 0.5253929866989118 0.037037037037037035 0.037484885126964934 0.07222222222222222
0 0.5114873035066505 0.03796296296296296 0.02781136638452237 0.07407407407407407
0 0.6795646916565901 0.19074074074074074 0.037484885126964934 0.13518518518518519
0 0.6466142684401451 0.2675925925925926 0.039298669891172915 0.12777777777777777
0 0.6559854897218863 0.2884259259259259 0.037484885126964934 0.14351851851851852
0 0.7128174123337364 0.2587962962962963 0.037484885126964934 0.14351851851851852
0 0.44256348246674726 0.06018518518518518 0.030229746070133012 0.10925925925925926
0 0.47702539298669894 0.1037037037037037 0.030229746070133012 0.12962962962962962
0 0.406590084643289 0.03518518518518519 0.034461910519951636 0.06851851851851852
0 0.41777509068923824 0.056018518518518516 0.030229746070133012 0.11018518518518519
0 0.3301088270858525 0.06898148148148148 0.04232164449818621 0.1361111111111111
0 0.41626360338573154 0.11435185185185186 0.034461910519951636 0.12685185185185185
0 0.44256348246674726 0.13425925925925927 0.036275695284159616 0.12407407407407407
0 0.6408706166868199 0.47962962962962963 0.049576783555018135 0.1574074074074074
0 0.7554413542926239 0.350462962962963 0.039298669891172915 0.1398148148148148
0 0.3134824667472793 0.4351851851851852 0.05259975816203144 0.14814814814814814
0 0.20646916565900847 0.42962962962962964 0.04897218863361548 0.13703703703703704
0 0.044437726723095525 0.05185185185185185 0.039298669891172915 0.10185185185185185
0 0.07708585247883917 0.043055555555555555 0.034461910519951636 0.08425925925925926
0 0.15205562273276904 0.0625 0.03688029020556227 0.11944444444444445
0 0.20193470374848851 0.04814814814814815 0.03506650544135429 0.09444444444444444
0 0.22642079806529625 0.05277777777777778 0.02962515114873035 0.1037037037037037
0 0.2599758162031439 0.05694444444444444 0.032648125755743655 0.11203703703703703
0 0.27871825876662637 0.0625 0.03506650544135429 0.12129629629629629
0 0.1825876662636034 0.05 0.03990326481257558 0.09814814814814815
0 0.12182587666263603 0.037037037037037035 0.03204353083434099 0.07222222222222222
0 0.1816807738814994 0.09074074074074075 0.03083434099153567 0.12407407407407407
0 0.3301088270858525 0.09027777777777778 0.032648125755743655 0.12314814814814815
0 0.38301088270858524 0.08796296296296297 0.039298669891172915 0.1259259259259259
0 0.440447400241838 0.08009259259259259 0.04050785973397823 0.12685185185185185
0 0.34945586457073763 0.2490740740740741 0.037484885126964934 0.14074074074074075
0 0.1786577992744861 0.14675925925925926 0.03204353083434099 0.1361111111111111
0 0.2028415961305925 0.15092592592592594 0.03325272067714631 0.13518518518518519
0 0.31559854897218864 0.1865740740740741 0.03385731559854897 0.13796296296296295
0 0.2877871825876663 0.17962962962962964 0.03990326481257558 0.13518518518518519
0 0.39600967351874244 0.18981481481481483 0.03385731559854897 0.1259259259259259
0 0.35882708585247886 0.21064814814814814 0.039298669891172915 0.12685185185185185
0 0.38784764207980654 0.22870370370370371 0.039298669891172915 0.14814814814814814
0 0.4486094316807739 0.30833333333333335 0.037484885126964934 0.13518518518518519
0 0.4579806529625151 0.3384259259259259 0.039298669891172915 0.15462962962962962
0 0.4198911729141475 0.33564814814814814 0.03688029020556227 0.14907407407407408
0 0.20163240628778717 0.30277777777777776 0.02962515114873035 0.13148148148148148
0 0.16837968561064087 0.2833333333333333 0.0380894800483676 0.1425925925925926
0 0.1154776299879081 0.25 0.037484885126964934 0.12962962962962962
0 0.10217654171704958 0.22407407407407406 0.03869407496977025 0.12962962962962962
0 0.1396614268440145 0.2037037037037037 0.03143893591293833 0.13518518518518519
0 0.9607013301088271 0.33194444444444443 0.037484885126964934 0.14537037037037037
0 0.6614268440145102 0.1337962962962963 0.0471584038694075 0.14351851851851852
0 0.9824667472793228 0.030555555555555555 0.032648125755743655 0.05925925925925926
0 0.5758766626360339 0.07268518518518519 0.03688029020556227 0.12129629629629629
0 0.48035066505441354 0.030555555555555555 0.03083434099153567 0.05925925925925926
