0 0.4558645707376058 0.45740740740740743 0.03385731559854897 0.15185185185185185
0 0.4797460701330109 0.49212962962962964 0.0562273276904474 0.16203703703703703
0 0.7524183796856106 0.9319444444444445 0.062273276904474005 0.1361111111111111
0 0.7938331318016929 0.9282407407407407 0.05199516324062878 0.14537037037037037
0 0.5447400241837969 0.9064814814814814 0.056831922611850064 0.17962962962962964
0 0.25 0.8462962962962963 0.039298669891172915 0.1425925925925926
0 0.3941958887545345 0.8740740740740741 0.06408706166868199 0.17037037037037037
0 0.4165659008464329 0.9060185185185186 0.0471584038694075 0.14351851851851852
0 0.6562877871825876 0.5740740740740741 0.039298669891172915 0.1537037037037037
0 0.628174123337364 0.5546296296296296 0.03506650544135429 0.14814814814814814
0 0.5447400241837969 0.5462962962962963 0.037484885126964934 0.1537037037037037
0 0.5172309552599759 0.47824074074074074 0.04171704957678356 0.14907407407407408
0 0.2007255139056832 0.8768518518518519 0.05441354292623942 0.15925925925925927
0 0.3310157194679565 0.9166666666666666 0.04534461910519952 0.15925925925925927
0 0.3186215235792019 0.950462962962963 0.044740024183796856 0.10092592592592593
0 0.34915356711003626 0.975925925925926 0.0380894800483676 0.05
0 0.4023579201934704 0.9689814814814814 0.04897218863361548 0.06388888888888888
0 0.8954050785973398 0.8699074074074075 0.04232164449818621 0.1675925925925926
0 0.9452841596130592 0.8782407407407408 0.04897218863361548 0.13425925925925927
0 0.9126360338573156 0.8212962962962963 0.04897218863361548 0.1537037037037037
0 0.9622128174123338 0.812037037037037 0.03688029020556227 0.15555555555555556
0 0.9806529625151149 0.9546296296296296 0.03869407496977025 0.09259259259259259
0 0.8573155985489722 0.8439814814814814 0.04232164449818621 0.1175925925925926
0 0.9522370012091899 0.8546296296296296 0.03143893591293833 0.13518518518518519
0 0.9818621523579202 0.7962962962962963 0.03506650544135429 0.13703703703703704
0 0.9534461910519951 0.9453703703703704 0.03869407496977025 0.10555555555555556
0 0.7965538089480049 0.8597222222222223 0.06711003627569528 0.1787037037037037
0 0.8207376058041113 0.4212962962962963 0.044135429262394194 0.13703703703703704
0 0.7711608222490931 0.5851851851851851 0.046553808948004836 0.14814814814814814
0 0.8107617896009673 0.6046296296296296 0.04353083434099154 0.14629629629629629
0 0.9794437726723095 0.7240740740740741 0.041112454655380895 0.1425925925925926
0 0.9501209189842805 0.649074074074074 0.04171704957678356 0.14814814814814814
0 0.9207980652962515 0.6675925925925926 0.036275695284159616 0.14629629629629629
0 0.8004836759371221 0.3768518518518518 0.03990326481257558 0.1425925925925926
0 0.9159613059250302 0.4412037037037037 0.036275695284159616 0.14351851851851852
0 0.012394195888754534 0.7601851851851852 0.02357920193470375 0.1574074074074074
0 0.02962515114873035 0.7060185185185185 0.04232164449818621 0.16018518518518518
0 0.011185006045949214 0.663425925925926 0.021160822249093107 0.13425925925925927
0 0.46372430471584036 0.8671296296296296 0.0592503022974607 0.16574074074074074
0 0.8821039903264812 0.9787037037037037 0.041112454655380895 0.044444444444444446
0 0.5096735187424426 0.8685185185185185 0.05441354292623942 0.1814814814814815
0 0.6910519951632407 0.924537037037037 0.05078597339782346 0.1527777777777778
0 0.8047158403869408 0.7171296296296297 0.049576783555018135 0.1398148148148148
0 0.3551995163240629 0.7837962962962963 0.04897218863361548 0.1675925925925926
0 0.8944981862152358 0.6546296296296297 0.03688029020556227 0.15925925925925927
0 0.8639661426844014 0.6837962962962963 0.04353083434099154 0.16018518518518518
0 0.8264812575574365 0.6796296296296296 0.045949214026602174 0.14629629629629629
0 0.74546553808948 0.7407407407407407 0.04836759371221282 0.16296296296296298
0 0.907496977025393 0.5615740740740741 0.04353083434099154 0.13796296296296295
0 0.7285368802902056 0.6532407407407408 0.037484885126964934 0.14537037037037037
0 0.7590689238210399 0.662962962962963 0.03688029020556227 0.13703703703703704
0 0.6451027811366384 0.9212962962962963 0.05078597339782346 0.15925925925925927
0 0.45646916565900847 0.7837962962962963 0.045949214026602174 0.15092592592592594
0 0.6777509068923822 0.7837962962962963 0.04232164449818621 0.1712962962962963
0 0.5 0.6912037037037037 0.045949214026602174 0.14537037037037037
0 0.5003022974607013 0.7449074074074075 0.044135429262394194 0.14537037037037037
0 0.5547158403869408 0.7189814814814814 0.044135429262394194 0.16944444444444445
0 0.7167472793228536 0.7907407407407407 0.04897218863361548 0.1814814814814815
0 0.9365175332527207 0.5337962962962963 0.04232164449818621 0.15462962962962962
0 0.1626360338573156 0.37962962962962965 0.02902055622732769 0.14074074074074075
0 0.13724304715840388 0.4046296296296296 0.03506650544135429 0.1537037037037037
0 0.7515114873035067 0.4810185185185185 0.041112454655380895 0.14907407407407408
0 0.7917170495767836 0.4949074074074074 0.03325272067714631 0.13055555555555556
0 0.08585247883917775 0.9773148148148149 0.037484885126964934 0.04537037037037037
0 0.20858524788391777 0.9782407407407407 0.037484885126964934 0.04537037037037037
0 0.005139056831922612 0.8550925925925926 0.009068923821039904 0.15092592592592594
0 0.9513301088270859 0.4449074074074074 0.034461910519951636 0.13425925925925927
0 0.9791414752116082 0.40324074074074073 0.03688029020556227 0.15648148148148147
0 0.8784764207980653 0.42407407407407405 0.03869407496977025 0.14814814814814814
0 0.9815598548972189 0.3699074074074074 0.03204353083434099 0.14351851851851852
0 0.944074969770254 0.35185185185185186 0.034461910519951636 0.13703703703703704
0 0.9062877871825876 0.38935185185185184 0.03990326481257558 0.1175925925925926
0 0.9827690447400241 0.10185185185185185 0.03204353083434099 0.13148148148148148
0 0.9549576783555018 0.09351851851851851 0.03204353083434099 0.11481481481481481
0 0.9610036275695284 0.056018518518518516 0.034461910519951636 0.10648148148148148
0 0.9319830713422007 0.09907407407407408 0.02962515114873035 0.10925925925925926
0 0.9365175332527207 0.05462962962962963 0.03385731559854897 0.09814814814814815
0 0.9516324062877872 0.3125 0.032648125755743655 0.12314814814814815
0 0.9401451027811366 0.18101851851851852 0.049576783555018135 0.15092592592592594
0 0.9135429262394196 0.3574074074074074 0.03143893591293833 0.11481481481481481
0 0.8449214026602176 0.025925925925925925 0.028415961305925032 0.05
0 0.8784764207980653 0.08518518518518518 0.032648125755743655 0.1037037037037037
0 0.900241837968561 0.09768518518518518 0.037484885126964934 0.11203703703703703
0 0.8772672309552599 0.13796296296296295 0.03143893591293833 0.10925925925925926
0 0.8990326481257558 0.14907407407407408 0.036275695284159616 0.12037037037037036
0 0.9183796856106409 0.23935185185185184 0.036275695284159616 0.12314814814814815
0 0.9099153567110037 0.3087962962962963 0.03385731559854897 0.11574074074074074
0 0.8618500604594922 0.20185185185185187 0.034461910519951636 0.1259259259259259
0 0.8700120918984281 0.2851851851851852 0.036275695284159616 0.12037037037037036
0 0.8700120918984281 0.3282407407407407 0.036275695284159616 0.1175925925925926
0 0.6429866989117291 0.6703703703703704 0.04050785973397823 0.14444444444444443
0 0.7273276904474002 0.43796296296296294 0.041112454655380895 0.14629629629629629
0 0.6898428053204353 0.44907407407407407 0.03385731559854897 0.15185185185185185
0 0.6632406287787183 0.44907407407407407 0.03385731559854897 0.15925925925925927
0 0.6124546553808948 0.48657407407407405 0.03869407496977025 0.16203703703703703
0 0.5822249093107618 0.47824074074074074 0.041112454655380895 0.15092592592592594
0 0.7796251511487303 0.2865740740740741 0.02962515114873035 0.09351851851851851
0 0.8010882708585247 0.18425925925925926 0.03385731559854897 0.11296296296296296
0 0.786577992744861 0.1726851851851852 0.03385731559854897 0.11203703703703703
0 0.7563482466747279 0.1865740740740741 0.03143893591293833 0.11574074074074074
0 0.7602781136638452 0.2689814814814815 0.04171704957678356 0.1287037037037037
0 0.7140266021765417 0.2740740740740741 0.04353083434099154 0.14629629629629629
0 0.7273276904474002 0.22962962962962963 0.036275695284159616 0.13703703703703704
0 0.6659613059250302 0.3226851851851852 0.02962515114873035 0.1287037037037037
0 0.22339782345828296 0.06944444444444445 0.034461910519951636 0.13703703703703704
0 0.022370012091898428 0.3699074074074074 0.037484885126964934 0.13425925925925927
0 0.1033857315598549 0.4060185185185185 0.036275695284159616 0.15092592592592594
0 0.02629987908101572 0.42685185185185187 0.03688029020556227 0.14629629629629629
0 0.056831922611850064 0.43842592592592594 0.0471584038694075 0.15092592592592594
0 0.056831922611850064 0.3675925925925926 0.037484885126964934 0.1425925925925926
0 0.006650544135429262 0.3106481481481482 0.012091898428053204 0.14537037037037037
0 0.0250906892382104 0.3199074074074074 0.03204353083434099 0.13425925925925927
0 0.0501813784764208 0.34074074074074073 0.03143893591293833 0.1425925925925926
0 0.013905683192261185 0.2490740740740741 0.026602176541717048 0.1425925925925926
0 0.02720677146311971 0.2851851851851852 0.03385731559854897 0.13703703703703704
0 0.051390568319226115 0.29907407407407405 0.037484885126964934 0.13148148148148148
0 0.05652962515114873 0.23657407407407408 0.039298669891172915 0.13425925925925927
0 0.10459492140266022 0.33425925925925926 0.032648125755743655 0.13518518518518519
0 0.09250302297460701 0.25324074074074077 0.032648125755743655 0.15462962962962962
0 0.06106408706166868 0.20601851851851852 0.04353083434099154 0.14537037037037037
0 0.0903869407496977 0.20601851851851852 0.034461910519951636 0.12314814814814815
0 0.12998790810157196 0.1962962962962963 0.036275695284159616 0.14074074074074075
0 0.11426844014510278 0.17546296296296296 0.03385731559854897 0.1398148148148148
0 0.20163240628778717 0.3282407407407407 0.02720677146311971 0.08981481481481482
0 0.22370012091898428 0.32175925925925924 0.032648125755743655 0.13425925925925927
0 0.2503022974607013 0.3453703703703704 0.037484885126964934 0.13148148148148148
0 0.14721886336154777 0.15185185185185185 0.03688029020556227 0.12407407407407407
0 0.2593712212817412 0.0837962962962963 0.03385731559854897 0.1287037037037037
0 0.26844014510278114 0.1300925925925926 0.03506650544135429 0.14537037037037037
0 0.27871825876662637 0.1962962962962963 0.03385731559854897 0.13703703703703704
0 0.310459492140266 0.19074074074074074 0.03204353083434099 0.13148148148148148
0 0.3385731559854897 0.2898148148148148 0.03506650544135429 0.08148148148148149
0 0.30652962515114873 0.13518518518518519 0.03990326481257558 0.1425925925925926
0 0.33373639661426846 0.16342592592592592 0.03506650544135429 0.14351851851851852
0 0.5414147521160823 0.34074074074074073 0.044135429262394194 0.12962962962962962
0 0.40931076178960096 0.28379629629629627 0.032648125755743655 0.12314814814814815
0 0.3805925030229746 0.1574074074074074 0.02962515114873035 0.11481481481481481
0 0.36275695284159615 0.2023148148148148 0.03506650544135429 0.1175925925925926
0 0.3603385731559855 0.2759259259259259 0.03506650544135429 0.13518518518518519
0 0.42019347037484883 0.06574074074074074 0.03506650544135429 0.12962962962962962
0 0.5813180169286578 0.3263888888888889 0.04171704957678356 0.14351851851851852
0 0.6064087061668681 0.287962962962963 0.03990326481257558 0.14629629629629629
0 0.6426844014510278 0.3351851851851852 0.041112454655380895 0.13703703703703704
0 0.4467956469165659 0.07546296296296297 0.036275695284159616 0.1398148148148148
0 0.4830713422007255 0.23657407407407408 0.041112454655380895 0.15092592592592594
0 0.5133010882708585 0.25046296296296294 0.02902055622732769 0.1287037037037037
0 0.5374848851269649 0.24212962962962964 0.032648125755743655 0.14537037037037037
0 0.5580411124546554 0.2449074074074074 0.030229746070133012 0.09537037037037037
0 0.5861547762998791 0.22962962962962963 0.034461910519951636 0.13703703703703704
0 0.6414752116082225 0.2865740740740741 0.03385731559854897 0.13425925925925927
0 0.620918984280532 0.21851851851851853 0.036275695284159616 0.13703703703703704
0 0.6499395405078597 0.2324074074074074 0.036275695284159616 0.12962962962962962
0 0.5652962515114873 0.1935185185185185 0.036275695284159616 0.13148148148148148
0 0.3887545344619105 0.27824074074074073 0.036275695284159616 0.12314814814814815
0 0.4797460701330109 0.09907407407407408 0.034461910519951636 0.13148148148148148
0 0.5003022974607013 0.11712962962962963 0.02962515114873035 0.11018518518518519
0 0.49788391777509067 0.08796296296296297 0.02720677146311971 0.1259259259259259
0 0.6058041112454655 0.11574074074074074 0.037484885126964934 0.12962962962962962
0 0.5598548972188634 0.10092592592592593 0.032648125755743655 0.10740740740740741
0 0.6490326481257558 0.11435185185185186 0.039298669891172915 0.1287037037037037
0 0.5468561064087062 0.0912037037037037 0.035671100362756954 0.12129629629629629
0 0.650241837968561 0.05416666666666667 0.034461910519951636 0.10648148148148148
0 0.5801088270858524 0.07268518518518519 0.03204353083434099 0.12314814814814815
0 0.5362756952841596 0.06157407407407407 0.026602176541717048 0.11203703703703703
0 0.7962515114873036 0.20324074074074075 0.03385731559854897 0.10648148148148148
0 0.7049576783555018 0.25324074074074077 0.037484885126964934 0.13425925925925927
0 0.28657799274486095 0.2111111111111111 0.02902055622732769 0.11851851851851852
0 0.8567110036275696 0.36712962962962964 0.037484885126964934 0.14537037037037037
0 0.8041112454655381 0.2574074074074074 0.037484885126964934 0.12407407407407407
0 0.13029020556227328 0.32037037037037036 0.039298669891172915 0.14444444444444443
0 0.1544740024183797 0.11944444444444445 0.039298669891172915 0.13703703703703704
0 0.35066505441354295 0.5833333333333334 0.03506650544135429 0.1574074074074074
0 0.3503627569528416 0.3365740740740741 0.03204353083434099 0.1175925925925926
0 0.13119709794437726 0.8398148148148148 0.04836759371221282 0.16296296296296298
0 0.3681983071342201 0.3490740740740741 0.032648125755743655 0.1259259259259259
0 0.13422007255139057 0.8060185185185185 0.056831922611850064 0.1712962962962963
0 0.8521765417170496 0.5435185185185185 0.034461910519951636 0.14814814814814814
0 0.8811970979443773 0.5324074074074074 0.02962515114873035 0.13148148148148148
0 0.23337363966142685 0.6851851851851852 0.04232164449818621 0.1685185185185185
0 0.2028415961305925 0.6759259259259259 0.044135429262394194 0.17407407407407408
0 0.34401451027811364 0.674074074074074 0.032648125755743655 0.14629629629629629
0 0.20435308343409916 0.6032407407407407 0.037484885126964934 0.14537037037037037
0 0.20918984280532044 0.5879629629629629 0.032648125755743655 0.1574074074074074
0 0.1759371221281741 0.5879629629629629 0.03506650544135429 0.13148148148148148
0 0.16928657799274485 0.537962962962963 0.03990326481257558 0.14629629629629629
0 0.13845223700120918 0.5740740740740741 0.04353083434099154 0.14814814814814814
0 0.3482466747279323 0.24074074074074073 0.03143893591293833 0.11481481481481481
0 0.37001209189842804 0.24351851851851852 0.03143893591293833 0.12407407407407407
0 0.2633010882708585 0.47824074074074074 0.039298669891172915 0.13796296296296295
0 0.24032648125755743 0.49074074074074076 0.034461910519951636 0.14629629629629629
0 0.281136638452237 0.9310185185185185 0.03869407496977025 0.13796296296296295
0 0.28627569528415964 0.799074074074074 0.05380894800483676 0.1574074074074074
0 0.4023579201934704 0.6601851851851852 0.046553808948004836 0.1537037037037037
0 0.3213422007255139 0.7268518518518519 0.044135429262394194 0.1537037037037037
0 0.314087061668682 0.7625 0.046553808948004836 0.16574074074074074
0 0.4035671100362757 0.7587962962962963 0.051390568319226115 0.14351851851851852
0 0.5837363966142685 0.812962962962963 0.05380894800483676 0.14814814814814814
0 0.4289600967351874 0.5476851851851852 0.039298669891172915 0.12314814814814815
0 0.4156590084643289 0.5226851851851851 0.04171704957678356 0.10648148148148148
0 0.4023579201934704 0.6087962962962963 0.034461910519951636 0.14351851851851852
0 0.4229141475211608 0.5796296296296296 0.02962515114873035 0.13148148148148148
0 0.2720677146311971 0.6300925925925925 0.0471584038694075 0.15648148148148147
0 0.27055622732769047 0.674074074074074 0.039298669891172915 0.15925925925925927
0 0.2418379685610641 0.44351851851851853 0.03990326481257558 0.14814814814814814
0 0.2756952841596131 0.42824074074074076 0.03990326481257558 0.15092592592592594
0 0.3875453446191052 0.48518518518518516 0.03869407496977025 0.13703703703703704
0 0.2327690447400242 0.40879629629629627 0.03385731559854897 0.10648148148148148
0 0.5048367593712213 0.6296296296296297 0.036275695284159616 0.1574074074074074
