0 0.056831922611850064 0.7013888888888888 0.04232164449818621 0.14351851851851852
0 0.07859733978234583 0.662962962962963 0.05078597339782346 0.16111111111111112
0 0.015114873035066506 0.6689814814814815 0.02902055622732769 0.1712962962962963
0 0.02629987908101572 0.6388888888888888 0.051390568319226115 0.15925925925925927
0 0.12303506650544135 0.6435185185185185 0.044135429262394194 0.1425925925925926
0 0.30864570737605806 0.24166666666666667 0.04171704957678356 0.14074074074074075
0 0.02448609431680774 0.20092592592592592 0.039298669891172915 0.12962962962962962
0 0.009975816203143894 0.18981481481481483 0.018742442563482467 0.14074074074074075
0 0.05652962515114873 0.1699074074074074 0.039298669891172915 0.13240740740740742
0 0.10217654171704958 0.1310185185185185 0.03869407496977025 0.13425925925925927
0 0.11426844014510278 0.07083333333333333 0.03990326481257558 0.125
0 0.06892382103990327 0.06712962962962964 0.030229746070133012 0.1175925925925926
0 0.22581620314389358 0.049074074074074076 0.039298669891172915 0.0962962962962963
0 0.25574365175332525 0.04861111111111111 0.03990326481257558 0.09537037037037037
0 0.4147521160822249 0.15416666666666667 0.037484885126964934 0.13240740740740742
0 0.3893591293833132 0.15925925925925927 0.037484885126964934 0.12407407407407407
0 0.3542926239419589 0.025925925925925925 0.037484885126964934 0.05
0 0.5169286577992744 0.029166666666666667 0.037484885126964934 0.05648148148148148
0 0.5513905683192262 0.04722222222222222 0.03990326481257558 0.09259259259259259
0 0.3845223700120919 0.027777777777777776 0.037484885126964934 0.053703703703703705
0 0.4014510278113664 0.020370370370370372 0.032648125755743655 0.03888888888888889
0 0.5344619105199516 0.12638888888888888 0.03990326481257558 0.1287037037037037
0 0.5553204353083434 0.11898148148148148 0.04050785973397823 0.12685185185185185
0 0.585247883917775 0.05138888888888889 0.032648125755743655 0.10092592592592593
0 0.6466142684401451 0.06759259259259259 0.04171704957678356 0.12222222222222222
0 0.6130592503022975 0.05416666666666667 0.03506650544135429 0.10648148148148148
0 0.6801692865779927 0.06481481481481481 0.03869407496977025 0.12037037037037036
0 0.7128174123337364 0.3087962962962963 0.03990326481257558 0.14537037037037037
0 0.6151753325272068 0.22685185185185186 0.039298669891172915 0.14074074074074075
0 0.6741233373639661 0.22314814814814815 0.037484885126964934 0.13518518518518519
0 0.6402660217654171 0.1962962962962963 0.037484885126964934 0.12037037037037036
0 0.6759371221281741 0.14027777777777778 0.032648125755743655 0.125
0 0.6327085852478839 0.14305555555555555 0.039298669891172915 0.12685185185185185
0 0.6970979443772672 0.10046296296296296 0.03385731559854897 0.13240740740740742
0 0.7787182587666264 0.12685185185185185 0.037484885126964934 0.12962962962962962
0 0.7463724304715841 0.11296296296296296 0.039298669891172915 0.11851851851851852
0 0.751813784764208 0.08796296296296297 0.03688029020556227 0.12407407407407407
0 0.9467956469165659 0.06620370370370371 0.04232164449818621 0.12129629629629629
0 0.9159613059250302 0.0787037037037037 0.03506650544135429 0.1259259259259259
0 0.6952841596130592 0.04212962962962963 0.03506650544135429 0.0824074074074074
0 0.9540507859733979 0.09722222222222222 0.03990326481257558 0.12962962962962962
0 0.9776299879081015 0.08981481481481482 0.032648125755743655 0.12222222222222222
0 0.9359129383313181 0.2763888888888889 0.03990326481257558 0.13796296296296295
0 0.967956469165659 0.27824074074074073 0.037484885126964934 0.13240740740740742
0 0.9746070133010882 0.6856481481481481 0.044740024183796856 0.16203703703703703
0 0.5979443772672309 0.9564814814814815 0.037484885126964934 0.08703703703703704
0 0.6487303506650545 0.9324074074074075 0.05078597339782346 0.13518518518518519
0 0.10459492140266022 0.6074074074074074 0.044740024183796856 0.1537037037037037
0 0.18984280532043532 0.6106481481481482 0.044740024183796856 0.14537037037037037
0 0.1695888754534462 0.575462962962963 0.04171704957678356 0.13796296296296295
0 0.21130592503022974 0.5763888888888888 0.039298669891172915 0.14907407407407408
0 0.19528415961305925 0.5166666666666667 0.03506650544135429 0.13518518518518519
0 0.16928657799274485 0.5180555555555556 0.03990326481257558 0.13425925925925927
0 0.012091898428053204 0.2601851851851852 0.022974607013301087 0.14629629629629629
0 0.0380894800483676 0.2652777777777778 0.04353083434099154 0.15092592592592594
0 0.727932285368803 0.6888888888888889 0.04836759371221282 0.18703703703703703
0 0.4449818621523579 0.22916666666666666 0.03385731559854897 0.13240740740740742
0 0.4117291414752116 0.21666666666666667 0.03506650544135429 0.13148148148148148
0 0.42019347037484883 0.24166666666666667 0.03990326481257558 0.14074074074074075
0 0.022370012091898428 0.48842592592592593 0.03869407496977025 0.15092592592592594
0 0.044740024183796856 0.49074074074074076 0.044740024183796856 0.1685185185185185
0 0.2569528415961306 0.31342592592592594 0.03990326481257558 0.13425925925925927
0 0.2932285368802902 0.5388888888888889 0.037484885126964934 0.13148148148148148
0 0.3210399032648126 0.4041666666666667 0.045949214026602174 0.14907407407407408
0 0.31952841596130593 0.4949074074074074 0.044135429262394194 0.16018518518518518
0 0.3234582829504232 0.5305555555555556 0.0471584038694075 0.1685185185185185
0 0.29171704957678357 0.3 0.04050785973397823 0.13703703703703704
0 0.3255743651753325 0.3726851851851852 0.035671100362756954 0.15092592592592594
0 0.2270253929866989 0.2675925925925926 0.03688029020556227 0.13518518518518519
0 0.248186215235792 0.2773148148148148 0.03688029020556227 0.13240740740740742
0 0.652962515114873 0.6995370370370371 0.053204353083434096 0.1638888888888889
0 0.6333131801692866 0.6472222222222223 0.06831922611850061 0.17962962962962964
0 0.8038089480048367 0.6398148148148148 0.044135429262394194 0.17962962962962964
0 0.8394800483675937 0.6087962962962963 0.046553808948004836 0.1824074074074074
0 0.8346432889963724 0.6462962962962963 0.051390568319226115 0.17592592592592593
0 0.3391777509068924 0.24768518518518517 0.03990326481257558 0.13240740740740742
0 0.6980048367593712 0.26064814814814813 0.034461910519951636 0.11944444444444445
0 0.7031438935912938 0.4041666666666667 0.03385731559854897 0.14166666666666666
0 0.9588875453446191 0.4625 0.036275695284159616 0.12314814814814815
0 0.9827690447400241 0.562962962962963 0.034461910519951636 0.17592592592592593
0 0.8621523579201935 0.5078703703703704 0.05562273276904474 0.15462962962962962
0 0.9347037484885127 0.33796296296296297 0.032648125755743655 0.0962962962962963
0 0.9159613059250302 0.3162037037037037 0.04353083434099154 0.1287037037037037
0 0.936819830713422 0.5347222222222222 0.039298669891172915 0.14907407407407408
0 0.2158403869407497 0.15787037037037038 0.037484885126964934 0.13796296296296295
0 0.12273276904474002 0.4671296296296296 0.05199516324062878 0.15462962962962962
0 0.7672309552599759 0.1449074074074074 0.037484885126964934 0.12129629629629629
0 0.9824667472793228 0.3731481481481482 0.03506650544135429 0.1259259259259259
0 0.912031438935913 0.44027777777777777 0.04171704957678356 0.15648148148148147
0 0.9564691656590084 0.34814814814814815 0.03385731559854897 0.12407407407407407
0 0.6366384522370012 0.24722222222222223 0.032648125755743655 0.10740740740740741
0 0.8996372430471584 0.47638888888888886 0.0471584038694075 0.15092592592592594
0 0.9628174123337364 0.4115740740740741 0.039298669891172915 0.15648148148148147
0 0.7599758162031439 0.7157407407407408 0.04836759371221282 0.15185185185185185
0 0.7850665054413543 0.7087962962962963 0.039298669891172915 0.14907407407407408
0 0.9071946795646917 0.7412037037037037 0.0562273276904474 0.1712962962962963
0 0.8944981862152358 0.5583333333333333 0.04897218863361548 0.19444444444444445
0 0.9576783555018138 0.7787037037037037 0.0471584038694075 0.1648148148148148
0 0.8969165659008465 0.8125 0.05743651753325272 0.15648148148148147
0 0.9380290205562273 0.8027777777777778 0.05380894800483676 0.2
0 0.8978234582829504 0.6375 0.0471584038694075 0.15092592592592594
0 0.9238210399032648 0.9111111111111111 0.049576783555018135 0.17222222222222222
0 0.7442563482466747 0.35694444444444445 0.03990326481257558 0.12129629629629629
0 0.7841596130592503 0.3578703703703704 0.04232164449818621 0.14351851851851852
0 0.9555622732769045 0.9407407407407408 0.05501813784764208 0.11851851851851852
0 0.9292623941958887 0.6884259259259259 0.04836759371221282 0.17685185185185184
0 0.07406287787182587 0.9425925925925925 0.04534461910519952 0.11666666666666667
0 0.4105199516324063 0.6333333333333333 0.04232164449818621 0.14814814814814814
0 0.29474002418379686 0.3490740740740741 0.044135429262394194 0.13703703703703704
0 0.28688029020556227 0.36898148148148147 0.034461910519951636 0.14351851851851852
0 0.8932889963724304 0.9324074074074075 0.06348246674727932 0.13333333333333333
0 0.5532043530834341 0.49166666666666664 0.030229746070133012 0.12777777777777777
0 0.879081015719468 0.6148148148148148 0.044740024183796856 0.15185185185185185
0 0.27448609431680776 0.9611111111111111 0.049576783555018135 0.07962962962962963
0 0.4437726723095526 0.9453703703703704 0.05441354292623942 0.1111111111111111
0 0.5154171704957679 0.7949074074074074 0.04897218863361548 0.17685185185185184
0 0.4610036275695284 0.8476851851851852 0.046553808948004836 0.16203703703703703
0 0.5722490931076178 0.5953703703703703 0.039298669891172915 0.1574074074074074
0 0.6115477629987908 0.6060185185185185 0.046553808948004836 0.15092592592592594
0 0.35368802902055624 0.7699074074074074 0.0471584038694075 0.16574074074074074
0 0.21251511487303507 0.8416666666666667 0.039298669891172915 0.1574074074074074
0 0.2841596130592503 0.8337962962962963 0.060459492140266025 0.16203703703703703
0 0.5873639661426844 0.5064814814814815 0.04171704957678356 0.13703703703703704
0 0.5568319226118501 0.5162037037037037 0.030229746070133012 0.11018518518518519
0 0.6051995163240629 0.5740740740740741 0.04232164449818621 0.15185185185185185
0 0.5241837968561064 0.8462962962962963 0.041112454655380895 0.1814814814814815
0 0.3615477629987908 0.44212962962962965 0.04232164449818621 0.13796296296296295
0 0.4616082224909311 0.5879629629629629 0.044135429262394194 0.16296296296296298
0 0.39721886336154777 0.35462962962962963 0.04232164449818621 0.15185185185185185
0 0.49788391777509067 0.4050925925925926 0.03204353083434099 0.13240740740740742
0 0.7648125755743652 0.937962962962963 0.053204353083434096 0.12407407407407407
0 0.7333736396614269 0.9611111111111111 0.03869407496977025 0.07777777777777778
0 0.4062877871825877 0.7050925925925926 0.037484885126964934 0.16574074074074074
0 0.4159613059250302 0.7449074074074075 0.07496977025392987 0.16203703703703703
0 0.4507255139056832 0.7175925925925926 0.04171704957678356 0.1648148148148148
0 0.3884522370012092 0.7143518518518519 0.039298669891172915 0.1675925925925926
0 0.9483071342200725 0.6231481481481481 0.03688029020556227 0.14074074074074075
0 0.34582829504232165 0.11388888888888889 0.037484885126964934 0.14074074074074075
0 0.3355501813784764 0.07037037037037037 0.03143893591293833 0.11666666666666667
0 0.30773881499395406 0.06574074074074074 0.032648125755743655 0.11666666666666667
0 0.013301088270858524 0.8847222222222222 0.02539298669891173 0.18796296296296297
0 0.3004836759371221 0.1111111111111111 0.032648125755743655 0.13148148148148148
0 0.9383313180169287 0.6550925925925926 0.049576783555018135 0.16574074074074074
0 0.5788996372430472 0.6550925925925926 0.06348246674727932 0.1712962962962963
0 0.5392986698911729 0.6166666666666667 0.03990326481257558 0.1648148148148148
0 0.6907496977025392 0.6731481481481482 0.044135429262394194 0.14814814814814814
0 0.279322853688029 0.43796296296296294 0.037484885126964934 0.13518518518518519
0 0.5120918984280532 0.5138888888888888 0.03506650544135429 0.13518518518518519
0 0.23639661426844014 0.825925925925926 0.05078597339782346 0.16296296296296298
0 0.4951632406287787 0.49675925925925923 0.037484885126964934 0.14351851851851852
0 0.4147521160822249 0.3421296296296296 0.036275695284159616 0.13796296296296295
0 0.35882708585247886 0.4078703703703704 0.039298669891172915 0.14351851851851852
0 0.4818621523579202 0.3814814814814815 0.032648125755743655 0.1425925925925926
0 0.5208585247883918 0.3861111111111111 0.02962515114873035 0.14814814814814814
0 0.4528415961305925 0.5296296296296297 0.0471584038694075 0.14629629629629629
0 0.3210399032648126 0.12129629629629629 0.03506650544135429 0.11851851851851852
0 0.3639661426844015 0.6180555555555556 0.0471584038694075 0.16018518518518518
0 0.4655380894800484 0.4287037037037037 0.037484885126964934 0.12037037037037036
0 0.4906287787182588 0.425 0.02962515114873035 0.12037037037037036
0 0.7796251511487303 0.05138888888888889 0.03688029020556227 0.10092592592592593
0 0.006952841596130592 0.1675925925925926 0.012696493349455865 0.12407407407407407
