0 0.24713541666666666 0.7458333333333333 0.058854166666666666 0.2212962962962963
0 0.31354166666666666 0.7546296296296297 0.05 0.23148148148148148
0 0.36640625 0.7282407407407407 0.04010416666666667 0.20277777777777778
0 0.30390625 0.8912037037037037 0.06197916666666667 0.21944444444444444
0 0.3651041666666667 0.8953703703703704 0.06145833333333333 0.20925925925925926
0 0.6104166666666667 0.6574074074074074 0.04375 0.1925925925925926
0 0.62265625 0.6541666666666667 0.04010416666666667 0.1824074074074074
0 0.7924479166666667 0.5296296296296297 0.025520833333333333 0.09259259259259259
0 0.8825520833333333 0.7129629629629629 0.05572916666666667 0.18703703703703703
0 0.7481770833333333 0.7717592592592593 0.043229166666666666 0.2212962962962963
0 0.7026041666666667 0.7782407407407408 0.04791666666666667 0.2175925925925926
0 0.8669270833333333 0.6981481481481482 0.0484375 0.1925925925925926
0 0.44973958333333336 0.5393518518518519 0.0234375 0.11018518518518519
0 0.4747395833333333 0.5296296296296297 0.03177083333333333 0.13518518518518519
0 0.42942708333333335 0.5662037037037037 0.028645833333333332 0.13240740740740742
0 0.4984375 0.5546296296296296 0.03125 0.13518518518518519
0 0.5002604166666667 0.5328703703703703 0.025520833333333333 0.12129629629629629
0 0.5419270833333333 0.5319444444444444 0.03177083333333333 0.13240740740740742
0 0.5302083333333333 0.5527777777777778 0.030208333333333334 0.12962962962962962
0 0.5223958333333333 0.6611111111111111 0.04895833333333333 0.19074074074074074
0 0.5333333333333333 0.662962962962963 0.036458333333333336 0.18333333333333332
0 0.5643229166666667 0.6583333333333333 0.0359375 0.17222222222222222
0 0.5494791666666666 0.6291666666666667 0.03125 0.16203703703703703
0 0.5989583333333334 0.6939814814814815 0.04583333333333333 0.17314814814814813
0 0.6317708333333333 0.7046296296296296 0.035416666666666666 0.13518518518518519
0 0.7713541666666667 0.6537037037037037 0.04375 0.17037037037037037
0 0.775 0.7143518518518519 0.051041666666666666 0.175
0 0.023177083333333334 0.9324074074074075 0.0453125 0.13703703703703704
0 0.04895833333333333 0.950462962962963 0.059375 0.10092592592592593
0 0.484375 0.825925925925926 0.06354166666666666 0.2037037037037037
0 0.6588541666666666 0.8194444444444444 0.065625 0.21666666666666667
0 0.9416666666666667 0.8004629629629629 0.0625 0.2101851851851852
0 0.4703125 0.48842592592592593 0.03229166666666667 0.10462962962962963
0 0.44114583333333335 0.4810185185185185 0.03229166666666667 0.12314814814814815
0 0.7442708333333333 0.4476851851851852 0.030208333333333334 0.08981481481481482
