0 0.8885416666666667 0.8467592592592592 0.09479166666666666 0.275
0 0.22994791666666667 0.7574074074074074 0.0546875 0.26481481481481484
0 0.6341145833333334 0.6935185185185185 0.0734375 0.26296296296296295
0 0.45677083333333335 0.6467592592592593 0.06354166666666666 0.2638888888888889
0 0.40989583333333335 0.6666666666666666 0.058333333333333334 0.26851851851851855
0 0.19322916666666667 0.6509259259259259 0.05 0.24814814814814815
0 0.8575520833333333 0.6462962962962963 0.0515625 0.25
0 0.80078125 0.4564814814814815 0.044270833333333336 0.17407407407407408
0 0.72890625 0.44722222222222224 0.033854166666666664 0.1574074074074074
0 0.7059895833333333 0.4222222222222222 0.03177083333333333 0.17407407407407408
0 0.79921875 0.36342592592592593 0.0296875 0.15462962962962962
0 0.5276041666666667 0.4550925925925926 0.035416666666666666 0.1675925925925926
0 0.11223958333333334 0.836574074074074 0.07552083333333333 0.27685185185185185
0 0.06927083333333334 0.8212962962962963 0.05625 0.2796296296296296
0 0.24114583333333334 0.47453703703703703 0.04375 0.1824074074074074
0 0.20390625 0.4837962962962963 0.0359375 0.18981481481481483
0 0.4046875 0.3939814814814815 0.035416666666666666 0.14907407407407408
0 0.3606770833333333 0.3861111111111111 0.03802083333333333 0.1574074074074074
0 0.31302083333333336 0.4060185185185185 0.03854166666666667 0.16018518518518518
0 0.4557291666666667 0.36018518518518516 0.0375 0.14629629629629629
0 0.39114583333333336 0.350462962962963 0.028125 0.1175925925925926
0 0.37057291666666664 0.3425925925925926 0.033854166666666664 0.1388888888888889
0 0.475 0.3138888888888889 0.03229166666666667 0.12407407407407407
0 0.4484375 0.30925925925925923 0.030208333333333334 0.12407407407407407
0 0.44557291666666665 0.2814814814814815 0.0296875 0.11296296296296296
0 0.44427083333333334 0.300462962962963 0.026041666666666668 0.1175925925925926
0 0.42135416666666664 0.2865740740740741 0.03229166666666667 0.11944444444444445
0 0.39921875 0.29444444444444445 0.0296875 0.1259259259259259
0 0.34609375 0.2986111111111111 0.0296875 0.12314814814814815
0 0.33307291666666666 0.3050925925925926 0.0296875 0.13240740740740742
0 0.43046875 0.21342592592592594 0.025520833333333333 0.09907407407407408
0 0.5708333333333333 0.5375 0.04375 0.23055555555555557
0 0.5111979166666667 0.5319444444444444 0.04739583333333333 0.22870370370370371
0 0.38776041666666666 0.2824074074074074 0.025520833333333333 0.12407407407407407
0 0.36302083333333335 0.2726851851851852 0.025 0.11574074074074074
0 0.5427083333333333 0.6138888888888889 0.058333333333333334 0.22037037037037038
0 0.496875 0.6157407407407407 0.05625 0.2462962962962963
0 0.09322916666666667 0.5583333333333333 0.04479166666666667 0.1962962962962963
0 0.2872395833333333 0.48055555555555557 0.0390625 0.1814814814814815
0 0.6083333333333333 0.3819444444444444 0.034375 0.14351851851851852
0 0.775 0.38981481481481484 0.034375 0.17407407407407408
0 0.7828125 0.5166666666666667 0.052083333333333336 0.2074074074074074
0 0.0859375 0.9101851851851852 0.08020833333333334 0.1814814814814815
