0 0.0921875 0.37037037037037035 0.051041666666666666 0.18703703703703703
0 0.05416666666666667 0.7930555555555555 0.08541666666666667 0.36018518518518516
0 0.21197916666666666 0.8333333333333334 0.09895833333333333 0.3314814814814815
0 0.29296875 0.3921296296296296 0.04010416666666667 0.20462962962962963
0 0.3497395833333333 0.4023148148148148 0.0609375 0.19537037037037036
0 0.28828125 0.3398148148148148 0.03802083333333333 0.1962962962962963
0 0.4010416666666667 0.3402777777777778 0.046875 0.20092592592592592
0 0.3385416666666667 0.2773148148148148 0.03229166666666667 0.16203703703703703
0 0.325 0.2773148148148148 0.03333333333333333 0.18425925925925926
0 0.37395833333333334 0.274537037037037 0.0375 0.16944444444444445
0 0.4861979166666667 0.3111111111111111 0.050520833333333334 0.19814814814814816
0 0.5330729166666667 0.3101851851851852 0.0421875 0.17592592592592593
0 0.6299479166666667 0.33425925925925926 0.050520833333333334 0.18333333333333332
0 0.24947916666666667 0.32175925925925924 0.04375 0.18981481481481483
0 0.22083333333333333 0.30694444444444446 0.041666666666666664 0.1935185185185185
0 0.7265625 0.34629629629629627 0.04583333333333333 0.17592592592592593
0 0.4317708333333333 0.2324074074074074 0.03958333333333333 0.17037037037037037
0 0.7518229166666667 0.31805555555555554 0.03802083333333333 0.1824074074074074
0 0.7828125 0.30416666666666664 0.035416666666666666 0.17685185185185184
0 0.7221354166666667 0.3111111111111111 0.03802083333333333 0.1814814814814815
0 0.5630208333333333 0.20694444444444443 0.03854166666666667 0.1638888888888889
0 0.52421875 0.2490740740740741 0.04114583333333333 0.16296296296296298
0 0.46171875 0.17453703703703705 0.034895833333333334 0.13425925925925927
0 0.48046875 0.1884259259259259 0.025520833333333333 0.11388888888888889
0 0.4979166666666667 0.16203703703703703 0.027083333333333334 0.13518518518518519
0 0.32135416666666666 0.175 0.04583333333333333 0.1537037037037037
0 0.5182291666666666 0.09768518518518518 0.023958333333333335 0.11574074074074074
0 0.7776041666666667 0.08981481481481482 0.026041666666666668 0.09814814814814815
0 0.39348958333333334 0.22546296296296298 0.0359375 0.16944444444444445
0 0.4244791666666667 0.0962962962962963 0.035416666666666666 0.1259259259259259
0 0.39036458333333335 0.10555555555555556 0.027604166666666666 0.10925925925925926
0 0.36614583333333334 0.10277777777777777 0.03125 0.1259259259259259
0 0.35494791666666664 0.1175925925925926 0.0234375 0.09074074074074075
