0 0.5574365175332527 0.8944444444444445 0.044740024183796856 0.17407407407407408
0 0.5574365175332527 0.9356481481481481 0.041112454655380895 0.13055555555555556
0 0.3896614268440145 0.5657407407407408 0.03688029020556227 0.13518518518518519
0 0.3059250302297461 0.6476851851851851 0.041112454655380895 0.15462962962962962
0 0.7382103990326482 0.7962962962962963 0.04836759371221282 0.18518518518518517
0 0.7082829504232164 0.8398148148148148 0.05743651753325272 0.19814814814814816
0 0.6671704957678356 0.862037037037037 0.051390568319226115 0.17222222222222222
0 0.3310157194679565 0.34814814814814815 0.03688029020556227 0.1648148148148148
0 0.2844619105199516 0.33611111111111114 0.03204353083434099 0.14074074074074075
0 0.3503627569528416 0.3611111111111111 0.04171704957678356 0.14629629629629629
0 0.36698911729141476 0.33287037037037037 0.036275695284159616 0.1398148148148148
0 0.2772067714631197 0.35648148148148145 0.04171704957678356 0.14629629629629629
0 0.6348246674727932 0.9638888888888889 0.05199516324062878 0.07407407407407407
0 0.6735187424425635 0.9541666666666667 0.04232164449818621 0.09351851851851851
0 0.6251511487303507 0.950462962962963 0.041112454655380895 0.10092592592592593
0 0.8654776299879081 0.9574074074074074 0.044135429262394194 0.08518518518518518
0 0.9229141475211609 0.9777777777777777 0.04171704957678356 0.046296296296296294
0 0.8385731559854898 0.9236111111111112 0.03506650544135429 0.12314814814814815
0 0.8748488512696493 0.9217592592592593 0.04836759371221282 0.14537037037037037
0 0.9839782345828295 0.4 0.03083434099153567 0.1537037037037037
0 0.09673518742442563 0.4027777777777778 0.03506650544135429 0.12962962962962962
0 0.1596130592503023 0.41064814814814815 0.03990326481257558 0.1527777777777778
0 0.5946191051995163 0.6097222222222223 0.044135429262394194 0.16944444444444445
0 0.13724304715840388 0.33935185185185185 0.03506650544135429 0.14351851851851852
0 0.11366384522370013 0.4449074074074074 0.045949214026602174 0.15092592592592594
0 0.6665659008464329 0.44583333333333336 0.04171704957678356 0.13796296296296295
0 0.6910519951632407 0.4212962962962963 0.05199516324062878 0.14629629629629629
0 0.6807738814993954 0.3712962962962963 0.04232164449818621 0.13518518518518519
0 0.8255743651753326 0.4236111111111111 0.039298669891172915 0.1361111111111111
0 0.8047158403869408 0.43472222222222223 0.04232164449818621 0.1527777777777778
0 0.7871825876662636 0.5777777777777777 0.045949214026602174 0.15185185185185185
0 0.9664449818621523 0.825925925925926 0.047762998790810154 0.17407407407407408
0 0.9271463119709794 0.8444444444444444 0.051390568319226115 0.19074074074074074
0 0.8007859733978234 0.8074074074074075 0.04171704957678356 0.11851851851851852
0 0.842503022974607 0.8004629629629629 0.046553808948004836 0.16018518518518518
0 0.7962515114873036 0.8513888888888889 0.0592503022974607 0.16574074074074074
0 0.9691656590084643 0.9328703703703703 0.05804111245465538 0.1361111111111111
0 0.6121523579201935 0.7731481481481481 0.04897218863361548 0.15925925925925927
0 0.624546553808948 0.8115740740740741 0.05078597339782346 0.1638888888888889
0 0.9549576783555018 0.6347222222222222 0.034461910519951636 0.1398148148148148
0 0.9404474002418379 0.6328703703703704 0.044135429262394194 0.14351851851851852
0 0.41233373639661425 0.8597222222222223 0.056831922611850064 0.1712962962962963
0 0.38331318016928656 0.8444444444444444 0.05562273276904474 0.17407407407407408
0 0.7871825876662636 0.725462962962963 0.036275695284159616 0.13425925925925927
0 0.8319226118500604 0.7597222222222222 0.044740024183796856 0.13796296296296295
0 0.8685006045949214 0.7583333333333333 0.04897218863361548 0.17037037037037037
0 0.843409915356711 0.387037037037037 0.03506650544135429 0.13518518518518519
0 0.8621523579201935 0.37824074074074077 0.03990326481257558 0.11388888888888889
0 0.06590084643288996 0.7972222222222223 0.04836759371221282 0.16666666666666666
0 0.10882708585247884 0.7606481481481482 0.044740024183796856 0.16203703703703703
0 0.1296856106408706 0.9203703703703704 0.047762998790810154 0.16111111111111112
0 0.09068923821039904 0.9152777777777777 0.04836759371221282 0.15462962962962962
0 0.2950423216444982 0.6703703703703704 0.049576783555018135 0.15925925925925927
0 0.3567110036275695 0.638425925925926 0.04232164449818621 0.16574074074074074
0 0.3775695284159613 0.6606481481481481 0.03688029020556227 0.13240740740740742
0 0.5099758162031439 0.9305555555555556 0.051390568319226115 0.14074074074074075
0 0.8240628778718259 0.5726851851851852 0.05078597339782346 0.15462962962962962
0 0.11940749697702539 0.4050925925925926 0.04050785973397823 0.14537037037037037
0 0.23579201934703747 0.6032407407407407 0.03869407496977025 0.15648148148148147
0 0.23639661426844014 0.5805555555555556 0.03385731559854897 0.14814814814814814
0 0.187726723095526 0.6023148148148149 0.04171704957678356 0.1398148148148148
0 0.20435308343409916 0.5513888888888889 0.04232164449818621 0.14351851851851852
0 0.16717049576783555 0.5708333333333333 0.039298669891172915 0.15092592592592594
0 0.31257557436517536 0.6157407407407407 0.0471584038694075 0.1537037037037037
0 0.3857315598548972 0.25555555555555554 0.03385731559854897 0.12962962962962962
0 0.40870616686819833 0.2550925925925926 0.02902055622732769 0.13240740740740742
0 0.31166868198307135 0.5879629629629629 0.03688029020556227 0.12962962962962962
0 0.713422007255139 0.9629629629629629 0.044740024183796856 0.07592592592592592
0 0.7149334945586457 0.3972222222222222 0.04050785973397823 0.12407407407407407
0 0.7536275695284159 0.4097222222222222 0.042926239419588876 0.1361111111111111
0 0.2681378476420798 0.39490740740740743 0.03688029020556227 0.1398148148148148
0 0.24909310761789602 0.4115740740740741 0.03506650544135429 0.14351851851851852
0 0.8663845223700121 0.6532407407407408 0.03143893591293833 0.1287037037037037
0 0.3004836759371221 0.9782407407407407 0.037484885126964934 0.04537037037037037
0 0.46342200725513905 0.9851851851851852 0.039298669891172915 0.03148148148148148
0 0.3681983071342201 0.9861111111111112 0.044740024183796856 0.02962962962962963
0 0.5305320435308344 0.600462962962963 0.044135429262394194 0.16203703703703703
0 0.3213422007255139 0.7907407407407407 0.046553808948004836 0.16296296296296298
0 0.8545949214026602 0.687962962962963 0.03688029020556227 0.14814814814814814
0 0.8382708585247884 0.7046296296296296 0.035671100362756954 0.12037037037037036
0 0.5740628778718259 0.6074074074074074 0.039298669891172915 0.15
0 0.34885126964933494 0.4949074074074074 0.037484885126964934 0.13240740740740742
0 0.28204353083434097 0.5032407407407408 0.04171704957678356 0.15648148148148147
0 0.21009673518742442 0.9194444444444444 0.044135429262394194 0.16296296296296298
0 0.4758162031438936 0.45092592592592595 0.02781136638452237 0.13518518518518519
0 0.35822249093107617 0.7287037037037037 0.042926239419588876 0.15925925925925927
0 0.3258766626360339 0.8291666666666667 0.0471584038694075 0.16574074074074074
0 0.38301088270858524 0.7546296296296297 0.039298669891172915 0.1685185185185185
0 0.3301088270858525 0.7402777777777778 0.044740024183796856 0.1824074074074074
0 0.09854897218863362 0.875462962962963 0.049576783555018135 0.1824074074074074
0 0.015417170495767836 0.7685185185185185 0.02962515114873035 0.1685185185185185
0 0.15931076178960096 0.8240740740740741 0.0562273276904474 0.17037037037037037
0 0.14238210399032647 0.7967592592592593 0.04171704957678356 0.13796296296296295
0 0.4507255139056832 0.7532407407407408 0.04534461910519952 0.15462962962962962
0 0.6765417170495768 0.7273148148148149 0.0471584038694075 0.15092592592592594
0 0.3884522370012092 0.45787037037037037 0.034461910519951636 0.10648148148148148
0 0.466142684401451 0.5606481481481481 0.036275695284159616 0.1398148148148148
0 0.4507255139056832 0.5171296296296296 0.039298669891172915 0.10462962962962963
0 0.04232164449818621 0.9495370370370371 0.04232164449818621 0.10092592592592593
0 0.4649334945586457 0.4263888888888889 0.032648125755743655 0.1398148148148148
0 0.4987908101571947 0.4199074074074074 0.03385731559854897 0.14907407407407408
0 0.41233373639661425 0.6851851851851852 0.05199516324062878 0.15925925925925927
0 0.44256348246674726 0.44351851851851853 0.02781136638452237 0.12407407407407407
0 0.49274486094316805 0.5023148148148148 0.03869407496977025 0.12129629629629629
0 0.5843409915356711 0.45787037037037037 0.03688029020556227 0.11388888888888889
0 0.5513905683192262 0.4425925925925926 0.03990326481257558 0.14629629629629629
0 0.8960096735187424 0.15555555555555556 0.056831922611850064 0.13333333333333333
0 0.9050785973397824 0.1050925925925926 0.03990326481257558 0.12314814814814815
0 0.9226118500604595 0.19074074074074074 0.03385731559854897 0.10555555555555556
0 0.9888149939540508 0.3300925925925926 0.021160822249093107 0.12314814814814815
0 0.9353083434099153 0.36666666666666664 0.04353083434099154 0.14814814814814814
0 0.9474002418379686 0.3990740740740741 0.03990326481257558 0.14074074074074075
0 0.8954050785973398 0.5546296296296296 0.0471584038694075 0.1537037037037037
0 0.9758162031438936 0.4736111111111111 0.045949214026602174 0.16203703703703703
0 0.8125755743651754 0.6314814814814815 0.044740024183796856 0.15925925925925927
0 0.8171100362756953 0.6675925925925926 0.04897218863361548 0.15
0 0.7303506650544136 0.5342592592592592 0.03869407496977025 0.1537037037037037
0 0.7756952841596131 0.6615740740740741 0.045949214026602174 0.15462962962962962
0 0.8881499395405078 0.8518518518518519 0.044740024183796856 0.1685185185185185
0 0.6922611850060459 0.08981481481481482 0.03506650544135429 0.11851851851851852
0 0.6487303506650545 0.10277777777777777 0.03143893591293833 0.12407407407407407
0 0.6091293833131801 0.12685185185185185 0.03688029020556227 0.14444444444444443
0 0.5435308343409916 0.10787037037037037 0.03506650544135429 0.13796296296296295
0 0.6844014510278114 0.11851851851851852 0.03990326481257558 0.11851851851851852
0 0.6520556227327691 0.15046296296296297 0.039298669891172915 0.125
0 0.6051995163240629 0.15046296296296297 0.032648125755743655 0.11574074074074074
0 0.6717049576783555 0.24305555555555555 0.03990326481257558 0.13425925925925927
0 0.6130592503022975 0.22453703703703703 0.03990326481257558 0.13796296296296295
0 0.5903869407496977 0.24768518518518517 0.03688029020556227 0.12685185185185185
0 0.6493349455864571 0.26435185185185184 0.026602176541717048 0.09351851851851851
0 0.629081015719468 0.2652777777777778 0.034461910519951636 0.13425925925925927
0 0.5359733978234583 0.17731481481481481 0.035671100362756954 0.12314814814814815
0 0.4882103990326481 0.1875 0.03204353083434099 0.11574074074074074
0 0.5272067714631197 0.09351851851851851 0.037484885126964934 0.13518518518518519
0 0.50453446191052 0.09537037037037037 0.02720677146311971 0.11296296296296296
0 0.68409915356711 0.28194444444444444 0.04171704957678356 0.14907407407407408
0 0.6118500604594922 0.35555555555555557 0.03869407496977025 0.14074074074074075
0 0.6336154776299879 0.37546296296296294 0.036275695284159616 0.14722222222222223
0 0.6668681983071342 0.35185185185185186 0.03990326481257558 0.15
0 0.4286577992744861 0.10972222222222222 0.03506650544135429 0.11574074074074074
0 0.39691656590084645 0.16898148148148148 0.03325272067714631 0.1287037037037037
0 0.4546553808948005 0.07361111111111111 0.03506650544135429 0.12685185185185185
0 0.43440145102781136 0.06898148148148148 0.034461910519951636 0.125
0 0.40326481257557434 0.10555555555555556 0.030229746070133012 0.11851851851851852
0 0.2058645707376058 0.12685185185185185 0.039298669891172915 0.13703703703703704
0 0.3062273276904474 0.18703703703703703 0.035671100362756954 0.14074074074074075
0 0.34189842805320436 0.20925925925925926 0.03688029020556227 0.13148148148148148
0 0.6330108827085853 0.6037037037037037 0.04836759371221282 0.1574074074074074
0 0.7805320435308344 0.45185185185185184 0.044740024183796856 0.14074074074074075
0 0.5024183796856106 0.4652777777777778 0.049576783555018135 0.14537037037037037
0 0.41686819830713423 0.4513888888888889 0.05380894800483676 0.14166666666666666
0 0.005743651753325272 0.11944444444444445 0.010278113663845224 0.1259259259259259
0 0.02539298669891173 0.11388888888888889 0.037484885126964934 0.1259259259259259
0 0.14117291414752117 0.10972222222222222 0.04171704957678356 0.1287037037037037
0 0.1807738814993954 0.08981481481481482 0.03385731559854897 0.1259259259259259
0 0.1989117291414752 0.1050925925925926 0.02781136638452237 0.12129629629629629
0 0.2551390568319226 0.09027777777777778 0.032648125755743655 0.1175925925925926
0 0.282950423216445 0.09675925925925925 0.03506650544135429 0.12314814814814815
0 0.1608222490931076 0.06898148148148148 0.03990326481257558 0.13055555555555556
0 0.0994558645707376 0.04351851851851852 0.03204353083434099 0.08518518518518518
0 0.18954050785973398 0.15787037037037038 0.034461910519951636 0.13796296296296295
0 0.4528415961305925 0.10740740740740741 0.030229746070133012 0.12407407407407407
0 0.4951632406287787 0.08009259259259259 0.032648125755743655 0.11574074074074074
0 0.5507859733978234 0.07592592592592592 0.022974607013301087 0.1259259259259259
0 0.2551390568319226 0.3287037037037037 0.036275695284159616 0.14074074074074075
0 0.10399032648125756 0.23796296296296296 0.03869407496977025 0.13148148148148148
0 0.12575574365175332 0.2324074074074074 0.03385731559854897 0.12962962962962962
0 0.2503022974607013 0.2638888888888889 0.03506650544135429 0.14074074074074075
0 0.20858524788391777 0.2574074074074074 0.03990326481257558 0.13703703703703704
0 0.47944377267230953 0.2462962962962963 0.03506650544135429 0.1259259259259259
0 0.4607013301088271 0.26944444444444443 0.03869407496977025 0.12777777777777777
0 0.2750906892382104 0.2962962962962963 0.036275695284159616 0.14814814814814814
0 0.31257557436517536 0.37407407407407406 0.037484885126964934 0.13518518518518519
0 0.3382708585247884 0.4356481481481482 0.044135429262394194 0.1712962962962963
0 0.2941354292623942 0.43472222222222223 0.039298669891172915 0.14907407407407408
0 0.10096735187424426 0.3736111111111111 0.032648125755743655 0.13240740740740742
0 0.04746070133010883 0.37962962962962965 0.046553808948004836 0.1574074074074074
0 0.044135429262394194 0.34675925925925927 0.037484885126964934 0.13796296296296295
0 0.0371825876662636 0.31805555555555554 0.039298669891172915 0.15092592592592594
0 0.07799274486094317 0.29583333333333334 0.036275695284159616 0.1398148148148148
0 0.9839782345828295 0.42824074074074076 0.02962515114873035 0.13796296296296295
0 0.685006045949214 0.2222222222222222 0.045949214026602174 0.15555555555555556
0 0.977932285368803 0.10694444444444444 0.03688029020556227 0.13240740740740742
0 0.9467956469165659 0.05462962962962963 0.032648125755743655 0.10555555555555556
0 0.9177750906892382 0.052314814814814814 0.032648125755743655 0.10277777777777777
0 0.9437726723095526 0.09351851851851851 0.03990326481257558 0.12962962962962962
0 0.06257557436517533 0.03935185185185185 0.0380894800483676 0.07685185185185185
0 0.12212817412333736 0.10416666666666667 0.037484885126964934 0.12685185185185185
0 0.13119709794437726 0.052314814814814814 0.037484885126964934 0.10277777777777777
0 0.37484885126964934 0.0712962962962963 0.03143893591293833 0.11666666666666667
0 0.5810157194679565 0.14953703703703702 0.037484885126964934 0.12314814814814815
0 0.19619105199516323 0.06805555555555555 0.034461910519951636 0.13425925925925927
0 0.5577388149939541 0.11157407407407408 0.03204353083434099 0.12685185185185185
0 0.6269649334945586 0.10972222222222222 0.032648125755743655 0.13425925925925927
0 0.3555018137847642 0.0587962962962963 0.03143893591293833 0.11574074074074074
0 0.5891777509068924 0.10694444444444444 0.03688029020556227 0.13240740740740742
0 0.5 0.044444444444444446 0.032648125755743655 0.08703703703703704
0 0.6508464328899637 0.06296296296296296 0.03688029020556227 0.12222222222222222
0 0.46463119709794437 0.03148148148148148 0.02962515114873035 0.06111111111111111
0 0.5900846432889963 0.04398148148148148 0.036275695284159616 0.08611111111111111
0 0.33706166868198306 0.03657407407407407 0.034461910519951636 0.0712962962962963
0 0.28355501813784767 0.05 0.02781136638452237 0.09814814814814815
0 0.3101571946795647 0.03981481481481482 0.030229746070133012 0.07777777777777778
0 0.40719467956469163 0.0587962962962963 0.02962515114873035 0.11388888888888889
0 0.21100362756952842 0.08287037037037037 0.02781136638452237 0.09907407407407408
0 0.2227932285368803 0.06666666666666667 0.034461910519951636 0.12962962962962962
