0 0.8252344416027281 0.3176136363636364 0.042625745950554135 0.10568181818181818
0 0.2289002557544757 0.04715909090909091 0.03324808184143223 0.0875
0 0.18286445012787725 0.048863636363636366 0.03154305200341006 0.09090909090909091
0 0.4846547314578005 0.03806818181818182 0.0247229326513214 0.07386363636363637
0 0.39727195225916456 0.06931818181818182 0.023870417732310314 0.08409090909090909
0 0.5080988917306053 0.0715909090909091 0.03239556692242114 0.08409090909090909
0 0.35805626598465473 0.06420454545454546 0.028985507246376812 0.08068181818181819
0 0.31202046035805625 0.048863636363636366 0.028985507246376812 0.08409090909090909
0 0.30008525149190113 0.05625 0.028985507246376812 0.09204545454545454
0 0.49104859335038364 0.06875 0.03239556692242114 0.0875
0 0.37681159420289856 0.05056818181818182 0.03239556692242114 0.09204545454545454
0 0.4083546462063086 0.019318181818181818 0.03239556692242114 0.03636363636363636
0 0.43861892583120204 0.02215909090909091 0.03154305200341006 0.042045454545454546
0 0.48891730605285594 0.023863636363636365 0.03154305200341006 0.045454545454545456
0 0.9356351236146633 0.045454545454545456 0.03495311167945439 0.08863636363636364
0 0.5247229326513214 0.04090909090909091 0.03154305200341006 0.07954545454545454
0 0.8729752770673487 0.0375 0.030690537084398978 0.07272727272727272
0 0.8473998294970162 0.035227272727272725 0.027280477408354646 0.06818181818181818
0 0.7101449275362319 0.30113636363636365 0.03751065643648764 0.09772727272727273
0 0.41389599317988063 0.06704545454545455 0.03324808184143223 0.08181818181818182
0 0.08439897698209718 0.8721590909090909 0.05285592497868713 0.16477272727272727
0 0.06265984654731457 0.8335227272727272 0.045183290707587385 0.15795454545454546
0 0.8115942028985508 0.928409090909091 0.06308610400682012 0.13636363636363635
0 0.2710997442455243 0.44431818181818183 0.0392156862745098 0.12045454545454545
0 0.9177323103154306 0.7380681818181818 0.041773231031543054 0.14204545454545456
0 0.829070758738278 0.7511363636363636 0.045183290707587385 0.14545454545454545
0 0.8303495311167945 0.7829545454545455 0.04603580562659847 0.14545454545454545
0 0.8849104859335039 0.7534090909090909 0.042625745950554135 0.14545454545454545
0 0.9181585677749361 0.7676136363636363 0.0494458653026428 0.16022727272727272
0 0.8797953964194374 0.8051136363636363 0.04774083546462063 0.15795454545454546
0 0.8069053708439897 0.9619318181818182 0.06564364876385337 0.07840909090909091
0 0.0123614663256607 0.31136363636363634 0.023017902813299233 0.11363636363636363
0 0.5179028132992327 0.2903409090909091 0.03665814151747655 0.10795454545454546
0 0.3917306052855925 0.29147727272727275 0.03665814151747655 0.09659090909090909
0 0.39428815004262574 0.27386363636363636 0.03324808184143223 0.11136363636363636
0 0.5170502983802217 0.2630681818181818 0.03495311167945439 0.10113636363636364
0 0.4279624893435635 0.29659090909090907 0.04603580562659847 0.11136363636363636
0 0.4492753623188406 0.31477272727272726 0.023870417732310314 0.07045454545454545
0 0.21312872975277067 0.2863636363636364 0.03751065643648764 0.10454545454545454
0 0.30818414322250637 0.26079545454545455 0.03324808184143223 0.1125
0 0.33631713554987214 0.26647727272727273 0.03324808184143223 0.10795454545454546
0 0.05115089514066496 0.16420454545454546 0.03410059676044331 0.10113636363636364
0 0.011508951406649617 0.08238636363636363 0.021312872975277068 0.08295454545454546
0 0.16155157715260018 0.1431818181818182 0.028132992327365727 0.09772727272727273
0 0.48721227621483376 0.24829545454545454 0.03665814151747655 0.10568181818181818
0 0.4117647058823529 0.20454545454545456 0.03751065643648764 0.09772727272727273
0 0.479539641943734 0.19545454545454546 0.03324808184143223 0.10681818181818181
0 0.14620630861040068 0.10568181818181818 0.03154305200341006 0.09772727272727273
0 0.21270247229326514 0.11704545454545455 0.03324808184143223 0.09772727272727273
0 0.1896845694799659 0.11193181818181819 0.028132992327365727 0.09431818181818181
0 0.25831202046035806 0.06931818181818182 0.030690537084398978 0.07727272727272727
0 0.5392156862745098 0.07727272727272727 0.03154305200341006 0.09772727272727273
0 0.2826086956521739 0.10795454545454546 0.03665814151747655 0.09772727272727273
0 0.3537936913895993 0.10511363636363637 0.03580562659846547 0.08977272727272727
0 0.37638533674339303 0.09829545454545455 0.03154305200341006 0.09886363636363636
0 0.4356351236146633 0.10397727272727272 0.03239556692242114 0.0875
0 0.4096334185848252 0.14431818181818182 0.03324808184143223 0.08863636363636364
0 0.5059676044330775 0.18636363636363637 0.028132992327365727 0.10681818181818181
0 0.5673486786018755 0.08409090909090909 0.03324808184143223 0.09318181818181819
0 0.4978687127024723 0.10795454545454546 0.03239556692242114 0.09090909090909091
0 0.47868712702472294 0.5323863636363636 0.03665814151747655 0.12613636363636363
0 0.8533674339300937 0.9613636363636363 0.04092071611253197 0.07954545454545454
0 0.896845694799659 0.9420454545454545 0.05456095481670929 0.11818181818181818
0 0.06990622335890878 0.06818181818181818 0.03239556692242114 0.08409090909090909
0 0.027280477408354646 0.13068181818181818 0.03580562659846547 0.10681818181818181
0 0.042625745950554135 0.1340909090909091 0.030690537084398978 0.09318181818181819
0 0.4595055413469736 0.07386363636363637 0.03580562659846547 0.08863636363636364
0 0.33844842284739984 0.044886363636363634 0.028985507246376812 0.08295454545454546
0 0.31074168797953966 0.1215909090909091 0.028132992327365727 0.08863636363636364
0 0.4411764705882353 0.13579545454545455 0.03324808184143223 0.10568181818181818
0 0.2855924978687127 0.06534090909090909 0.028985507246376812 0.07613636363636364
0 0.4083546462063086 0.05284090909090909 0.030690537084398978 0.07386363636363637
0 0.4658994032395567 0.47045454545454546 0.03665814151747655 0.125
0 0.3209718670076726 0.9698863636363636 0.05029838022165388 0.0625
0 0.7003410059676044 0.8107954545454545 0.045183290707587385 0.14431818181818182
0 0.11466325660699062 0.9664772727272727 0.041773231031543054 0.0625
0 0.1585677749360614 0.9681818181818181 0.04092071611253197 0.06363636363636363
0 0.45439045183290705 0.7835227272727273 0.030690537084398978 0.1215909090909091
0 0.7902813299232737 0.6556818181818181 0.04774083546462063 0.14545454545454545
0 0.4300937766410912 0.7869318181818182 0.03836317135549872 0.12840909090909092
0 0.3034953111679454 0.6625 0.05285592497868713 0.14545454545454545
0 0.8452685421994884 0.8829545454545454 0.05200341005967604 0.13863636363636364
0 0.7604433077578857 0.7857954545454545 0.0494458653026428 0.15113636363636362
0 0.3171355498721228 0.8397727272727272 0.0494458653026428 0.13863636363636364
0 0.38917306052855927 0.7806818181818181 0.043478260869565216 0.13863636363636364
0 0.8154305200341005 0.8982954545454546 0.04859335038363171 0.15113636363636362
0 0.6768968456947997 0.9335227272727272 0.05456095481670929 0.13295454545454546
0 0.7246376811594203 0.9426136363636364 0.04774083546462063 0.11704545454545455
0 0.16453537936913895 0.6477272727272727 0.05285592497868713 0.13636363636363635
0 0.4339300937766411 0.48068181818181815 0.03410059676044331 0.12045454545454545
0 0.1483375959079284 0.4022727272727273 0.02557544757033248 0.09318181818181819
0 0.4424552429667519 0.44488636363636364 0.03580562659846547 0.10795454545454546
0 0.49531116794543906 0.44772727272727275 0.03410059676044331 0.11363636363636363
0 0.4722932651321398 0.10113636363636364 0.03580562659846547 0.09090909090909091
0 0.10954816709292413 0.37670454545454546 0.03665814151747655 0.11477272727272728
0 0.13000852514919012 0.39545454545454545 0.0247229326513214 0.07727272727272727
0 0.10187553282182438 0.7732954545454546 0.03836317135549872 0.10340909090909091
0 0.07203751065643649 0.7528409090909091 0.041773231031543054 0.13295454545454546
0 0.018329070758738276 0.7306818181818182 0.03495311167945439 0.15
0 0.8260869565217391 0.3471590909090909 0.03410059676044331 0.10340909090909091
0 0.6696504688832055 0.8329545454545455 0.03154305200341006 0.10681818181818181
0 0.022591645353793693 0.40852272727272726 0.043478260869565216 0.11022727272727273
0 0.36871270247229326 0.9852272727272727 0.045183290707587385 0.029545454545454545
0 0.3635976129582268 0.8392045454545455 0.04859335038363171 0.14886363636363636
0 0.4820971867007673 0.8590909090909091 0.05541346973572037 0.1431818181818182
0 0.9006820119352089 0.04431818181818182 0.03154305200341006 0.08636363636363636
0 0.5545609548167093 0.04318181818181818 0.03324808184143223 0.08181818181818182
