0 0.008766626360338573 0.3087962962962963 0.016324062877871828 0.14907407407407408
0 0.03476420798065296 0.2569444444444444 0.04171704957678356 0.13240740740740742
0 0.08524788391777509 0.25277777777777777 0.04232164449818621 0.15
0 0.05441354292623942 0.0962962962962963 0.03990326481257558 0.13703703703703704
0 0.14026602176541716 0.2212962962962963 0.03869407496977025 0.14444444444444443
0 0.13119709794437726 0.10462962962962963 0.037484885126964934 0.12037037037037036
0 0.17472793228536881 0.11064814814814815 0.03385731559854897 0.13425925925925927
0 0.1977025392986699 0.10462962962962963 0.037484885126964934 0.13148148148148148
0 0.11396614268440144 0.07453703703703704 0.03688029020556227 0.13425925925925927
0 0.16626360338573157 0.0699074074074074 0.03506650544135429 0.125
0 0.14207980652962515 0.046296296296296294 0.03990326481257558 0.09074074074074075
0 0.5287182587666264 0.38287037037037036 0.02962515114873035 0.12314814814814815
0 0.32376058041112454 0.12175925925925926 0.03204353083434099 0.1175925925925926
0 0.5012091898428053 0.03981481481481482 0.032648125755743655 0.07777777777777778
0 0.5259975816203144 0.038425925925925926 0.02781136638452237 0.075
0 0.4900241837968561 0.3587962962962963 0.039298669891172915 0.14351851851851852
0 0.496372430471584 0.22685185185185186 0.03385731559854897 0.12962962962962962
0 0.4607013301088271 0.2212962962962963 0.03990326481257558 0.13148148148148148
0 0.5958282950423216 0.29398148148148145 0.034461910519951636 0.1287037037037037
0 0.6411729141475212 0.3074074074074074 0.039298669891172915 0.1537037037037037
0 0.5432285368802902 0.06296296296296296 0.034461910519951636 0.12222222222222222
0 0.5776904474002419 0.09953703703703703 0.02962515114873035 0.1287037037037037
0 0.6469165659008465 0.20046296296296295 0.02781136638452237 0.1175925925925926
0 0.5991535671100363 0.18611111111111112 0.03506650544135429 0.13148148148148148
0 0.5713422007255139 0.18703703703703703 0.030229746070133012 0.10740740740740741
0 0.5662031438935913 0.07407407407407407 0.02962515114873035 0.10555555555555556
0 0.9519347037484885 0.2662037037037037 0.03083434099153567 0.12314814814814815
0 0.977932285368803 0.2569444444444444 0.03083434099153567 0.125
0 0.9727932285368803 0.1736111111111111 0.053204353083434096 0.13796296296296295
0 0.9383313180169287 0.23796296296296296 0.032648125755743655 0.11851851851851852
0 0.9416565900846433 0.13796296296296295 0.03204353083434099 0.13148148148148148
0 0.9138452237001209 0.22824074074074074 0.034461910519951636 0.13425925925925927
0 0.9108222490931076 0.1439814814814815 0.03688029020556227 0.13240740740740742
0 0.7333736396614269 0.33101851851851855 0.032648125755743655 0.12314814814814815
0 0.7590689238210399 0.3541666666666667 0.04171704957678356 0.14351851851851852
0 0.7871825876662636 0.36157407407407405 0.030229746070133012 0.13055555555555556
0 0.6073155985489722 0.10092592592592593 0.03204353083434099 0.10740740740740741
0 0.6221281741233373 0.11898148148148148 0.032648125755743655 0.12685185185185185
0 0.9150544135429263 0.10462962962962963 0.03204353083434099 0.12037037037037036
0 0.8908706166868199 0.2050925925925926 0.044135429262394194 0.14537037037037037
0 0.8954050785973398 0.175 0.037484885126964934 0.1259259259259259
0 0.8742442563482467 0.12546296296296297 0.037484885126964934 0.1361111111111111
0 0.6321039903264812 0.07824074074074074 0.02962515114873035 0.11944444444444445
0 0.8654776299879081 0.2101851851851852 0.034461910519951636 0.12037037037037036
0 0.8285973397823458 0.17175925925925925 0.035671100362756954 0.13055555555555556
0 0.6698911729141476 0.10277777777777777 0.037484885126964934 0.12777777777777777
0 0.814993954050786 0.2375 0.03385731559854897 0.12314814814814815
0 0.7941354292623942 0.22916666666666666 0.02962515114873035 0.13240740740740742
0 0.7654171704957679 0.22407407407407406 0.03385731559854897 0.1425925925925926
0 0.7212817412333736 0.1050925925925926 0.02902055622732769 0.13240740740740742
0 0.7212817412333736 0.04027777777777778 0.032648125755743655 0.0787037037037037
0 0.7620918984280532 0.32037037037037036 0.04171704957678356 0.14074074074074075
0 0.6444981862152358 0.11342592592592593 0.032648125755743655 0.1175925925925926
0 0.9313784764207981 0.18101851851851852 0.03688029020556227 0.1361111111111111
0 0.9522370012091899 0.20972222222222223 0.036275695284159616 0.1175925925925926
0 0.9171704957678356 0.08333333333333333 0.02781136638452237 0.09814814814814815
0 0.7025392986698912 0.1162037037037037 0.036275695284159616 0.10648148148148148
0 0.6934703748488513 0.07685185185185185 0.03385731559854897 0.11296296296296296
0 0.660217654171705 0.06666666666666667 0.03506650544135429 0.12962962962962962
0 0.814993954050786 0.2175925925925926 0.03143893591293833 0.11851851851851852
0 0.5816203143893591 0.06157407407407407 0.032648125755743655 0.11203703703703703
0 0.4419588875453446 0.2587962962962963 0.04232164449818621 0.14351851851851852
0 0.4746070133010883 0.25601851851851853 0.03385731559854897 0.12314814814814815
0 0.8506650544135429 0.15555555555555556 0.032648125755743655 0.11296296296296296
0 0.686819830713422 0.125 0.026602176541717048 0.09074074074074075
0 0.37726723095526 0.5833333333333334 0.037484885126964934 0.15
0 0.06801692865779928 0.4837962962962963 0.03325272067714631 0.14351851851851852
0 0.06166868198307134 0.5263888888888889 0.041112454655380895 0.14537037037037037
0 0.02992744860943168 0.5013888888888889 0.03688029020556227 0.15648148148148147
0 0.093409915356711 0.49907407407407406 0.039298669891172915 0.15
0 0.845223700120919 0.3902777777777778 0.037484885126964934 0.12685185185185185
0 0.8536880290205562 0.3712962962962963 0.037484885126964934 0.12037037037037036
0 0.2617896009673519 0.6912037037037037 0.044740024183796856 0.1675925925925926
0 0.23639661426844014 0.6763888888888889 0.03869407496977025 0.16944444444444445
0 0.3724304715840387 0.6726851851851852 0.032648125755743655 0.14537037037037037
0 0.2309552599758162 0.6013888888888889 0.03506650544135429 0.14166666666666666
0 0.23579201934703747 0.5814814814814815 0.030229746070133012 0.14444444444444443
0 0.19165659008464328 0.5819444444444445 0.04232164449818621 0.13425925925925927
0 0.19860943168077388 0.5398148148148149 0.04534461910519952 0.15555555555555556
0 0.15507859733978235 0.5666666666666667 0.044135429262394194 0.14814814814814814
0 0.37394195888754533 0.25046296296296294 0.034461910519951636 0.12685185185185185
0 0.3948004836759371 0.2601851851851852 0.032648125755743655 0.12962962962962962
0 0.5864570737605804 0.5412037037037037 0.04353083434099154 0.13425925925925927
0 0.6408706166868199 0.5532407407407407 0.044740024183796856 0.15092592592592594
0 0.24274486094316808 0.40046296296296297 0.04171704957678356 0.14351851851851852
0 0.2460701330108827 0.43287037037037035 0.03385731559854897 0.14537037037037037
0 0.2669286577992745 0.9518518518518518 0.04171704957678356 0.09814814814814815
0 0.12394195888754535 0.5314814814814814 0.041112454655380895 0.13703703703703704
0 0.30773881499395406 0.7972222222222223 0.05078597339782346 0.1648148148148148
0 0.10640870616686819 0.5875 0.03869407496977025 0.16574074074074074
0 0.33615477629987905 0.4981481481481482 0.036275695284159616 0.1425925925925926
0 0.12394195888754535 0.6453703703703704 0.04232164449818621 0.1537037037037037
0 0.5955259975816203 0.7717592592592593 0.044740024183796856 0.13240740740740742
0 0.3573155985489722 0.7268518518518519 0.041112454655380895 0.15925925925925927
0 0.3591293833131802 0.7564814814814815 0.04232164449818621 0.17037037037037037
0 0.5894800483675937 0.6476851851851851 0.04353083434099154 0.1675925925925926
0 0.6215235792019347 0.6777777777777778 0.04353083434099154 0.16296296296296298
0 0.6414752116082225 0.6587962962962963 0.02902055622732769 0.13425925925925927
0 0.43107617896009676 0.7652777777777777 0.0471584038694075 0.14907407407407408
0 0.6834945586457074 0.6986111111111111 0.05259975816203144 0.14907407407407408
0 0.2279322853688029 0.7921296296296296 0.05199516324062878 0.1675925925925926
0 0.4534461910519952 0.5597222222222222 0.032648125755743655 0.1361111111111111
0 0.43833131801692865 0.5254629629629629 0.037484885126964934 0.125
0 0.538391777509069 0.7546296296296297 0.051390568319226115 0.1574074074074074
0 0.6402660217654171 0.7717592592592593 0.049576783555018135 0.1675925925925926
0 0.651148730350665 0.8078703703703703 0.037484885126964934 0.125
0 0.41747279322853686 0.037037037037037035 0.03204353083434099 0.07222222222222222
0 0.7923216444981862 0.9259259259259259 0.046553808948004836 0.14629629629629629
0 0.8279927448609432 0.9287037037037037 0.04050785973397823 0.14074074074074075
0 0.4247279322853688 0.6148148148148148 0.046553808948004836 0.14814814814814814
0 0.4501209189842805 0.5888888888888889 0.035671100362756954 0.14629629629629629
0 0.12091898428053205 0.8578703703703704 0.04836759371221282 0.16203703703703703
0 0.5864570737605804 0.8481481481481481 0.044740024183796856 0.1685185185185185
0 0.6188029020556227 0.8439814814814814 0.046553808948004836 0.16574074074074074
0 0.0761789600967352 0.861574074074074 0.04232164449818621 0.14351851851851852
0 0.019649334945586457 0.4615740740740741 0.0380894800483676 0.14537037037037037
0 0.9806529625151149 0.3416666666666667 0.03506650544135429 0.12407407407407407
0 0.964328899637243 0.3768518518518518 0.03869407496977025 0.1425925925925926
0 0.9579806529625151 0.34305555555555556 0.04171704957678356 0.12314814814814815
0 0.6021765417170496 0.888425925925926 0.04836759371221282 0.1638888888888889
0 0.5662031438935913 0.8851851851851852 0.044135429262394194 0.16666666666666666
0 0.2953446191051995 0.6194444444444445 0.047762998790810154 0.1574074074074074
0 0.29474002418379686 0.6708333333333333 0.03688029020556227 0.15648148148148147
0 0.3186215235792019 0.44074074074074077 0.04232164449818621 0.1537037037037037
0 0.34401451027811364 0.4236111111111111 0.03990326481257558 0.13425925925925927
0 0.3047158403869408 0.4027777777777778 0.037484885126964934 0.15
0 0.9192865779927448 0.38425925925925924 0.039298669891172915 0.13333333333333333
0 0.9428657799274486 0.39351851851851855 0.039298669891172915 0.14814814814814814
0 0.13422007255139057 0.9532407407407407 0.04353083434099154 0.09537037037037037
0 0.09794437726723096 0.9402777777777778 0.04836759371221282 0.12129629629629629
0 0.5148125755743652 0.49166666666666664 0.05380894800483676 0.1537037037037037
0 0.4144498186215236 0.4828703703703704 0.039298669891172915 0.14537037037037037
0 0.4492140266021765 0.4722222222222222 0.036275695284159616 0.14814814814814814
0 0.9730955259975816 0.9597222222222223 0.039298669891172915 0.0787037037037037
0 0.9425634824667473 0.9787037037037037 0.04232164449818621 0.044444444444444446
0 0.9785368802902056 0.9157407407407407 0.04171704957678356 0.14814814814814814
0 0.5792019347037485 0.9384259259259259 0.053204353083434096 0.125
0 0.5671100362756953 0.49675925925925923 0.03990326481257558 0.14537037037037037
0 0.13119709794437726 0.7481481481481481 0.04836759371221282 0.16296296296296298
0 0.9815598548972189 0.7842592592592592 0.034461910519951636 0.18518518518518517
0 0.10278113663845223 0.33796296296296297 0.030229746070133012 0.12037037037037036
0 0.08796856106408706 0.324537037037037 0.034461910519951636 0.1398148148148148
0 0.032648125755743655 0.3 0.037484885126964934 0.14074074074074075
0 0.6714026602176542 0.5254629629629629 0.046553808948004836 0.14351851851851852
0 0.533857315598549 0.9532407407407407 0.041112454655380895 0.09537037037037037
0 0.7324667472793228 0.9356481481481481 0.04171704957678356 0.13055555555555556
0 0.6992140266021766 0.9189814814814815 0.051390568319226115 0.16018518518518518
0 0.06106408706166868 0.31851851851851853 0.03385731559854897 0.13148148148148148
0 0.6964933494558646 0.8569444444444444 0.044740024183796856 0.16018518518518518
0 0.7339782345828295 0.8356481481481481 0.04353083434099154 0.1675925925925926
0 0.08192261185006046 0.7652777777777777 0.04171704957678356 0.14907407407407408
0 0.10247883917775091 0.7958333333333333 0.044135429262394194 0.16574074074074074
0 0.05350665054413543 0.7986111111111112 0.044135429262394194 0.15648148148148147
0 0.624546553808948 0.9472222222222222 0.04232164449818621 0.1037037037037037
0 0.6980048367593712 0.5268518518518519 0.034461910519951636 0.1537037037037037
0 0.8065296251511487 0.8652777777777778 0.05199516324062878 0.1712962962962963
0 0.8787787182587666 0.8013888888888889 0.046553808948004836 0.17685185185185184
0 0.8367593712212817 0.8560185185185185 0.044740024183796856 0.1675925925925926
0 0.8594316807738815 0.825462962962963 0.039298669891172915 0.1824074074074074
0 0.8814993954050786 0.7333333333333333 0.03869407496977025 0.17222222222222222
0 0.9649334945586457 0.2851851851851852 0.02781136638452237 0.13333333333333333
0 0.8482466747279322 0.20879629629629629 0.03143893591293833 0.12314814814814815
0 0.8428053204353083 0.46111111111111114 0.05078597339782346 0.15
0 0.7191656590084643 0.5657407407407408 0.04050785973397823 0.1537037037037037
0 0.7503022974607013 0.5481481481481482 0.045949214026602174 0.15185185185185185
0 0.4229141475211608 0.36712962962962964 0.03325272067714631 0.1287037037037037
0 0.4498186215235792 0.3731481481481482 0.03143893591293833 0.14074074074074075
0 0.8074365175332527 0.4976851851851852 0.039298669891172915 0.15462962962962962
0 0.6514510278113664 0.3337962962962963 0.035671100362756954 0.14166666666666666
0 0.6160822249093107 0.32546296296296295 0.049576783555018135 0.14907407407407408
0 0.15356711003627568 0.4263888888888889 0.04353083434099154 0.1287037037037037
0 0.1457073760580411 0.47453703703703703 0.045949214026602174 0.14537037037037037
0 0.04322853688029021 0.4101851851851852 0.044135429262394194 0.15185185185185185
0 0.006952841596130592 0.5930555555555556 0.012696493349455865 0.15833333333333333
0 0.02962515114873035 0.6296296296296297 0.04232164449818621 0.16296296296296298
0 0.04232164449818621 0.36666666666666664 0.037484885126964934 0.14074074074074075
0 0.011487303506650543 0.3662037037037037 0.02176541717049577 0.14351851851851852
0 0.7938331318016929 0.44583333333333336 0.044740024183796856 0.14166666666666666
0 0.907496977025393 0.48148148148148145 0.036275695284159616 0.12037037037037036
0 0.9328899637243047 0.4787037037037037 0.041112454655380895 0.14629629629629629
0 0.8648730350665055 0.4111111111111111 0.03688029020556227 0.14074074074074075
0 0.742744860943168 0.20787037037037037 0.03325272067714631 0.12685185185185185
0 0.9416565900846433 0.44351851851851853 0.0380894800483676 0.15185185185185185
0 0.13603385731559856 0.36435185185185187 0.03506650544135429 0.13240740740740742
0 0.18802902055622733 0.34305555555555556 0.03869407496977025 0.1398148148148148
0 0.1608222490931076 0.3277777777777778 0.032648125755743655 0.14074074074074075
0 0.9310761789600968 0.2949074074074074 0.03506650544135429 0.13055555555555556
0 0.1617291414752116 0.38333333333333336 0.034461910519951636 0.12037037037037036
0 0.4365175332527207 0.31574074074074077 0.030229746070133012 0.13518518518518519
0 0.8944981862152358 0.40555555555555556 0.03688029020556227 0.13703703703703704
0 0.9337968561064087 0.3162037037037037 0.0380894800483676 0.12685185185185185
0 0.9700725513905684 0.44907407407407407 0.03204353083434099 0.1425925925925926
0 0.880894800483676 0.4537037037037037 0.037484885126964934 0.13703703703703704
0 0.6553808948004837 0.9305555555555556 0.044740024183796856 0.13703703703703704
0 0.21704957678355502 0.9578703703703704 0.049576783555018135 0.08611111111111111
0 0.9888149939540508 0.5152777777777777 0.01995163240628779 0.14722222222222223
0 0.7753929866989118 0.5217592592592593 0.047762998790810154 0.14351851851851852
0 0.1777509068923821 0.9851851851851852 0.02902055622732769 0.03148148148148148
0 0.05652962515114873 0.9189814814814815 0.0501813784764208 0.16018518518518518
0 0.13663845223700122 0.8782407407407408 0.060459492140266025 0.1787037037037037
0 0.18137847642079807 0.8583333333333333 0.05078597339782346 0.16111111111111112
