0 0.2872975277067349 0.7505681818181819 0.056265984654731455 0.15568181818181817
0 0.6300085251491901 0.7619318181818182 0.0494458653026428 0.14886363636363636
0 0.6044330775788577 0.6994318181818182 0.04774083546462063 0.14659090909090908
0 0.8520886615515771 0.45397727272727273 0.045183290707587385 0.13068181818181818
0 0.8137254901960784 0.44545454545454544 0.045183290707587385 0.125
0 0.3554987212276215 0.7386363636363636 0.05115089514066496 0.1590909090909091
0 0.3294970161977835 0.7681818181818182 0.06905370843989769 0.14545454545454545
0 0.30434782608695654 0.675 0.04092071611253197 0.13863636363636364
0 0.3294970161977835 0.6886363636363636 0.043478260869565216 0.125
0 0.38704177323103156 0.6795454545454546 0.0392156862745098 0.12727272727272726
0 0.42497868712702475 0.6744318181818182 0.045183290707587385 0.13295454545454546
0 0.5123614663256607 0.9306818181818182 0.05115089514066496 0.13863636363636364
0 0.39300937766410915 0.6545454545454545 0.03410059676044331 0.11818181818181818
0 0.427536231884058 0.7511363636363636 0.041773231031543054 0.1409090909090909
0 0.5080988917306053 0.7784090909090909 0.042625745950554135 0.14772727272727273
0 0.23572037510656438 0.6289772727272728 0.040068201193520885 0.14886363636363636
0 0.15387894288150042 0.6181818181818182 0.045183290707587385 0.14545454545454545
0 0.020886615515771527 0.4340909090909091 0.040068201193520885 0.12954545454545455
0 0.0937766410912191 0.48522727272727273 0.04774083546462063 0.12272727272727273
0 0.571611253196931 0.602840909090909 0.045183290707587385 0.1375
0 0.26982097186700765 0.5284090909090909 0.041773231031543054 0.1409090909090909
0 0.3137254901960784 0.525 0.0443307757885763 0.1340909090909091
0 0.16538789428815004 0.5232954545454546 0.0392156862745098 0.12840909090909092
0 0.35038363171355497 0.3971590909090909 0.0392156862745098 0.09659090909090909
0 0.3878942881500426 0.3835227272727273 0.03580562659846547 0.11022727272727273
0 0.37084398976982097 0.39886363636363636 0.027280477408354646 0.08636363636363636
0 0.2289002557544757 0.39602272727272725 0.041773231031543054 0.12613636363636363
0 0.7233589087809037 0.9357954545454545 0.0639386189258312 0.12840909090909092
0 0.9309462915601023 0.17613636363636365 0.03751065643648764 0.10454545454545454
0 0.5490196078431373 0.9278409090909091 0.056265984654731455 0.14204545454545456
0 0.06095481670929241 0.4943181818181818 0.03495311167945439 0.1
0 0.2625745950554135 0.6863636363636364 0.03751065643648764 0.12727272727272726
0 0.8900255754475703 0.7732954545454546 0.0494458653026428 0.1534090909090909
0 0.8461210571184996 0.7676136363636363 0.045183290707587385 0.14204545454545456
0 0.8687127024722933 0.7176136363636364 0.05115089514066496 0.14431818181818182
0 0.8201193520886616 0.7051136363636363 0.05115089514066496 0.15568181818181817
0 0.6479113384484229 0.7 0.042625745950554135 0.1590909090909091
0 0.1329923273657289 0.17556818181818182 0.03751065643648764 0.10113636363636364
0 0.24381926683716965 0.2125 0.03410059676044331 0.10681818181818181
0 0.3269394714407502 0.48011363636363635 0.03836317135549872 0.1375
0 0.2783461210571185 0.22272727272727272 0.03154305200341006 0.10454545454545454
0 0.252770673486786 0.30625 0.041773231031543054 0.11931818181818182
0 0.20034100596760443 0.5232954545454546 0.04092071611253197 0.1375
0 0.4919011082693947 0.3619318181818182 0.04092071611253197 0.11704545454545455
0 0.5289855072463768 0.36477272727272725 0.043478260869565216 0.12045454545454545
0 0.3653026427962489 0.2255681818181818 0.03665814151747655 0.1125
0 0.39940323955669227 0.23011363636363635 0.03836317135549872 0.10340909090909091
0 0.32395566922421143 0.16136363636363638 0.03751065643648764 0.10681818181818181
0 0.5110826939471441 0.15056818181818182 0.03154305200341006 0.10340909090909091
0 0.42412617220801363 0.3795454545454545 0.041773231031543054 0.12272727272727273
0 0.36445012787723785 0.15852272727272726 0.03154305200341006 0.09659090909090909
0 0.4816709292412617 0.14545454545454545 0.03410059676044331 0.10681818181818181
0 0.9914748508098892 0.9318181818181818 0.017050298380221655 0.13863636363636364
0 0.6773231031543052 0.6670454545454545 0.04859335038363171 0.15681818181818183
0 0.5076726342710998 0.6210227272727272 0.05029838022165388 0.14204545454545456
0 0.5907928388746803 0.4107954545454545 0.03410059676044331 0.11477272727272728
0 0.5865302642796248 0.23977272727272728 0.03751065643648764 0.11363636363636363
0 0.07246376811594203 0.31988636363636364 0.04603580562659847 0.10340909090909091
0 0.24722932651321397 0.13636363636363635 0.03751065643648764 0.11136363636363636
0 0.15601023017902813 0.04772727272727273 0.03410059676044331 0.09318181818181819
0 0.29198635976129583 0.09829545454545455 0.03495311167945439 0.10340909090909091
0 0.30264279624893436 0.06875 0.03410059676044331 0.09431818181818181
0 0.20886615515771526 0.023295454545454546 0.03580562659846547 0.04431818181818182
0 0.8610400682011935 0.08522727272727272 0.03580562659846547 0.1
0 0.8226768968456948 0.08011363636363636 0.02557544757033248 0.09659090909090909
0 0.8563512361466326 0.020454545454545454 0.0247229326513214 0.038636363636363635
0 0.4658994032395567 0.02784090909090909 0.029838022165387893 0.053409090909090906
0 0.30775788576300084 0.01534090909090909 0.03410059676044331 0.028409090909090908
0 0.3435635123614663 0.01818181818181818 0.028985507246376812 0.03409090909090909
0 0.3597612958226769 0.019318181818181818 0.030690537084398978 0.03636363636363636
0 0.5106564364876386 0.031818181818181815 0.023870417732310314 0.06136363636363636
0 0.4403239556692242 0.019886363636363636 0.03324808184143223 0.0375
0 0.5626598465473146 0.6375 0.04603580562659847 0.13863636363636364
0 0.5954816709292413 0.7539772727272728 0.041773231031543054 0.1375
0 0.5579710144927537 0.7426136363636363 0.045183290707587385 0.14431818181818182
0 0.3729752770673487 0.4744318181818182 0.041773231031543054 0.13522727272727272
0 0.4948849104859335 0.028977272727272727 0.023017902813299233 0.05568181818181818
