0 0.7740835464620631 0.42045454545454547 0.042625745950554135 0.11136363636363636
0 0.16751918158567775 0.11420454545454546 0.03324808184143223 0.09431818181818181
0 0.10230179028132992 0.11136363636363636 0.03239556692242114 0.09090909090909091
0 0.0076726342710997444 0.35795454545454547 0.013640238704177323 0.10681818181818181
0 0.5294117647058824 0.1403409090909091 0.02557544757033248 0.0875
0 0.3657289002557545 0.14204545454545456 0.03239556692242114 0.08636363636363636
0 0.5127877237851662 0.1409090909090909 0.03154305200341006 0.08409090909090909
0 0.32310315430520037 0.1278409090909091 0.028985507246376812 0.08068181818181819
0 0.3052003410059676 0.11647727272727272 0.028985507246376812 0.0875
0 0.2813299232736573 0.1159090909090909 0.028985507246376812 0.09318181818181819
0 0.4820971867007673 0.14375 0.03154305200341006 0.09659090909090909
0 0.3473998294970162 0.10852272727272727 0.03154305200341006 0.09431818181818181
0 0.2566069906223359 0.05568181818181818 0.03239556692242114 0.08409090909090909
0 0.289002557544757 0.053409090909090906 0.028985507246376812 0.07045454545454545
0 0.3115942028985507 0.04431818181818182 0.03154305200341006 0.08409090909090909
0 0.36061381074168797 0.048295454545454544 0.028985507246376812 0.08295454545454546
0 0.3895993179880648 0.05284090909090909 0.03239556692242114 0.0875
0 0.4143222506393862 0.05284090909090909 0.03239556692242114 0.0875
0 0.4390451832907076 0.03636363636363636 0.028985507246376812 0.07045454545454545
0 0.48294970161977835 0.07613636363636364 0.03154305200341006 0.08409090909090909
0 0.5123614663256607 0.07556818181818181 0.03239556692242114 0.08068181818181819
0 0.49531116794543906 0.038636363636363635 0.03239556692242114 0.075
0 0.948849104859335 0.022727272727272728 0.03239556692242114 0.04318181818181818
0 0.86615515771526 0.07954545454545454 0.03580562659846547 0.1
0 0.5575447570332481 0.10625 0.03410059676044331 0.09659090909090909
0 0.7003410059676044 0.2863636363636364 0.03665814151747655 0.11136363636363636
0 0.7378516624040921 0.39545454545454545 0.03665814151747655 0.09772727272727273
0 0.6952259164535379 0.4056818181818182 0.03324808184143223 0.09772727272727273
0 0.5792838874680307 0.30056818181818185 0.03836317135549872 0.09886363636363636
0 0.3815004262574595 0.1403409090909091 0.03154305200341006 0.0875
0 0.0392156862745098 0.9732954545454545 0.04774083546462063 0.05568181818181818
0 0.2144075021312873 0.5414772727272728 0.045183290707587385 0.1215909090909091
0 0.9637681159420289 0.8698863636363636 0.03154305200341006 0.12613636363636363
0 0.9011082693947144 0.9 0.0443307757885763 0.14545454545454545
0 0.9045183290707587 0.9306818181818182 0.0443307757885763 0.1340909090909091
0 0.947996589940324 0.8994318181818182 0.042625745950554135 0.14431818181818182
0 0.9838022165387894 0.9170454545454545 0.03410059676044331 0.16818181818181818
0 0.9595055413469735 0.9369318181818181 0.05200341005967604 0.12840909090909092
0 0.5225916453537937 0.36875 0.04092071611253197 0.10795454545454546
0 0.38405797101449274 0.3704545454545455 0.03836317135549872 0.10454545454545454
0 0.40025575447570333 0.3346590909090909 0.03495311167945439 0.11022727272727273
0 0.5319693094629157 0.35056818181818183 0.03580562659846547 0.10795454545454546
0 0.42412617220801363 0.38181818181818183 0.04688832054560955 0.1159090909090909
0 0.4514066496163683 0.4005681818181818 0.0247229326513214 0.0715909090909091
0 0.18329070758738278 0.38977272727272727 0.042625745950554135 0.11818181818181818
0 0.30179028132992325 0.3431818181818182 0.03410059676044331 0.1159090909090909
0 0.3294970161977835 0.3494318181818182 0.03324808184143223 0.10795454545454546
0 0.12361466325660699 0.20454545454545456 0.028985507246376812 0.09772727272727273
0 0.4961636828644501 0.33636363636363636 0.03410059676044331 0.12045454545454545
0 0.3878942881500426 0.29204545454545455 0.03751065643648764 0.11136363636363636
0 0.4761295822676897 0.26704545454545453 0.03324808184143223 0.10681818181818181
0 0.06223358908780904 0.1784090909090909 0.03239556692242114 0.09772727272727273
0 0.170076726342711 0.1806818181818182 0.03324808184143223 0.09772727272727273
0 0.13938618925831203 0.18522727272727274 0.028132992327365727 0.10227272727272728
0 0.2280477408354646 0.11818181818181818 0.03154305200341006 0.08636363636363636
0 0.5532821824381927 0.1431818181818182 0.03239556692242114 0.09772727272727273
0 0.2553282182438193 0.18977272727272726 0.03665814151747655 0.10227272727272728
0 0.34271099744245526 0.16761363636363635 0.03410059676044331 0.09431818181818181
0 0.38832054560954815 0.16818181818181818 0.03154305200341006 0.10454545454545454
0 0.41602728047740833 0.16590909090909092 0.03580562659846547 0.09772727272727273
0 0.3797953964194373 0.22443181818181818 0.03665814151747655 0.09204545454545454
0 0.5046888320545609 0.26193181818181815 0.028985507246376812 0.10568181818181818
0 0.2988064791133845 0.08522727272727272 0.028132992327365727 0.07727272727272727
0 0.4919011082693947 0.17045454545454544 0.03239556692242114 0.09090909090909091
0 0.4194373401534527 0.6397727272727273 0.042625745950554135 0.1318181818181818
0 0.00980392156862745 0.11022727272727273 0.017902813299232736 0.08409090909090909
0 0.45481670929241264 0.12840909090909092 0.03495311167945439 0.09090909090909091
0 0.3150042625745951 0.09431818181818181 0.028132992327365727 0.08409090909090909
0 0.2907075873827792 0.19772727272727272 0.028985507246376812 0.08863636363636364
0 0.40451832907075874 0.21477272727272728 0.03324808184143223 0.11136363636363636
0 0.25234441602728047 0.1159090909090909 0.03239556692242114 0.08181818181818182
0 0.37595907928388744 0.11193181818181819 0.03239556692242114 0.0875
0 0.49019607843137253 0.5784090909090909 0.0443307757885763 0.13636363636363635
0 0.7114236999147485 0.9380681818181819 0.045183290707587385 0.12386363636363637
0 0.11125319693094629 0.9772727272727273 0.03495311167945439 0.04772727272727273
0 0.15814151747655583 0.9789772727272728 0.041773231031543054 0.04431818181818182
0 0.5191815856777494 0.9113636363636364 0.03751065643648764 0.12727272727272726
0 0.7877237851662404 0.7761363636363636 0.0494458653026428 0.14545454545454545
0 0.5004262574595055 0.9204545454545454 0.03751065643648764 0.12045454545454545
0 0.329923273657289 0.7852272727272728 0.05115089514066496 0.1431818181818182
0 0.8938618925831202 0.9636363636363636 0.05541346973572037 0.07272727272727272
0 0.793691389599318 0.9034090909090909 0.05456095481670929 0.1409090909090909
0 0.340153452685422 0.9551136363636363 0.0494458653026428 0.0875
0 0.4663256606990622 0.8948863636363636 0.0443307757885763 0.13295454545454546
0 0.8431372549019608 0.959659090909091 0.05285592497868713 0.07840909090909091
0 0.11977834612105712 0.7965909090909091 0.05711849957374254 0.15
0 0.43691389599317987 0.5801136363636363 0.03495311167945439 0.13068181818181818
0 0.09931798806479114 0.48977272727272725 0.026427962489343565 0.09545454545454546
0 0.45907928388746805 0.5431818181818182 0.04688832054560955 0.12272727272727273
0 0.5068201193520887 0.5375 0.03665814151747655 0.11818181818181818
0 0.4663256606990622 0.16590909090909092 0.03580562659846547 0.09090909090909091
0 0.06180733162830349 0.46761363636363634 0.03665814151747655 0.11704545454545455
0 0.08397271952259165 0.4823863636363636 0.0247229326513214 0.07840909090909091
0 0.007246376811594203 0.8982954545454546 0.01278772378516624 0.10340909090909091
0 0.8175618073316283 0.44375 0.03580562659846547 0.1125
0 0.6862745098039216 0.9698863636363636 0.03751065643648764 0.0625
0 0.0123614663256607 0.5147727272727273 0.023017902813299233 0.12727272727272726
0 0.396845694799659 0.9528409090909091 0.05541346973572037 0.09659090909090909
0 0.5063938618925832 0.9715909090909091 0.056265984654731455 0.05909090909090909
0 0.8282182438192668 0.08693181818181818 0.03154305200341006 0.09431818181818181
