0 0.034159613059250304 0.20092592592592592 0.039298669891172915 0.13518518518518519
0 0.06529625151148731 0.2101851851851852 0.03869407496977025 0.14074074074074075
0 0.08675937122128174 0.21157407407407408 0.044135429262394194 0.1398148148148148
0 0.056831922611850064 0.1699074074074074 0.03869407496977025 0.13425925925925927
0 0.11124546553808948 0.17685185185185184 0.041112454655380895 0.1425925925925926
0 0.0973397823458283 0.1310185185185185 0.04353083434099154 0.1287037037037037
0 0.5544135429262395 0.5703703703703704 0.030229746070133012 0.13518518518518519
0 0.19528415961305925 0.17731481481481481 0.03869407496977025 0.12685185185185185
0 0.5024183796856106 0.08055555555555556 0.032648125755743655 0.12037037037037036
0 0.5256952841596131 0.0837962962962963 0.02962515114873035 0.1175925925925926
0 0.6136638452237001 0.4097222222222222 0.044740024183796856 0.13425925925925927
0 0.5102781136638452 0.55 0.044740024183796856 0.15185185185185185
0 0.5386940749697703 0.34074074074074073 0.032648125755743655 0.13333333333333333
0 0.5030229746070133 0.3541666666666667 0.044740024183796856 0.16018518518518518
0 0.75453446191052 0.42685185185185187 0.041112454655380895 0.14074074074074075
0 0.7862756952841596 0.41435185185185186 0.04171704957678356 0.13240740740740742
0 0.5423216444981862 0.1310185185185185 0.037484885126964934 0.1287037037037037
0 0.5731559854897219 0.1638888888888889 0.03506650544135429 0.12962962962962962
0 0.6844014510278114 0.30972222222222223 0.03385731559854897 0.12314814814814815
0 0.6550785973397824 0.3138888888888889 0.04171704957678356 0.1574074074074074
0 0.6233373639661427 0.3023148148148148 0.032648125755743655 0.11203703703703703
0 0.9863966142684402 0.0699074074074074 0.02599758162031439 0.1175925925925926
0 0.9588875453446191 0.07685185185185185 0.03385731559854897 0.11296296296296296
0 0.944074969770254 0.0837962962962963 0.034461910519951636 0.12685185185185185
0 0.9168681983071342 0.06898148148148148 0.034461910519951636 0.1361111111111111
0 0.5819226118500604 0.11157407407407408 0.02720677146311971 0.10648148148148148
0 0.9610036275695284 0.2523148148148148 0.039298669891172915 0.14907407407407408
0 0.9588875453446191 0.2967592592592593 0.036275695284159616 0.13240740740740742
0 0.9446795646916566 0.20972222222222223 0.039298669891172915 0.14537037037037037
0 0.9292623941958887 0.2949074074074074 0.037484885126964934 0.14351851851851852
0 0.9132406287787183 0.20925925925925926 0.03204353083434099 0.13518518518518519
0 0.5519951632406288 0.0712962962962963 0.03506650544135429 0.13333333333333333
0 0.5788996372430472 0.05277777777777778 0.034461910519951636 0.1037037037037037
0 0.8700120918984281 0.4708333333333333 0.03143893591293833 0.13425925925925927
0 0.932285368802902 0.45 0.044740024183796856 0.14629629629629629
0 0.9610036275695284 0.4476851851851852 0.03688029020556227 0.13240740740740742
0 0.6018742442563483 0.16111111111111112 0.02962515114873035 0.12407407407407407
0 0.6097339782345829 0.13518518518518519 0.03204353083434099 0.1259259259259259
0 0.6085247883917775 0.17777777777777778 0.03688029020556227 0.12407407407407407
0 0.7995767835550182 0.14722222222222223 0.02962515114873035 0.12037037037037036
0 0.8140870616686819 0.26435185185185184 0.04897218863361548 0.16203703703703703
0 0.839782345828295 0.22037037037037038 0.03990326481257558 0.14074074074074075
0 0.8125755743651754 0.2013888888888889 0.04232164449818621 0.16018518518518518
0 0.6311970979443773 0.12361111111111112 0.030229746070133012 0.10648148148148148
0 0.7892986698911729 0.2518518518518518 0.03083434099153567 0.11481481481481481
0 0.7430471584038694 0.2125 0.03869407496977025 0.12685185185185185
0 0.6635429262394196 0.17222222222222222 0.039298669891172915 0.13148148148148148
0 0.6115477629987908 0.05324074074074074 0.04171704957678356 0.10462962962962963
0 0.6426844014510278 0.08935185185185185 0.03990326481257558 0.13425925925925927
0 0.6810761789600968 0.09537037037037037 0.034461910519951636 0.1425925925925926
0 0.7947400241837969 0.3226851851851852 0.03688029020556227 0.14351851851851852
0 0.7726723095525998 0.30925925925925923 0.030229746070133012 0.13333333333333333
0 0.7460701330108828 0.29907407407407405 0.037484885126964934 0.13518518518518519
0 0.7750906892382105 0.19305555555555556 0.03143893591293833 0.13240740740740742
0 0.7016324062877872 0.1050925925925926 0.02962515114873035 0.12129629629629629
0 0.8920798065296252 0.45694444444444443 0.04171704957678356 0.15648148148148147
0 0.6369407496977025 0.18333333333333332 0.03204353083434099 0.12777777777777777
0 0.903869407496977 0.24305555555555555 0.03990326481257558 0.14907407407407408
0 0.9020556227327691 0.2814814814814815 0.037484885126964934 0.12962962962962962
0 0.8760580411124547 0.2212962962962963 0.03506650544135429 0.11296296296296296
0 0.8757557436517533 0.1865740740740741 0.03204353083434099 0.12129629629629629
0 0.751813784764208 0.17453703703703705 0.034461910519951636 0.125
0 0.7874848851269649 0.16944444444444445 0.035671100362756954 0.13148148148148148
0 0.658403869407497 0.13287037037037036 0.037484885126964934 0.13425925925925927
0 0.7880894800483675 0.2902777777777778 0.034461910519951636 0.13240740740740742
0 0.5810157194679565 0.08425925925925926 0.030229746070133012 0.11481481481481481
0 0.9767230955259976 0.27824074074074073 0.028415961305925032 0.10648148148148148
0 0.5646916565900847 0.3638888888888889 0.04353083434099154 0.15185185185185185
0 0.599758162031439 0.3527777777777778 0.03506650544135429 0.1388888888888889
0 0.4280532043530834 0.030555555555555555 0.02539298669891173 0.05925925925925926
0 0.7708585247883918 0.21388888888888888 0.036275695284159616 0.13518518518518519
0 0.7657194679564692 0.14444444444444443 0.02962515114873035 0.12037037037037036
0 0.7382103990326482 0.1712962962962963 0.02902055622732769 0.1
0 0.39238210399032647 0.9810185185185185 0.03143893591293833 0.03981481481481482
0 0.30290205562273276 0.04490740740740741 0.04232164449818621 0.08796296296296297
0 0.1656590084643289 0.03888888888888889 0.037484885126964934 0.07592592592592592
0 0.19588875453446192 0.037037037037037035 0.03506650544135429 0.07222222222222222
0 0.4546553808948005 0.060648148148148145 0.03990326481257558 0.11944444444444445
0 0.5163240628778718 0.03333333333333333 0.03506650544135429 0.06481481481481481
0 0.6411729141475212 0.05138888888888889 0.03204353083434099 0.10092592592592593
0 0.6668681983071342 0.06574074074074074 0.030229746070133012 0.10925925925925926
0 0.6916565900846433 0.05462962962962963 0.026602176541717048 0.10185185185185185
0 0.8929866989117291 0.08009259259259259 0.026602176541717048 0.11018518518518519
0 0.9035671100362757 0.058333333333333334 0.0562273276904474 0.11481481481481481
0 0.3730350665054414 0.5601851851851852 0.037484885126964934 0.14814814814814814
0 0.07587666263603386 0.46111111111111114 0.039298669891172915 0.14629629629629629
0 0.060459492140266025 0.5106481481481482 0.03990326481257558 0.15092592592592594
0 0.03325272067714631 0.487962962962963 0.036275695284159616 0.15925925925925927
0 0.09310761789600967 0.4787037037037037 0.04232164449818621 0.14629629629629629
0 0.8391777509068924 0.3763888888888889 0.03990326481257558 0.1287037037037037
0 0.8548972188633616 0.3560185185185185 0.032648125755743655 0.12685185185185185
0 0.25967351874244254 0.6699074074074074 0.044135429262394194 0.16574074074074074
0 0.2288391777509069 0.6550925925925926 0.039298669891172915 0.17314814814814813
0 0.3672914147521161 0.6583333333333333 0.039298669891172915 0.14629629629629629
0 0.2327690447400242 0.5680555555555555 0.03385731559854897 0.15462962962962962
0 0.18621523579201935 0.562962962962963 0.044740024183796856 0.14814814814814814
0 0.19528415961305925 0.5254629629629629 0.044740024183796856 0.15462962962962962
0 0.15386940749697703 0.5439814814814815 0.04050785973397823 0.15092592592592594
0 0.37061668681983073 0.23333333333333334 0.032648125755743655 0.12962962962962962
0 0.3932889963724305 0.2412037037037037 0.034461910519951636 0.125
0 0.5408101571946796 0.6592592592592592 0.046553808948004836 0.14074074074074075
0 0.5810157194679565 0.662962962962963 0.05078597339782346 0.16296296296296298
0 0.253627569528416 0.41944444444444445 0.03688029020556227 0.12962962962962962
0 0.2672309552599758 0.4625 0.037484885126964934 0.14907407407407408
0 0.2623941958887545 0.9435185185185185 0.041112454655380895 0.11481481481481481
0 0.06136638452237001 0.6620370370370371 0.0501813784764208 0.1814814814814815
0 0.30864570737605806 0.7773148148148148 0.04534461910519952 0.15462962962962962
0 0.02962515114873035 0.6824074074074075 0.049576783555018135 0.1648148148148148
0 0.32769044740024184 0.48518518518518516 0.03506650544135429 0.14629629629629629
0 0.015417170495767836 0.5851851851851851 0.02962515114873035 0.15925925925925927
0 0.7542321644498187 0.9296296296296296 0.034461910519951636 0.13703703703703704
0 0.3521765417170496 0.7078703703703704 0.03688029020556227 0.15462962962962962
0 0.35761789600967353 0.7425925925925926 0.044135429262394194 0.17037037037037037
0 0.6151753325272068 0.6796296296296296 0.04171704957678356 0.17407407407407408
0 0.6550785973397824 0.7189814814814814 0.046553808948004836 0.1675925925925926
0 0.4286577992744861 0.7462962962962963 0.049576783555018135 0.14629629629629629
0 0.6674727932285369 0.6592592592592592 0.05078597339782346 0.14814814814814814
0 0.4519347037484885 0.5393518518518519 0.03204353083434099 0.13425925925925927
0 0.4313784764207981 0.5125 0.03204353083434099 0.13796296296296295
0 0.7073760580411125 0.924074074074074 0.045949214026602174 0.14814814814814814
0 0.8146916565900847 0.9055555555555556 0.04897218863361548 0.16296296296296298
0 0.778415961305925 0.9231481481481482 0.03688029020556227 0.12407407407407407
0 0.81590084643289 0.962037037037037 0.034461910519951636 0.07777777777777778
0 0.44347037484885127 0.03564814814814815 0.034461910519951636 0.06944444444444445
0 0.4229141475211608 0.5976851851851852 0.042926239419588876 0.14907407407407408
0 0.4498186215235792 0.575462962962963 0.037484885126964934 0.15092592592592594
0 0.10459492140266022 0.9763888888888889 0.04353083434099154 0.049074074074074076
0 0.9921402660217654 0.362962962962963 0.015719467956469165 0.11666666666666667
0 0.9691656590084643 0.39166666666666666 0.03990326481257558 0.14629629629629629
0 0.2439540507859734 0.6305555555555555 0.03688029020556227 0.14629629629629629
0 0.29474002418379686 0.6018518518518519 0.0380894800483676 0.15185185185185185
0 0.2923216444981862 0.6518518518518519 0.03204353083434099 0.17407407407407408
0 0.33796856106408707 0.38101851851851853 0.03385731559854897 0.12685185185185185
0 0.32285368802902054 0.4166666666666667 0.044740024183796856 0.14814814814814814
0 0.34280532043530837 0.40185185185185185 0.036275695284159616 0.12962962962962962
0 0.30380894800483677 0.37916666666666665 0.03688029020556227 0.14351851851851852
0 0.628174123337364 0.5675925925925925 0.045949214026602174 0.15925925925925927
0 0.40991535671100365 0.46805555555555556 0.037484885126964934 0.14351851851851852
0 0.6033857315598549 0.5231481481481481 0.037484885126964934 0.15185185185185185
0 0.6045949214026602 0.6060185185185185 0.04232164449818621 0.13796296296296295
0 0.12515114873035066 0.8407407407407408 0.05078597339782346 0.18703703703703703
0 0.014207980652962516 0.4546296296296296 0.02720677146311971 0.13703703703703704
0 0.0036275695284159614 0.4287037037037037 0.006045949214026602 0.1574074074074074
0 0.7357920193470375 0.687962962962963 0.049576783555018135 0.16666666666666666
0 0.7094921402660218 0.9712962962962963 0.044135429262394194 0.05740740740740741
0 0.752720677146312 0.9648148148148148 0.045949214026602174 0.07037037037037037
0 0.07557436517533253 0.8768518518518519 0.05199516324062878 0.1648148148148148
0 0.10006045949214026 0.9185185185185185 0.04171704957678356 0.14444444444444443
0 0.060459492140266025 0.9393518518518519 0.045949214026602174 0.12314814814814815
0 0.7690447400241838 0.6837962962962963 0.03990326481257558 0.15648148148148147
0 0.8996372430471584 0.8064814814814815 0.04353083434099154 0.1814814814814815
0 0.8594316807738815 0.9740740740740741 0.03688029020556227 0.053703703703703705
0 0.8787787182587666 0.8675925925925926 0.0562273276904474 0.1814814814814815
0 0.9325876662636033 0.7513888888888889 0.046553808948004836 0.1712962962962963
0 0.9921402660217654 0.28425925925925927 0.014510278113663845 0.14814814814814814
0 0.8409915356711004 0.19212962962962962 0.03143893591293833 0.1287037037037037
0 0.8152962515114873 0.5712962962962963 0.04897218863361548 0.15925925925925927
0 0.7240024183796856 0.7333333333333333 0.046553808948004836 0.1685185185185185
0 0.7557436517533253 0.7379629629629629 0.044740024183796856 0.16296296296296298
0 0.45525997581620314 0.3990740740740741 0.037484885126964934 0.12962962962962962
0 0.4900241837968561 0.4337962962962963 0.03688029020556227 0.14351851851851852
0 0.7013301088270859 0.4587962962962963 0.03990326481257558 0.14351851851851852
0 0.659310761789601 0.4425925925925926 0.05380894800483676 0.1537037037037037
0 0.11003627569528417 0.5435185185185185 0.05804111245465538 0.14629629629629629
0 0.07073760580411124 0.562037037037037 0.05199516324062878 0.1425925925925926
0 0.011789600967351875 0.7722222222222223 0.022370012091898428 0.17962962962962964
0 0.7554413542926239 0.5722222222222222 0.0501813784764208 0.1537037037037037
0 0.8833131801692866 0.600462962962963 0.04353083434099154 0.13055555555555556
0 0.9135429262394196 0.6097222222222223 0.041112454655380895 0.16018518518518518
0 0.8222490931076178 0.4861111111111111 0.041112454655380895 0.14074074074074075
0 0.723397823458283 0.2953703703703704 0.03204353083434099 0.13518518518518519
0 0.939540507859734 0.5800925925925926 0.045949214026602174 0.15833333333333333
0 0.24969770253929868 0.34675925925925927 0.03869407496977025 0.13425925925925927
0 0.3044135429262394 0.3314814814814815 0.034461910519951636 0.15
0 0.27781136638452236 0.31527777777777777 0.034461910519951636 0.14351851851851852
0 0.969770253929867 0.3453703703703704 0.037484885126964934 0.13148148148148148
0 0.3022974607013301 0.35555555555555557 0.036275695284159616 0.11851851851851852
0 0.6287787182587666 0.4 0.03385731559854897 0.1537037037037037
0 0.8555018137847642 0.48518518518518516 0.041112454655380895 0.14074074074074075
0 0.9401451027811366 0.3578703703703704 0.03869407496977025 0.14351851851851852
0 0.9619105199516325 0.5597222222222222 0.030229746070133012 0.13055555555555556
0 0.8573155985489722 0.5564814814814815 0.049576783555018135 0.1574074074074074
0 0.5060459492140266 0.9495370370370371 0.044740024183796856 0.10277777777777777
0 0.48972188633615477 0.9666666666666667 0.03869407496977025 0.06666666666666667
0 0.2772067714631197 0.9592592592592593 0.039298669891172915 0.07962962962962963
0 0.3388754534461911 0.8865740740740741 0.06348246674727932 0.1787037037037037
0 0.3854292623941959 0.8819444444444444 0.0501813784764208 0.16574074074074074
