0 0.8367593712212817 0.9296296296296296 0.04836759371221282 0.1388888888888889
0 0.38724304715840385 0.5523148148148148 0.0380894800483676 0.15648148148148147
0 0.22370012091898428 0.350462962962963 0.03990326481257558 0.14351851851851852
0 0.07708585247883917 0.4898148148148148 0.039298669891172915 0.14814814814814814
0 0.07980652962515115 0.4337962962962963 0.04353083434099154 0.14722222222222223
0 0.10157194679564692 0.4648148148148148 0.044740024183796856 0.14814814814814814
0 0.8524788391777509 0.3819444444444444 0.03869407496977025 0.13240740740740742
0 0.8627569528415961 0.34953703703703703 0.041112454655380895 0.12685185185185185
0 0.2762998790810157 0.6712962962962963 0.04353083434099154 0.16111111111111112
0 0.27871825876662637 0.6314814814814815 0.03990326481257558 0.1537037037037037
0 0.3814993954050786 0.6388888888888888 0.03506650544135429 0.1425925925925926
0 0.8116686819830713 0.9592592592592593 0.042926239419588876 0.08333333333333333
0 0.659310761789601 0.9763888888888889 0.04534461910519952 0.049074074074074076
0 0.23155985489721886 0.5851851851851851 0.03385731559854897 0.14814814814814814
0 0.24486094316807738 0.5527777777777778 0.03143893591293833 0.13703703703703704
0 0.1977025392986699 0.5583333333333333 0.03990326481257558 0.13518518518518519
0 0.20646916565900847 0.5171296296296296 0.042926239419588876 0.15462962962962962
0 0.16505441354292624 0.5398148148148149 0.04353083434099154 0.1574074074074074
0 0.3845223700120919 0.22685185185185186 0.03385731559854897 0.12962962962962962
0 0.405683192261185 0.2300925925925926 0.03143893591293833 0.13055555555555556
0 0.7167472793228536 0.37916666666666665 0.044135429262394194 0.1175925925925926
0 0.7503022974607013 0.3888888888888889 0.04232164449818621 0.13703703703703704
0 0.2639056831922612 0.37222222222222223 0.04534461910519952 0.14629629629629629
0 0.24365175332527206 0.38472222222222224 0.03385731559854897 0.15092592592592594
0 0.9582829504232164 0.7518518518518519 0.04232164449818621 0.13148148148148148
0 0.3555018137847642 0.9643518518518519 0.04353083434099154 0.07314814814814814
0 0.4492140266021765 0.4361111111111111 0.037484885126964934 0.14444444444444443
0 0.3177146311970979 0.7717592592592593 0.047762998790810154 0.16944444444444445
0 0.9758162031438936 0.8203703703703704 0.04353083434099154 0.15185185185185185
0 0.405683192261185 0.350462962962963 0.0471584038694075 0.1398148148148148
0 0.3482466747279323 0.47129629629629627 0.03869407496977025 0.13148148148148148
0 0.3524788391777509 0.6699074074074074 0.04836759371221282 0.16203703703703703
0 0.50453446191052 0.6175925925925926 0.03204353083434099 0.15185185185185185
0 0.36608222490931075 0.7 0.03688029020556227 0.15925925925925927
0 0.37938331318016927 0.7319444444444444 0.044135429262394194 0.16574074074074074
0 0.5876662636033857 0.611574074074074 0.04353083434099154 0.16018518518518518
0 0.6275695284159613 0.6310185185185185 0.044740024183796856 0.1638888888888889
0 0.6381499395405078 0.6148148148148148 0.035671100362756954 0.1259259259259259
0 0.43923821039903266 0.7328703703703704 0.044135429262394194 0.14722222222222223
0 0.6813784764207981 0.7157407407407408 0.05199516324062878 0.14074074074074075
0 0.5117896009673518 0.475462962962963 0.039298669891172915 0.14537037037037037
0 0.46372430471584036 0.5328703703703703 0.041112454655380895 0.14166666666666666
0 0.4525392986698912 0.4962962962962963 0.046553808948004836 0.10740740740740741
0 0.5102781136638452 0.5578703703703703 0.04353083434099154 0.15648148148148147
0 0.532043530834341 0.6027777777777777 0.044740024183796856 0.16111111111111112
0 0.5492744860943168 0.5902777777777778 0.03325272067714631 0.12314814814814815
0 0.5516928657799275 0.6467592592592593 0.03325272067714631 0.11018518518518519
0 0.42140266021765416 0.023148148148148147 0.02418379685610641 0.044444444444444446
0 0.405683192261185 0.02361111111111111 0.02539298669891173 0.04537037037037037
0 0.24848851269649336 0.9574074074074074 0.049576783555018135 0.08703703703703704
0 0.7264207980652962 0.8032407407407407 0.047762998790810154 0.16574074074074074
0 0.9857920193470375 0.6347222222222222 0.028415961305925032 0.14907407407407408
0 0.6541717049576784 0.8375 0.044740024183796856 0.16203703703703703
0 0.68409915356711 0.8513888888888889 0.04897218863361548 0.14907407407407408
0 0.9573760580411125 0.6324074074074074 0.0562273276904474 0.16111111111111112
0 0.7379081015719468 0.8759259259259259 0.044135429262394194 0.16296296296296298
0 0.968863361547763 0.16805555555555557 0.03083434099153567 0.09907407407407408
0 0.9416565900846433 0.9009259259259259 0.06348246674727932 0.17037037037037037
0 0.5278113663845224 0.8981481481481481 0.045949214026602174 0.15185185185185185
0 0.47339782345828296 0.9083333333333333 0.045949214026602174 0.13148148148148148
0 0.7013301088270859 0.6412037037037037 0.045949214026602174 0.16203703703703703
0 0.7013301088270859 0.6777777777777778 0.04232164449818621 0.1425925925925926
0 0.4316807738814994 0.5875 0.037484885126964934 0.15092592592592594
0 0.4658403869407497 0.5847222222222223 0.035671100362756954 0.14907407407407408
0 0.08978234582829504 0.6444444444444445 0.044135429262394194 0.1648148148148148
0 0.15568319226118502 0.8236111111111111 0.046553808948004836 0.16944444444444445
0 0.5408101571946796 0.6837962962962963 0.04171704957678356 0.16574074074074074
0 0.5713422007255139 0.6939814814814815 0.04836759371221282 0.16018518518518518
0 0.22309552599758162 0.2111111111111111 0.03143893591293833 0.12037037037037036
0 0.2629987908101572 0.20925925925925926 0.044740024183796856 0.13518518518518519
0 0.9803506650544136 0.1449074074074074 0.03204353083434099 0.11944444444444445
0 0.9443772672309553 0.16527777777777777 0.03990326481257558 0.13425925925925927
0 0.7536275695284159 0.9712962962962963 0.04171704957678356 0.05925925925925926
0 0.7714631197097944 0.4736111111111111 0.03869407496977025 0.15833333333333333
0 0.7424425634824667 0.4699074074074074 0.036275695284159616 0.14166666666666666
0 0.7772067714631197 0.7875 0.04897218863361548 0.17314814814814813
0 0.24969770253929868 0.6212962962962963 0.04353083434099154 0.14444444444444443
0 0.2741837968561064 0.5944444444444444 0.051390568319226115 0.1648148148148148
0 0.2992744860943168 0.6203703703703703 0.045949214026602174 0.17407407407407408
0 0.23367593712212817 0.42824074074074076 0.03688029020556227 0.1287037037037037
0 0.11185006045949214 0.40555555555555556 0.03990326481257558 0.14629629629629629
0 0.1444981862152358 0.39537037037037037 0.036275695284159616 0.13148148148148148
0 0.2439540507859734 0.3976851851851852 0.042926239419588876 0.14166666666666666
0 0.4416565900846433 0.2537037037037037 0.04050785973397823 0.12777777777777777
0 0.4458887545344619 0.23796296296296296 0.042926239419588876 0.13333333333333333
0 0.12605804111245467 0.5712962962962963 0.0380894800483676 0.15
0 0.7741837968561064 0.8935185185185185 0.0501813784764208 0.14629629629629629
0 0.9452841596130592 0.8282407407407407 0.0562273276904474 0.16203703703703703
0 0.1033857315598549 0.5476851851851852 0.045949214026602174 0.1675925925925926
0 0.8784764207980653 0.8157407407407408 0.056831922611850064 0.17407407407407408
0 0.908403869407497 0.6162037037037037 0.06590084643288996 0.1824074074074074
0 0.5680169286577993 0.25 0.039298669891172915 0.1388888888888889
0 0.5332527206771464 0.24583333333333332 0.03506650544135429 0.14537037037037037
0 0.5090689238210399 0.25416666666666665 0.03385731559854897 0.13796296296296295
0 0.8561064087061668 0.5361111111111111 0.04836759371221282 0.16296296296296298
0 0.8065296251511487 0.5435185185185185 0.053204353083434096 0.15185185185185185
0 0.7690447400241838 0.4300925925925926 0.049576783555018135 0.1398148148148148
0 0.7291414752116082 0.42962962962962964 0.049576783555018135 0.14629629629629629
0 0.6792623941958887 0.524074074074074 0.051390568319226115 0.15925925925925927
0 0.4833736396614268 0.1287037037037037 0.03325272067714631 0.12222222222222222
0 0.093409915356711 0.33611111111111114 0.06711003627569528 0.1425925925925926
0 0.27055622732769047 0.2523148148148148 0.044135429262394194 0.14722222222222223
0 0.004534461910519952 0.33611111111111114 0.007859733978234583 0.1388888888888889
0 0.6599153567110037 0.2490740740740741 0.0380894800483676 0.14444444444444443
0 0.6819830713422007 0.2310185185185185 0.037484885126964934 0.1361111111111111
0 0.007255139056831923 0.5564814814814815 0.013301088270858524 0.17222222222222222
0 0.24486094316807738 0.16342592592592592 0.03143893591293833 0.11574074074074074
0 0.2539298669891173 0.10601851851851851 0.030229746070133012 0.12314814814814815
0 0.5444377267230955 0.33055555555555555 0.04050785973397823 0.13518518518518519
0 0.0471584038694075 0.4930555555555556 0.037484885126964934 0.14537037037037037
0 0.03174123337363966 0.47453703703703703 0.04534461910519952 0.15462962962962962
0 0.6499395405078597 0.5254629629629629 0.03506650544135429 0.11574074074074074
0 0.6091293833131801 0.425462962962963 0.03204353083434099 0.11574074074074074
0 0.5773881499395405 0.41805555555555557 0.03990326481257558 0.14351851851851852
0 0.28567110036275695 0.12037037037037036 0.028415961305925032 0.12407407407407407
0 0.532950423216445 0.4166666666666667 0.042926239419588876 0.13148148148148148
0 0.5764812575574365 0.3962962962962963 0.04171704957678356 0.14074074074074075
0 0.15900846432889965 0.42962962962962964 0.044740024183796856 0.16296296296296298
0 0.1375453446191052 0.47175925925925927 0.03688029020556227 0.14166666666666666
0 0.5081620314389359 0.4351851851851852 0.03204353083434099 0.11666666666666667
0 0.562273276904474 0.31666666666666665 0.032648125755743655 0.13518518518518519
0 0.33192261185006044 0.8296296296296296 0.05804111245465538 0.17962962962962964
0 0.044437726723095525 0.9439814814814815 0.04534461910519952 0.11018518518518519
0 0.13996372430471585 0.7736111111111111 0.04171704957678356 0.15648148148148147
0 0.31076178960096734 0.9847222222222223 0.03869407496977025 0.032407407407407406
0 0.5036275695284159 0.8023148148148148 0.0773881499395405 0.17314814814814813
0 0.4238210399032648 0.8101851851851852 0.06650544135429262 0.16296296296296298
0 0.6656590084643289 0.7583333333333333 0.056831922611850064 0.15925925925925927
0 0.051390568319226115 0.7777777777777778 0.05441354292623942 0.1648148148148148
0 0.713422007255139 0.7375 0.04836759371221282 0.15092592592592594
0 0.10912938331318017 0.7379629629629629 0.0501813784764208 0.1425925925925926
0 0.8926844014510278 0.44907407407407407 0.051390568319226115 0.1537037037037037
0 0.8243651753325272 0.38055555555555554 0.044135429262394194 0.1388888888888889
0 0.9126360338573156 0.2064814814814815 0.047762998790810154 0.1388888888888889
0 0.5474607013301088 0.1537037037037037 0.03325272067714631 0.1388888888888889
0 0.5819226118500604 0.14814814814814814 0.03204353083434099 0.1259259259259259
0 0.5885731559854898 0.08981481481481482 0.03688029020556227 0.12407407407407407
0 0.47672309552599756 0.055092592592592596 0.03325272067714631 0.10833333333333334
0 0.5136033857315598 0.05277777777777778 0.028415961305925032 0.1037037037037037
0 0.532043530834341 0.03287037037037037 0.036275695284159616 0.06388888888888888
0 0.6248488512696493 0.025 0.03204353083434099 0.04814814814814815
0 0.5885731559854898 0.017592592592592594 0.028415961305925032 0.03333333333333333
0 0.12424425634824668 0.26851851851851855 0.034461910519951636 0.13333333333333333
0 0.342503022974607 0.11805555555555555 0.04171704957678356 0.12314814814814815
0 0.31650544135429265 0.12129629629629629 0.03688029020556227 0.11481481481481481
0 0.1487303506650544 0.13796296296296295 0.03990326481257558 0.12962962962962962
0 0.17684401451027812 0.1388888888888889 0.042926239419588876 0.15185185185185185
0 0.21463119709794437 0.1175925925925926 0.036275695284159616 0.14074074074074075
0 0.25755743651753327 0.06111111111111111 0.037484885126964934 0.10925925925925926
0 0.08252720677146312 0.2574074074074074 0.03204353083434099 0.12222222222222222
0 0.9839782345828295 0.325 0.03083434099153567 0.15
0 0.23035066505441354 0.24166666666666667 0.03990326481257558 0.1388888888888889
0 0.015719467956469165 0.27037037037037037 0.030229746070133012 0.13333333333333333
0 0.041112454655380895 0.28425925925925927 0.041112454655380895 0.14629629629629629
0 0.06499395405078598 0.25972222222222224 0.034461910519951636 0.13796296296296295
0 0.018742442563482467 0.20833333333333334 0.036275695284159616 0.12407407407407407
0 0.11064087061668681 0.05740740740740741 0.04353083434099154 0.1111111111111111
0 0.22067714631197097 0.06157407407407407 0.037484885126964934 0.12129629629629629
0 0.012394195888754534 0.15324074074074073 0.02357920193470375 0.15092592592592594
0 0.02267230955259976 0.08518518518518518 0.0380894800483676 0.1425925925925926
0 0.02781136638452237 0.07175925925925926 0.036275695284159616 0.13240740740740742
0 0.16505441354292624 0.06018518518518518 0.03869407496977025 0.11481481481481481
0 0.9764207980652962 0.21435185185185185 0.036275695284159616 0.13425925925925927
0 0.8742442563482467 0.20925925925925926 0.044740024183796856 0.12962962962962962
0 0.8905683192261185 0.14444444444444443 0.03506650544135429 0.12777777777777777
0 0.9207980652962515 0.12962962962962962 0.036275695284159616 0.11666666666666667
0 0.8896614268440145 0.0962962962962963 0.039298669891172915 0.12407407407407407
0 0.8884522370012092 0.04351851851851852 0.034461910519951636 0.08518518518518518
0 0.963422007255139 0.10925925925925926 0.03688029020556227 0.1259259259259259
0 0.004232164449818622 0.45555555555555555 0.007255139056831923 0.1425925925925926
0 0.02085852478839178 0.44537037037037036 0.0380894800483676 0.14629629629629629
0 0.009068923821039904 0.4236111111111111 0.016928657799274487 0.1398148148148148
0 0.9570737605804112 0.21064814814814814 0.036275695284159616 0.12314814814814815
0 0.0036275695284159614 0.21203703703703702 0.006045949214026602 0.12777777777777777
0 0.9507255139056832 0.07314814814814814 0.02962515114873035 0.10185185185185185
0 0.013905683192261185 0.4842592592592593 0.026602176541717048 0.13333333333333333
0 0.09582829504232164 0.03657407407407407 0.034461910519951636 0.0712962962962963
0 0.19044740024183796 0.07175925925925926 0.03869407496977025 0.12129629629629629
0 0.10157194679564692 0.04583333333333333 0.03143893591293833 0.08981481481481482
0 0.0782950423216445 0.022222222222222223 0.02962515114873035 0.04259259259259259
0 0.909310761789601 0.08518518518518518 0.03506650544135429 0.12222222222222222
0 0.9425634824667473 0.09212962962962963 0.03385731559854897 0.10462962962962963
0 0.9141475211608222 0.175 0.03990326481257558 0.12962962962962962
0 0.1124546553808948 0.3138888888888889 0.041112454655380895 0.14629629629629629
0 0.19437726723095525 0.23148148148148148 0.039298669891172915 0.13703703703703704
