0 0.06067708333333333 0.9527777777777777 0.07760416666666667 0.09259259259259259
0 0.80703125 0.8560185185185185 0.06927083333333334 0.28425925925925927
0 0.8893229166666666 0.7773148148148148 0.0609375 0.29907407407407405
0 0.22604166666666667 0.5671296296296297 0.052083333333333336 0.20092592592592592
0 0.14661458333333333 0.6092592592592593 0.04635416666666667 0.17222222222222222
0 0.16276041666666666 0.5467592592592593 0.058854166666666666 0.23055555555555557
0 0.26666666666666666 0.5398148148148149 0.040625 0.18888888888888888
0 0.35104166666666664 0.6226851851851852 0.04583333333333333 0.23425925925925925
0 0.38255208333333335 0.5731481481481482 0.06302083333333333 0.21481481481481482
0 0.30703125 0.5518518518518518 0.0484375 0.22407407407407406
0 0.2872395833333333 0.43333333333333335 0.0421875 0.17592592592592593
0 0.5630208333333333 0.47129629629629627 0.05 0.17592592592592593
0 0.3966145833333333 0.43796296296296294 0.03177083333333333 0.14629629629629629
0 0.36614583333333334 0.4162037037037037 0.04375 0.17314814814814813
0 0.32369791666666664 0.4097222222222222 0.0421875 0.16203703703703703
0 0.48541666666666666 0.40925925925925927 0.03854166666666667 0.16296296296296298
0 0.44869791666666664 0.4027777777777778 0.033854166666666664 0.16296296296296298
0 0.5151041666666667 0.37407407407407406 0.03854166666666667 0.15185185185185185
0 0.4161458333333333 0.39351851851851855 0.03333333333333333 0.15925925925925927
0 0.40286458333333336 0.3699074074074074 0.033854166666666664 0.14351851851851852
0 0.48984375 0.3685185185185185 0.03177083333333333 0.13703703703703704
0 0.4796875 0.33287037037037037 0.03125 0.14351851851851852
0 0.37161458333333336 0.36944444444444446 0.03802083333333333 0.15555555555555556
0 0.44166666666666665 0.3699074074074074 0.03333333333333333 0.15462962962962962
0 0.43802083333333336 0.29907407407407405 0.030208333333333334 0.12407407407407407
0 0.41067708333333336 0.32685185185185184 0.03177083333333333 0.12407407407407407
0 0.3625 0.33101851851851855 0.036458333333333336 0.13796296296296295
0 0.4895833333333333 0.15833333333333333 0.021875 0.09259259259259259
0 0.7846354166666667 0.362962962962963 0.03177083333333333 0.17407407407407408
0 0.4453125 0.3277777777777778 0.03125 0.14814814814814814
0 0.5434895833333333 0.39675925925925926 0.027604166666666666 0.17685185185185184
0 0.49505208333333334 0.3453703703703704 0.025520833333333333 0.12407407407407407
0 0.4234375 0.33935185185185185 0.030208333333333334 0.12685185185185185
0 0.35598958333333336 0.36944444444444446 0.0359375 0.16296296296296298
0 0.45416666666666666 0.2935185185185185 0.028125 0.13148148148148148
0 0.4869791666666667 0.2828703703703704 0.028125 0.1287037037037037
0 0.5239583333333333 0.4236111111111111 0.03854166666666667 0.16574074074074074
0 0.40208333333333335 0.26296296296296295 0.027083333333333334 0.12037037037037036
0 0.5184895833333333 0.4060185185185185 0.030729166666666665 0.1712962962962963
0 0.4171875 0.2601851851851852 0.028125 0.10740740740740741
0 0.3528645833333333 0.2625 0.03177083333333333 0.12685185185185185
0 0.09401041666666667 0.5462962962962963 0.0359375 0.19814814814814816
0 0.34661458333333334 0.23657407407407408 0.027604166666666666 0.1175925925925926
0 0.58515625 0.5138888888888888 0.049479166666666664 0.20925925925925926
0 0.6020833333333333 0.5287037037037037 0.059375 0.20185185185185187
0 0.4609375 0.23981481481481481 0.023958333333333335 0.11851851851851852
0 0.76875 0.37777777777777777 0.036458333333333336 0.1685185185185185
0 0.44244791666666666 0.2462962962962963 0.025520833333333333 0.10740740740740741
