0 0.225 0.6074074074074074 0.04583333333333333 0.17962962962962964
0 0.29635416666666664 0.6337962962962963 0.046875 0.17314814814814813
0 0.5473958333333333 0.6398148148148148 0.034375 0.18703703703703703
0 0.57890625 0.6356481481481482 0.033854166666666664 0.17685185185185184
0 0.6143229166666667 0.6393518518518518 0.03177083333333333 0.1787037037037037
0 0.6890625 0.9666666666666667 0.05625 0.06851851851851852
0 0.6143229166666667 0.9643518518518519 0.06302083333333333 0.07314814814814814
0 0.465625 0.6305555555555555 0.027083333333333334 0.13703703703703704
0 0.4973958333333333 0.6129629629629629 0.035416666666666666 0.16296296296296298
0 0.5369791666666667 0.6601851851851852 0.0375 0.16111111111111112
0 0.6401041666666667 0.6157407407407407 0.030208333333333334 0.14074074074074075
0 0.9375 0.7449074074074075 0.058333333333333334 0.20462962962962963
0 0.5182291666666666 0.9555555555555556 0.06145833333333333 0.09074074074074075
0 0.21067708333333332 0.8023148148148148 0.049479166666666664 0.23796296296296296
0 0.2604166666666667 0.8101851851851852 0.04791666666666667 0.21851851851851853
0 0.23125 0.8731481481481481 0.058333333333333334 0.23148148148148148
0 0.10703125 0.8134259259259259 0.03802083333333333 0.2101851851851852
0 0.12369791666666667 0.8587962962962963 0.0484375 0.24351851851851852
0 0.48463541666666665 0.6680555555555555 0.03802083333333333 0.17685185185185184
0 0.7705729166666667 0.6782407407407407 0.04010416666666667 0.18055555555555555
0 0.6072916666666667 0.7203703703703703 0.03958333333333333 0.2037037037037037
0 0.63671875 0.725462962962963 0.0328125 0.1787037037037037
0 0.5513020833333333 0.6884259259259259 0.0453125 0.16018518518518518
0 0.7916666666666666 0.7203703703703703 0.034375 0.11851851851851852
0 0.7385416666666667 0.7263888888888889 0.040625 0.15462962962962962
0 0.8885416666666667 0.7587962962962963 0.0625 0.21944444444444444
0 0.91171875 0.7532407407407408 0.0546875 0.2101851851851852
0 0.7721354166666666 0.7138888888888889 0.04010416666666667 0.18703703703703703
0 0.5630208333333333 0.5523148148148148 0.03333333333333333 0.1398148148148148
0 0.45416666666666666 0.5550925925925926 0.03333333333333333 0.14351851851851852
0 0.5885416666666666 0.5893518518518519 0.04375 0.15833333333333333
0 0.5348958333333333 0.524074074074074 0.021875 0.1037037037037037
0 0.5125 0.5166666666666667 0.030208333333333334 0.10740740740740741
0 0.48046875 0.5087962962962963 0.030729166666666665 0.12129629629629629
0 0.43671875 0.5101851851851852 0.0296875 0.11296296296296296
0 0.41041666666666665 0.5106481481481482 0.025 0.11574074074074074
0 0.5018229166666667 0.48935185185185187 0.025520833333333333 0.11018518518518519
0 0.47604166666666664 0.48703703703703705 0.023958333333333335 0.11296296296296296
0 0.45677083333333335 0.4847222222222222 0.026041666666666668 0.12314814814814815
0 0.4401041666666667 0.4898148148148148 0.023958333333333335 0.11481481481481481
0 0.40182291666666664 0.47962962962962963 0.024479166666666666 0.10925925925925926
0 0.4278645833333333 0.4703703703703704 0.025520833333333333 0.10740740740740741
0 0.40963541666666664 0.47175925925925927 0.0234375 0.12314814814814815
0 0.7557291666666667 0.4398148148148148 0.019791666666666666 0.07407407407407407
