0 0.346875 0.2814814814814815 0.023958333333333335 0.11296296296296296
0 0.026041666666666668 0.9273148148148148 0.051041666666666666 0.14722222222222223
0 0.4109375 0.8680555555555556 0.07604166666666666 0.2657407407407407
0 0.33046875 0.8638888888888889 0.0703125 0.27037037037037037
0 0.215625 0.9101851851851852 0.06875 0.17777777777777778
0 0.08020833333333334 0.8810185185185185 0.07291666666666667 0.23981481481481481
0 0.13359375 0.8546296296296296 0.07447916666666667 0.28703703703703703
0 0.21197916666666666 0.8189814814814815 0.04791666666666667 0.28425925925925927
0 0.26953125 0.812037037037037 0.05572916666666667 0.31851851851851853
0 0.35520833333333335 0.7925925925925926 0.05520833333333333 0.27037037037037037
0 0.16666666666666666 0.712037037037037 0.059375 0.26851851851851855
0 0.20260416666666667 0.6370370370370371 0.065625 0.2222222222222222
0 0.2986979166666667 0.6953703703703704 0.05260416666666667 0.2518518518518518
0 0.38046875 0.7601851851851852 0.0640625 0.2759259259259259
0 0.5080729166666667 0.687962962962963 0.0546875 0.24814814814814815
0 0.33515625 0.5555555555555556 0.049479166666666664 0.22777777777777777
0 0.38645833333333335 0.5509259259259259 0.046875 0.20925925925925926
0 0.8265625 0.4587962962962963 0.04479166666666667 0.21574074074074073
0 0.7669270833333334 0.4532407407407407 0.044270833333333336 0.18981481481481483
0 0.7 0.46111111111111114 0.04479166666666667 0.19074074074074074
0 0.62109375 0.4810185185185185 0.05260416666666667 0.18611111111111112
0 0.5747395833333333 0.45925925925925926 0.049479166666666664 0.20185185185185187
0 0.21666666666666667 0.4287037037037037 0.034375 0.15925925925925927
0 0.29140625 0.4601851851851852 0.0484375 0.21296296296296297
0 0.35208333333333336 0.48194444444444445 0.051041666666666666 0.20462962962962963
0 0.33203125 0.5231481481481481 0.05364583333333333 0.19444444444444445
0 0.5484375 0.5152777777777777 0.04479166666666667 0.21574074074074073
0 0.3372395833333333 0.40370370370370373 0.03697916666666667 0.14629629629629629
0 0.36744791666666665 0.39444444444444443 0.033854166666666664 0.1574074074074074
0 0.48203125 0.49398148148148147 0.049479166666666664 0.19537037037037036
0 0.7434895833333334 0.5337962962962963 0.06302083333333333 0.2064814814814815
0 0.7872395833333333 0.5722222222222222 0.0578125 0.17037037037037037
0 0.5184895833333333 0.4601851851851852 0.05260416666666667 0.17592592592592593
0 0.5838541666666667 0.49212962962962964 0.04479166666666667 0.18796296296296297
0 0.48723958333333334 0.45694444444444443 0.04739583333333333 0.18425925925925926
0 0.41041666666666665 0.4564814814814815 0.0375 0.16666666666666666
0 0.4666666666666667 0.42083333333333334 0.03958333333333333 0.17314814814814813
0 0.4315104166666667 0.3814814814814815 0.0453125 0.17037037037037037
0 0.3541666666666667 0.3458333333333333 0.03333333333333333 0.1398148148148148
0 0.4203125 0.39814814814814814 0.036458333333333336 0.17037037037037037
0 0.4440104166666667 0.3523148148148148 0.03177083333333333 0.14537037037037037
0 0.5421875 0.42453703703703705 0.034375 0.1675925925925926
0 0.43072916666666666 0.3337962962962963 0.028125 0.13240740740740742
0 0.4125 0.2953703703703704 0.028125 0.12037037037037036
0 0.38255208333333335 0.34305555555555556 0.030729166666666665 0.15462962962962962
0 0.5513020833333333 0.4013888888888889 0.0359375 0.1824074074074074
0 0.5026041666666666 0.3625 0.034375 0.15833333333333333
0 0.5276041666666667 0.3476851851851852 0.03333333333333333 0.15092592592592594
0 0.48072916666666665 0.33287037037037037 0.03229166666666667 0.1398148148148148
0 0.46145833333333336 0.2902777777777778 0.026041666666666668 0.11944444444444445
0 0.40911458333333334 0.2518518518518518 0.027604166666666666 0.12407407407407407
0 0.5505208333333333 0.3282407407407407 0.03229166666666667 0.15648148148148147
0 0.58671875 0.3449074074074074 0.0359375 0.1712962962962963
0 0.5770833333333333 0.31851851851851853 0.026041666666666668 0.1537037037037037
0 0.5296875 0.2564814814814815 0.023958333333333335 0.12407407407407407
0 0.4830729166666667 0.2361111111111111 0.0234375 0.10925925925925926
0 0.3770833333333333 0.26157407407407407 0.030208333333333334 0.1287037037037037
0 0.46588541666666666 0.24305555555555555 0.0296875 0.11574074074074074
0 0.4322916666666667 0.2662037037037037 0.023958333333333335 0.10092592592592593
0 0.42630208333333336 0.2875 0.027604166666666666 0.11018518518518519
0 0.4192708333333333 0.24074074074074073 0.023958333333333335 0.10740740740740741
0 0.34869791666666666 0.24675925925925926 0.0234375 0.10462962962962963
0 0.37265625 0.25 0.025520833333333333 0.11851851851851852
0 0.53046875 0.26990740740740743 0.021354166666666667 0.10462962962962963
0 0.4473958333333333 0.2638888888888889 0.021875 0.09074074074074075
0 0.4205729166666667 0.45601851851851855 0.0359375 0.1787037037037037
0 0.7802083333333333 0.35462962962962963 0.030208333333333334 0.1685185185185185
0 0.38125 0.2875 0.029166666666666667 0.1287037037037037
