0 0.9607843137254902 0.9482954545454545 0.05285592497868713 0.10340909090909091
0 0.18627450980392157 0.8426136363636364 0.041773231031543054 0.14204545454545456
0 0.886615515771526 0.26534090909090907 0.042625745950554135 0.10113636363636364
0 0.7578857630008525 0.6068181818181818 0.04092071611253197 0.11818181818181818
0 0.20545609548167093 0.4119318181818182 0.042625745950554135 0.10568181818181818
0 0.1939471440750213 0.38181818181818183 0.03324808184143223 0.10681818181818181
0 0.1206308610400682 0.35909090909090907 0.03495311167945439 0.11136363636363636
0 0.09207161125319693 0.3482954545454545 0.03239556692242114 0.11022727272727273
0 0.546462063086104 0.44431818181818183 0.042625745950554135 0.12045454545454545
0 0.3132992327365729 0.31931818181818183 0.03324808184143223 0.11136363636363636
0 0.07459505541346974 0.2505681818181818 0.03154305200341006 0.09204545454545454
0 0.11466325660699062 0.23920454545454545 0.03324808184143223 0.10568181818181818
0 0.2647058823529412 0.2528409090909091 0.03324808184143223 0.11477272727272728
0 0.309462915601023 0.24034090909090908 0.03751065643648764 0.10113636363636364
0 0.34825234441602726 0.2409090909090909 0.03665814151747655 0.10227272727272728
0 0.36871270247229326 0.2761363636363636 0.03324808184143223 0.09772727272727273
0 0.46675191815856776 0.35795454545454547 0.03324808184143223 0.12045454545454545
0 0.4940323955669224 0.34545454545454546 0.03665814151747655 0.1159090909090909
0 0.5017050298380221 0.2534090909090909 0.03665814151747655 0.10227272727272728
0 0.30988917306052854 0.18636363636363637 0.029838022165387893 0.09772727272727273
0 0.44884910485933505 0.18636363636363637 0.03324808184143223 0.11136363636363636
0 0.4075021312872975 0.1875 0.027280477408354646 0.10227272727272728
0 0.29241261722080136 0.07272727272727272 0.028985507246376812 0.08409090909090909
0 0.8005115089514067 0.11363636363636363 0.03239556692242114 0.09318181818181819
0 0.8337595907928389 0.12443181818181819 0.028985507246376812 0.09659090909090909
0 0.8512361466325661 0.2409090909090909 0.03324808184143223 0.10227272727272728
0 0.8222506393861893 0.24772727272727274 0.03324808184143223 0.08863636363636364
0 0.5515771526001705 0.08295454545454546 0.03580562659846547 0.10454545454545454
0 0.8320545609548167 0.2903409090909091 0.03239556692242114 0.09659090909090909
0 0.7966751918158568 0.40397727272727274 0.04688832054560955 0.11477272727272728
0 0.8316283034953111 0.7357954545454546 0.05200341005967604 0.14886363636363636
0 0.9066496163682864 0.7340909090909091 0.04859335038363171 0.15454545454545454
0 0.8056265984654731 0.8142045454545455 0.0494458653026428 0.13522727272727272
0 0.7536231884057971 0.8210227272727273 0.0392156862745098 0.1375
0 0.15089514066496162 0.8551136363636364 0.0392156862745098 0.10113636363636364
0 0.49701619778346123 0.63125 0.042625745950554135 0.1375
0 0.2340153452685422 0.4102272727272727 0.03836317135549872 0.11363636363636363
0 0.3908780903665814 0.3477272727272727 0.03324808184143223 0.11136363636363636
0 0.7928388746803069 0.5556818181818182 0.042625745950554135 0.12727272727272726
0 0.525149190110827 0.6136363636363636 0.04603580562659847 0.1318181818181818
0 0.49914748508098894 0.4636363636363636 0.03836317135549872 0.12045454545454545
0 0.7122762148337596 0.45681818181818185 0.03324808184143223 0.10681818181818181
0 0.7540494458653026 0.4409090909090909 0.029838022165387893 0.09772727272727273
0 0.7583120204603581 0.39431818181818185 0.03324808184143223 0.1159090909090909
0 0.691389599317988 0.36761363636363636 0.028985507246376812 0.11022727272727273
0 0.7523444160272805 0.47045454545454546 0.041773231031543054 0.12045454545454545
0 0.8090366581415175 0.2943181818181818 0.028985507246376812 0.09772727272727273
0 0.7830349531116795 0.25 0.03324808184143223 0.10681818181818181
0 0.8022165387894288 0.24375 0.028985507246376812 0.09431818181818181
0 0.9578005115089514 0.042045454545454546 0.028132992327365727 0.08181818181818182
0 0.9322250639386189 0.0375 0.028132992327365727 0.07272727272727272
0 0.32310315430520037 0.0715909090909091 0.023870417732310314 0.08863636363636364
0 0.30434782608695654 0.08068181818181819 0.023870417732310314 0.08409090909090909
0 0.2826086956521739 0.03238636363636364 0.023017902813299233 0.0625
0 0.3069053708439898 0.033522727272727273 0.023870417732310314 0.06477272727272727
0 0.38405797101449274 0.048295454545454544 0.0247229326513214 0.08068181818181819
0 0.3998294970161978 0.06136363636363636 0.02557544757033248 0.07727272727272727
0 0.38491048593350385 0.07613636363636364 0.0247229326513214 0.09772727272727273
0 0.4236999147485081 0.0875 0.02557544757033248 0.08409090909090909
0 0.4620630861040068 0.08920454545454545 0.03239556692242114 0.0875
0 0.5115089514066496 0.07954545454545454 0.027280477408354646 0.09090909090909091
0 0.4722932651321398 0.08409090909090909 0.02557544757033248 0.07272727272727272
0 0.43478260869565216 0.03125 0.028985507246376812 0.060227272727272727
0 0.3273657289002558 0.02727272727272727 0.02557544757033248 0.05227272727272727
0 0.340153452685422 0.03238636363636364 0.02557544757033248 0.0625
0 0.3537936913895993 0.03125 0.02557544757033248 0.060227272727272727
0 0.39727195225916456 0.03125 0.028985507246376812 0.060227272727272727
0 0.577152600170503 0.07840909090909091 0.030690537084398978 0.09090909090909091
0 0.5814151747655584 0.031818181818181815 0.028985507246376812 0.06136363636363636
0 0.5038363171355499 0.058522727272727275 0.028985507246376812 0.07386363636363637
0 0.3657289002557545 0.35056818181818183 0.03751065643648764 0.11022727272727273
0 0.5618073316283035 0.7153409090909091 0.05285592497868713 0.14204545454545456
0 0.46078431372549017 0.7477272727272727 0.04859335038363171 0.14545454545454545
0 0.48721227621483376 0.6625 0.045183290707587385 0.13863636363636364
0 0.5711849957374254 0.7551136363636364 0.05115089514066496 0.13522727272727272
0 0.5038363171355499 0.7625 0.05115089514066496 0.1590909090909091
0 0.5370843989769821 0.7818181818181819 0.042625745950554135 0.09318181818181819
0 0.2877237851662404 0.7306818181818182 0.04859335038363171 0.1590909090909091
0 0.3213981244671782 0.7392045454545455 0.0443307757885763 0.14431818181818182
0 0.5950554134697357 0.7397727272727272 0.05115089514066496 0.1590909090909091
0 0.3103154305200341 0.6619318181818182 0.04603580562659847 0.1215909090909091
0 0.45524296675191817 0.553409090909091 0.04603580562659847 0.1340909090909091
0 0.028985507246376812 0.4056818181818182 0.04092071611253197 0.125
0 0.0076726342710997444 0.4107954545454545 0.013640238704177323 0.1215909090909091
0 0.10954816709292413 0.2909090909090909 0.03665814151747655 0.09318181818181819
0 0.10699062233589088 0.5386363636363637 0.045183290707587385 0.1318181818181818
0 0.2966751918158568 0.3965909090909091 0.03751065643648764 0.1159090909090909
0 0.32395566922421143 0.39886363636363636 0.028985507246376812 0.12045454545454545
0 0.3618925831202046 0.40454545454545454 0.03324808184143223 0.11136363636363636
0 0.170076726342711 0.6261363636363636 0.041773231031543054 0.125
0 0.49445865302642794 0.5545454545454546 0.03751065643648764 0.125
0 0.18627450980392157 0.2278409090909091 0.03324808184143223 0.10113636363636364
0 0.4177323103154305 0.4420454545454545 0.03751065643648764 0.10681818181818181
0 0.41304347826086957 0.3181818181818182 0.03665814151747655 0.09772727272727273
0 0.20971867007672634 0.22954545454545455 0.028985507246376812 0.10227272727272728
0 0.14151747655583974 0.553409090909091 0.0392156862745098 0.12045454545454545
0 0.1969309462915601 0.6198863636363636 0.04774083546462063 0.14204545454545456
0 0.8303495311167945 0.5625 0.04774083546462063 0.12272727272727273
0 0.1474850809889173 0.2852272727272727 0.030690537084398978 0.09545454545454546
0 0.34782608695652173 0.32670454545454547 0.03239556692242114 0.10113636363636364
0 0.1585677749360614 0.977840909090909 0.03751065643648764 0.04431818181818182
0 0.6334185848252344 0.9494318181818182 0.0443307757885763 0.10113636363636364
0 0.6751918158567775 0.9488636363636364 0.04092071611253197 0.10227272727272728
0 0.3981244671781756 0.4284090909090909 0.03751065643648764 0.1318181818181818
0 0.36231884057971014 0.05227272727272727 0.020460358056265986 0.07727272727272727
0 0.8593350383631714 0.89375 0.042625745950554135 0.14431818181818182
