0 0.149616368286445 0.3744318181818182 0.041773231031543054 0.12613636363636363
0 0.8009377664109122 0.24659090909090908 0.041773231031543054 0.09772727272727273
0 0.10230179028132992 0.3625 0.04092071611253197 0.12045454545454545
0 0.552003410059676 0.4090909090909091 0.04688832054560955 0.125
0 0.45694799658994034 0.14545454545454545 0.03239556692242114 0.09772727272727273
0 0.8226768968456948 0.35113636363636364 0.03751065643648764 0.1159090909090909
0 0.7489343563512362 0.32727272727272727 0.03324808184143223 0.10681818181818181
0 0.7480818414322251 0.3477272727272727 0.03836317135549872 0.11136363636363636
0 0.7885763000852515 0.3375 0.03410059676044331 0.1159090909090909
0 0.7753623188405797 0.3471590909090909 0.03665814151747655 0.11704545454545455
0 0.7664109121909634 0.3755681818181818 0.03751065643648764 0.11931818181818182
0 0.7416879795396419 0.5306818181818181 0.04092071611253197 0.12045454545454545
0 0.8789428815004262 0.5625 0.05115089514066496 0.125
0 0.5903665814151747 0.6852272727272727 0.03665814151747655 0.12954545454545455
0 0.8073316283034954 0.1318181818181818 0.03239556692242114 0.10454545454545454
0 0.8563512361466326 0.026136363636363635 0.026427962489343565 0.05
0 0.14578005115089515 0.03579545454545455 0.02557544757033248 0.06931818181818182
0 0.16666666666666666 0.035227272727272725 0.028132992327365727 0.06818181818181818
0 0.23017902813299232 0.03806818181818182 0.02557544757033248 0.07386363636363637
0 0.49701619778346123 0.06761363636363636 0.03580562659846547 0.0875
0 0.40494458653026427 0.061931818181818185 0.030690537084398978 0.08068181818181819
0 0.38064791133844844 0.04318181818181818 0.028132992327365727 0.08409090909090909
0 0.47144075021312876 0.026136363636363635 0.027280477408354646 0.05
0 0.30988917306052854 0.011363636363636364 0.026427962489343565 0.020454545454545454
0 0.4441602728047741 0.05795454545454545 0.03410059676044331 0.09318181818181819
0 0.4620630861040068 0.0715909090909091 0.023870417732310314 0.05909090909090909
0 0.3252344416027281 0.013068181818181817 0.028132992327365727 0.023863636363636365
0 0.34697357203751067 0.019318181818181818 0.027280477408354646 0.03636363636363636
0 0.3567774936061381 0.031818181818181815 0.028132992327365727 0.06136363636363636
0 0.4458653026427962 0.019886363636363636 0.030690537084398978 0.0375
0 0.42028985507246375 0.009659090909090909 0.028985507246376812 0.017045454545454544
0 0.5656436487638533 0.47897727272727275 0.041773231031543054 0.1215909090909091
0 0.6248934356351236 0.8068181818181818 0.04603580562659847 0.1340909090909091
0 0.1977834612105712 0.26931818181818185 0.03580562659846547 0.10454545454545454
0 0.42028985507246375 0.18011363636363636 0.03239556692242114 0.10340909090909091
0 0.2608695652173913 0.5136363636363637 0.042625745950554135 0.13863636363636364
0 0.7702472293265132 0.4289772727272727 0.03665814151747655 0.11022727272727273
0 0.2246376811594203 0.9761363636363637 0.04688832054560955 0.04772727272727273
0 0.12531969309462915 0.9471590909090909 0.04774083546462063 0.10568181818181818
0 0.16624040920716113 0.946590909090909 0.0443307757885763 0.10681818181818181
0 0.42625745950554134 0.3704545454545455 0.028985507246376812 0.09772727272727273
0 0.40878090366581415 0.3715909090909091 0.03324808184143223 0.10681818181818181
0 0.3150042625745951 0.29375 0.040068201193520885 0.10568181818181818
0 0.022591645353793693 0.44829545454545455 0.043478260869565216 0.13522727272727272
0 0.803921568627451 0.5454545454545454 0.042625745950554135 0.12954545454545455
0 0.9096334185848253 0.7147727272727272 0.05285592497868713 0.12954545454545455
0 0.8751065643648764 0.7454545454545455 0.04859335038363171 0.14772727272727273
0 0.8115942028985508 0.4289772727272727 0.03751065643648764 0.11477272727272728
0 0.7208013640238704 0.9772727272727273 0.03836317135549872 0.04772727272727273
0 0.7796248934356351 0.9607954545454546 0.05541346973572037 0.07840909090909091
0 0.5639386189258312 0.5755681818181818 0.03836317135549872 0.12386363636363637
0 0.3371696504688832 0.4028409090909091 0.041773231031543054 0.11022727272727273
0 0.3857630008525149 0.3619318181818182 0.03324808184143223 0.10568181818181818
0 0.8776641091219096 0.9301136363636363 0.05029838022165388 0.12386363636363637
0 0.8542199488491049 0.9613636363636363 0.0494458653026428 0.07954545454545454
0 0.9722932651321398 0.9460227272727273 0.05029838022165388 0.10795454545454546
0 0.04731457800511509 0.0875 0.03495311167945439 0.08409090909090909
0 0.15302642796248933 0.1534090909090909 0.029838022165387893 0.09318181818181819
0 0.7681159420289855 0.5590909090909091 0.04092071611253197 0.12954545454545455
0 0.09548167092924126 0.45284090909090907 0.03580562659846547 0.11477272727272728
0 0.12745098039215685 0.4556818181818182 0.03495311167945439 0.1159090909090909
0 0.49957374254049447 0.49375 0.0392156862745098 0.12840909090909092
0 0.5345268542199488 0.5034090909090909 0.042625745950554135 0.1159090909090909
0 0.027280477408354646 0.29147727272727275 0.030690537084398978 0.10340909090909091
0 0.11977834612105712 0.25 0.03324808184143223 0.09090909090909091
0 0.1547314578005115 0.25 0.03324808184143223 0.10909090909090909
0 0.01278772378516624 0.6517045454545455 0.023870417732310314 0.14431818181818182
0 0.34271099744245526 0.24375 0.04603580562659847 0.11022727272727273
0 0.39258312020460356 0.18295454545454545 0.023017902813299233 0.09318181818181819
0 0.293691389599318 0.15795454545454546 0.0247229326513214 0.075
0 0.17689684569479966 0.15 0.028132992327365727 0.10227272727272728
0 0.20247229326513214 0.15227272727272728 0.028132992327365727 0.09318181818181819
0 0.4620630861040068 0.1715909090909091 0.028985507246376812 0.09318181818181819
0 0.5025575447570333 0.17784090909090908 0.03324808184143223 0.09204545454545454
0 0.9232736572890026 0.21875 0.030690537084398978 0.08977272727272727
0 0.1423699914748508 0.05909090909090909 0.03410059676044331 0.08863636363636364
0 0.19437340153452684 0.03920454545454546 0.030690537084398978 0.06931818181818182
0 0.2672634271099744 0.13977272727272727 0.028132992327365727 0.09318181818181819
0 0.7203751065643649 0.6414772727272727 0.042625745950554135 0.1375
0 0.8179880647911338 0.6568181818181819 0.04688832054560955 0.1431818181818182
0 0.7186700767263428 0.7568181818181818 0.042625745950554135 0.14772727272727273
0 0.7476555839727195 0.7443181818181818 0.04603580562659847 0.15227272727272728
0 0.44288150042625746 0.8113636363636364 0.045183290707587385 0.15454545454545454
0 0.6947996589940324 0.6806818181818182 0.04092071611253197 0.125
0 0.6815856777493606 0.7551136363636364 0.04688832054560955 0.13522727272727272
0 0.7843137254901961 0.6693181818181818 0.042625745950554135 0.1340909090909091
0 0.3670076726342711 0.3698863636363636 0.029838022165387893 0.0875
0 0.3431372549019608 0.35454545454545455 0.03324808184143223 0.10909090909090909
0 0.319693094629156 0.3397727272727273 0.03580562659846547 0.12045454545454545
0 0.8482523444160273 0.08863636363636364 0.03239556692242114 0.09318181818181819
0 0.7514919011082694 0.4420454545454545 0.03324808184143223 0.07954545454545454
0 0.7348678601875532 0.7028409090909091 0.042625745950554135 0.15113636363636362
0 0.18925831202046037 0.11306818181818182 0.028985507246376812 0.09204545454545454
0 0.020034100596760442 0.7886363636363637 0.03836317135549872 0.14772727272727273
0 0.6210571184995738 0.9630681818181818 0.058823529411764705 0.07386363636363637
0 0.4411764705882353 0.5698863636363637 0.03836317135549872 0.13977272727272727
0 0.4927536231884058 0.7505681818181819 0.04774083546462063 0.14886363636363636
0 0.5477408354646206 0.7602272727272728 0.041773231031543054 0.13636363636363635
0 0.2877237851662404 0.5278409090909091 0.041773231031543054 0.11704545454545455
0 0.4906223358908781 0.6931818181818182 0.04688832054560955 0.13863636363636364
0 0.9032395566922421 0.9522727272727273 0.045183290707587385 0.09318181818181819
0 0.36445012787723785 0.40511363636363634 0.03324808184143223 0.11477272727272728
0 0.44458653026427963 0.4113636363636364 0.041773231031543054 0.11136363636363636
0 0.30392156862745096 0.9255681818181818 0.05200341005967604 0.15113636363636362
0 0.42455242966751916 0.727840909090909 0.05115089514066496 0.13977272727272727
0 0.34484228473998296 0.9346590909090909 0.04688832054560955 0.13295454545454546
0 0.46717817561807334 0.8551136363636364 0.04603580562659847 0.13522727272727272
0 0.07971014492753623 0.9517045454545454 0.05200341005967604 0.09659090909090909
0 0.35635123614663256 0.7647727272727273 0.04092071611253197 0.13863636363636364
0 0.38192668371696503 0.7647727272727273 0.057971014492753624 0.15454545454545454
0 0.4079283887468031 0.9267045454545455 0.05200341005967604 0.14659090909090908
0 0.4215686274509804 0.8556818181818182 0.04688832054560955 0.15454545454545454
0 0.38832054560954815 0.7159090909090909 0.04859335038363171 0.14772727272727273
0 0.4317988064791134 0.7806818181818181 0.05029838022165388 0.14772727272727273
0 0.5596760443307758 0.7005681818181818 0.05029838022165388 0.14204545454545456
0 0.8644501278772379 0.8068181818181818 0.04092071611253197 0.14545454545454545
0 0.8273657289002557 0.80625 0.05029838022165388 0.1534090909090909
0 0.4036658141517477 0.5681818181818182 0.041773231031543054 0.12045454545454545
