0 0.9216145833333333 0.9546296296296296 0.0796875 0.09074074074074075
0 0.16197916666666667 0.763425925925926 0.071875 0.2898148148148148
0 0.32109375 0.7842592592592592 0.050520833333333334 0.25
0 0.27005208333333336 0.7490740740740741 0.0671875 0.2851851851851852
0 0.21119791666666668 0.7180555555555556 0.0609375 0.2712962962962963
0 0.6609375 0.725925925925926 0.065625 0.2537037037037037
0 0.5981770833333333 0.7226851851851852 0.05677083333333333 0.2657407407407407
0 0.34765625 0.6018518518518519 0.050520833333333334 0.22407407407407406
0 0.22135416666666666 0.5935185185185186 0.04791666666666667 0.19074074074074074
0 0.7192708333333333 0.48055555555555557 0.046875 0.19444444444444445
0 0.271875 0.5773148148148148 0.051041666666666666 0.20462962962962963
0 0.5028645833333333 0.45416666666666666 0.04010416666666667 0.1935185185185185
0 0.13619791666666667 0.7101851851851851 0.06510416666666667 0.2814814814814815
0 0.8411458333333334 0.5185185185185185 0.057291666666666664 0.19074074074074074
0 0.47552083333333334 0.48333333333333334 0.03229166666666667 0.1648148148148148
0 0.6817708333333333 0.500462962962963 0.04791666666666667 0.2101851851851852
0 0.80546875 0.5314814814814814 0.05677083333333333 0.20555555555555555
0 0.6221354166666667 0.5097222222222222 0.04635416666666667 0.1824074074074074
0 0.48125 0.37546296296296294 0.036458333333333336 0.16203703703703703
0 0.3333333333333333 0.38425925925925924 0.03333333333333333 0.17037037037037037
0 0.3921875 0.4287037037037037 0.036458333333333336 0.13703703703703704
0 0.42421875 0.34120370370370373 0.030729166666666665 0.13425925925925927
0 0.5877604166666667 0.5111111111111111 0.04635416666666667 0.21851851851851853
0 0.509375 0.5115740740740741 0.04479166666666667 0.21203703703703702
0 0.5177083333333333 0.5685185185185185 0.04895833333333333 0.20555555555555555
0 0.39296875 0.5662037037037037 0.05260416666666667 0.2175925925925926
0 0.32083333333333336 0.5550925925925926 0.057291666666666664 0.2175925925925926
0 0.29244791666666664 0.5324074074074074 0.04635416666666667 0.21481481481481482
0 0.34140625 0.48564814814814816 0.03177083333333333 0.175
0 0.38385416666666666 0.48194444444444445 0.042708333333333334 0.18796296296296297
0 0.5375 0.4740740740740741 0.034375 0.17407407407407408
0 0.3229166666666667 0.4564814814814815 0.03958333333333333 0.1648148148148148
0 0.434375 0.4356481481481482 0.035416666666666666 0.16574074074074074
0 0.5598958333333334 0.4736111111111111 0.036458333333333336 0.18796296296296297
0 0.4828125 0.4263888888888889 0.03958333333333333 0.14907407407407408
0 0.41822916666666665 0.38842592592592595 0.03854166666666667 0.1638888888888889
0 0.44609375 0.38564814814814813 0.033854166666666664 0.15092592592592594
0 0.39348958333333334 0.3592592592592593 0.034895833333333334 0.15925925925925927
0 0.5135416666666667 0.33055555555555555 0.028125 0.12962962962962962
0 0.44869791666666664 0.3578703703703704 0.027604166666666666 0.13240740740740742
0 0.38697916666666665 0.39351851851851855 0.026041666666666668 0.14629629629629629
0 0.36223958333333334 0.38472222222222224 0.034895833333333334 0.15462962962962962
0 0.11979166666666667 0.5541666666666667 0.035416666666666666 0.1935185185185185
0 0.47578125 0.35694444444444445 0.03177083333333333 0.15833333333333333
0 0.5044270833333333 0.3527777777777778 0.03177083333333333 0.13703703703703704
0 0.3059895833333333 0.3800925925925926 0.027604166666666666 0.14351851851851852
0 0.3580729166666667 0.34120370370370373 0.027604166666666666 0.13240740740740742
0 0.16875 0.5986111111111111 0.0625 0.23796296296296296
0 0.8697916666666666 0.4773148148148148 0.053125 0.19722222222222222
0 0.37604166666666666 0.2763888888888889 0.03229166666666667 0.13240740740740742
0 0.2794270833333333 0.412962962962963 0.034895833333333334 0.17037037037037037
0 0.26223958333333336 0.42314814814814816 0.0421875 0.1685185185185185
0 0.55390625 0.35324074074074074 0.0296875 0.13796296296296295
0 0.5002604166666667 0.3398148148148148 0.0296875 0.14629629629629629
0 0.4505208333333333 0.27175925925925926 0.03333333333333333 0.11944444444444445
0 0.47760416666666666 0.2740740740740741 0.030208333333333334 0.10925925925925926
0 0.5888020833333333 0.3592592592592593 0.033854166666666664 0.1648148148148148
0 0.3546875 0.25601851851851853 0.025 0.11018518518518519
0 0.41640625 0.23842592592592593 0.024479166666666666 0.10462962962962963
0 0.48151041666666666 0.29814814814814816 0.0234375 0.08703703703703704
0 0.7830729166666667 0.3648148148148148 0.0296875 0.1685185185185185
0 0.50390625 0.25833333333333336 0.025520833333333333 0.1
0 0.5393229166666667 0.35324074074074074 0.033854166666666664 0.12129629629629629
