0 0.7135416666666666 0.5689814814814815 0.059375 0.20092592592592592
0 0.28541666666666665 0.4666666666666667 0.03854166666666667 0.17407407407407408
0 0.7359375 0.43796296296296294 0.04375 0.17962962962962964
0 0.57109375 0.4439814814814815 0.043229166666666666 0.19537037037037036
0 0.52578125 0.45092592592592595 0.04010416666666667 0.18333333333333332
0 0.60703125 0.5680555555555555 0.049479166666666664 0.22314814814814815
0 0.57109375 0.38101851851851853 0.030729166666666665 0.1287037037037037
0 0.5203125 0.3277777777777778 0.030208333333333334 0.12962962962962962
0 0.53984375 0.3333333333333333 0.027604166666666666 0.11296296296296296
0 0.47708333333333336 0.3347222222222222 0.030208333333333334 0.13425925925925927
0 0.8078125 0.36064814814814816 0.030208333333333334 0.15462962962962962
0 0.45807291666666666 0.3712962962962963 0.0296875 0.14629629629629629
0 0.05364583333333333 0.7328703703703704 0.06458333333333334 0.26944444444444443
0 0.41901041666666666 0.29768518518518516 0.03177083333333333 0.12129629629629629
0 0.37838541666666664 0.29259259259259257 0.0296875 0.13148148148148148
0 0.7567708333333333 0.8472222222222222 0.06666666666666667 0.3055555555555556
0 0.6614583333333334 0.8476851851851852 0.07083333333333333 0.30648148148148147
0 0.5869791666666667 0.9527777777777777 0.0625 0.0962962962962963
0 0.5236979166666667 0.9300925925925926 0.0734375 0.1398148148148148
0 0.09921875 0.562037037037037 0.044270833333333336 0.1962962962962963
0 0.3455729166666667 0.3699074074074074 0.033854166666666664 0.14537037037037037
0 0.7786458333333334 0.3907407407407407 0.034375 0.1685185185185185
0 0.1140625 0.8953703703703704 0.071875 0.2111111111111111
0 0.17317708333333334 0.9087962962962963 0.07760416666666667 0.18425925925925926
0 0.31171875 0.5231481481481481 0.05677083333333333 0.21481481481481482
0 0.041666666666666664 0.9171296296296296 0.06770833333333333 0.1675925925925926
0 0.4979166666666667 0.40185185185185185 0.035416666666666666 0.1685185185185185
0 0.2609375 0.5907407407407408 0.051041666666666666 0.2611111111111111
0 0.46979166666666666 0.5074074074074074 0.046875 0.1925925925925926
0 0.39427083333333335 0.6194444444444445 0.05 0.22962962962962963
0 0.79375 0.4912037037037037 0.053125 0.19537037037037036
0 0.7026041666666667 0.500462962962963 0.05625 0.19907407407407407
0 0.7640625 0.4671296296296296 0.041666666666666664 0.20092592592592592
0 0.44557291666666665 0.44814814814814813 0.03802083333333333 0.1814814814814815
