0 0.4800483675937122 0.6606481481481481 0.041112454655380895 0.15648148148148147
0 0.5090689238210399 0.6425925925925926 0.036275695284159616 0.13703703703703704
0 0.501813784764208 0.8097222222222222 0.04836759371221282 0.1712962962962963
0 0.4873035066505441 0.8731481481481481 0.056831922611850064 0.17037037037037037
0 0.5259975816203144 0.7787037037037037 0.03990326481257558 0.1425925925925926
0 0.562273276904474 0.6430555555555556 0.05441354292623942 0.175
0 0.4558645707376058 0.3296296296296296 0.03990326481257558 0.1574074074074074
0 0.5731559854897219 0.8041666666666667 0.04836759371221282 0.16944444444444445
0 0.5798065296251511 0.7657407407407407 0.036275695284159616 0.14629629629629629
0 0.5435308343409916 0.937037037037037 0.049576783555018135 0.12777777777777777
0 0.4658403869407497 0.7467592592592592 0.051390568319226115 0.1675925925925926
0 0.3225513905683192 0.9490740740740741 0.05501813784764208 0.1037037037037037
0 0.1033857315598549 0.9796296296296296 0.036275695284159616 0.037037037037037035
0 0.6577992744860943 0.9449074074074074 0.0592503022974607 0.11203703703703703
0 0.47702539298669894 0.3712962962962963 0.04232164449818621 0.16296296296296298
0 0.6952841596130592 0.7351851851851852 0.05441354292623942 0.1814814814814815
0 0.6145707376058042 0.9472222222222222 0.046553808948004836 0.10740740740740741
0 0.28476420798065294 0.9407407407407408 0.05441354292623942 0.12037037037037036
0 0.6242442563482467 0.7824074074074074 0.05743651753325272 0.17592592592592593
0 0.5710399032648126 0.7416666666666667 0.046553808948004836 0.1574074074074074
0 0.16324062877871826 0.9731481481481481 0.04232164449818621 0.05
0 0.4579806529625151 0.8458333333333333 0.039298669891172915 0.14537037037037037
0 0.45102781136638453 0.7226851851851852 0.04353083434099154 0.15462962962962962
0 0.6432889963724304 0.41805555555555557 0.041112454655380895 0.14351851851851852
0 0.6916565900846433 0.41898148148148145 0.0471584038694075 0.14907407407407408
0 0.06650544135429262 0.8662037037037037 0.060459492140266025 0.1824074074074074
0 0.7551390568319226 0.6532407407407408 0.04232164449818621 0.1675925925925926
0 0.6048972188633616 0.4097222222222222 0.04897218863361548 0.1675925925925926
0 0.5099758162031439 0.49953703703703706 0.03688029020556227 0.15648148148148147
0 0.7200725513905684 0.5773148148148148 0.044740024183796856 0.16018518518518518
0 0.7732769044740024 0.5592592592592592 0.049576783555018135 0.17407407407407408
0 0.5429262394195888 0.4875 0.04232164449818621 0.16018518518518518
0 0.5719467956469165 0.5027777777777778 0.04232164449818621 0.13703703703703704
0 0.558645707376058 0.26435185185185184 0.03385731559854897 0.15648148148148147
0 0.8080411124546554 0.7981481481481482 0.058645707376058044 0.20925925925925926
0 0.8681983071342201 0.7842592592592592 0.05078597339782346 0.18888888888888888
0 0.5259975816203144 0.2851851851851852 0.037484885126964934 0.14814814814814814
0 0.5184401451027811 0.37592592592592594 0.044135429262394194 0.15925925925925927
0 0.5359733978234583 0.3574074074074074 0.0380894800483676 0.1425925925925926
0 0.49939540507859737 0.5467592592592593 0.03990326481257558 0.16574074074074074
0 0.5332527206771464 0.5356481481481481 0.04232164449818621 0.14351851851851852
0 0.5519951632406288 0.575462962962963 0.045949214026602174 0.1712962962962963
0 0.6085247883917775 0.5981481481481481 0.042926239419588876 0.1537037037037037
0 0.966142684401451 0.9175925925925926 0.05562273276904474 0.16666666666666666
0 0.6732164449818622 0.6277777777777778 0.047762998790810154 0.16666666666666666
0 0.5804111245465539 0.8393518518518519 0.049576783555018135 0.15462962962962962
0 0.6266626360338573 0.8657407407407407 0.08887545344619105 0.16296296296296298
0 0.5211608222490931 0.7337962962962963 0.0471584038694075 0.17314814814814813
0 0.7796251511487303 0.47314814814814815 0.039298669891172915 0.14814814814814814
0 0.7980652962515115 0.4689814814814815 0.03869407496977025 0.13240740740740742
0 0.7832527206771464 0.42824074074074076 0.04897218863361548 0.15462962962962962
0 0.8116686819830713 0.4101851851851852 0.03688029020556227 0.12962962962962962
0 0.9129383313180169 0.44907407407407407 0.044740024183796856 0.14629629629629629
0 0.8503627569528416 0.3597222222222222 0.047762998790810154 0.15648148148148147
0 0.814993954050786 0.3638888888888889 0.041112454655380895 0.13518518518518519
0 0.8165054413542926 0.4444444444444444 0.034461910519951636 0.13148148148148148
0 0.8403869407496977 0.412962962962963 0.036275695284159616 0.13148148148148148
0 0.5722490931076178 0.8675925925925926 0.039298669891172915 0.17037037037037037
0 0.22218863361547764 0.7662037037037037 0.05380894800483676 0.1527777777777778
0 0.1587061668681983 0.7800925925925926 0.05380894800483676 0.15648148148148147
0 0.0743651753325272 0.6703703703703704 0.05078597339782346 0.18703703703703703
0 0.8155985489721886 0.700925925925926 0.053204353083434096 0.18518518518518517
0 0.7394195888754534 0.48657407407407405 0.03506650544135429 0.1287037037037037
0 0.8802902055622733 0.4425925925925926 0.036275695284159616 0.1537037037037037
0 0.9721886336154776 0.40324074074074073 0.04232164449818621 0.14907407407407408
0 0.8588270858524788 0.32685185185185184 0.046553808948004836 0.1648148148148148
0 0.905683192261185 0.2833333333333333 0.03869407496977025 0.14074074074074075
0 0.9344014510278114 0.2587962962962963 0.04171704957678356 0.14907407407407408
0 0.9694679564691656 0.1537037037037037 0.039298669891172915 0.13148148148148148
0 0.8700120918984281 0.27824074074074073 0.03990326481257558 0.15092592592592594
0 0.7533252720677146 0.17962962962962964 0.03990326481257558 0.14629629629629629
0 0.7799274486094316 0.1962962962962963 0.03869407496977025 0.14074074074074075
0 0.8727327690447401 0.2351851851851852 0.04171704957678356 0.13518518518518519
0 0.9247279322853688 0.2125 0.039298669891172915 0.13796296296296295
0 0.8972188633615478 0.2263888888888889 0.03506650544135429 0.13240740740740742
0 0.8660822249093107 0.16944444444444445 0.035671100362756954 0.13148148148148148
0 0.8972188633615478 0.18009259259259258 0.04232164449818621 0.13240740740740742
0 0.9262394195888755 0.13240740740740742 0.036275695284159616 0.12777777777777777
0 0.9099153567110037 0.07361111111111111 0.037484885126964934 0.1287037037037037
0 0.04322853688029021 0.2962962962962963 0.046553808948004836 0.1425925925925926
0 0.012696493349455865 0.30972222222222223 0.02418379685610641 0.14166666666666666
0 0.005743651753325272 0.2657407407407407 0.010278113663845224 0.1425925925925926
0 0.07134220072551391 0.21712962962962962 0.037484885126964934 0.14537037037037037
0 0.09371221281741234 0.1925925925925926 0.032648125755743655 0.12407407407407407
0 0.11305925030229746 0.16944444444444445 0.03990326481257558 0.14814814814814814
0 0.11154776299879081 0.30462962962962964 0.039298669891172915 0.1425925925925926
0 0.1677750906892382 0.28055555555555556 0.04171704957678356 0.14629629629629629
0 0.09673518742442563 0.2574074074074074 0.032648125755743655 0.10925925925925926
0 0.08071342200725513 0.36203703703703705 0.046553808948004836 0.17037037037037037
0 0.11608222490931076 0.24814814814814815 0.03990326481257558 0.14629629629629629
0 0.1444981862152358 0.2611111111111111 0.03143893591293833 0.12407407407407407
0 0.14389359129383314 0.2949074074074074 0.02539298669891173 0.09907407407407408
0 0.5399032648125756 0.43194444444444446 0.049576783555018135 0.1675925925925926
0 0.7185610640870617 0.49583333333333335 0.05380894800483676 0.1675925925925926
0 0.7182587666263603 0.4583333333333333 0.045949214026602174 0.14814814814814814
0 0.5628778718258767 0.40185185185185185 0.045949214026602174 0.15185185185185185
0 0.6396614268440145 0.3675925925925926 0.044740024183796856 0.1537037037037037
0 0.6995163240628779 0.3351851851851852 0.04353083434099154 0.13148148148148148
0 0.6426844014510278 0.3402777777777778 0.04232164449818621 0.14537037037037037
0 0.7723700120918985 0.28564814814814815 0.034461910519951636 0.1398148148148148
0 0.74546553808948 0.30972222222222223 0.03990326481257558 0.14907407407407408
0 0.7146311970979444 0.29398148148148145 0.041112454655380895 0.14537037037037037
0 0.7291414752116082 0.22268518518518518 0.032648125755743655 0.10462962962962963
0 0.6559854897218863 0.2912037037037037 0.045949214026602174 0.1398148148148148
0 0.6934703748488513 0.2324074074074074 0.044740024183796856 0.1425925925925926
0 0.6478234582829504 0.20925925925925926 0.03204353083434099 0.14074074074074075
0 0.6514510278113664 0.2361111111111111 0.03688029020556227 0.14074074074074075
0 0.598851269649335 0.35694444444444445 0.04050785973397823 0.14351851851851852
0 0.5538089480048367 0.3333333333333333 0.04232164449818621 0.1425925925925926
0 0.5949214026602176 0.3101851851851852 0.03990326481257558 0.15925925925925927
0 0.5698307134220073 0.29305555555555557 0.03204353083434099 0.12685185185185185
0 0.6051995163240629 0.27685185185185185 0.032648125755743655 0.1537037037037037
0 0.591596130592503 0.24212962962962964 0.04171704957678356 0.16018518518518518
0 0.6330108827085853 0.15416666666666667 0.045949214026602174 0.12129629629629629
0 0.2962515114873035 0.0763888888888889 0.03869407496977025 0.13796296296296295
0 0.26118500604594924 0.07268518518518519 0.03506650544135429 0.13240740740740742
0 0.7122128174123338 0.09953703703703703 0.03990326481257558 0.1398148148148148
0 0.7354897218863361 0.08935185185185185 0.03325272067714631 0.1287037037037037
0 0.9836759371221282 0.33194444444444443 0.02781136638452237 0.1361111111111111
0 0.6946795646916566 0.46805555555555556 0.03506650544135429 0.11018518518518519
0 0.941354292623942 0.40370370370370373 0.037484885126964934 0.11666666666666667
0 0.9682587666263603 0.04259259259259259 0.03688029020556227 0.08333333333333333
0 0.9389359129383313 0.08981481481481482 0.037484885126964934 0.12037037037037036
0 0.8681983071342201 0.07083333333333333 0.03506650544135429 0.1398148148148148
0 0.9274486094316807 0.04953703703703704 0.037484885126964934 0.09722222222222222
0 0.8966142684401451 0.04398148148148148 0.03385731559854897 0.08611111111111111
0 0.5725513905683193 0.17916666666666667 0.03385731559854897 0.13425925925925927
0 0.6278718258766627 0.0912037037037037 0.034461910519951636 0.13240740740740742
0 0.594316807738815 0.10787037037037037 0.037484885126964934 0.13796296296296295
0 0.5704353083434099 0.10555555555555556 0.03325272067714631 0.1259259259259259
0 0.6091293833131801 0.05694444444444444 0.03688029020556227 0.11203703703703703
0 0.5840386940749698 0.0587962962962963 0.03506650544135429 0.11574074074074074
0 0.20405078597339782 0.0699074074074074 0.03204353083434099 0.125
0 0.22642079806529625 0.0763888888888889 0.03688029020556227 0.13425925925925927
0 0.13422007255139057 0.032407407407407406 0.02781136638452237 0.06296296296296296
0 0.36668681983071344 0.038425925925925926 0.039298669891172915 0.075
0 0.8579201934703748 0.04675925925925926 0.036275695284159616 0.09166666666666666
0 0.17110036275695284 0.03518518518518519 0.03506650544135429 0.06851851851851852
0 0.35489721886336156 0.47962962962962963 0.03506650544135429 0.1574074074074074
0 0.3162031438935913 0.24814814814814815 0.03506650544135429 0.13703703703703704
0 0.13422007255139057 0.7356481481481482 0.0471584038694075 0.16203703703703703
0 0.1928657799274486 0.28425925925925927 0.04232164449818621 0.1425925925925926
0 0.13089480048367594 0.6976851851851852 0.05259975816203144 0.16018518518518518
0 0.8180169286577993 0.3050925925925926 0.04232164449818621 0.13240740740740742
0 0.24244256348246676 0.5810185185185185 0.044740024183796856 0.1675925925925926
0 0.2076783555018138 0.5671296296296297 0.035671100362756954 0.17685185185185184
0 0.34885126964933494 0.5657407407407408 0.032648125755743655 0.14074074074074075
0 0.2079806529625151 0.4976851851851852 0.041112454655380895 0.14907407407407408
0 0.2137243047158404 0.4842592592592593 0.03204353083434099 0.1574074074074074
0 0.1807738814993954 0.4837962962962963 0.03143893591293833 0.12685185185185185
0 0.17442563482466747 0.4388888888888889 0.039298669891172915 0.14629629629629629
0 0.1357315598548972 0.4638888888888889 0.03688029020556227 0.14814814814814814
0 0.3542926239419589 0.14814814814814814 0.030229746070133012 0.12962962962962962
0 0.37605804111245467 0.14444444444444443 0.02781136638452237 0.12962962962962962
0 0.2660217654171705 0.36342592592592593 0.044740024183796856 0.1398148148148148
0 0.2545344619105199 0.3925925925925926 0.03506650544135429 0.14629629629629629
0 0.17623941958887546 0.8981481481481481 0.044135429262394194 0.1574074074074074
0 0.29474002418379686 0.7 0.04171704957678356 0.15185185185185185
0 0.45616686819830715 0.5430555555555555 0.04171704957678356 0.15462962962962962
0 0.3307134220072551 0.624537037037037 0.03506650544135429 0.15462962962962962
0 0.3346432889963724 0.6578703703703703 0.039298669891172915 0.1675925925925926
0 0.4096130592503023 0.6601851851851852 0.051390568319226115 0.15185185185185185
0 0.6215235792019347 0.7064814814814815 0.05078597339782346 0.1574074074074074
0 0.42563482466747277 0.4537037037037037 0.03506650544135429 0.12407407407407407
0 0.41414752116082226 0.41759259259259257 0.037484885126964934 0.10740740740740741
0 0.40840386940749696 0.5125 0.034461910519951636 0.14907407407407408
0 0.41747279322853686 0.4773148148148148 0.02962515114873035 0.13796296296296295
0 0.22370012091898428 0.5425925925925926 0.037484885126964934 0.14074074074074075
0 0.2747883917775091 0.525 0.04534461910519952 0.1574074074074074
0 0.2741837968561064 0.5634259259259259 0.039298669891172915 0.16944444444444445
0 0.5187424425634825 0.7046296296296296 0.05078597339782346 0.15925925925925927
0 0.24062877871825877 0.337037037037037 0.03506650544135429 0.14074074074074075
0 0.6995163240628779 0.6092592592592593 0.041112454655380895 0.1574074074074074
0 0.2759975816203144 0.32685185185185184 0.039298669891172915 0.14814814814814814
0 0.39298669891172916 0.38101851851851853 0.03990326481257558 0.13796296296296295
0 0.28627569528415964 0.2847222222222222 0.03204353083434099 0.12129629629629629
0 0.46795646916565903 0.4888888888888889 0.037484885126964934 0.1425925925925926
0 0.22309552599758162 0.30324074074074076 0.03506650544135429 0.1361111111111111
