0 0.3416666666666667 0.2796296296296296 0.023958333333333335 0.11296296296296296
0 0.39765625 0.8819444444444444 0.07760416666666667 0.23796296296296296
0 0.3177083333333333 0.8800925925925925 0.07708333333333334 0.23796296296296296
0 0.17786458333333333 0.9296296296296296 0.06510416666666667 0.1425925925925926
0 0.08333333333333333 0.9166666666666666 0.075 0.16666666666666666
0 0.06770833333333333 0.8912037037037037 0.07291666666666667 0.21944444444444444
0 0.11875 0.8699074074074075 0.078125 0.25833333333333336
0 0.19869791666666667 0.8439814814814814 0.0484375 0.2824074074074074
0 0.25364583333333335 0.836574074074074 0.058333333333333334 0.325
0 0.35104166666666664 0.8342592592592593 0.06354166666666666 0.28703703703703703
0 0.15026041666666667 0.7310185185185185 0.059895833333333336 0.26944444444444443
0 0.20286458333333332 0.6541666666666667 0.0671875 0.22314814814814815
0 0.28177083333333336 0.7166666666666667 0.052083333333333336 0.2518518518518518
0 0.36770833333333336 0.7819444444444444 0.06770833333333333 0.2824074074074074
0 0.496875 0.7069444444444445 0.05625 0.25462962962962965
0 0.31927083333333334 0.5671296296296297 0.052083333333333336 0.2324074074074074
0 0.37994791666666666 0.5671296296296297 0.0484375 0.21944444444444444
0 0.8658854166666666 0.4634259259259259 0.0578125 0.21574074074074073
0 0.7901041666666667 0.45601851851851855 0.052083333333333336 0.18981481481481483
0 0.7341145833333333 0.4689814814814815 0.050520833333333334 0.18981481481481483
0 0.5932291666666667 0.4625 0.04583333333333333 0.20092592592592592
0 0.20364583333333333 0.4236111111111111 0.03333333333333333 0.15648148148148147
0 0.2716145833333333 0.46944444444444444 0.03177083333333333 0.14814814814814814
0 0.2911458333333333 0.4703703703703704 0.04583333333333333 0.21851851851851853
0 0.33958333333333335 0.4912037037037037 0.05 0.2101851851851852
0 0.36484375 0.5273148148148148 0.0640625 0.18981481481481483
0 0.5283854166666667 0.5263888888888889 0.04739583333333333 0.21944444444444444
0 0.34140625 0.4041666666666667 0.04010416666666667 0.14537037037037037
0 0.3734375 0.3990740740740741 0.03854166666666667 0.16111111111111112
0 0.45807291666666666 0.49212962962962964 0.04010416666666667 0.19537037037037036
0 0.6966145833333334 0.5263888888888889 0.06302083333333333 0.19907407407407407
0 0.7388020833333333 0.562962962962963 0.05364583333333333 0.1685185185185185
0 0.5549479166666667 0.48935185185185187 0.044270833333333336 0.17685185185185184
0 0.5111979166666667 0.4615740740740741 0.04635416666666667 0.18425925925925926
0 0.4317708333333333 0.46296296296296297 0.04375 0.17037037037037037
0 0.47291666666666665 0.4236111111111111 0.0375 0.175
0 0.38958333333333334 0.3763888888888889 0.057291666666666664 0.16574074074074074
0 0.3541666666666667 0.35138888888888886 0.03333333333333333 0.1398148148148148
0 0.42239583333333336 0.4060185185185185 0.036458333333333336 0.1712962962962963
0 0.4432291666666667 0.3578703703703704 0.03229166666666667 0.15648148148148147
0 0.3260416666666667 0.30416666666666664 0.030208333333333334 0.14351851851851852
0 0.5505208333333333 0.42916666666666664 0.034375 0.1675925925925926
0 0.43125 0.33796296296296297 0.028125 0.13333333333333333
0 0.40989583333333335 0.30092592592592593 0.029166666666666667 0.12407407407407407
0 0.3809895833333333 0.350462962962963 0.03177083333333333 0.16018518518518518
0 0.5479166666666667 0.4041666666666667 0.036458333333333336 0.1824074074074074
0 0.5138020833333333 0.37175925925925923 0.0328125 0.16944444444444445
0 0.5403645833333334 0.3472222222222222 0.03177083333333333 0.14629629629629629
0 0.484375 0.3351851851851852 0.03125 0.1388888888888889
0 0.46640625 0.300462962962963 0.025520833333333333 0.13240740740740742
0 0.4161458333333333 0.2537037037037037 0.028125 0.12407407407407407
0 0.5515625 0.3296296296296296 0.03229166666666667 0.1574074074074074
0 0.5739583333333333 0.3416666666666667 0.035416666666666666 0.17037037037037037
0 0.5388020833333333 0.2574074074074074 0.024479166666666666 0.12407407407407407
0 0.4875 0.23796296296296296 0.023958333333333335 0.10925925925925926
0 0.3802083333333333 0.26435185185185184 0.030208333333333334 0.1287037037037037
0 0.46953125 0.2439814814814815 0.0296875 0.11574074074074074
0 0.4354166666666667 0.26990740740740743 0.023958333333333335 0.10092592592592593
0 0.42994791666666665 0.29074074074074074 0.027604166666666666 0.10925925925925926
0 0.4270833333333333 0.2449074074074074 0.023958333333333335 0.10833333333333334
0 0.3580729166666667 0.25046296296296294 0.0234375 0.10833333333333334
0 0.53515625 0.2708333333333333 0.021354166666666667 0.10462962962962963
0 0.45546875 0.2671296296296296 0.0265625 0.08981481481481482
0 0.7796875 0.3537037037037037 0.030208333333333334 0.1685185185185185
0 0.38203125 0.28935185185185186 0.0296875 0.1287037037037037
