0 0.08645707376058041 0.9648148148148148 0.06287787182587666 0.07037037037037037
0 0.41293833131801694 0.9365740740740741 0.036275695284159616 0.1287037037037037
0 0.44135429262394194 0.9041666666666667 0.05441354292623942 0.16203703703703703
0 0.20405078597339782 0.8810185185185185 0.0562273276904474 0.1675925925925926
0 0.22067714631197097 0.8379629629629629 0.0471584038694075 0.16296296296296298
0 0.15417170495767835 0.8490740740740741 0.049576783555018135 0.1537037037037037
0 0.4458887545344619 0.6930555555555555 0.034461910519951636 0.14351851851851852
0 0.08555018137847642 0.525 0.04534461910519952 0.1574074074074074
0 0.29020556227327693 0.2916666666666667 0.03506650544135429 0.1259259259259259
0 0.02720677146311971 0.23333333333333334 0.04232164449818621 0.14074074074074075
0 0.0190447400241838 0.30648148148148147 0.03688029020556227 0.13518518518518519
0 0.009371221281741234 0.22175925925925927 0.017533252720677146 0.125
0 0.007557436517533253 0.12175925925925926 0.013905683192261185 0.125
0 0.045949214026602174 0.12777777777777777 0.03506650544135429 0.13703703703703704
0 0.021160822249093107 0.08796296296296297 0.03143893591293833 0.12407407407407407
0 0.19226118500604594 0.08333333333333333 0.030229746070133012 0.12407407407407407
0 0.13784764207980654 0.12777777777777777 0.03506650544135429 0.13333333333333333
0 0.1847037484885127 0.1449074074074074 0.03688029020556227 0.1287037037037037
0 0.19195888754534463 0.17731481481481481 0.035671100362756954 0.1398148148148148
0 0.26874244256348245 0.17916666666666667 0.034461910519951636 0.15092592592592594
0 0.1798669891172914 0.3736111111111111 0.03688029020556227 0.14537037037037037
0 0.14933494558645707 0.37824074074074077 0.044740024183796856 0.13240740740740742
0 0.3996372430471584 0.08796296296296297 0.032648125755743655 0.13703703703703704
0 0.32013301088270857 0.21064814814814814 0.034461910519951636 0.1287037037037037
0 0.32013301088270857 0.24027777777777778 0.039298669891172915 0.13796296296296295
0 0.38784764207980654 0.20462962962962963 0.039298669891172915 0.14074074074074075
0 0.36305925030229746 0.19027777777777777 0.039298669891172915 0.12685185185185185
0 0.4546553808948005 0.08611111111111111 0.03990326481257558 0.14074074074074075
0 0.4827690447400242 0.08287037037037037 0.03325272067714631 0.12685185185185185
0 0.5858524788391778 0.33240740740740743 0.041112454655380895 0.14629629629629629
0 0.626360338573156 0.3194444444444444 0.044740024183796856 0.13518518518518519
0 0.5139056831922612 0.18287037037037038 0.032648125755743655 0.1398148148148148
0 0.5522974607013301 0.2074074074074074 0.03204353083434099 0.12962962962962962
0 0.5411124546553809 0.1787037037037037 0.036275695284159616 0.1259259259259259
0 0.5350665054413543 0.1388888888888889 0.032648125755743655 0.12962962962962962
0 0.6463119709794438 0.09074074074074075 0.037484885126964934 0.13148148148148148
0 0.6650544135429263 0.09675925925925925 0.02902055622732769 0.12685185185185185
0 0.6844014510278114 0.09351851851851851 0.03506650544135429 0.12407407407407407
0 0.7067714631197098 0.11203703703703703 0.036275695284159616 0.14074074074074075
0 0.5822249093107618 0.20092592592592592 0.03869407496977025 0.13148148148148148
0 0.7974607013301088 0.6986111111111111 0.045949214026602174 0.16018518518518518
0 0.6980048367593712 0.4689814814814815 0.039298669891172915 0.15833333333333333
0 0.7699516324062878 0.4425925925925926 0.03688029020556227 0.13703703703703704
0 0.7218863361547763 0.4 0.037484885126964934 0.12962962962962962
0 0.8422007255139057 0.34953703703703703 0.032648125755743655 0.13240740740740742
0 0.8095525997581621 0.34305555555555556 0.03990326481257558 0.14351851851851852
0 0.68863361547763 0.36712962962962964 0.04232164449818621 0.13796296296296295
0 0.7986698911729141 0.2884259259259259 0.03869407496977025 0.14351851851851852
0 0.7678355501813785 0.2625 0.041112454655380895 0.1287037037037037
0 0.8116686819830713 0.25277777777777777 0.04050785973397823 0.1425925925925926
0 0.7103990326481258 0.2490740740740741 0.037484885126964934 0.13148148148148148
0 0.6807738814993954 0.2564814814814815 0.03990326481257558 0.14074074074074075
0 0.8751511487303507 0.1824074074074074 0.039298669891172915 0.13518518518518519
0 0.7430471584038694 0.22546296296296298 0.032648125755743655 0.1287037037037037
0 0.7781136638452237 0.2037037037037037 0.03385731559854897 0.12962962962962962
0 0.9256348246674728 0.12916666666666668 0.032648125755743655 0.1175925925925926
0 0.969770253929867 0.15416666666666667 0.03990326481257558 0.13240740740740742
0 0.9637243047158404 0.12222222222222222 0.030229746070133012 0.10740740740740741
0 0.9353083434099153 0.30416666666666664 0.03869407496977025 0.1398148148148148
0 0.8954050785973398 0.40370370370370373 0.0471584038694075 0.1574074074074074
0 0.9504232164449818 0.2759259259259259 0.03990326481257558 0.13518518518518519
0 0.9824667472793228 0.3574074074074074 0.03385731559854897 0.15185185185185185
0 0.903869407496977 0.4527777777777778 0.053204353083434096 0.14444444444444443
0 0.9480048367593712 0.4736111111111111 0.037484885126964934 0.14351851851851852
0 0.9631197097944377 0.04027777777777778 0.020556227327690448 0.0787037037037037
0 0.9957678355501813 0.09861111111111111 0.007255139056831923 0.09722222222222222
0 0.6744256348246674 0.03287037037037037 0.03688029020556227 0.06388888888888888
0 0.6151753325272068 0.05462962962962963 0.034461910519951636 0.10740740740740741
0 0.6378476420798065 0.05555555555555555 0.030229746070133012 0.10740740740740741
0 0.9347037484885127 0.06435185185185185 0.036275695284159616 0.11944444444444445
0 0.5187424425634825 0.016203703703703703 0.019347037484885126 0.030555555555555555
0 0.5507859733978234 0.025925925925925925 0.030229746070133012 0.05
0 0.5716444981862152 0.037037037037037035 0.02720677146311971 0.07222222222222222
0 0.5909915356711004 0.04351851851851852 0.022370012091898428 0.07777777777777778
0 0.6952841596130592 0.0837962962962963 0.032648125755743655 0.12685185185185185
0 0.13482466747279323 0.08148148148148149 0.030229746070133012 0.10925925925925926
0 0.15326481257557437 0.06851851851851852 0.03204353083434099 0.11296296296296296
0 0.3041112454655381 0.03287037037037037 0.03385731559854897 0.06388888888888888
0 0.3385731559854897 0.029166666666666667 0.03143893591293833 0.05648148148148148
0 0.1756348246674728 0.0587962962962963 0.03204353083434099 0.11574074074074074
0 0.11396614268440144 0.03009259259259259 0.022370012091898428 0.058333333333333334
0 0.2288391777509069 0.023148148148148147 0.021160822249093107 0.044444444444444446
0 0.20193470374848851 0.03564814814814815 0.03506650544135429 0.06944444444444445
0 0.18137847642079807 0.6268518518518519 0.032648125755743655 0.15
0 0.23065296251511488 0.6041666666666666 0.03688029020556227 0.14907407407407408
0 0.16656590084643288 0.5893518518518519 0.04171704957678356 0.14166666666666666
0 0.20495767835550183 0.5912037037037037 0.03990326481257558 0.15462962962962962
0 0.19588875453446192 0.5356481481481481 0.041112454655380895 0.15092592592592594
0 0.1587061668681983 0.525 0.03688029020556227 0.12962962962962962
0 0.6801692865779927 0.9518518518518518 0.04836759371221282 0.09814814814814815
0 0.6018742442563483 0.3939814814814815 0.035671100362756954 0.14351851851851852
0 0.4035671100362757 0.2310185185185185 0.03204353083434099 0.12685185185185185
0 0.4265417170495768 0.23564814814814813 0.02720677146311971 0.12685185185185185
0 0.5749697702539298 0.40879629629629627 0.032648125755743655 0.15092592592592594
0 0.05350665054413543 0.612037037037037 0.04897218863361548 0.14074074074074075
0 0.24667472793228537 0.7824074074074074 0.03990326481257558 0.12407407407407407
0 0.282950423216445 0.7157407407407408 0.04353083434099154 0.16296296296296298
0 0.27357920193470375 0.7824074074074074 0.04050785973397823 0.15555555555555556
0 0.21553808948004838 0.7722222222222223 0.039298669891172915 0.1685185185185185
0 0.10308343409915356 0.6152777777777778 0.0501813784764208 0.14907407407407408
0 0.28990326481257556 0.6643518518518519 0.046553808948004836 0.1712962962962963
0 0.5713422007255139 0.9828703703703704 0.02902055622732769 0.03611111111111111
0 0.8639661426844014 0.9666666666666667 0.041112454655380895 0.06851851851851852
0 0.9570737605804112 0.9611111111111111 0.04836759371221282 0.07962962962962963
0 0.907496977025393 0.9685185185185186 0.053204353083434096 0.06481481481481481
0 0.11608222490931076 0.5324074074074074 0.04232164449818621 0.14444444444444443
0 0.752720677146312 0.48842592592592593 0.032648125755743655 0.13055555555555556
0 0.6668681983071342 0.8870370370370371 0.04836759371221282 0.1648148148148148
0 0.9455864570737605 0.8277777777777777 0.06650544135429262 0.14814814814814814
0 0.9727932285368803 0.7398148148148148 0.053204353083434096 0.15925925925925927
0 0.9081015719467956 0.8125 0.05804111245465538 0.1675925925925926
0 0.8715235792019347 0.6509259259259259 0.03204353083434099 0.1037037037037037
0 0.8446191051995163 0.6027777777777777 0.0471584038694075 0.14444444444444443
0 0.9791414752116082 0.8097222222222222 0.035671100362756954 0.1675925925925926
0 0.15114873035066506 0.24444444444444444 0.03385731559854897 0.13703703703703704
0 0.10157194679564692 0.7837962962962963 0.06408706166868199 0.17685185185185184
0 0.7823458282950423 0.3111111111111111 0.03990326481257558 0.12407407407407407
0 0.9703748488512697 0.48055555555555557 0.02781136638452237 0.12037037037037036
0 0.7315598548972189 0.4537037037037037 0.03506650544135429 0.1259259259259259
0 0.977932285368803 0.6759259259259259 0.042926239419588876 0.1574074074074074
0 0.9900241837968561 0.5976851851851852 0.01995163240628779 0.15462962962962962
0 0.714328899637243 0.9773148148148149 0.04171704957678356 0.04722222222222222
0 0.7451632406287787 0.9763888888888889 0.039298669891172915 0.049074074074074076
0 0.8418984280532044 0.8916666666666667 0.044135429262394194 0.17777777777777778
0 0.7376058041112454 0.37083333333333335 0.041112454655380895 0.12685185185185185
0 0.7756952841596131 0.3726851851851852 0.03990326481257558 0.13796296296296295
0 0.9824667472793228 0.9430555555555555 0.03385731559854897 0.11574074074074074
0 0.595223700120919 0.7231481481481481 0.034461910519951636 0.15
0 0.29564691656590086 0.36898148148148147 0.044740024183796856 0.13796296296296295
0 0.26934703748488514 0.3712962962962963 0.034461910519951636 0.12962962962962962
0 0.563180169286578 0.4935185185185185 0.03204353083434099 0.12407407407407407
0 0.8107617896009673 0.888425925925926 0.044740024183796856 0.16574074074074074
0 0.436819830713422 0.950462962962963 0.05259975816203144 0.09722222222222222
0 0.5087666263603385 0.8055555555555556 0.04897218863361548 0.17962962962962964
0 0.45435308343409914 0.8629629629629629 0.046553808948004836 0.16296296296296298
0 0.5788996372430472 0.6129629629629629 0.04171704957678356 0.1537037037037037
0 0.6039903264812576 0.6300925925925925 0.045949214026602174 0.15092592592592594
0 0.34945586457073763 0.7851851851851852 0.05441354292623942 0.15925925925925927
0 0.5680169286577993 0.5212962962962963 0.03688029020556227 0.13703703703703704
0 0.5447400241837969 0.5203703703703704 0.02902055622732769 0.10740740740740741
0 0.5958282950423216 0.5861111111111111 0.04171704957678356 0.14814814814814814
0 0.5136033857315598 0.8546296296296296 0.04897218863361548 0.18703703703703703
0 0.3651753325272068 0.4634259259259259 0.036275695284159616 0.1287037037037037
0 0.32013301088270857 0.6055555555555555 0.046553808948004836 0.1537037037037037
0 0.3845223700120919 0.37777777777777777 0.03990326481257558 0.15185185185185185
0 0.5030229746070133 0.4273148148148148 0.03143893591293833 0.14351851851851852
0 0.3975211608222491 0.7212962962962963 0.03204353083434099 0.14444444444444443
0 0.40386940749697703 0.762962962962963 0.049576783555018135 0.15555555555555556
0 0.435912938331318 0.737037037037037 0.03869407496977025 0.1574074074074074
0 0.37726723095526 0.7268518518518519 0.04232164449818621 0.17037037037037037
0 0.3307134220072551 0.14907407407407408 0.03990326481257558 0.13518518518518519
0 0.2666263603385732 0.03287037037037037 0.03506650544135429 0.06388888888888888
0 0.2560459492140266 0.049074074074074076 0.028415961305925032 0.0962962962962963
0 0.009975816203143894 0.8930555555555556 0.018742442563482467 0.2101851851851852
0 0.28053204353083433 0.14629629629629629 0.03869407496977025 0.12962962962962962
0 0.5662031438935913 0.6754629629629629 0.044135429262394194 0.15462962962962962
0 0.3875453446191052 0.6157407407407407 0.03990326481257558 0.16296296296296298
0 0.5402055622732769 0.6375 0.04171704957678356 0.15462962962962962
0 0.6831922611850061 0.6898148148148148 0.04353083434099154 0.15185185185185185
0 0.25634824667472794 0.45 0.04232164449818621 0.14074074074074075
0 0.501813784764208 0.5259259259259259 0.03506650544135429 0.13703703703703704
0 0.4758162031438936 0.5055555555555555 0.0471584038694075 0.13518518518518519
0 0.3948004836759371 0.36203703703703705 0.03990326481257558 0.1425925925925926
0 0.3234582829504232 0.5296296296296297 0.04353083434099154 0.1425925925925926
0 0.4791414752116082 0.3958333333333333 0.03325272067714631 0.1398148148148148
0 0.5126964933494559 0.39537037037037037 0.037484885126964934 0.13703703703703704
0 0.4492140266021765 0.5398148148148149 0.03990326481257558 0.14629629629629629
0 0.2832527206771463 0.17037037037037037 0.02720677146311971 0.11851851851851852
0 0.5441354292623942 0.7013888888888888 0.049576783555018135 0.15092592592592594
0 0.45616686819830715 0.4305555555555556 0.02962515114873035 0.09814814814814815
0 0.4782345828295042 0.44351851851851853 0.030229746070133012 0.11851851851851852
0 0.6302902055622733 0.21805555555555556 0.04897218863361548 0.14907407407407408
