0 0.5256952841596131 0.5041666666666667 0.03688029020556227 0.1398148148148148
0 0.5519951632406288 0.49722222222222223 0.03385731559854897 0.13148148148148148
0 0.5683192261185006 0.6685185185185185 0.05078597339782346 0.1685185185185185
0 0.5468561064087062 0.7101851851851851 0.039298669891172915 0.16296296296296298
0 0.585247883917775 0.6268518518518519 0.03869407496977025 0.14629629629629629
0 0.5822249093107618 0.49953703703703706 0.0471584038694075 0.16574074074074074
0 0.4519347037484885 0.3101851851851852 0.04171704957678356 0.17037037037037037
0 0.6094316807738815 0.6675925925925926 0.03990326481257558 0.16296296296296298
0 0.6148730350665055 0.6472222222222223 0.03869407496977025 0.14629629629629629
0 0.5822249093107618 0.7439814814814815 0.04353083434099154 0.15092592592592594
0 0.5498790810157195 0.6074074074074074 0.044135429262394194 0.1537037037037037
0 0.5048367593712213 0.7759259259259259 0.049576783555018135 0.17962962962962964
0 0.27841596130592505 0.9162037037037037 0.06106408706166868 0.16203703703703703
0 0.6058041112454655 0.6949074074074074 0.03990326481257558 0.14351851851851852
0 0.3648730350665054 0.7935185185185185 0.047762998790810154 0.1648148148148148
0 0.664752116082225 0.7638888888888888 0.05380894800483676 0.17037037037037037
0 0.47249093107617895 0.33101851851851855 0.044135429262394194 0.15648148148148147
0 0.691354292623942 0.5833333333333334 0.0562273276904474 0.17592592592592593
0 0.626360338573156 0.7550925925925925 0.03869407496977025 0.15462962962962962
0 0.49274486094316805 0.7537037037037037 0.05562273276904474 0.1685185185185185
0 0.8639661426844014 0.9018518518518519 0.05199516324062878 0.1648148148148148
0 0.6587061668681983 0.6398148148148148 0.044135429262394194 0.1574074074074074
0 0.6221281741233373 0.5634259259259259 0.0471584038694075 0.1712962962962963
0 0.40931076178960096 0.7986111111111112 0.049576783555018135 0.1787037037037037
0 0.530229746070133 0.6907407407407408 0.03143893591293833 0.12777777777777777
0 0.5208585247883918 0.6 0.039298669891172915 0.15185185185185185
0 0.8258766626360339 0.9018518518518519 0.044740024183796856 0.12962962962962962
0 0.05743651753325272 0.8625 0.05441354292623942 0.1712962962962963
0 0.09159613059250302 0.8449074074074074 0.051390568319226115 0.18981481481481483
0 0.6048972188633616 0.3148148148148148 0.039298669891172915 0.12962962962962962
0 0.6426844014510278 0.2916666666666667 0.03385731559854897 0.12037037037037036
0 0.006045949214026602 0.26481481481481484 0.010882708585247884 0.15185185185185185
0 0.07920193470374849 0.5314814814814814 0.049576783555018135 0.17037037037037037
0 0.026602176541717048 0.2847222222222222 0.03990326481257558 0.13425925925925927
0 0.6686819830713422 0.4300925925925926 0.0471584038694075 0.14907407407407408
0 0.5707376058041113 0.25462962962962965 0.044740024183796856 0.14814814814814814
0 0.4455864570737606 0.37037037037037035 0.045949214026602174 0.15185185185185185
0 0.6257557436517533 0.39444444444444443 0.03869407496977025 0.1574074074074074
0 0.6692865779927448 0.38287037037037036 0.03869407496977025 0.16018518518518518
0 0.5634824667472793 0.3648148148148148 0.037484885126964934 0.15185185185185185
0 0.592503022974607 0.37592592592592594 0.03869407496977025 0.13518518518518519
0 0.4900241837968561 0.23333333333333334 0.03204353083434099 0.12407407407407407
0 0.7539298669891172 0.47962962962962963 0.05078597339782346 0.17592592592592593
0 0.7877871825876662 0.47685185185185186 0.041112454655380895 0.1685185185185185
0 0.49032648125755746 0.26851851851851855 0.03143893591293833 0.13518518518518519
0 0.5003022974607013 0.3263888888888889 0.04171704957678356 0.1638888888888889
0 0.530229746070133 0.32037037037037036 0.037484885126964934 0.1388888888888889
0 0.5190447400241838 0.4 0.0380894800483676 0.14074074074074075
0 0.5538089480048367 0.4111111111111111 0.03990326481257558 0.13333333333333333
0 0.6042926239419589 0.4537037037037037 0.047762998790810154 0.1648148148148148
0 0.6269649334945586 0.47685185185185186 0.03990326481257558 0.14074074074074075
0 0.6577992744860943 0.47453703703703703 0.04232164449818621 0.14351851851851852
0 0.8881499395405078 0.586574074074074 0.05199516324062878 0.17314814814814813
0 0.6889359129383313 0.49166666666666664 0.044135429262394194 0.14629629629629629
0 0.6115477629987908 0.9634259259259259 0.04050785973397823 0.075
0 0.6444981862152358 0.9481481481481482 0.04836759371221282 0.1037037037037037
0 0.6934703748488513 0.6601851851851852 0.03990326481257558 0.15925925925925927
0 0.7569528415961306 0.674074074074074 0.04836759371221282 0.1685185185185185
0 0.6384522370012092 0.5972222222222222 0.03990326481257558 0.16296296296296298
0 0.9906287787182587 0.43148148148148147 0.017533252720677146 0.15
0 0.9658403869407497 0.4388888888888889 0.04171704957678356 0.12962962962962962
0 0.9788391777509069 0.8564814814814815 0.03990326481257558 0.17962962962962964
0 0.788391777509069 0.34629629629629627 0.03990326481257558 0.13703703703703704
0 0.8252720677146312 0.35648148148148145 0.03506650544135429 0.12407407407407407
0 0.93863361547763 0.8671296296296296 0.06106408706166868 0.15462962962962962
0 0.846130592503023 0.762962962962963 0.0501813784764208 0.16111111111111112
0 0.8038089480048367 0.7666666666666667 0.05380894800483676 0.18703703703703703
0 0.8431076178960096 0.32037037037037036 0.04171704957678356 0.14629629629629629
0 0.8766626360338573 0.3263888888888889 0.037484885126964934 0.12685185185185185
0 0.9123337363966143 0.2712962962962963 0.04232164449818621 0.13703703703703704
0 0.6396614268440145 0.22592592592592592 0.044740024183796856 0.15185185185185185
0 0.6115477629987908 0.23657407407407408 0.04050785973397823 0.12314814814814815
0 0.8651753325272068 0.350462962962963 0.03506650544135429 0.12314814814814815
0 0.9087061668681983 0.324537037037037 0.03506650544135429 0.12314814814814815
0 0.7300483675937122 0.6921296296296297 0.04171704957678356 0.16203703703703703
0 0.6992140266021766 0.6828703703703703 0.04171704957678356 0.16018518518518518
0 0.011789600967351875 0.6856481481481481 0.022370012091898428 0.15648148148148147
0 0.5205562273276905 0.9222222222222223 0.04836759371221282 0.15185185185185185
0 0.620918984280532 0.9143518518518519 0.0471584038694075 0.14907407407407408
0 0.1175937122128174 0.36527777777777776 0.042926239419588876 0.15833333333333333
0 0.7315598548972189 0.4115740740740741 0.05199516324062878 0.1675925925925926
0 0.7230955259975816 0.325 0.036275695284159616 0.1259259259259259
0 0.8860338573155986 0.25 0.039298669891172915 0.12962962962962962
0 0.9371221281741233 0.22777777777777777 0.03990326481257558 0.13518518518518519
0 0.9758162031438936 0.21712962962962962 0.041112454655380895 0.14351851851851852
0 0.9860943168077388 0.14953703703703702 0.02539298669891173 0.12129629629629629
0 0.9195888754534461 0.17824074074074073 0.03869407496977025 0.15092592592592594
0 0.9008464328899637 0.14953703703703702 0.037484885126964934 0.12314814814814815
0 0.9310761789600968 0.13703703703703704 0.03869407496977025 0.12962962962962962
0 0.9691656590084643 0.04675925925925926 0.03990326481257558 0.09166666666666666
0 0.8663845223700121 0.13333333333333333 0.037484885126964934 0.11851851851851852
0 0.8403869407496977 0.09675925925925925 0.037484885126964934 0.12129629629629629
0 0.8675937122128174 0.10740740740740741 0.03143893591293833 0.10740740740740741
0 0.8893591293833132 0.10694444444444444 0.03506650544135429 0.10648148148148148
0 0.9217049576783555 0.0763888888888889 0.03688029020556227 0.10648148148148148
0 0.8948004836759371 0.08888888888888889 0.03385731559854897 0.11851851851851852
0 0.8651753325272068 0.049074074074074076 0.030229746070133012 0.0962962962962963
0 0.8917775090689238 0.052314814814814814 0.03385731559854897 0.10277777777777777
0 0.9295646916565901 0.04398148148148148 0.034461910519951636 0.08611111111111111
0 0.11124546553808948 0.1962962962962963 0.0471584038694075 0.14074074074074075
0 0.07769044740024184 0.19722222222222222 0.035671100362756954 0.14074074074074075
0 0.08585247883917775 0.13287037037037036 0.037484885126964934 0.12685185185185185
0 0.009673518742442563 0.2023148148148148 0.018137847642079808 0.13425925925925927
0 0.020253929866989116 0.15694444444444444 0.039298669891172915 0.1287037037037037
0 0.05501813784764208 0.15092592592592594 0.04232164449818621 0.13518518518518519
0 0.035973397823458285 0.11712962962962963 0.03688029020556227 0.13425925925925927
0 0.08524788391777509 0.06898148148148148 0.036275695284159616 0.1287037037037037
0 0.05985489721886336 0.07685185185185185 0.030229746070133012 0.1259259259259259
0 0.1275695284159613 0.07037037037037037 0.037484885126964934 0.13333333333333333
0 0.15296251511487305 0.08703703703703704 0.030229746070133012 0.10740740740740741
0 0.14328899637243048 0.05555555555555555 0.037484885126964934 0.10925925925925926
0 0.17805320435308344 0.052314814814814814 0.035671100362756954 0.10277777777777777
0 0.23941958887545345 0.18425925925925926 0.03990326481257558 0.13148148148148148
0 0.28536880290205563 0.15416666666666667 0.041112454655380895 0.13425925925925927
0 0.22762998790810157 0.12268518518518519 0.02962515114873035 0.11203703703703703
0 0.31469165659008463 0.16944444444444445 0.039298669891172915 0.1537037037037037
0 0.24455864570737607 0.12037037037037036 0.03688029020556227 0.13333333333333333
0 0.2651148730350665 0.13935185185185187 0.03083434099153567 0.1287037037037037
0 0.2548367593712213 0.17407407407407408 0.024788391777509067 0.08703703703703704
0 0.5462515114873036 0.287962962962963 0.03688029020556227 0.14444444444444443
0 0.6871221281741233 0.3138888888888889 0.04171704957678356 0.1388888888888889
0 0.7067714631197098 0.28703703703703703 0.036275695284159616 0.13703703703703704
0 0.5281136638452237 0.23796296296296296 0.039298669891172915 0.12962962962962962
0 0.6030834340991535 0.19490740740740742 0.039298669891172915 0.12685185185185185
0 0.6523579201934704 0.18425925925925926 0.03506650544135429 0.1425925925925926
0 0.7357920193470375 0.20833333333333334 0.03869407496977025 0.13333333333333333
0 0.7376058041112454 0.15324074074074073 0.03990326481257558 0.13796296296296295
0 0.7091898428053204 0.1824074074074074 0.03385731559854897 0.13703703703703704
0 0.6807738814993954 0.1875 0.030229746070133012 0.125
0 0.7221886336154776 0.09861111111111111 0.03204353083434099 0.1175925925925926
0 0.6402660217654171 0.13935185185185187 0.04232164449818621 0.13240740740740742
0 0.6535671100362757 0.09907407407407408 0.041112454655380895 0.12777777777777777
0 0.6000604594921403 0.08935185185185185 0.03204353083434099 0.12685185185185185
0 0.5734582829504232 0.08425925925925926 0.034461910519951636 0.12407407407407407
0 0.5589480048367593 0.19537037037037036 0.039298669891172915 0.13148148148148148
0 0.4749093107617896 0.17175925925925925 0.04171704957678356 0.1398148148148148
0 0.4477025392986699 0.12777777777777777 0.03204353083434099 0.13518518518518519
0 0.5102781136638452 0.11527777777777778 0.037484885126964934 0.12685185185185185
0 0.5323458282950423 0.12962962962962962 0.035671100362756954 0.11481481481481481
0 0.5371825876662636 0.1162037037037037 0.03204353083434099 0.12685185185185185
0 0.4785368802902056 0.07546296296296297 0.03688029020556227 0.13425925925925927
0 0.5163240628778718 0.06111111111111111 0.036275695284159616 0.12037037037037036
0 0.36305925030229746 0.019444444444444445 0.02599758162031439 0.037037037037037035
0 0.3382708585247884 0.017592592592592594 0.02720677146311971 0.03333333333333333
0 0.9549576783555018 0.16712962962962963 0.03688029020556227 0.14537037037037037
0 0.24425634824667472 0.06481481481481481 0.02418379685610641 0.06481481481481481
0 0.9123337363966143 0.2300925925925926 0.030229746070133012 0.10277777777777777
0 0.8412938331318017 0.9833333333333333 0.03083434099153567 0.03518518518518519
0 0.8098548972188634 0.975925925925926 0.044135429262394194 0.05
0 0.5731559854897219 0.030555555555555555 0.03506650544135429 0.05925925925925926
0 0.35822249093107617 0.4861111111111111 0.039298669891172915 0.15185185185185185
0 0.26058041112454655 0.26481481481481484 0.03506650544135429 0.14074074074074075
0 0.13633615477629987 0.7430555555555556 0.047762998790810154 0.16203703703703703
0 0.013905683192261185 0.5597222222222222 0.026602176541717048 0.16574074074074074
0 0.13845223700120918 0.7097222222222223 0.049576783555018135 0.16018518518518518
0 0.8107617896009673 0.28888888888888886 0.04232164449818621 0.13518518518518519
0 0.8428053204353083 0.2828703703703704 0.032648125755743655 0.11018518518518519
0 0.24667472793228537 0.5967592592592592 0.049576783555018135 0.1675925925925926
0 0.21463119709794437 0.5791666666666667 0.041112454655380895 0.1712962962962963
0 0.3545949214026602 0.5800925925925926 0.034461910519951636 0.14722222222222223
0 0.21281741233373638 0.5097222222222222 0.044740024183796856 0.14907407407407408
0 0.1816807738814994 0.48703703703703705 0.039298669891172915 0.13703703703703704
0 0.18228536880290205 0.449537037037037 0.04050785973397823 0.14537037037037037
0 0.14207980652962515 0.4736111111111111 0.03990326481257558 0.14351851851851852
0 0.35761789600967353 0.15648148148148147 0.03204353083434099 0.12962962962962962
0 0.3811970979443773 0.15324074074074073 0.03204353083434099 0.13055555555555556
0 0.2708585247883918 0.3800925925925926 0.0471584038694075 0.14351851851851852
0 0.26118500604594924 0.4 0.037484885126964934 0.14074074074074075
0 0.1889359129383313 0.9087962962962963 0.0562273276904474 0.15648148148148147
0 0.29866989117291415 0.7125 0.04232164449818621 0.15092592592592594
0 0.4319830713422007 0.5615740740740741 0.03688029020556227 0.14351851851851852
0 0.34099153567110035 0.6324074074074074 0.041112454655380895 0.15925925925925927
0 0.342503022974607 0.6712962962962963 0.04171704957678356 0.1685185185185185
0 0.4135429262394196 0.6699074074074074 0.049576783555018135 0.14907407407407408
0 0.628174123337364 0.7101851851851851 0.04232164449818621 0.1574074074074074
0 0.4325876662636034 0.4638888888888889 0.034461910519951636 0.13703703703703704
0 0.42200725513905685 0.4375 0.03506650544135429 0.125
0 0.4144498186215236 0.5208333333333334 0.0380894800483676 0.1527777777777778
0 0.4241233373639661 0.4912037037037037 0.03083434099153567 0.14537037037037037
0 0.23186215235792018 0.5518518518518518 0.035671100362756954 0.1388888888888889
0 0.27267230955259975 0.5337962962962963 0.03990326481257558 0.16018518518518518
0 0.279322853688029 0.5810185185185185 0.03990326481257558 0.1675925925925926
0 0.5483675937122128 0.5509259259259259 0.04353083434099154 0.14629629629629629
0 0.2545344619105199 0.3384259259259259 0.04232164449818621 0.16203703703703703
0 0.5840386940749698 0.4393518518518518 0.03869407496977025 0.14351851851851852
0 0.28053204353083433 0.3351851851851852 0.04232164449818621 0.15185185185185185
0 0.39933494558645705 0.3875 0.04171704957678356 0.14166666666666666
0 0.3984280532043531 0.32916666666666666 0.03506650544135429 0.1287037037037037
0 0.47611850060459493 0.5009259259259259 0.034461910519951636 0.15185185185185185
0 0.2720677146311971 0.29583333333333334 0.037484885126964934 0.1398148148148148
0 0.7085852478839177 0.975462962962963 0.04232164449818621 0.049074074074074076
0 0.6801692865779927 0.9731481481481481 0.041112454655380895 0.05555555555555555
