0 0.9431680773881499 0.9532407407407407 0.04353083434099154 0.09537037037037037
0 0.966142684401451 0.9231481481481482 0.045949214026602174 0.14814814814814814
0 0.45163240628778717 0.9351851851851852 0.045949214026602174 0.13148148148148148
0 0.4860943168077388 0.9166666666666666 0.05441354292623942 0.15925925925925927
0 0.4207980652962515 0.9203703703703704 0.041112454655380895 0.16111111111111112
0 0.6961910519951633 0.7865740740740741 0.04897218863361548 0.1398148148148148
0 0.1003627569528416 0.8337962962962963 0.05199516324062878 0.1712962962962963
0 0.037484885126964934 0.586574074074074 0.04353083434099154 0.15462962962962962
0 0.016021765417170496 0.6106481481481482 0.03083434099153567 0.16018518518518518
0 0.524788391777509 0.36898148148148147 0.037484885126964934 0.14351851851851852
0 0.1444981862152358 0.48055555555555557 0.03385731559854897 0.1425925925925926
0 0.1133615477629988 0.49074074074074076 0.046553808948004836 0.14629629629629629
0 0.10822249093107618 0.22407407407407406 0.03990326481257558 0.13703703703703704
0 0.06015719467956469 0.2523148148148148 0.034461910519951636 0.14351851851851852
0 0.10610640870616687 0.275 0.044135429262394194 0.14074074074074075
0 0.1677750906892382 0.29444444444444445 0.044135429262394194 0.14629629629629629
0 0.2028415961305925 0.3013888888888889 0.04171704957678356 0.15462962962962962
0 0.5229746070133011 0.18564814814814815 0.037484885126964934 0.1398148148148148
0 0.0804111245465538 0.38287037037037036 0.04232164449818621 0.13425925925925927
0 0.06952841596130592 0.43472222222222223 0.049576783555018135 0.15462962962962962
0 0.1907496977025393 0.35509259259259257 0.03688029020556227 0.14907407407407408
0 0.13119709794437726 0.3587962962962963 0.032648125755743655 0.1398148148148148
0 0.5399032648125756 0.21898148148148147 0.04232164449818621 0.14907407407407408
0 0.5737605804111245 0.21157407407407408 0.032648125755743655 0.13240740740740742
0 0.6777509068923822 0.5120370370370371 0.04353083434099154 0.15185185185185185
0 0.7119105199516325 0.49907407407407406 0.044135429262394194 0.14444444444444443
0 0.42563482466747277 0.25092592592592594 0.037484885126964934 0.12407407407407407
0 0.42563482466747277 0.2740740740740741 0.02781136638452237 0.11296296296296296
0 0.47218863361547764 0.24351851851851852 0.02539298669891173 0.13518518518518519
0 0.49274486094316805 0.2601851851851852 0.03143893591293833 0.14814814814814814
0 0.5731559854897219 0.29953703703703705 0.037484885126964934 0.13425925925925927
0 0.6018742442563483 0.28425925925925927 0.04050785973397823 0.13148148148148148
0 0.6590084643288996 0.2898148148148148 0.03506650544135429 0.1425925925925926
0 0.6067110036275696 0.3560185185185185 0.039298669891172915 0.15462962962962962
0 0.45646916565900847 0.28564814814814815 0.032648125755743655 0.13240740740740742
0 0.7240024183796856 0.6578703703703703 0.04050785973397823 0.1675925925925926
0 0.7889963724304716 0.6277777777777778 0.04232164449818621 0.15185185185185185
0 0.778415961305925 0.575 0.03688029020556227 0.14074074074074075
0 0.9165659008464329 0.5592592592592592 0.03990326481257558 0.14629629629629629
0 0.8881499395405078 0.5328703703703703 0.0471584038694075 0.13796296296296295
0 0.654776299879081 0.6425925925925926 0.04353083434099154 0.16296296296296298
0 0.8597339782345829 0.4462962962962963 0.04232164449818621 0.1388888888888889
0 0.8240628778718259 0.4097222222222222 0.0471584038694075 0.13240740740740742
0 0.8821039903264812 0.4009259259259259 0.049576783555018135 0.1425925925925926
0 0.8035066505441354 0.4703703703703704 0.05078597339782346 0.14814814814814814
0 0.8095525997581621 0.4935185185185185 0.03990326481257558 0.13703703703703704
0 0.9924425634824667 0.34305555555555556 0.013905683192261185 0.12685185185185185
0 0.7617896009673518 0.46435185185185185 0.041112454655380895 0.14537037037037037
0 0.7194679564691656 0.41759259259259257 0.0471584038694075 0.15185185185185185
0 0.909310761789601 0.25462962962962965 0.032648125755743655 0.13518518518518519
0 0.9449818621523579 0.2828703703703704 0.04232164449818621 0.13796296296296295
0 0.9232164449818622 0.23796296296296296 0.030229746070133012 0.10555555555555556
0 0.9640266021765417 0.4949074074074074 0.04534461910519952 0.1527777777777778
0 0.8385731559854898 0.749537037037037 0.049576783555018135 0.1824074074074074
0 0.9737001209189843 0.44305555555555554 0.039298669891172915 0.14351851851851852
0 0.944074969770254 0.6648148148148149 0.047762998790810154 0.17777777777777778
0 0.8730350665054414 0.5763888888888888 0.07134220072551391 0.14907407407407408
0 0.8818016928657799 0.6171296296296296 0.04171704957678356 0.14166666666666666
0 0.466142684401451 0.02546296296296296 0.036275695284159616 0.049074074074074076
0 0.29474002418379686 0.03888888888888889 0.04050785973397823 0.07592592592592592
0 0.5199516324062878 0.037037037037037035 0.036275695284159616 0.07222222222222222
0 0.6076178960096735 0.046296296296296294 0.032648125755743655 0.09074074074074075
0 0.5535066505441354 0.018055555555555554 0.022370012091898428 0.03425925925925926
0 0.6789600967351874 0.046296296296296294 0.02781136638452237 0.08703703703703704
0 0.7034461910519951 0.047685185185185185 0.03204353083434099 0.09351851851851851
0 0.9800483675937122 0.044444444444444446 0.02902055622732769 0.08703703703703704
0 0.9522370012091899 0.034722222222222224 0.03143893591293833 0.06759259259259259
0 0.9159613059250302 0.07314814814814814 0.02539298669891173 0.08518518518518518
0 0.9337968561064087 0.06851851851851852 0.028415961305925032 0.10925925925925926
0 0.9516324062877872 0.07175925925925926 0.032648125755743655 0.10462962962962963
0 0.9718863361547763 0.060648148148148145 0.03204353083434099 0.09907407407407408
0 0.9347037484885127 0.09722222222222222 0.04232164449818621 0.11851851851851852
0 0.9691656590084643 0.12777777777777777 0.030229746070133012 0.12407407407407407
0 0.9836759371221282 0.09953703703703703 0.03143893591293833 0.12685185185185185
0 0.9570737605804112 0.18472222222222223 0.03506650544135429 0.12129629629629629
0 0.9891172914147521 0.2175925925925926 0.020556227327690448 0.13518518518518519
0 0.9640266021765417 0.24074074074074073 0.034461910519951636 0.13148148148148148
0 0.9764207980652962 0.2800925925925926 0.03869407496977025 0.13240740740740742
0 0.6339177750906893 0.029166666666666667 0.03204353083434099 0.05648148148148148
0 0.6553808948004837 0.028703703703703703 0.030229746070133012 0.05555555555555555
0 0.5160217654171705 0.056018518518518516 0.02962515114873035 0.10833333333333334
0 0.5036275695284159 0.05462962962962963 0.03506650544135429 0.10740740740740741
0 0.6248488512696493 0.06851851851851852 0.034461910519951636 0.11851851851851852
0 0.5937122128174124 0.07546296296296297 0.032648125755743655 0.125
0 0.6505441354292624 0.11574074074074074 0.032648125755743655 0.11481481481481481
0 0.6608222490931076 0.1300925925925926 0.02781136638452237 0.10462962962962963
0 0.6874244256348246 0.12268518518518519 0.03506650544135429 0.1287037037037037
0 0.6463119709794438 0.17314814814814813 0.037484885126964934 0.12222222222222222
0 0.682285368802902 0.17731481481481481 0.02962515114873035 0.11574074074074074
0 0.8606408706166868 0.21064814814814814 0.039298669891172915 0.12685185185185185
0 0.4207980652962515 0.07962962962962963 0.032648125755743655 0.12407407407407407
0 0.4588875453446191 0.07824074074074074 0.030229746070133012 0.12129629629629629
0 0.5435308343409916 0.10740740740740741 0.03385731559854897 0.12962962962962962
0 0.4915356711003628 0.10601851851851851 0.03385731559854897 0.1175925925925926
0 0.37061668681983073 0.1175925925925926 0.032648125755743655 0.13148148148148148
0 0.4062877871825877 0.13194444444444445 0.030229746070133012 0.13240740740740742
0 0.4183796856106409 0.16527777777777777 0.022974607013301087 0.09351851851851851
0 0.6390568319226119 0.2726851851851852 0.03143893591293833 0.13796296296296295
0 0.13059250302297462 0.1310185185185185 0.02902055622732769 0.1175925925925926
0 0.10308343409915356 0.15092592592592594 0.03204353083434099 0.11296296296296296
0 0.13029020556227328 0.15138888888888888 0.034461910519951636 0.1287037037037037
0 0.17200725513905682 0.1574074074074074 0.034461910519951636 0.13518518518518519
0 0.1354292623941959 0.2212962962962963 0.030229746070133012 0.13148148148148148
0 0.04383313180169287 0.0824074074074074 0.039298669891172915 0.11851851851851852
0 0.012998790810157194 0.15 0.024788391777509067 0.1388888888888889
0 0.04836759371221282 0.12129629629629629 0.03869407496977025 0.12037037037037036
0 0.02599758162031439 0.18981481481481483 0.030229746070133012 0.09814814814814815
0 0.04353083434099154 0.15925925925925927 0.03506650544135429 0.14074074074074075
0 0.09522370012091898 0.27546296296296297 0.02962515114873035 0.10462962962962963
0 0.08464328899637243 0.20879629629629629 0.026602176541717048 0.0824074074074074
0 0.723397823458283 0.03333333333333333 0.03688029020556227 0.06481481481481481
0 0.5876662636033857 0.04259259259259259 0.037484885126964934 0.08333333333333333
0 0.23609431680773882 0.5916666666666667 0.03325272067714631 0.15555555555555556
0 0.2400241837968561 0.5560185185185185 0.03506650544135429 0.1398148148148148
0 0.1605199516324063 0.5791666666666667 0.042926239419588876 0.13796296296296295
0 0.20525997581620314 0.5879629629629629 0.039298669891172915 0.15
0 0.2158403869407497 0.5370370370370371 0.0471584038694075 0.15185185185185185
0 0.16505441354292624 0.5467592592592593 0.04232164449818621 0.13796296296296295
0 0.6457073760580411 0.512962962962963 0.03385731559854897 0.14814814814814814
0 0.3987303506650544 0.23425925925925925 0.03204353083434099 0.12407407407407407
0 0.42321644498186217 0.23472222222222222 0.02781136638452237 0.12685185185185185
0 0.6160822249093107 0.5023148148148148 0.030229746070133012 0.14351851851851852
0 0.022370012091898428 0.9467592592592593 0.04353083434099154 0.10833333333333334
0 0.13059250302297462 0.9708333333333333 0.041112454655380895 0.06018518518518518
0 0.16293833131801694 0.9273148148148148 0.05380894800483676 0.14722222222222223
0 0.17714631197097944 0.9574074074074074 0.04836759371221282 0.08703703703703704
0 0.10580411124546554 0.9439814814814815 0.04353083434099154 0.11388888888888889
0 0.06590084643288996 0.9384259259259259 0.053204353083434096 0.125
0 0.23337363966142685 0.9041666666666667 0.0471584038694075 0.18055555555555555
0 0.13603385731559856 0.8476851851851852 0.0471584038694075 0.16574074074074074
0 0.7663240628778718 0.6712962962962963 0.039298669891172915 0.13703703703703704
0 0.7515114873035067 0.9449074074074074 0.026602176541717048 0.10462962962962963
0 0.7379081015719468 0.9027777777777778 0.05259975816203144 0.16296296296296298
0 0.8467351874244257 0.4791666666666667 0.039298669891172915 0.1398148148148148
0 0.7291414752116082 0.6333333333333333 0.037484885126964934 0.13703703703703704
0 0.7267230955259976 0.375 0.04232164449818621 0.11851851851851852
0 0.7738814993954051 0.3736111111111111 0.03990326481257558 0.13796296296296295
0 0.7929262394195888 0.8532407407407407 0.044135429262394194 0.16203703703703703
0 0.28234582829504234 0.37222222222222223 0.03990326481257558 0.13703703703703704
0 0.26451027811366384 0.37175925925925923 0.034461910519951636 0.1287037037037037
0 0.558645707376058 0.49537037037037035 0.032648125755743655 0.12407407407407407
0 0.25634824667472794 0.9703703703703703 0.044740024183796856 0.06111111111111111
0 0.5066505441354293 0.8134259259259259 0.05199516324062878 0.1824074074074074
0 0.4492140266021765 0.8643518518518518 0.0471584038694075 0.16203703703703703
0 0.5405078597339782 0.5939814814814814 0.037484885126964934 0.15462962962962962
0 0.6061064087061668 0.6541666666666667 0.04897218863361548 0.1527777777777778
0 0.3382708585247884 0.7842592592592592 0.044135429262394194 0.16296296296296298
0 0.5598548972188634 0.5162037037037037 0.041112454655380895 0.13796296296296295
0 0.5402055622732769 0.5032407407407408 0.024788391777509067 0.09907407407407408
0 0.5755743651753326 0.6027777777777777 0.03990326481257558 0.1574074074074074
0 0.499093107617896 0.8537037037037037 0.04897218863361548 0.1925925925925926
0 0.3585247883917775 0.4740740740740741 0.036275695284159616 0.14074074074074075
0 0.29866989117291415 0.5092592592592593 0.037484885126964934 0.15925925925925927
0 0.37968561064087064 0.38657407407407407 0.03385731559854897 0.14722222222222223
0 0.4957678355501814 0.42685185185185187 0.03143893591293833 0.13148148148148148
0 0.40024183796856105 0.7648148148148148 0.05199516324062878 0.15185185185185185
0 0.4238210399032648 0.7453703703703703 0.04232164449818621 0.1537037037037037
0 0.3766626360338573 0.7351851851851852 0.04232164449818621 0.17592592592592593
0 0.23186215235792018 0.2125 0.039298669891172915 0.14166666666666666
0 0.17140266021765418 0.12314814814814815 0.02720677146311971 0.11296296296296296
0 0.1949818621523579 0.12037037037037036 0.03204353083434099 0.12962962962962962
0 0.006952841596130592 0.9074074074074074 0.012696493349455865 0.17407407407407408
0 0.005139056831922612 0.20925925925925926 0.009068923821039904 0.12037037037037036
0 0.19226118500604594 0.22592592592592592 0.03385731559854897 0.14074074074074075
0 0.5592503022974608 0.6782407407407407 0.04353083434099154 0.15462962962962962
0 0.28869407496977023 0.7087962962962963 0.039298669891172915 0.1787037037037037
0 0.33796856106408707 0.6824074074074075 0.036275695284159616 0.1685185185185185
0 0.6831922611850061 0.6939814814814815 0.0471584038694075 0.14351851851851852
0 0.2663240628778718 0.4546296296296296 0.034461910519951636 0.14074074074074075
0 0.4818621523579202 0.5328703703703703 0.032648125755743655 0.13240740740740742
0 0.4746070133010883 0.5046296296296297 0.0471584038694075 0.12962962962962962
0 0.3715235792019347 0.362962962962963 0.039298669891172915 0.1425925925925926
0 0.32799274486094315 0.5685185185185185 0.03688029020556227 0.1425925925925926
0 0.47339782345828296 0.3990740740740741 0.030229746070133012 0.14074074074074075
0 0.5114873035066505 0.3888888888888889 0.03143893591293833 0.14629629629629629
0 0.4458887545344619 0.5615740740740741 0.039298669891172915 0.15462962962962962
0 0.17110036275695284 0.21666666666666667 0.02781136638452237 0.11851851851851852
0 0.7693470374848851 0.8578703703703704 0.042926239419588876 0.16203703703703703
0 0.47158403869407495 0.44814814814814813 0.02902055622732769 0.11851851851851852
0 0.4616082224909311 0.350462962962963 0.04171704957678356 0.14907407407407408
