0 0.5072916666666667 0.42916666666666664 0.041666666666666664 0.1527777777777778
0 0.45078125 0.3111111111111111 0.0390625 0.12777777777777777
0 0.43463541666666666 0.33055555555555555 0.03177083333333333 0.13518518518518519
0 0.5619791666666667 0.537962962962963 0.04479166666666667 0.20185185185185187
0 0.49270833333333336 0.32083333333333336 0.028125 0.1175925925925926
0 0.534375 0.3925925925925926 0.051041666666666666 0.1574074074074074
0 0.3729166666666667 0.300462962962963 0.026041666666666668 0.11574074074074074
0 0.4609375 0.3861111111111111 0.035416666666666666 0.1685185185185185
0 0.1109375 0.5601851851851852 0.03958333333333333 0.1962962962962963
0 0.6278645833333333 0.3611111111111111 0.03177083333333333 0.13518518518518519
0 0.5895833333333333 0.35648148148148145 0.03229166666666667 0.13518518518518519
0 0.4703125 0.39537037037037037 0.04583333333333333 0.16666666666666666
0 0.2234375 0.44907407407407407 0.052083333333333336 0.1814814814814815
0 0.1734375 0.42962962962962964 0.05625 0.17962962962962964
0 0.033854166666666664 0.9657407407407408 0.06458333333333334 0.06851851851851852
0 0.1859375 0.8796296296296297 0.07916666666666666 0.2388888888888889
0 0.21171875 0.875 0.05677083333333333 0.2518518518518518
0 0.30182291666666666 0.9277777777777778 0.0578125 0.1425925925925926
0 0.16328125 0.812962962962963 0.0703125 0.3333333333333333
0 0.24791666666666667 0.6365740740740741 0.053125 0.22870370370370371
0 0.35208333333333336 0.687037037037037 0.06458333333333334 0.2833333333333333
0 0.3072916666666667 0.5930555555555556 0.04791666666666667 0.20092592592592592
0 0.35442708333333334 0.5944444444444444 0.05260416666666667 0.1814814814814815
0 0.75859375 0.5314814814814814 0.0578125 0.19814814814814816
0 0.23854166666666668 0.49444444444444446 0.03958333333333333 0.1962962962962963
0 0.2630208333333333 0.5777777777777777 0.040625 0.2
0 0.7989583333333333 0.48564814814814816 0.034375 0.14722222222222223
0 0.8359375 0.4949074074074074 0.05 0.19907407407407407
0 0.5190104166666667 0.44166666666666665 0.0421875 0.17037037037037037
0 0.7580729166666667 0.4546296296296296 0.04635416666666667 0.18703703703703703
0 0.6130208333333333 0.48148148148148145 0.03333333333333333 0.18703703703703703
0 0.5921875 0.4828703703703704 0.046875 0.20092592592592592
0 0.7075520833333333 0.43472222222222223 0.033854166666666664 0.1675925925925926
0 0.5234375 0.32314814814814813 0.028125 0.14074074074074075
0 0.5419270833333333 0.31203703703703706 0.03177083333333333 0.13703703703703704
0 0.31276041666666665 0.38796296296296295 0.0390625 0.1814814814814815
0 0.32447916666666665 0.9523148148148148 0.058333333333333334 0.09722222222222222
0 0.37135416666666665 0.39166666666666666 0.034375 0.15185185185185185
0 0.3859375 0.3560185185185185 0.03229166666666667 0.15092592592592594
0 0.3455729166666667 0.35833333333333334 0.043229166666666666 0.16111111111111112
0 0.42135416666666664 0.3476851851851852 0.034375 0.14907407407407408
0 0.8125 0.5277777777777778 0.053125 0.1925925925925926
