0 0.9305200341005968 0.9221590909090909 0.05200341005967604 0.14204545454545456
0 0.22634271099744246 0.80625 0.041773231031543054 0.14204545454545456
0 0.8128729752770674 0.2596590909090909 0.041773231031543054 0.10113636363636364
0 0.7340153452685422 0.5732954545454545 0.04092071611253197 0.12613636363636363
0 0.21398124467178176 0.38920454545454547 0.03751065643648764 0.10568181818181818
0 0.1888320545609548 0.36818181818181817 0.03324808184143223 0.10681818181818181
0 0.13554987212276215 0.3431818181818182 0.03580562659846547 0.11136363636363636
0 0.10912190963341858 0.3375 0.03239556692242114 0.11136363636363636
0 0.5430520034100597 0.42159090909090907 0.042625745950554135 0.12045454545454545
0 0.3167092924126172 0.30454545454545456 0.03495311167945439 0.11136363636363636
0 0.09249786871270248 0.23863636363636365 0.029838022165387893 0.09318181818181819
0 0.13768115942028986 0.22840909090909092 0.03324808184143223 0.10681818181818181
0 0.26982097186700765 0.23920454545454545 0.03324808184143223 0.11477272727272728
0 0.3103154305200341 0.2278409090909091 0.03751065643648764 0.10113636363636364
0 0.3512361466325661 0.22954545454545455 0.03410059676044331 0.10227272727272728
0 0.3793691389599318 0.25795454545454544 0.030690537084398978 0.09772727272727273
0 0.4676044330775789 0.3340909090909091 0.03324808184143223 0.1159090909090909
0 0.49701619778346123 0.32784090909090907 0.03751065643648764 0.1125
0 0.49914748508098894 0.23977272727272728 0.03665814151747655 0.10227272727272728
0 0.30988917306052854 0.17272727272727273 0.029838022165387893 0.09772727272727273
0 0.4424552429667519 0.16761363636363635 0.03239556692242114 0.10340909090909091
0 0.40664961636828645 0.16875 0.027280477408354646 0.10113636363636364
0 0.29411764705882354 0.06477272727272727 0.028985507246376812 0.08409090909090909
0 0.8022165387894288 0.10568181818181818 0.03239556692242114 0.09318181818181819
0 0.829923273657289 0.11931818181818182 0.028132992327365727 0.09772727272727273
0 0.8580562659846548 0.2318181818181818 0.03324808184143223 0.10227272727272728
0 0.8248081841432225 0.2340909090909091 0.03324808184143223 0.08863636363636364
0 0.5490196078431373 0.07613636363636364 0.03580562659846547 0.10454545454545454
0 0.8341858482523444 0.27897727272727274 0.03324808184143223 0.09659090909090909
0 0.7885763000852515 0.3795454545454545 0.0443307757885763 0.10681818181818181
0 0.016624040920716114 0.15681818181818183 0.03154305200341006 0.09772727272727273
0 0.8231031543052003 0.7045454545454546 0.05200341005967604 0.14772727272727273
0 0.8930093776641091 0.696590909090909 0.04859335038363171 0.15454545454545454
0 0.8056265984654731 0.7784090909090909 0.0443307757885763 0.1340909090909091
0 0.7459505541346974 0.7875 0.0392156862745098 0.13863636363636364
0 0.19522591645353793 0.8142045454545455 0.0392156862745098 0.10113636363636364
0 0.5008525149190111 0.5994318181818182 0.041773231031543054 0.13068181818181818
0 0.24552429667519182 0.38920454545454547 0.03580562659846547 0.10568181818181818
0 0.3959931798806479 0.32727272727272727 0.03324808184143223 0.11136363636363636
0 0.782608695652174 0.5295454545454545 0.042625745950554135 0.125
0 0.5302642796248934 0.5897727272727272 0.04603580562659847 0.1318181818181818
0 0.5234441602728048 0.43636363636363634 0.0392156862745098 0.12045454545454545
0 0.7455242966751918 0.4238636363636364 0.029838022165387893 0.09772727272727273
0 0.7455242966751918 0.3715909090909091 0.03324808184143223 0.1159090909090909
0 0.6862745098039216 0.3528409090909091 0.028985507246376812 0.11022727272727273
0 0.7318840579710145 0.44545454545454544 0.041773231031543054 0.12045454545454545
0 0.8090366581415175 0.2818181818181818 0.028985507246376812 0.09772727272727273
0 0.7838874680306905 0.23522727272727273 0.03324808184143223 0.10681818181818181
0 0.8005115089514067 0.23238636363636364 0.028985507246376812 0.09431818181818181
0 0.9701619778346121 0.035227272727272725 0.028985507246376812 0.06818181818181818
0 0.32651321398124467 0.06363636363636363 0.023870417732310314 0.08863636363636364
0 0.3069053708439898 0.07272727272727272 0.023870417732310314 0.08409090909090909
0 0.2928388746803069 0.03068181818181818 0.023017902813299233 0.05909090909090909
0 0.3218243819266837 0.028977272727272727 0.0247229326513214 0.05568181818181818
0 0.38192668371696503 0.042045454545454546 0.02557544757033248 0.07954545454545454
0 0.39641943734015345 0.0625 0.02557544757033248 0.09772727272727273
0 0.42455242966751916 0.075 0.02557544757033248 0.08409090909090909
0 0.45865302642796246 0.07784090909090909 0.03239556692242114 0.0875
0 0.5051150895140665 0.07045454545454545 0.028132992327365727 0.09090909090909091
0 0.473998294970162 0.07727272727272727 0.02557544757033248 0.07272727272727272
0 0.443307757885763 0.028409090909090908 0.028985507246376812 0.05454545454545454
0 0.3452685421994885 0.028409090909090908 0.02557544757033248 0.05454545454545454
0 0.4057971014492754 0.028409090909090908 0.028985507246376812 0.05454545454545454
0 0.5750213128729753 0.06818181818181818 0.03154305200341006 0.09090909090909091
0 0.5784313725490197 0.03125 0.028132992327365727 0.060227272727272727
0 0.5004262574595055 0.05 0.028985507246376812 0.075
0 0.3742540494458653 0.33238636363636365 0.03751065643648764 0.11022727272727273
0 0.5515771526001705 0.6914772727272728 0.05285592497868713 0.14204545454545456
0 0.4518329070758738 0.7147727272727272 0.042625745950554135 0.14545454545454545
0 0.46547314578005117 0.6318181818181818 0.04603580562659847 0.13863636363636364
0 0.5439045183290707 0.7221590909090909 0.05115089514066496 0.13522727272727272
0 0.4833759590792839 0.7352272727272727 0.05115089514066496 0.1590909090909091
0 0.5098039215686274 0.7551136363636364 0.042625745950554135 0.09431818181818181
0 0.2847399829497016 0.6948863636363637 0.0494458653026428 0.15568181818181817
0 0.3111679454390452 0.7073863636363636 0.042625745950554135 0.14431818181818182
0 0.5788576300085252 0.7102272727272727 0.05115089514066496 0.15
0 0.309462915601023 0.6289772727272728 0.0443307757885763 0.1215909090909091
0 0.4556692242114237 0.53125 0.045183290707587385 0.13068181818181818
0 0.0443307757885763 0.39204545454545453 0.04092071611253197 0.125
0 0.01278772378516624 0.3926136363636364 0.023870417732310314 0.11704545454545455
0 0.12148337595907928 0.2806818181818182 0.03665814151747655 0.09318181818181819
0 0.12531969309462915 0.5136363636363637 0.04603580562659847 0.1318181818181818
0 0.3052003410059676 0.38181818181818183 0.03751065643648764 0.1159090909090909
0 0.32651321398124467 0.375 0.028985507246376812 0.12045454545454545
0 0.36871270247229326 0.3840909090909091 0.03495311167945439 0.11136363636363636
0 0.2041773231031543 0.5994318181818182 0.03836317135549872 0.12386363636363637
0 0.49445865302642794 0.5306818181818181 0.03751065643648764 0.125
0 0.1969309462915601 0.21818181818181817 0.03239556692242114 0.10227272727272728
0 0.427536231884058 0.41875 0.03836317135549872 0.10340909090909091
0 0.41901108269394716 0.30568181818181817 0.03665814151747655 0.09772727272727273
0 0.2195225916453538 0.225 0.028132992327365727 0.10227272727272728
0 0.1555839727195226 0.522159090909091 0.03836317135549872 0.1215909090909091
0 0.22208013640238705 0.5857954545454546 0.04859335038363171 0.14204545454545456
0 0.8231031543052003 0.5335227272727273 0.04859335038363171 0.12386363636363637
0 0.1526001705029838 0.275 0.028985507246376812 0.09090909090909091
0 0.3533674339300938 0.3125 0.03154305200341006 0.09772727272727273
0 0.6257459505541347 0.9664772727272727 0.04092071611253197 0.06931818181818182
0 0.1517476555839727 0.9795454545454545 0.04092071611253197 0.038636363636363635
0 0.5843989769820972 0.9755681818181818 0.03495311167945439 0.05113636363636364
0 0.613384484228474 0.9289772727272727 0.045183290707587385 0.13295454545454546
0 0.6547314578005116 0.9301136363636363 0.042625745950554135 0.12840909090909092
0 0.407075873827792 0.40625 0.03665814151747655 0.12613636363636363
0 0.36231884057971014 0.04659090909090909 0.020460358056265986 0.07727272727272727
0 0.8444160272804774 0.8568181818181818 0.041773231031543054 0.13863636363636364
