0 0.13880208333333333 0.8018518518518518 0.07447916666666667 0.30185185185185187
0 0.31640625 0.8231481481481482 0.050520833333333334 0.25925925925925924
0 0.2578125 0.7842592592592592 0.071875 0.29814814814814816
0 0.18802083333333333 0.749537037037037 0.06145833333333333 0.2824074074074074
0 0.6768229166666667 0.7583333333333333 0.06510416666666667 0.27037037037037037
0 0.6153645833333333 0.7620370370370371 0.05677083333333333 0.2851851851851852
0 0.340625 0.6305555555555555 0.04791666666666667 0.23333333333333334
0 0.20052083333333334 0.6212962962962963 0.04791666666666667 0.1962962962962963
0 0.7833333333333333 0.48518518518518516 0.058333333333333334 0.19074074074074074
0 0.2598958333333333 0.6055555555555555 0.058333333333333334 0.21296296296296297
0 0.540625 0.46620370370370373 0.03958333333333333 0.1935185185185185
0 0.11432291666666666 0.7425925925925926 0.06510416666666667 0.29814814814814816
0 0.6973958333333333 0.4875 0.046875 0.18796296296296297
0 0.74765625 0.5074074074074074 0.058854166666666666 0.21296296296296297
0 0.7033854166666667 0.5208333333333334 0.04635416666666667 0.18611111111111112
0 0.49895833333333334 0.3814814814814815 0.036458333333333336 0.16296296296296298
0 0.4708333333333333 0.39444444444444443 0.029166666666666667 0.14629629629629629
0 0.32890625 0.39490740740740743 0.033854166666666664 0.17314814814814813
0 0.4578125 0.4361111111111111 0.0375 0.13703703703703704
0 0.44479166666666664 0.3458333333333333 0.029166666666666667 0.13425925925925927
0 0.7794270833333333 0.26805555555555555 0.027604166666666666 0.10648148148148148
0 0.58515625 0.5370370370370371 0.04739583333333333 0.2351851851851852
0 0.5091145833333334 0.5393518518518519 0.044270833333333336 0.2212962962962963
0 0.48671875 0.5879629629629629 0.05572916666666667 0.2037037037037037
0 0.38333333333333336 0.5884259259259259 0.057291666666666664 0.22870370370370371
0 0.30130208333333336 0.5763888888888888 0.05572916666666667 0.2175925925925926
0 0.2825520833333333 0.5555555555555556 0.04635416666666667 0.22592592592592592
0 0.33203125 0.5046296296296297 0.0328125 0.18703703703703703
0 0.37395833333333334 0.5009259259259259 0.042708333333333334 0.1925925925925926
0 0.5322916666666667 0.49166666666666664 0.0375 0.17962962962962964
0 0.31744791666666666 0.47314814814814815 0.04010416666666667 0.1648148148148148
0 0.17708333333333334 0.4273148148148148 0.042708333333333334 0.1675925925925926
0 0.428125 0.45046296296296295 0.036458333333333336 0.1712962962962963
0 0.559375 0.4962962962962963 0.040625 0.19814814814814816
0 0.47630208333333335 0.44722222222222224 0.0421875 0.1574074074074074
0 0.41901041666666666 0.39814814814814814 0.03802083333333333 0.1685185185185185
0 0.44869791666666664 0.4023148148148148 0.033854166666666664 0.15833333333333333
0 0.41328125 0.37453703703703706 0.033854166666666664 0.1712962962962963
0 0.5229166666666667 0.33796296296296297 0.028125 0.13518518518518519
0 0.4549479166666667 0.36944444444444446 0.027604166666666666 0.13333333333333333
0 0.39479166666666665 0.4009259259259259 0.027083333333333334 0.15185185185185185
0 0.3692708333333333 0.3939814814814815 0.036458333333333336 0.15462962962962962
0 0.35625 0.3819444444444444 0.03125 0.15092592592592594
0 0.12552083333333333 0.5513888888888889 0.035416666666666666 0.1935185185185185
0 0.47760416666666666 0.3648148148148148 0.03333333333333333 0.15925925925925927
0 0.5111979166666667 0.36018518518518516 0.03177083333333333 0.13703703703703704
0 0.30572916666666666 0.38796296296296295 0.028125 0.14444444444444443
0 0.37786458333333334 0.3458333333333333 0.0359375 0.1398148148148148
0 0.18229166666666666 0.5717592592592593 0.0625 0.23425925925925925
0 0.8020833333333334 0.4703703703703704 0.06041666666666667 0.18888888888888888
0 0.37578125 0.27685185185185185 0.03177083333333333 0.13148148148148148
0 0.26927083333333335 0.41388888888888886 0.03958333333333333 0.1648148148148148
0 0.5497395833333333 0.3597222222222222 0.0296875 0.13796296296296295
0 0.49947916666666664 0.3472222222222222 0.029166666666666667 0.14629629629629629
0 0.46536458333333336 0.28055555555555556 0.03177083333333333 0.12407407407407407
0 0.48515625 0.27870370370370373 0.0296875 0.12037037037037036
0 0.46796875 0.262037037037037 0.0234375 0.10925925925925926
0 0.5796875 0.3537037037037037 0.03333333333333333 0.1574074074074074
0 0.59375 0.3541666666666667 0.0375 0.1675925925925926
0 0.43776041666666665 0.24212962962962964 0.022395833333333334 0.10462962962962963
0 0.4986979166666667 0.30694444444444446 0.021354166666666667 0.08796296296296297
0 0.7830729166666667 0.3638888888888889 0.0296875 0.1685185185185185
0 0.5255208333333333 0.2652777777777778 0.027083333333333334 0.10462962962962963
0 0.5390625 0.3578703703703704 0.034375 0.12129629629629629
