0 0.5244860943168077 0.500462962962963 0.03688029020556227 0.1398148148148148
0 0.5519951632406288 0.49444444444444446 0.03385731559854897 0.13148148148148148
0 0.5704353083434099 0.6648148148148149 0.051390568319226115 0.1685185185185185
0 0.5474607013301088 0.7074074074074074 0.0380894800483676 0.15555555555555556
0 0.5876662636033857 0.6212962962962963 0.03869407496977025 0.14629629629629629
0 0.5828295042321644 0.49583333333333335 0.0471584038694075 0.16574074074074074
0 0.4501209189842805 0.30833333333333335 0.04171704957678356 0.17037037037037037
0 0.6112454655380894 0.6657407407407407 0.03990326481257558 0.16296296296296298
0 0.6148730350665055 0.6435185185185185 0.03869407496977025 0.14629629629629629
0 0.5831318016928658 0.7393518518518518 0.044135429262394194 0.15092592592592594
0 0.5529020556227328 0.6046296296296296 0.044135429262394194 0.1537037037037037
0 0.5114873035066505 0.7731481481481481 0.049576783555018135 0.17962962962962964
0 0.28657799274486095 0.9115740740740741 0.05804111245465538 0.1712962962962963
0 0.6124546553808948 0.6893518518518519 0.03990326481257558 0.14351851851851852
0 0.37515114873035066 0.7870370370370371 0.04534461910519952 0.1648148148148148
0 0.6650544135429263 0.7574074074074074 0.053204353083434096 0.1685185185185185
0 0.4718863361547763 0.33101851851851855 0.044135429262394194 0.15648148148148147
0 0.691354292623942 0.5787037037037037 0.0562273276904474 0.17592592592592593
0 0.8062273276904474 0.9685185185185186 0.047762998790810154 0.06481481481481481
0 0.8431076178960096 0.9773148148148149 0.035671100362756954 0.04722222222222222
0 0.6284764207980653 0.7550925925925925 0.039298669891172915 0.15462962962962962
0 0.4957678355501814 0.7472222222222222 0.05441354292623942 0.16666666666666666
0 0.8639661426844014 0.8925925925925926 0.05078597339782346 0.1648148148148148
0 0.6596130592503023 0.637962962962963 0.044740024183796856 0.1574074074074074
0 0.6233373639661427 0.5587962962962963 0.0471584038694075 0.1712962962962963
0 0.4165659008464329 0.7949074074074074 0.049576783555018135 0.1787037037037037
0 0.5314389359129383 0.6847222222222222 0.03143893591293833 0.12685185185185185
0 0.5238814993954051 0.5962962962962963 0.039298669891172915 0.15185185185185185
0 0.8264812575574365 0.8935185185185185 0.044740024183796856 0.12962962962962962
0 0.05501813784764208 0.8532407407407407 0.05441354292623942 0.1712962962962963
0 0.08948004836759371 0.8337962962962963 0.05078597339782346 0.18611111111111112
0 0.6018742442563483 0.31296296296296294 0.039298669891172915 0.12962962962962962
0 0.6384522370012092 0.28935185185185186 0.03385731559854897 0.12129629629629629
0 0.009371221281741234 0.26296296296296295 0.017533252720677146 0.15185185185185185
0 0.08162031438935913 0.5268518518518519 0.049576783555018135 0.17407407407407408
0 0.03355501813784764 0.28379629629629627 0.039298669891172915 0.13425925925925927
0 0.6662636033857315 0.4263888888888889 0.0471584038694075 0.14907407407407408
0 0.5695284159613059 0.24953703703703703 0.044740024183796856 0.14537037037037037
0 0.439540507859734 0.3685185185185185 0.044740024183796856 0.15185185185185185
0 0.6239419588875453 0.38981481481481484 0.03869407496977025 0.1574074074074074
0 0.6668681983071342 0.37824074074074077 0.03869407496977025 0.16018518518518518
0 0.5628778718258767 0.3611111111111111 0.037484885126964934 0.15185185185185185
0 0.591596130592503 0.37222222222222223 0.0380894800483676 0.13518518518518519
0 0.48941958887545345 0.2388888888888889 0.03204353083434099 0.12407407407407407
0 0.7515114873035067 0.4722222222222222 0.05078597339782346 0.17592592592592593
0 0.783857315598549 0.4685185185185185 0.04171704957678356 0.1685185185185185
0 0.48941958887545345 0.27037037037037037 0.03204353083434099 0.13518518518518519
0 0.4987908101571947 0.324537037037037 0.04232164449818621 0.1638888888888889
0 0.5305320435308344 0.3189814814814815 0.03688029020556227 0.13796296296296295
0 0.5187424425634825 0.39537037037037037 0.03869407496977025 0.14074074074074075
0 0.5525997581620314 0.4074074074074074 0.03990326481257558 0.13333333333333333
0 0.6061064087061668 0.45 0.046553808948004836 0.1648148148148148
0 0.629081015719468 0.4740740740740741 0.039298669891172915 0.14074074074074075
0 0.658403869407497 0.47175925925925927 0.04232164449818621 0.14351851851851852
0 0.8854292623941958 0.5736111111111111 0.051390568319226115 0.16944444444444445
0 0.6907496977025392 0.4888888888888889 0.044135429262394194 0.14629629629629629
0 0.6127569528415961 0.9564814814814815 0.04171704957678356 0.08888888888888889
0 0.6438935912938332 0.9407407407407408 0.04836759371221282 0.11851851851851852
0 0.6977025392986699 0.6541666666666667 0.03990326481257558 0.16018518518518518
0 0.7599758162031439 0.6703703703703704 0.04836759371221282 0.1685185185185185
0 0.6402660217654171 0.5953703703703703 0.03990326481257558 0.16296296296296298
0 0.9891172914147521 0.425462962962963 0.020556227327690448 0.1527777777777778
0 0.9619105199516325 0.43287037037037035 0.04232164449818621 0.1287037037037037
0 0.9788391777509069 0.8449074074074074 0.041112454655380895 0.1787037037037037
0 0.7950423216444982 0.34629629629629627 0.03990326481257558 0.13703703703703704
0 0.8301088270858524 0.35555555555555557 0.03506650544135429 0.12407407407407407
0 0.93863361547763 0.8550925925925926 0.06106408706166868 0.15462962962962962
0 0.8494558645707376 0.7532407407407408 0.049576783555018135 0.15833333333333333
0 0.8068319226118501 0.7564814814814815 0.05380894800483676 0.18703703703703703
0 0.8476420798065296 0.3194444444444444 0.04232164449818621 0.14629629629629629
0 0.879081015719468 0.32546296296296295 0.037484885126964934 0.12685185185185185
0 0.9117291414752116 0.26666666666666666 0.04232164449818621 0.13703703703703704
0 0.6318016928657799 0.2212962962962963 0.044740024183796856 0.15185185185185185
0 0.6045949214026602 0.2324074074074074 0.03990326481257558 0.12222222222222222
0 0.869105199516324 0.34953703703703703 0.035671100362756954 0.12314814814814815
0 0.9117291414752116 0.3226851851851852 0.03506650544135429 0.12314814814814815
0 0.7327690447400241 0.6842592592592592 0.041112454655380895 0.1648148148148148
0 0.7007255139056832 0.6782407407407407 0.041112454655380895 0.16018518518518518
0 0.008464328899637243 0.6810185185185185 0.015719467956469165 0.15462962962962962
0 0.5087666263603385 0.9212962962962963 0.051390568319226115 0.1537037037037037
0 0.6100362756952842 0.9060185185185186 0.0471584038694075 0.15092592592592594
0 0.12061668681983072 0.3574074074074074 0.04171704957678356 0.1574074074074074
0 0.7273276904474002 0.4041666666666667 0.05199516324062878 0.16574074074074074
0 0.7237001209189843 0.31851851851851853 0.036275695284159616 0.1259259259259259
0 0.8854292623941958 0.2462962962962963 0.039298669891172915 0.12962962962962962
0 0.9362152357920194 0.225 0.039298669891172915 0.13333333333333333
0 0.975211608222491 0.21342592592592594 0.041112454655380895 0.14351851851851852
0 0.9860943168077388 0.14675925925925926 0.026602176541717048 0.12129629629629629
0 0.9201934703748489 0.175 0.03869407496977025 0.15
0 0.9020556227327691 0.14537037037037037 0.037484885126964934 0.12222222222222222
0 0.9316807738814994 0.13472222222222222 0.03869407496977025 0.1287037037037037
0 0.9691656590084643 0.04583333333333333 0.03990326481257558 0.08981481481481482
0 0.8688029020556227 0.13240740740740742 0.037484885126964934 0.11851851851851852
0 0.841596130592503 0.09398148148148149 0.037484885126964934 0.12129629629629629
0 0.8675937122128174 0.10555555555555556 0.03143893591293833 0.10740740740740741
0 0.8896614268440145 0.10416666666666667 0.034461910519951636 0.10648148148148148
0 0.9217049576783555 0.07453703703703704 0.03688029020556227 0.10648148148148148
0 0.8963119709794438 0.08472222222222223 0.03325272067714631 0.11574074074074074
0 0.8663845223700121 0.04861111111111111 0.030229746070133012 0.09537037037037037
0 0.8941958887545345 0.050462962962962966 0.03385731559854897 0.09907407407407408
0 0.9295646916565901 0.04259259259259259 0.034461910519951636 0.08333333333333333
0 0.11426844014510278 0.19166666666666668 0.0471584038694075 0.14074074074074075
0 0.08010882708585249 0.19074074074074074 0.0380894800483676 0.14074074074074075
0 0.08948004836759371 0.12824074074074074 0.037484885126964934 0.12685185185185185
0 0.011789600967351875 0.19953703703703704 0.022370012091898428 0.13425925925925927
0 0.02357920193470375 0.1550925925925926 0.041112454655380895 0.1287037037037037
0 0.0592503022974607 0.14814814814814814 0.04232164449818621 0.13518518518518519
0 0.040810157194679564 0.11342592592592593 0.03688029020556227 0.13425925925925927
0 0.08887545344619105 0.06712962962962964 0.036275695284159616 0.12685185185185185
0 0.06287787182587666 0.07268518518518519 0.030229746070133012 0.12314814814814815
0 0.1293833131801693 0.06527777777777778 0.037484885126964934 0.1287037037037037
0 0.154776299879081 0.0837962962962963 0.030229746070133012 0.10648148148148148
0 0.14812575574365175 0.055092592592592596 0.037484885126964934 0.10833333333333334
0 0.1816807738814994 0.050462962962962966 0.034461910519951636 0.09907407407407408
0 0.24425634824667472 0.1824074074074074 0.03990326481257558 0.13148148148148148
0 0.2877871825876663 0.15138888888888888 0.041112454655380895 0.13425925925925927
0 0.23065296251511488 0.11898148148148148 0.02962515114873035 0.11203703703703703
0 0.32013301088270857 0.16435185185185186 0.039298669891172915 0.15462962962962962
0 0.24879081015719468 0.11851851851851852 0.03688029020556227 0.13333333333333333
0 0.26844014510278114 0.13703703703703704 0.03143893591293833 0.12962962962962962
0 0.5438331318016929 0.2828703703703704 0.03688029020556227 0.14351851851851852
0 0.6865175332527207 0.30972222222222223 0.04171704957678356 0.1398148148148148
0 0.7064691656590084 0.28379629629629627 0.034461910519951636 0.13796296296296295
0 0.5244860943168077 0.23333333333333334 0.039298669891172915 0.12962962962962962
0 0.6006650544135429 0.1912037037037037 0.039298669891172915 0.12685185185185185
0 0.650241837968561 0.18194444444444444 0.035671100362756954 0.14166666666666666
0 0.7397218863361548 0.20324074074074075 0.0380894800483676 0.13055555555555556
0 0.7360943168077388 0.14953703703703702 0.039298669891172915 0.13796296296296295
0 0.7094921402660218 0.18055555555555555 0.034461910519951636 0.13703703703703704
0 0.6798669891172914 0.18333333333333332 0.02962515114873035 0.1259259259259259
0 0.7191656590084643 0.09398148148148149 0.03204353083434099 0.1175925925925926
0 0.6396614268440145 0.13564814814814816 0.04232164449818621 0.13240740740740742
0 0.6523579201934704 0.09398148148148149 0.03990326481257558 0.125
0 0.5982466747279322 0.08657407407407407 0.03204353083434099 0.12685185185185185
0 0.5710399032648126 0.08148148148148149 0.034461910519951636 0.12407407407407407
0 0.558645707376058 0.19074074074074074 0.03869407496977025 0.13148148148148148
0 0.47732769044740025 0.1712962962962963 0.04171704957678356 0.14074074074074075
0 0.4407496977025393 0.125 0.032648125755743655 0.13518518518518519
0 0.5087666263603385 0.11064814814814815 0.03688029020556227 0.12685185185185185
0 0.5290205562273277 0.125 0.03506650544135429 0.11481481481481481
0 0.5335550181378477 0.11342592592592593 0.03204353083434099 0.12685185185185185
0 0.47249093107617895 0.07407407407407407 0.034461910519951636 0.13518518518518519
0 0.5096735187424426 0.05925925925925926 0.036275695284159616 0.11666666666666667
0 0.3382708585247884 0.016203703703703703 0.02720677146311971 0.030555555555555555
0 0.9546553808948005 0.16435185185185186 0.037484885126964934 0.14537037037037037
0 0.24909310761789602 0.062037037037037036 0.02418379685610641 0.06481481481481481
0 0.3585247883917775 0.4875 0.03990326481257558 0.15092592592592594
0 0.2560459492140266 0.2675925925925926 0.034461910519951636 0.14074074074074075
0 0.1357315598548972 0.7449074074074075 0.04897218863361548 0.16203703703703703
0 0.014812575574365175 0.5736111111111111 0.028415961305925032 0.16574074074074074
0 0.13905683192261184 0.711574074074074 0.049576783555018135 0.16018518518518518
0 0.8101571946795647 0.2916666666666667 0.04232164449818621 0.13518518518518519
0 0.843409915356711 0.2847222222222222 0.032648125755743655 0.11018518518518519
0 0.2469770253929867 0.5995370370370371 0.04897218863361548 0.1675925925925926
0 0.21493349455864572 0.5805555555555556 0.04171704957678356 0.17037037037037037
0 0.3551995163240629 0.5819444444444445 0.034461910519951636 0.14907407407407408
0 0.2140266021765417 0.5125 0.044740024183796856 0.14907407407407408
0 0.1807738814993954 0.4861111111111111 0.041112454655380895 0.1388888888888889
0 0.18319226118500603 0.45092592592592595 0.041112454655380895 0.14444444444444443
0 0.1414752116082225 0.47638888888888886 0.03990326481257558 0.14351851851851852
0 0.35822249093107617 0.15833333333333333 0.03204353083434099 0.12962962962962962
0 0.3811970979443773 0.15462962962962962 0.03204353083434099 0.12962962962962962
0 0.2714631197097944 0.3819444444444444 0.0471584038694075 0.14351851851851852
0 0.2617896009673519 0.4013888888888889 0.037484885126964934 0.1398148148148148
0 0.187726723095526 0.9101851851851852 0.05380894800483676 0.1574074074074074
0 0.2992744860943168 0.7143518518518519 0.04232164449818621 0.15092592592592594
0 0.42986698911729143 0.5638888888888889 0.036275695284159616 0.14074074074074075
0 0.34129383313180167 0.6342592592592593 0.04050785973397823 0.15925925925925927
0 0.3431076178960097 0.674074074074074 0.04171704957678356 0.1685185185185185
0 0.4135429262394196 0.6708333333333333 0.049576783555018135 0.14907407407407408
0 0.629081015719468 0.712037037037037 0.04171704957678356 0.1574074074074074
0 0.4325876662636034 0.4666666666666667 0.034461910519951636 0.1388888888888889
0 0.4229141475211608 0.4412037037037037 0.034461910519951636 0.1287037037037037
0 0.4147521160822249 0.5231481481481481 0.03869407496977025 0.1537037037037037
0 0.42503022974607013 0.4935185185185185 0.03143893591293833 0.14629629629629629
0 0.23216444981862153 0.5541666666666667 0.036275695284159616 0.1398148148148148
0 0.27327690447400244 0.5351851851851852 0.03990326481257558 0.16111111111111112
0 0.279322853688029 0.5814814814814815 0.03990326481257558 0.1685185185185185
0 0.5507859733978234 0.5481481481481482 0.04353083434099154 0.14629629629629629
0 0.2545344619105199 0.34120370370370373 0.04232164449818621 0.16203703703703703
0 0.5779927448609432 0.44027777777777777 0.03869407496977025 0.14351851851851852
0 0.281136638452237 0.337037037037037 0.04232164449818621 0.15185185185185185
0 0.39933494558645705 0.38935185185185184 0.04171704957678356 0.14351851851851852
0 0.3984280532043531 0.33611111111111114 0.03506650544135429 0.12962962962962962
0 0.47642079806529625 0.5037037037037037 0.03385731559854897 0.1537037037037037
0 0.2720677146311971 0.29768518518518516 0.037484885126964934 0.1398148148148148
0 0.7043530834340992 0.9699074074074074 0.0471584038694075 0.058333333333333334
0 0.6765417170495768 0.9685185185185186 0.045949214026602174 0.06481481481481481
