0 0.9150544135429263 0.9199074074074074 0.06469165659008465 0.16203703703703703
0 0.42321644498186217 0.9296296296296296 0.0471584038694075 0.1425925925925926
0 0.4622128174123337 0.9041666666666667 0.05985489721886336 0.16018518518518518
0 0.39600967351874244 0.9138888888888889 0.05562273276904474 0.1574074074074074
0 0.6753325272067715 0.7717592592592593 0.049576783555018135 0.1398148148148148
0 0.10066505441354293 0.799074074074074 0.051390568319226115 0.16296296296296298
0 0.0281136638452237 0.5675925925925925 0.046553808948004836 0.15925925925925927
0 0.012091898428053204 0.586574074074074 0.022974607013301087 0.16018518518518518
0 0.5114873035066505 0.34675925925925927 0.037484885126964934 0.14351851851851852
0 0.12787182587666263 0.4703703703703704 0.039298669891172915 0.1425925925925926
0 0.09582829504232164 0.4824074074074074 0.046553808948004836 0.14629629629629629
0 0.10822249093107618 0.21064814814814814 0.03990326481257558 0.13796296296296295
0 0.06378476420798065 0.2412037037037037 0.034461910519951636 0.14351851851851852
0 0.10852478839177751 0.25972222222222224 0.044135429262394194 0.14166666666666666
0 0.1735187424425635 0.2861111111111111 0.044740024183796856 0.14629629629629629
0 0.2079806529625151 0.2851851851851852 0.04232164449818621 0.15185185185185185
0 0.5099758162031439 0.16898148148148148 0.03688029020556227 0.1398148148148148
0 0.10187424425634825 0.36203703703703705 0.04050785973397823 0.13333333333333333
0 0.0973397823458283 0.4115740740740741 0.049576783555018135 0.15462962962962962
0 0.19830713422007254 0.3421296296296296 0.037484885126964934 0.14907407407407408
0 0.16324062877871826 0.3402777777777778 0.04232164449818621 0.1361111111111111
0 0.5353688029020556 0.20277777777777778 0.04171704957678356 0.14629629629629629
0 0.5686215235792019 0.19537037037037036 0.03204353083434099 0.13333333333333333
0 0.6692865779927448 0.49722222222222223 0.04232164449818621 0.15185185185185185
0 0.7073760580411125 0.4837962962962963 0.044740024183796856 0.14351851851851852
0 0.4362152357920194 0.24722222222222223 0.03688029020556227 0.12407407407407407
0 0.43742442563482464 0.27037037037037037 0.02720677146311971 0.11296296296296296
0 0.4740024183796856 0.24074074074074073 0.02539298669891173 0.13518518518518519
0 0.502720677146312 0.24305555555555555 0.03204353083434099 0.13796296296296295
0 0.5785973397823458 0.274537037037037 0.037484885126964934 0.13425925925925927
0 0.6085247883917775 0.2675925925925926 0.039298669891172915 0.13148148148148148
0 0.6668681983071342 0.27037037037037037 0.03506650544135429 0.1425925925925926
0 0.6203143893591294 0.31666666666666665 0.03869407496977025 0.14814814814814814
0 0.46916565900846435 0.2810185185185185 0.030229746070133012 0.13240740740740742
0 0.9727932285368803 0.937037037037037 0.041112454655380895 0.12777777777777777
0 0.7249093107617895 0.649074074074074 0.03990326481257558 0.1685185185185185
0 0.7877871825876662 0.6083333333333333 0.04232164449818621 0.15185185185185185
0 0.7790205562273277 0.5532407407407407 0.0380894800483676 0.1398148148148148
0 0.9138452237001209 0.5342592592592592 0.039298669891172915 0.1425925925925926
0 0.8799879081015719 0.5087962962962963 0.047762998790810154 0.13796296296296295
0 0.6611245465538089 0.6101851851851852 0.044135429262394194 0.15555555555555556
0 0.8558041112454655 0.43148148148148147 0.04171704957678356 0.14444444444444443
0 0.8216444981862152 0.3958333333333333 0.0471584038694075 0.13240740740740742
0 0.8772672309552599 0.3851851851851852 0.049576783555018135 0.1425925925925926
0 0.7902055622732769 0.4476851851851852 0.045949214026602174 0.14537037037037037
0 0.7956469165659008 0.4689814814814815 0.03990326481257558 0.13796296296296295
0 0.9900241837968561 0.32222222222222224 0.017533252720677146 0.1259259259259259
0 0.7448609431680774 0.43657407407407406 0.041112454655380895 0.14166666666666666
0 0.7058645707376058 0.3962962962962963 0.04171704957678356 0.15185185185185185
0 0.9105199516324063 0.24444444444444444 0.032648125755743655 0.13518518518518519
0 0.9486094316807738 0.2671296296296296 0.04232164449818621 0.13796296296296295
0 0.9247279322853688 0.22685185185185186 0.02962515114873035 0.10740740740740741
0 0.9594921402660218 0.475462962962963 0.044740024183796856 0.15648148148148147
0 0.8542926239419589 0.7175925925925926 0.04836759371221282 0.17962962962962964
0 0.970677146311971 0.425462962962963 0.039298669891172915 0.14351851851851852
0 0.9534461910519951 0.6273148148148148 0.04836759371221282 0.17314814814814813
0 0.8863361547762999 0.5574074074074075 0.07134220072551391 0.14629629629629629
0 0.8978234582829504 0.5986111111111111 0.03869407496977025 0.14537037037037037
0 0.30683192261185005 0.032407407407407406 0.02962515114873035 0.06296296296296296
0 0.5453446191051995 0.03611111111111111 0.045949214026602174 0.07037037037037037
0 0.7043530834340992 0.02962962962962963 0.026602176541717048 0.05740740740740741
0 0.6723095525997581 0.03796296296296296 0.02781136638452237 0.07407407407407407
0 0.694074969770254 0.03796296296296296 0.02781136638452237 0.07407407407407407
0 0.9159613059250302 0.05648148148148148 0.02539298669891173 0.08518518518518518
0 0.936819830713422 0.053703703703703705 0.03083434099153567 0.10185185185185185
0 0.9546553808948005 0.05787037037037037 0.032648125755743655 0.09907407407407408
0 0.9755139056831923 0.041666666666666664 0.03325272067714631 0.08148148148148149
0 0.9389359129383313 0.08287037037037037 0.04232164449818621 0.1175925925925926
0 0.9709794437726723 0.11018518518518519 0.030229746070133012 0.12407407407407407
0 0.9836759371221282 0.09212962962962963 0.03143893591293833 0.12685185185185185
0 0.9625151148730351 0.16805555555555557 0.03506650544135429 0.12129629629629629
0 0.9897218863361548 0.20092592592592592 0.019347037484885126 0.13148148148148148
0 0.9691656590084643 0.2273148148148148 0.03385731559854897 0.13240740740740742
0 0.9797460701330108 0.26805555555555555 0.035671100362756954 0.13240740740740742
0 0.6396614268440145 0.019444444444444445 0.030229746070133012 0.037037037037037035
0 0.5069528415961306 0.049074074074074076 0.02962515114873035 0.0962962962962963
0 0.4915356711003628 0.047685185185185185 0.03506650544135429 0.09351851851851851
0 0.6302902055622733 0.05787037037037037 0.034461910519951636 0.10833333333333334
0 0.5985489721886336 0.06111111111111111 0.032648125755743655 0.12037037037037036
0 0.652962515114873 0.10185185185185185 0.032648125755743655 0.11481481481481481
0 0.6590084643288996 0.11898148148148148 0.02781136638452237 0.10462962962962963
0 0.6844014510278114 0.11064814814814815 0.03506650544135429 0.1287037037037037
0 0.6354292623941958 0.15787037037037038 0.036275695284159616 0.12129629629629629
0 0.6735187424425635 0.16342592592592592 0.030229746070133012 0.11574074074074074
0 0.8727327690447401 0.19398148148148148 0.039298669891172915 0.12685185185185185
0 0.43349455864570735 0.06759259259259259 0.032648125755743655 0.12407407407407407
0 0.47218863361547764 0.06898148148148148 0.032648125755743655 0.12129629629629629
0 0.5538089480048367 0.09444444444444444 0.03385731559854897 0.12962962962962962
0 0.5096735187424426 0.09166666666666666 0.036275695284159616 0.11481481481481481
0 0.3893591293833132 0.1037037037037037 0.032648125755743655 0.13148148148148148
0 0.4244256348246675 0.11990740740740741 0.030229746070133012 0.13240740740740742
0 0.4328899637243047 0.14675925925925926 0.022974607013301087 0.09351851851851851
0 0.6420798065296252 0.25416666666666665 0.03143893591293833 0.13796296296296295
0 0.13029020556227328 0.12731481481481483 0.02962515114873035 0.1175925925925926
0 0.10550181378476421 0.14722222222222223 0.03204353083434099 0.11296296296296296
0 0.14419588875453446 0.14027777777777778 0.03325272067714631 0.1287037037037037
0 0.18954050785973398 0.1425925925925926 0.034461910519951636 0.13518518518518519
0 0.13724304715840388 0.20833333333333334 0.030229746070133012 0.13518518518518519
0 0.06136638452237001 0.06435185185185185 0.039298669891172915 0.11574074074074074
0 0.018137847642079808 0.1375 0.03506650544135429 0.13055555555555556
0 0.05985489721886336 0.10231481481481482 0.03869407496977025 0.1175925925925926
0 0.029322853688029022 0.17407407407407408 0.02962515114873035 0.09814814814814815
0 0.044740024183796856 0.1425925925925926 0.03506650544135429 0.14074074074074075
0 0.004232164449818622 0.12546296296296297 0.007255139056831923 0.13796296296296295
0 0.08615477629987908 0.1962962962962963 0.02599758162031439 0.08518518518518518
0 0.7267230955259976 0.027777777777777776 0.037484885126964934 0.053703703703703705
0 0.23579201934703747 0.5921296296296297 0.032648125755743655 0.15462962962962962
0 0.23821039903264812 0.5560185185185185 0.03506650544135429 0.1398148148148148
0 0.16112454655380895 0.5782407407407407 0.04171704957678356 0.13796296296296295
0 0.20495767835550183 0.5893518518518519 0.03869407496977025 0.15462962962962962
0 0.2158403869407497 0.5347222222222222 0.0471584038694075 0.15092592592592594
0 0.16898428053204353 0.5439814814814815 0.04171704957678356 0.13796296296296295
0 0.6454050785973398 0.5064814814814815 0.034461910519951636 0.14814814814814814
0 0.39903264812575573 0.2310185185185185 0.032648125755743655 0.12685185185185185
0 0.42140266021765416 0.2337962962962963 0.02781136638452237 0.12685185185185185
0 0.6148730350665055 0.4986111111111111 0.032648125755743655 0.14351851851851852
0 0.035671100362756954 0.9296296296296296 0.05562273276904474 0.1425925925925926
0 0.13814993954050786 0.9583333333333334 0.04171704957678356 0.08518518518518518
0 0.18137847642079807 0.9060185185185186 0.05562273276904474 0.1675925925925926
0 0.18561064087061668 0.9453703703703704 0.04836759371221282 0.1111111111111111
0 0.10882708585247884 0.9314814814814815 0.04353083434099154 0.1388888888888889
0 0.0804111245465538 0.9273148148148148 0.045949214026602174 0.14722222222222223
0 0.2460701330108827 0.8726851851851852 0.045949214026602174 0.1712962962962963
0 0.14026602176541716 0.8125 0.0471584038694075 0.16574074074074074
0 0.7702539298669892 0.6574074074074074 0.03869407496977025 0.13518518518518519
0 0.7735792019347038 0.9287037037037037 0.02962515114873035 0.10740740740740741
0 0.7620918984280532 0.8851851851851852 0.04897218863361548 0.15925925925925927
0 0.0063482466747279325 0.3685185185185185 0.011487303506650543 0.14814814814814814
0 0.8422007255139057 0.46435185185185185 0.03990326481257558 0.1398148148148148
0 0.7339782345828295 0.6134259259259259 0.037484885126964934 0.13796296296296295
0 0.727932285368803 0.3731481481481482 0.04232164449818621 0.11851851851851852
0 0.7744860943168077 0.3726851851851852 0.03990326481257558 0.13796296296296295
0 0.774788391777509 0.8324074074074074 0.044135429262394194 0.15185185185185185
0 0.282950423216445 0.37037037037037035 0.041112454655380895 0.13703703703703704
0 0.26571946795646917 0.3699074074074074 0.034461910519951636 0.1287037037037037
0 0.5601571946795647 0.4935185185185185 0.03204353083434099 0.12407407407407407
0 0.2569528415961306 0.9699074074074074 0.044740024183796856 0.062037037037037036
0 0.43047158403869407 0.9546296296296296 0.05562273276904474 0.09074074074074075
0 0.5051390568319226 0.8106481481481481 0.051390568319226115 0.18055555555555555
0 0.45042321644498184 0.8625 0.0471584038694075 0.16203703703703703
0 0.5432285368802902 0.6013888888888889 0.0380894800483676 0.15462962962962962
0 0.6055018137847642 0.6462962962962963 0.04897218863361548 0.14814814814814814
0 0.33796856106408707 0.7842592592592592 0.044740024183796856 0.16296296296296298
0 0.560459492140266 0.5152777777777777 0.041112454655380895 0.13796296296296295
0 0.5411124546553809 0.5060185185185185 0.02539298669891173 0.10648148148148148
0 0.5828295042321644 0.600925925925926 0.03990326481257558 0.1574074074074074
0 0.5012091898428053 0.8550925925925926 0.049576783555018135 0.18796296296296297
0 0.3542926239419589 0.4722222222222222 0.036275695284159616 0.14074074074074075
0 0.2923216444981862 0.5194444444444445 0.044135429262394194 0.15925925925925927
0 0.38391777509068925 0.3768518518518518 0.03385731559854897 0.15
0 0.49818621523579204 0.425462962962963 0.03143893591293833 0.14537037037037037
0 0.4023579201934704 0.7620370370370371 0.05259975816203144 0.1537037037037037
0 0.4238210399032648 0.7435185185185185 0.04232164449818621 0.14814814814814814
0 0.3778718258766626 0.7342592592592593 0.04232164449818621 0.17407407407407408
0 0.2418379685610641 0.2064814814814815 0.037484885126964934 0.14074074074074075
0 0.17744860943168078 0.10833333333333334 0.02720677146311971 0.11296296296296296
0 0.1977025392986699 0.10601851851851851 0.03143893591293833 0.12685185185185185
0 0.007557436517533253 0.9055555555555556 0.013905683192261185 0.17407407407407408
0 0.005139056831922612 0.2074074074074074 0.009068923821039904 0.12037037037037036
0 0.20525997581620314 0.2175925925925926 0.03325272067714631 0.14074074074074075
0 0.5598548972188634 0.6773148148148148 0.04353083434099154 0.15462962962962962
0 0.3007859733978235 0.6893518518518519 0.042926239419588876 0.17685185185185184
0 0.35489721886336156 0.6657407407407407 0.036275695284159616 0.15185185185185185
0 0.6831922611850061 0.6958333333333333 0.0471584038694075 0.14722222222222223
0 0.2678355501813785 0.4527777777777778 0.03506650544135429 0.14074074074074075
0 0.4836759371221282 0.5310185185185186 0.032648125755743655 0.13240740740740742
0 0.4740024183796856 0.5046296296296297 0.0471584038694075 0.12962962962962962
0 0.3724304715840387 0.362962962962963 0.03990326481257558 0.1425925925925926
0 0.33222490931076176 0.5657407407407408 0.02962515114873035 0.1425925925925926
0 0.47339782345828296 0.3972222222222222 0.030229746070133012 0.14074074074074075
0 0.5123941958887546 0.38657407407407407 0.039298669891172915 0.14537037037037037
0 0.436819830713422 0.5527777777777778 0.039298669891172915 0.15555555555555556
0 0.1807738814993954 0.2111111111111111 0.02781136638452237 0.11851851851851852
0 0.747279322853688 0.8347222222222223 0.04232164449818621 0.1527777777777778
0 0.469770253929867 0.44722222222222224 0.02902055622732769 0.11851851851851852
0 0.4779322853688029 0.3541666666666667 0.04171704957678356 0.14907407407407408
