0 0.34088541666666666 0.3236111111111111 0.024479166666666666 0.12314814814814815
0 0.02578125 0.9342592592592592 0.050520833333333334 0.13333333333333333
0 0.11875 0.9199074074074074 0.08229166666666667 0.16203703703703703
0 0.0671875 0.8912037037037037 0.07604166666666666 0.21944444444444444
0 0.84921875 0.9106481481481481 0.0671875 0.18055555555555555
0 0.75703125 0.9097222222222222 0.07552083333333333 0.18055555555555555
0 0.30390625 0.8300925925925926 0.0671875 0.30092592592592593
0 0.09375 0.8361111111111111 0.06041666666666667 0.23703703703703705
0 0.18697916666666667 0.8087962962962963 0.06979166666666667 0.2935185185185185
0 0.16223958333333333 0.7768518518518519 0.0578125 0.22592592592592592
0 0.2515625 0.8875 0.090625 0.22314814814814815
0 0.8625 0.5254629629629629 0.04479166666666667 0.1712962962962963
0 0.6106770833333334 0.47685185185185186 0.0671875 0.20185185185185187
0 0.5578125 0.3675925925925926 0.030208333333333334 0.1388888888888889
0 0.49921875 0.687037037037037 0.059895833333333336 0.28888888888888886
0 0.44296875 0.6875 0.0578125 0.28425925925925927
0 0.396875 0.749537037037037 0.06145833333333333 0.25462962962962965
0 0.2591145833333333 0.7361111111111112 0.06302083333333333 0.26851851851851855
0 0.21692708333333333 0.7263888888888889 0.0546875 0.262037037037037
0 0.20833333333333334 0.6796296296296296 0.0625 0.24814814814814815
0 0.28411458333333334 0.6337962962962963 0.0359375 0.21203703703703702
0 0.33203125 0.6328703703703704 0.04635416666666667 0.2490740740740741
0 0.4356770833333333 0.6092592592592593 0.04635416666666667 0.19444444444444445
0 0.23828125 0.5731481481481482 0.05260416666666667 0.20925925925925926
0 0.19375 0.5208333333333334 0.053125 0.18611111111111112
0 0.3932291666666667 0.5541666666666667 0.04583333333333333 0.20462962962962963
0 0.47291666666666665 0.6087962962962963 0.04583333333333333 0.23796296296296296
0 0.5302083333333333 0.5486111111111112 0.04375 0.20462962962962963
0 0.396875 0.4625 0.040625 0.18981481481481483
0 0.434375 0.46805555555555556 0.03958333333333333 0.17685185185185184
0 0.5596354166666667 0.43333333333333335 0.044270833333333336 0.1962962962962963
0 0.48020833333333335 0.42824074074074076 0.03958333333333333 0.1787037037037037
0 0.43802083333333336 0.4412037037037037 0.0375 0.1787037037037037
0 0.41328125 0.41805555555555557 0.033854166666666664 0.18796296296296297
0 0.32916666666666666 0.3925925925925926 0.0375 0.1814814814814815
0 0.44036458333333334 0.4046296296296296 0.03802083333333333 0.1648148148148148
0 0.14322916666666666 0.5060185185185185 0.041666666666666664 0.19537037037037036
0 0.5283854166666667 0.41944444444444445 0.03177083333333333 0.16296296296296298
0 0.2955729166666667 0.38333333333333336 0.0359375 0.1425925925925926
0 0.73046875 0.5236111111111111 0.0515625 0.2101851851851852
0 0.8296875 0.5398148148148149 0.05520833333333333 0.2037037037037037
0 0.36953125 0.4115740740740741 0.0359375 0.1675925925925926
0 0.31484375 0.43425925925925923 0.030729166666666665 0.16296296296296298
0 0.45729166666666665 0.36944444444444446 0.034375 0.14074074074074075
0 0.2526041666666667 0.45185185185185184 0.051041666666666666 0.18703703703703703
0 0.36015625 0.31851851851851853 0.0296875 0.1259259259259259
0 0.42630208333333336 0.3143518518518518 0.03177083333333333 0.14351851851851852
0 0.39479166666666665 0.30092592592592593 0.026041666666666668 0.12407407407407407
0 0.39375 0.2759259259259259 0.023958333333333335 0.12037037037037036
0 0.38307291666666665 0.3087962962962963 0.027604166666666666 0.1361111111111111
0 0.5244791666666667 0.38425925925925924 0.03333333333333333 0.1574074074074074
0 0.48125 0.3212962962962963 0.03229166666666667 0.14074074074074075
0 0.5033854166666667 0.31157407407407406 0.03177083333333333 0.14537037037037037
0 0.55625 0.337037037037037 0.029166666666666667 0.1574074074074074
0 0.7901041666666667 0.3263888888888889 0.03125 0.14722222222222223
0 0.5799479166666667 0.32546296296296295 0.0296875 0.15462962962962962
0 0.40338541666666666 0.25462962962962965 0.0234375 0.12407407407407407
0 0.4609375 0.24074074074074073 0.026041666666666668 0.10925925925925926
0 0.41848958333333336 0.25046296296296294 0.0296875 0.10462962962962963
0 0.38203125 0.26435185185185184 0.025520833333333333 0.09907407407407408
0 0.5002604166666667 0.2587962962962963 0.021354166666666667 0.10462962962962963
0 0.340625 0.2518518518518518 0.020833333333333332 0.09074074074074075
0 0.33828125 0.42268518518518516 0.033854166666666664 0.1675925925925926
0 0.7846354166666667 0.36018518518518516 0.0296875 0.1685185185185185
0 0.5411458333333333 0.3111111111111111 0.028125 0.1259259259259259
