0 0.5580411124546554 0.8976851851851851 0.04232164449818621 0.1712962962962963
0 0.5532043530834341 0.9365740740740741 0.041112454655380895 0.1287037037037037
0 0.38905683192261187 0.5638888888888889 0.03688029020556227 0.13518518518518519
0 0.20737605804111245 0.6893518518518519 0.04232164449818621 0.16574074074074074
0 0.7599758162031439 0.8703703703703703 0.04836759371221282 0.1574074074074074
0 0.751813784764208 0.9069444444444444 0.058645707376058044 0.175
0 0.7354897218863361 0.9277777777777778 0.046553808948004836 0.14444444444444443
0 0.3316203143893591 0.3523148148148148 0.04171704957678356 0.15092592592592594
0 0.2663240628778718 0.34629629629629627 0.03204353083434099 0.14074074074074075
0 0.313180169286578 0.425462962962963 0.04232164449818621 0.14351851851851852
0 0.3624546553808948 0.36342592592592593 0.03688029020556227 0.14907407407407408
0 0.25574365175332525 0.3675925925925926 0.04232164449818621 0.14629629629629629
0 0.6330108827085853 0.9638888888888889 0.05199516324062878 0.07407407407407407
0 0.6735187424425635 0.9541666666666667 0.04232164449818621 0.09351851851851851
0 0.6230350665054414 0.9495370370370371 0.04171704957678356 0.10277777777777777
0 0.01995163240628779 0.4759259259259259 0.03869407496977025 0.13148148148148148
0 0.08917775090689238 0.49583333333333335 0.044135429262394194 0.16018518518518518
0 0.5172309552599759 0.7393518518518518 0.046553808948004836 0.18796296296296297
0 0.044437726723095525 0.41435185185185186 0.03204353083434099 0.15648148148148147
0 0.02750906892382104 0.5518518518518518 0.05380894800483676 0.15925925925925927
0 0.7019347037484885 0.5342592592592592 0.041112454655380895 0.14629629629629629
0 0.7412333736396615 0.5111111111111111 0.05199516324062878 0.1574074074074074
0 0.751813784764208 0.4356481481481482 0.042926239419588876 0.13425925925925927
0 0.8428053204353083 0.5287037037037037 0.044740024183796856 0.14814814814814814
0 0.81590084643289 0.5412037037037037 0.044135429262394194 0.15648148148148147
0 0.7950423216444982 0.6759259259259259 0.045949214026602174 0.1574074074074074
0 0.9667472793228536 0.9546296296296296 0.045949214026602174 0.09259259259259259
0 0.8092503022974608 0.9537037037037037 0.04171704957678356 0.09074074074074075
0 0.8449214026602176 0.9375 0.047762998790810154 0.12129629629629629
0 0.8706166868198307 0.9569444444444445 0.036275695284159616 0.0824074074074074
0 0.7778113663845224 0.9699074074074074 0.0501813784764208 0.062037037037037036
0 0.6145707376058042 0.8986111111111111 0.046553808948004836 0.15462962962962962
0 0.5864570737605804 0.9402777777777778 0.04353083434099154 0.12129629629629629
0 0.9764207980652962 0.7532407407407408 0.04353083434099154 0.14537037037037037
0 0.26874244256348245 0.9097222222222222 0.047762998790810154 0.1787037037037037
0 0.2660217654171705 0.8949074074074074 0.045949214026602174 0.18425925925925926
0 0.849758162031439 0.8495370370370371 0.0380894800483676 0.15462962962962962
0 0.8929866989117291 0.8819444444444444 0.03869407496977025 0.13796296296296295
0 0.9331922611850061 0.8898148148148148 0.04897218863361548 0.17962962962962964
0 0.842503022974607 0.38425925925925924 0.035671100362756954 0.13518518518518519
0 0.8636638452237001 0.37777777777777777 0.04171704957678356 0.11851851851851852
0 0.08403869407496976 0.9199074074074074 0.05078597339782346 0.15092592592592594
0 0.12636033857315598 0.9115740740740741 0.0471584038694075 0.1787037037037037
0 0.05411124546553809 0.9828703703703704 0.034461910519951636 0.03611111111111111
0 0.016928657799274487 0.9796296296296296 0.032648125755743655 0.04259259259259259
0 0.29443772672309554 0.6712962962962963 0.049576783555018135 0.15925925925925927
0 0.35096735187424427 0.638425925925926 0.04171704957678356 0.16574074074074074
0 0.37726723095526 0.6587962962962963 0.036275695284159616 0.13240740740740742
0 0.5108827085852479 0.9333333333333333 0.056831922611850064 0.13333333333333333
0 0.8358524788391778 0.6675925925925926 0.05380894800483676 0.1537037037037037
0 0.045949214026602174 0.4824074074074074 0.045949214026602174 0.15185185185185185
0 0.23458282950423218 0.6037037037037037 0.03869407496977025 0.15555555555555556
0 0.1865175332527207 0.5986111111111111 0.04171704957678356 0.1398148148148148
0 0.20344619105199516 0.5532407407407407 0.04171704957678356 0.14351851851851852
0 0.16505441354292624 0.5763888888888888 0.03990326481257558 0.15092592592592594
0 0.24546553808948005 0.6546296296296297 0.04232164449818621 0.15185185185185185
0 0.38361547762998793 0.2523148148148148 0.03325272067714631 0.13055555555555556
0 0.407496977025393 0.25787037037037036 0.02902055622732769 0.13240740740740742
0 0.2430471584038694 0.625 0.032648125755743655 0.12962962962962962
0 0.7128174123337364 0.9643518518518519 0.044740024183796856 0.07314814814814814
0 0.7152357920193471 0.4009259259259259 0.037484885126964934 0.13148148148148148
0 0.75453446191052 0.412962962962963 0.03869407496977025 0.1388888888888889
0 0.2669286577992745 0.3962962962962963 0.03688029020556227 0.1425925925925926
0 0.24909310761789602 0.41203703703703703 0.03506650544135429 0.1425925925925926
0 0.9250302297460702 0.7018518518518518 0.044740024183796856 0.13703703703703704
0 0.30713422007255137 0.9773148148148149 0.037484885126964934 0.04722222222222222
0 0.5489721886336155 0.5574074074074075 0.03869407496977025 0.1574074074074074
0 0.31952841596130593 0.7907407407407407 0.046553808948004836 0.16296296296296298
0 0.902962515114873 0.7222222222222222 0.035671100362756954 0.14814814814814814
0 0.591596130592503 0.5601851851851852 0.04171704957678356 0.1537037037037037
0 0.34885126964933494 0.49722222222222223 0.037484885126964934 0.13148148148148148
0 0.29353083434099153 0.5106481481481482 0.034461910519951636 0.15648148148148147
0 0.11819830713422007 0.9587962962962963 0.044135429262394194 0.08425925925925926
0 0.4740024183796856 0.4527777777777778 0.02781136638452237 0.13518518518518519
0 0.3603385731559855 0.7263888888888889 0.04353083434099154 0.16018518518518518
0 0.1925634824667473 0.7939814814814815 0.04534461910519952 0.15648148148148147
0 0.3802902055622733 0.7546296296296297 0.03990326481257558 0.1685185185185185
0 0.28536880290205563 0.7546296296296297 0.049576783555018135 0.17592592592592593
0 0.20133010882708585 0.9481481481481482 0.04836759371221282 0.10555555555555556
0 0.15296251511487305 0.8291666666666667 0.06650544135429262 0.17314814814814813
0 0.2781136638452237 0.8486111111111111 0.06408706166868199 0.16574074074074074
0 0.23941958887545345 0.8412037037037037 0.049576783555018135 0.13796296296296295
0 0.4519347037484885 0.7592592592592593 0.046553808948004836 0.15185185185185185
0 0.6735187424425635 0.7300925925925926 0.045949214026602174 0.15092592592592594
0 0.3866384522370012 0.46111111111111114 0.034461910519951636 0.10740740740740741
0 0.4655380894800484 0.5615740740740741 0.036275695284159616 0.1398148148148148
0 0.4495163240628779 0.5180555555555556 0.039298669891172915 0.10462962962962963
0 0.46311970979443773 0.42916666666666664 0.032648125755743655 0.1398148148148148
0 0.4930471584038694 0.41574074074074074 0.03325272067714631 0.14814814814814814
0 0.32013301088270857 0.7226851851851852 0.04171704957678356 0.16203703703703703
0 0.437726723095526 0.44537037037037036 0.02781136638452237 0.12407407407407407
0 0.5066505441354293 0.5625 0.041112454655380895 0.1287037037037037
0 0.49758162031438935 0.35462962962962963 0.03506650544135429 0.10185185185185185
0 0.4758162031438936 0.3337962962962963 0.03506650544135429 0.13425925925925927
0 0.8243651753325272 0.2388888888888889 0.039298669891172915 0.14629629629629629
0 0.880894800483676 0.17916666666666667 0.041112454655380895 0.12314814814814815
0 0.8482466747279322 0.26851851851851855 0.03385731559854897 0.10740740740740741
0 0.9610036275695284 0.48148148148148145 0.046553808948004836 0.14814814814814814
0 0.9870012091898428 0.49537037037037035 0.024788391777509067 0.14444444444444443
0 0.8663845223700121 0.7268518518518519 0.04836759371221282 0.16296296296296298
0 0.904776299879081 0.7962962962962963 0.042926239419588876 0.14814814814814814
0 0.968863361547763 0.8101851851851852 0.03204353083434099 0.12407407407407407
0 0.6487303506650545 0.6916666666666667 0.041112454655380895 0.1685185185185185
0 0.9537484885126964 0.8532407407407407 0.0380894800483676 0.16203703703703703
0 0.9280532043530835 0.9574074074074074 0.05441354292623942 0.08703703703703704
0 0.6856106408706167 0.15555555555555556 0.03506650544135429 0.1259259259259259
0 0.5894800483675937 0.13796296296296295 0.03506650544135429 0.11851851851851852
0 0.6197097944377267 0.15601851851851853 0.032648125755743655 0.13796296296296295
0 0.6656590084643289 0.1486111111111111 0.037484885126964934 0.12685185185185185
0 0.6039903264812576 0.18333333333333332 0.037484885126964934 0.1425925925925926
0 0.5314389359129383 0.17916666666666667 0.03506650544135429 0.13796296296296295
0 0.7699516324062878 0.1486111111111111 0.035671100362756954 0.12685185185185185
0 0.6508464328899637 0.22175925925925927 0.042926239419588876 0.13425925925925927
0 0.6088270858524788 0.23472222222222222 0.03143893591293833 0.12129629629629629
0 0.7255139056831923 0.3282407407407407 0.03869407496977025 0.13425925925925927
0 0.6435912938331319 0.3226851851851852 0.047762998790810154 0.15092592592592594
0 0.6067110036275696 0.3578703703703704 0.044135429262394194 0.14166666666666666
0 0.7043530834340992 0.3560185185185185 0.02781136638452237 0.09351851851851851
0 0.6414752116082225 0.36944444444444446 0.03506650544135429 0.13518518518518519
0 0.535671100362757 0.2611111111111111 0.03506650544135429 0.12962962962962962
0 0.5087666263603385 0.26666666666666666 0.02962515114873035 0.11481481481481481
0 0.5262998790810157 0.14814814814814814 0.03688029020556227 0.13518518518518519
0 0.5 0.1486111111111111 0.02781136638452237 0.1175925925925926
0 0.6759371221281741 0.3638888888888889 0.041112454655380895 0.14814814814814814
0 0.6166868198307134 0.44074074074074077 0.03990326481257558 0.14629629629629629
0 0.6399637243047158 0.44675925925925924 0.039298669891172915 0.14907407407407408
0 0.6626360338573156 0.42916666666666664 0.03990326481257558 0.15092592592592594
0 0.4026602176541717 0.16898148148148148 0.03506650544135429 0.11574074074074074
0 0.34099153567110035 0.23333333333333334 0.037484885126964934 0.13518518518518519
0 0.45223700120918986 0.1449074074074074 0.03385731559854897 0.13425925925925927
0 0.435912938331318 0.12407407407407407 0.03506650544135429 0.1259259259259259
0 0.37908101571946795 0.1527777777777778 0.032648125755743655 0.11851851851851852
0 0.1154776299879081 0.2175925925925926 0.044740024183796856 0.15185185185185185
0 0.20314389359129384 0.2564814814814815 0.037484885126964934 0.14074074074074075
0 0.2327690447400242 0.275 0.041112454655380895 0.13148148148148148
0 0.564993954050786 0.7291666666666666 0.04897218863361548 0.1638888888888889
0 0.7690447400241838 0.55 0.04353083434099154 0.14074074074074075
0 0.6810761789600968 0.48194444444444445 0.04534461910519952 0.16018518518518518
0 0.6230350665054414 0.48842592592592593 0.05380894800483676 0.1398148148148148
0 0.02448609431680774 0.1935185185185185 0.039298669891172915 0.12777777777777777
0 0.10852478839177751 0.1675925925925926 0.04534461910519952 0.14074074074074075
0 0.13663845223700122 0.1337962962962963 0.037484885126964934 0.12685185185185185
0 0.1605199516324063 0.15787037037037038 0.02962515114873035 0.12129629629629629
0 0.2545344619105199 0.13287037037037036 0.03506650544135429 0.11944444444444445
0 0.2796251511487304 0.13240740740740742 0.034461910519951636 0.12222222222222222
0 0.156590084643289 0.09907407407407408 0.03990326481257558 0.1425925925925926
0 0.07769044740024184 0.06898148148148148 0.034461910519951636 0.125
0 0.15538089480048367 0.22546296296296298 0.036275695284159616 0.13796296296296295
0 0.5529020556227328 0.11481481481481481 0.02962515114873035 0.12407407407407407
0 0.5958282950423216 0.10601851851851851 0.03083434099153567 0.13240740740740742
0 0.626360338573156 0.09675925925925925 0.02781136638452237 0.12685185185185185
0 0.21342200725513905 0.4115740740740741 0.037484885126964934 0.14907407407407408
0 0.017230955259975818 0.324537037037037 0.03325272067714631 0.13796296296296295
0 0.16414752116082226 0.3384259259259259 0.039298669891172915 0.14907407407407408
0 0.1293833131801693 0.33240740740740743 0.03990326481257558 0.14074074074074075
0 0.5571342200725514 0.31851851851851853 0.03688029020556227 0.13333333333333333
0 0.532950423216445 0.34444444444444444 0.04050785973397823 0.13518518518518519
0 0.1946795646916566 0.3712962962962963 0.03869407496977025 0.15185185185185185
0 0.2379081015719468 0.39351851851851855 0.03688029020556227 0.14814814814814814
0 0.31559854897218864 0.5462962962962963 0.04232164449818621 0.17962962962962964
0 0.26844014510278114 0.5615740740740741 0.041112454655380895 0.15648148148148147
0 0.012394195888754534 0.4587962962962963 0.02357920193470375 0.1361111111111111
0 0.014510278113663845 0.37407407407407406 0.02781136638452237 0.12962962962962962
0 0.7448609431680774 0.30694444444444446 0.045949214026602174 0.15833333333333333
0 0.971584038694075 0.20925925925925926 0.037484885126964934 0.1425925925925926
0 0.9764207980652962 0.15787037037037038 0.03143893591293833 0.12129629629629629
0 0.9422611850060459 0.14074074074074075 0.03204353083434099 0.1425925925925926
0 0.9882103990326482 0.05324074074074074 0.022370012091898428 0.10462962962962963
0 0.9600967351874244 0.04722222222222222 0.030229746070133012 0.09259259259259259
0 0.9165659008464329 0.16018518518518518 0.03990326481257558 0.12962962962962962
0 0.02992744860943168 0.09768518518518518 0.044135429262394194 0.13425925925925927
0 0.09854897218863362 0.15046296296296297 0.037484885126964934 0.12685185185185185
0 0.07678355501813784 0.08981481481481482 0.037484885126964934 0.14074074074074075
0 0.343409915356711 0.15 0.032648125755743655 0.1259259259259259
0 0.5858524788391778 0.22546296296296298 0.03869407496977025 0.12314814814814815
0 0.1837968561064087 0.11018518518518519 0.032648125755743655 0.14074074074074075
0 0.5504836759371221 0.18287037037037038 0.034461910519951636 0.1287037037037037
0 0.6296856106408706 0.17407407407407408 0.034461910519951636 0.13518518518518519
0 0.32980652962515117 0.12638888888888888 0.034461910519951636 0.13796296296296295
0 0.5894800483675937 0.1625 0.037484885126964934 0.13240740740740742
0 0.42140266021765416 0.09583333333333334 0.032648125755743655 0.14351851851851852
0 0.6451027811366384 0.12268518518518519 0.03990326481257558 0.1398148148148148
0 0.6454050785973398 0.06527777777777778 0.03688029020556227 0.1287037037037037
0 0.6142684401451027 0.05416666666666667 0.037484885126964934 0.10648148148148148
0 0.4416565900846433 0.07592592592592592 0.03688029020556227 0.12777777777777777
0 0.45042321644498184 0.03611111111111111 0.030229746070133012 0.07037037037037037
0 0.1296856106408706 0.09351851851851851 0.03204353083434099 0.12407407407407407
0 0.19135429262394196 0.026851851851851852 0.02962515114873035 0.05185185185185185
0 0.3316203143893591 0.028703703703703703 0.03204353083434099 0.05555555555555555
0 0.38391777509068925 0.059722222222222225 0.03506650544135429 0.11388888888888889
0 0.15810157194679564 0.04537037037037037 0.03083434099153567 0.08888888888888889
0 0.21856106408706166 0.06481481481481481 0.03204353083434099 0.12777777777777777
0 0.2539298669891173 0.05925925925925926 0.03506650544135429 0.11481481481481481
0 0.5317412333736397 0.10694444444444444 0.034461910519951636 0.12685185185185185
0 0.5157194679564692 0.08518518518518518 0.036275695284159616 0.12777777777777777
0 0.3615477629987908 0.06481481481481481 0.03506650544135429 0.12407407407407407
0 0.2911124546553809 0.09768518518518518 0.03204353083434099 0.11574074074074074
0 0.3234582829504232 0.06805555555555555 0.030229746070133012 0.1175925925925926
0 0.3171100362756953 0.05138888888888889 0.02962515114873035 0.10092592592592593
0 0.4918379685610641 0.03148148148148148 0.03688029020556227 0.06111111111111111
0 0.3932889963724305 0.1 0.03204353083434099 0.11666666666666667
0 0.3591293833131802 0.09444444444444444 0.02781136638452237 0.12037037037037036
0 0.11185006045949214 0.075 0.03506650544135429 0.12962962962962962
0 0.2889963724304716 0.06712962962962964 0.032648125755743655 0.12129629629629629
0 0.1798669891172914 0.12824074074074074 0.02720677146311971 0.11018518518518519
0 0.20495767835550183 0.11574074074074074 0.03506650544135429 0.1425925925925926
