0 0.48828125 0.40370370370370373 0.04010416666666667 0.15
0 0.6057291666666667 0.2949074074074074 0.03229166666666667 0.12129629629629629
0 0.41484375 0.3055555555555556 0.03177083333333333 0.13148148148148148
0 0.5520833333333334 0.5152777777777777 0.04479166666666667 0.20092592592592592
0 0.4869791666666667 0.3111111111111111 0.028125 0.12407407407407407
0 0.4708333333333333 0.3888888888888889 0.04583333333333333 0.1574074074074074
0 0.1109375 0.5509259259259259 0.03958333333333333 0.1962962962962963
0 0.5791666666666667 0.3435185185185185 0.03229166666666667 0.13518518518518519
0 0.43776041666666665 0.38287037037037036 0.04114583333333333 0.17314814814814813
0 0.20807291666666666 0.43796296296296294 0.05364583333333333 0.17962962962962964
0 0.08463541666666667 0.9189814814814815 0.07552083333333333 0.1638888888888889
0 0.19322916666666667 0.8388888888888889 0.07708333333333334 0.29074074074074074
0 0.25677083333333334 0.8268518518518518 0.05625 0.2814814814814815
0 0.32447916666666665 0.8898148148148148 0.05520833333333333 0.2222222222222222
0 0.1953125 0.7486111111111111 0.06458333333333334 0.3138888888888889
0 0.2635416666666667 0.5902777777777778 0.04895833333333333 0.22314814814814815
0 0.36015625 0.6296296296296297 0.0578125 0.26481481481481484
0 0.32135416666666666 0.5560185185185185 0.04583333333333333 0.19166666666666668
0 0.3671875 0.5560185185185185 0.042708333333333334 0.1824074074074074
0 0.675 0.5050925925925925 0.051041666666666666 0.19537037037037036
0 0.22135416666666666 0.5120370370370371 0.04375 0.20185185185185187
0 0.2859375 0.5375 0.03958333333333333 0.18981481481481483
0 0.8979166666666667 0.4828703703703704 0.05416666666666667 0.20833333333333334
0 0.76875 0.46064814814814814 0.029166666666666667 0.1398148148148148
0 0.8091145833333333 0.46574074074074073 0.033854166666666664 0.1574074074074074
0 0.7833333333333333 0.4689814814814815 0.05 0.18796296296296297
0 0.50703125 0.41712962962962963 0.044270833333333336 0.16203703703703703
0 0.728125 0.4222222222222222 0.03958333333333333 0.17407407407407408
0 0.5643229166666667 0.4546296296296296 0.033854166666666664 0.18333333333333332
0 0.6067708333333334 0.3925925925925926 0.035416666666666666 0.14629629629629629
0 0.5471354166666667 0.4550925925925926 0.04010416666666667 0.18796296296296297
0 0.5166666666666667 0.3050925925925926 0.028125 0.1398148148148148
0 0.44479166666666664 0.2898148148148148 0.03125 0.12962962962962962
0 0.5356770833333333 0.2916666666666667 0.03177083333333333 0.13518518518518519
0 0.2916666666666667 0.362962962962963 0.036458333333333336 0.17962962962962964
0 0.11354166666666667 0.9675925925925926 0.04583333333333333 0.06481481481481481
0 0.35260416666666666 0.3685185185185185 0.03333333333333333 0.15
0 0.37447916666666664 0.3351851851851852 0.03229166666666667 0.1425925925925926
0 0.3302083333333333 0.33287037037037037 0.03333333333333333 0.1527777777777778
0 0.396875 0.32407407407407407 0.03229166666666667 0.1425925925925926
0 0.7278645833333334 0.5069444444444444 0.05260416666666667 0.18796296296296297
