0 0.8832054560954816 0.98125 0.0392156862745098 0.0375
0 0.07672634271099744 0.6170454545454546 0.04092071611253197 0.12727272727272726
0 0.7374254049445865 0.6875 0.04092071611253197 0.13863636363636364
0 0.10954816709292413 0.56875 0.03495311167945439 0.13068181818181818
0 0.03878942881500426 0.5414772727272728 0.041773231031543054 0.1215909090909091
0 0.00980392156862745 0.5392045454545454 0.017902813299232736 0.12840909090909092
0 0.5558397271952259 0.6948863636363637 0.05115089514066496 0.14886363636363636
0 0.24339300937766412 0.4778409090909091 0.041773231031543054 0.13068181818181818
0 0.005115089514066497 0.3625 0.008525149190110827 0.11363636363636363
0 0.19096334185848252 0.38636363636363635 0.04092071611253197 0.12045454545454545
0 0.25618073316283035 0.36875 0.040068201193520885 0.12613636363636363
0 0.29411764705882354 0.3778409090909091 0.04603580562659847 0.1215909090909091
0 0.2442455242966752 0.43522727272727274 0.041773231031543054 0.12045454545454545
0 0.43307757885763 0.5931818181818181 0.0392156862745098 0.1340909090909091
0 0.4722932651321398 0.58125 0.04092071611253197 0.13295454545454546
0 0.5247229326513214 0.4284090909090909 0.04688832054560955 0.1159090909090909
0 0.3431372549019608 0.31477272727272726 0.03665814151747655 0.1159090909090909
0 0.4454390451832907 0.35795454545454547 0.045183290707587385 0.12954545454545455
0 0.40494458653026427 0.35454545454545455 0.03410059676044331 0.12272727272727273
0 0.29624893435635125 0.16647727272727272 0.028132992327365727 0.08522727272727272
0 0.8495311167945439 0.20681818181818182 0.03154305200341006 0.09318181818181819
0 0.8171355498721228 0.19545454545454546 0.03324808184143223 0.10227272727272728
0 0.8785166240409207 0.21931818181818183 0.03495311167945439 0.10227272727272728
0 0.819693094629156 0.35454545454545455 0.03836317135549872 0.11136363636363636
0 0.7894288150042625 0.36363636363636365 0.03239556692242114 0.09318181818181819
0 0.5720375106564365 0.1534090909090909 0.028985507246376812 0.09772727272727273
0 0.8231031543052003 0.43125 0.040068201193520885 0.11477272727272728
0 0.8388746803069054 0.6511363636363636 0.04603580562659847 0.1431818181818182
0 0.5750213128729753 0.86875 0.041773231031543054 0.15113636363636362
0 0.10997442455242967 0.61875 0.04603580562659847 0.12613636363636363
0 0.3192668371696505 0.5227272727272727 0.03495311167945439 0.12727272727272726
0 0.8435635123614663 0.8625 0.041773231031543054 0.15681818181818183
0 0.6044330775788577 0.8568181818181818 0.05115089514066496 0.15454545454545454
0 0.2928388746803069 0.7039772727272727 0.041773231031543054 0.14431818181818182
0 0.7459505541346974 0.6153409090909091 0.03410059676044331 0.11022727272727273
0 0.7672634271099744 0.6255681818181819 0.03580562659846547 0.1215909090909091
0 0.8043478260869565 0.6363636363636364 0.05029838022165388 0.15
0 0.7983802216538789 0.5454545454545454 0.040068201193520885 0.12272727272727273
0 0.8525149190110827 0.5357954545454545 0.042625745950554135 0.1215909090909091
0 0.7928388746803069 0.4465909090909091 0.04092071611253197 0.1159090909090909
0 0.7259164535379369 0.35 0.03154305200341006 0.1159090909090909
0 0.7604433077578857 0.35909090909090907 0.03239556692242114 0.11136363636363636
0 0.8589087809036658 0.0659090909090909 0.028132992327365727 0.08409090909090909
0 0.8499573742540495 0.053409090909090906 0.028985507246376812 0.08863636363636364
0 0.3410059676044331 0.16647727272727272 0.027280477408354646 0.10113636363636364
0 0.32011935208866155 0.17727272727272728 0.03665814151747655 0.08863636363636364
0 0.21483375959079284 0.11761363636363636 0.02557544757033248 0.09204545454545454
0 0.236999147485081 0.11818181818181818 0.028985507246376812 0.09090909090909091
0 0.252770673486786 0.09318181818181819 0.0247229326513214 0.08636363636363636
0 0.3989769820971867 0.13977272727272727 0.023870417732310314 0.09772727272727273
0 0.4151747655583973 0.14772727272727273 0.02557544757033248 0.08409090909090909
0 0.47570332480818417 0.21477272727272728 0.03751065643648764 0.11136363636363636
0 0.43478260869565216 0.16761363636363635 0.03239556692242114 0.09204545454545454
0 0.4718670076726343 0.1625 0.03154305200341006 0.08636363636363636
0 0.5076726342710998 0.18579545454545454 0.040068201193520885 0.09886363636363636
0 0.4497016197783461 0.14545454545454545 0.023017902813299233 0.07045454545454545
0 0.44288150042625746 0.11818181818181818 0.028132992327365727 0.09318181818181819
0 0.4838022165387894 0.09318181818181819 0.028132992327365727 0.08863636363636364
0 0.4803921568627451 0.07954545454545454 0.0247229326513214 0.09318181818181819
0 0.4620630861040068 0.08238636363636363 0.03239556692242114 0.0875
0 0.24254049445865303 0.06818181818181818 0.028132992327365727 0.08409090909090909
0 0.2753623188405797 0.08806818181818182 0.030690537084398978 0.09886363636363636
0 0.2872975277067349 0.10852272727272727 0.030690537084398978 0.09431818181818181
0 0.319693094629156 0.10738636363636364 0.028985507246376812 0.08295454545454546
0 0.2966751918158568 0.0971590909090909 0.028985507246376812 0.0875
0 0.34398976982097185 0.08806818181818182 0.03154305200341006 0.0875
0 0.526001705029838 0.08352272727272728 0.027280477408354646 0.0875
0 0.5106564364876386 0.056818181818181816 0.030690537084398978 0.09318181818181819
0 0.5541346973572038 0.058522727272727275 0.030690537084398978 0.08977272727272727
0 0.427536231884058 0.07329545454545454 0.03154305200341006 0.08068181818181819
0 0.4782608695652174 0.03295454545454545 0.020460358056265986 0.06363636363636363
0 0.4539641943734015 0.03806818181818182 0.028132992327365727 0.07386363636363637
0 0.4381926683716965 0.04431818181818182 0.020460358056265986 0.0659090909090909
0 0.33972719522591643 0.031818181818181815 0.028132992327365727 0.06136363636363636
0 0.5583972719522592 0.11022727272727273 0.03410059676044331 0.10454545454545454
0 0.13853367433930094 0.9727272727272728 0.04688832054560955 0.05454545454545454
0 0.5166240409207161 0.16818181818181818 0.028985507246376812 0.07954545454545454
0 0.3256606990622336 0.09943181818181818 0.02557544757033248 0.0715909090909091
0 0.2877237851662404 0.5255681818181818 0.03495311167945439 0.1215909090909091
0 0.7122762148337596 0.9534090909090909 0.058823529411764705 0.09318181818181819
0 0.5434782608695652 0.9869318181818182 0.03154305200341006 0.026136363636363635
0 0.6888320545609549 0.8784090909090909 0.05285592497868713 0.15227272727272728
0 0.6193520886615516 0.9795454545454545 0.041773231031543054 0.038636363636363635
0 0.38448422847399827 0.9585227272727272 0.04603580562659847 0.07840909090909091
0 0.5008525149190111 0.78125 0.04688832054560955 0.15795454545454546
0 0.05029838022165388 0.40454545454545454 0.0392156862745098 0.10454545454545454
0 0.7531969309462916 0.5494318181818182 0.040068201193520885 0.12840909090909092
0 0.011082693947144074 0.821590909090909 0.020460358056265986 0.15
0 0.25191815856777494 0.5818181818181818 0.040068201193520885 0.1318181818181818
0 0.28815004262574595 0.5693181818181818 0.03410059676044331 0.12954545454545455
0 0.3755328218243819 0.5767045454545454 0.040068201193520885 0.12613636363636363
0 0.5485933503836317 0.7778409090909091 0.040068201193520885 0.15568181818181817
0 0.07757885763000852 0.29147727272727275 0.03751065643648764 0.10795454545454546
0 0.31628303495311166 0.6460227272727272 0.04092071611253197 0.13522727272727272
0 0.37084398976982097 0.4511363636363636 0.05285592497868713 0.12954545454545455
0 0.10059676044330776 0.29261363636363635 0.03239556692242114 0.10568181818181818
0 0.033674339300937765 0.8352272727272727 0.040068201193520885 0.1318181818181818
0 0.0196078431372549 0.9710227272727273 0.03751065643648764 0.05795454545454545
0 0.8959931798806479 0.8647727272727272 0.057971014492753624 0.15
0 0.08439897698209718 0.4 0.03580562659846547 0.1159090909090909
0 0.2885763000852515 0.49772727272727274 0.043478260869565216 0.1318181818181818
0 0.18030690537084398 0.9659090909090909 0.040068201193520885 0.06818181818181818
0 0.28601875532821824 0.6295454545454545 0.041773231031543054 0.13863636363636364
0 0.37851662404092073 0.14375 0.02557544757033248 0.0875
0 0.685848252344416 0.3215909090909091 0.041773231031543054 0.11136363636363636
0 0.3742540494458653 0.03068181818181818 0.027280477408354646 0.05909090909090909
0 0.45098039215686275 0.0715909090909091 0.028985507246376812 0.08409090909090909
0 0.49531116794543906 0.0375 0.027280477408354646 0.07272727272727272
0 0.4057971014492754 0.031818181818181815 0.027280477408354646 0.06136363636363636
