0 0.0247229326513214 0.8295454545454546 0.04774083546462063 0.15227272727272728
0 0.028132992327365727 0.9227272727272727 0.04774083546462063 0.13863636363636364
0 0.08525149190110827 0.8948863636363636 0.03751065643648764 0.14886363636363636
0 0.7352941176470589 0.9602272727272727 0.05711849957374254 0.08181818181818182
0 0.46547314578005117 0.9630681818181818 0.0443307757885763 0.07613636363636364
0 0.5183290707587382 0.9528409090909091 0.04603580562659847 0.09431818181818181
0 0.35805626598465473 0.8221590909090909 0.042625745950554135 0.15113636363636362
0 0.3213981244671782 0.8 0.04774083546462063 0.15227272727272728
0 0.289002557544757 0.8335227272727272 0.05115089514066496 0.14204545454545456
0 0.5277067348678602 0.8323863636363636 0.0443307757885763 0.15568181818181817
0 0.5639386189258312 0.8261363636363637 0.045183290707587385 0.15227272727272728
0 0.4032395566922421 0.6647727272727273 0.0392156862745098 0.14545454545454545
0 0.10571184995737426 0.6426136363636363 0.0443307757885763 0.14204545454545456
0 0.12745098039215685 0.6511363636363636 0.045183290707587385 0.1409090909090909
0 0.757459505541347 0.6869318181818181 0.04859335038363171 0.15113636363636362
0 0.7800511508951407 0.9721590909090909 0.0443307757885763 0.05795454545454545
0 0.3273657289002558 0.6005681818181818 0.03751065643648764 0.12840909090909092
0 0.33248081841432225 0.6301136363636364 0.04092071611253197 0.1375
0 0.1918158567774936 0.5642045454545455 0.0443307757885763 0.14204545454545456
0 0.8393009377664109 0.02556818181818182 0.026427962489343565 0.048863636363636366
0 0.902387041773231 0.9261363636363636 0.04859335038363171 0.1431818181818182
0 0.4663256606990622 0.5642045454545455 0.04092071611253197 0.13068181818181818
0 0.45524296675191817 0.6693181818181818 0.04774083546462063 0.13863636363636364
0 0.49957374254049447 0.6721590909090909 0.04092071611253197 0.14431818181818182
0 0.5805626598465473 0.7676136363636363 0.04603580562659847 0.1215909090909091
0 0.30221653878942883 0.11193181818181819 0.03154305200341006 0.10795454545454546
0 0.8286445012787724 0.44431818181818183 0.04092071611253197 0.10909090909090909
0 0.10144927536231885 0.9852272727272727 0.03580562659846547 0.031818181818181815
0 0.2770673486786019 0.9704545454545455 0.0392156862745098 0.06136363636363636
0 0.20630861040068202 0.9784090909090909 0.0443307757885763 0.04318181818181818
0 0.2340153452685422 0.9585227272727272 0.04859335038363171 0.08522727272727272
0 0.13981244671781756 0.9272727272727272 0.0494458653026428 0.14772727272727273
0 0.18073316283034954 0.9289772727272727 0.042625745950554135 0.14431818181818182
0 0.43137254901960786 0.045454545454545456 0.02557544757033248 0.07045454545454545
0 0.5336743393009378 0.019318181818181818 0.02557544757033248 0.03636363636363636
0 0.4156010230179028 0.044886363636363634 0.028132992327365727 0.08068181818181819
0 0.38618925831202044 0.017613636363636363 0.028985507246376812 0.03295454545454545
0 0.319693094629156 0.03295454545454545 0.028985507246376812 0.06363636363636363
0 0.21184995737425405 0.08636363636363636 0.028132992327365727 0.09545454545454546
0 0.8064791133844842 0.36420454545454545 0.03580562659846547 0.10795454545454546
0 0.8064791133844842 0.24431818181818182 0.0392156862745098 0.11818181818181818
0 0.8013640238704177 0.26079545454545455 0.03239556692242114 0.11477272727272728
0 0.8363171355498721 0.08409090909090909 0.03580562659846547 0.09772727272727273
0 0.7412617220801364 0.4409090909090909 0.03836317135549872 0.125
0 0.4982949701619778 0.34204545454545454 0.03495311167945439 0.11136363636363636
0 0.5302642796248934 0.34147727272727274 0.0392156862745098 0.12840909090909092
0 0.8252344416027281 0.41306818181818183 0.03751065643648764 0.10795454545454546
0 0.7783461210571185 0.44431818181818183 0.04092071611253197 0.12272727272727273
0 0.7101449275362319 0.6272727272727273 0.0392156862745098 0.15227272727272728
0 0.8422847399829497 0.5954545454545455 0.04092071611253197 0.12954545454545455
0 0.8260869565217391 0.6994318181818182 0.03410059676044331 0.1215909090909091
0 0.8900255754475703 0.6869318181818181 0.042625745950554135 0.13068181818181818
0 0.8158567774936062 0.6176136363636363 0.0392156862745098 0.13522727272727272
0 0.5537084398976982 0.48522727272727273 0.04688832054560955 0.13863636363636364
0 0.5353793691389599 0.48352272727272727 0.042625745950554135 0.13522727272727272
0 0.27365728900255754 0.3090909090909091 0.03580562659846547 0.1159090909090909
0 0.4961636828644501 0.14431818181818182 0.028985507246376812 0.09090909090909091
0 0.20332480818414322 0.038636363636363635 0.0247229326513214 0.075
0 0.3567774936061381 0.058522727272727275 0.0247229326513214 0.08977272727272727
0 0.39428815004262574 0.04261363636363636 0.0247229326513214 0.08068181818181819
0 0.8132992327365729 0.3534090909090909 0.0392156862745098 0.10454545454545454
0 0.8687127024722933 0.7301136363636364 0.02557544757033248 0.10340909090909091
0 0.2361466325660699 0.0846590909090909 0.027280477408354646 0.0875
0 0.7101449275362319 0.35056818181818183 0.05115089514066496 0.12840909090909092
0 0.8635976129582268 0.4068181818181818 0.042625745950554135 0.125
0 0.5336743393009378 0.42272727272727273 0.03410059676044331 0.11818181818181818
0 0.7996589940323956 0.5869318181818182 0.04092071611253197 0.12840909090909092
0 0.5213128729752771 0.14545454545454545 0.03324808184143223 0.09318181818181819
0 0.5119352088661552 0.5630681818181819 0.03836317135549872 0.14204545454545456
0 0.5677749360613811 0.4159090909090909 0.04092071611253197 0.12727272727272726
0 0.05839727195225917 0.5301136363636364 0.040068201193520885 0.11704545454545455
0 0.7101449275362319 0.45795454545454545 0.0392156862745098 0.12045454545454545
0 0.763000852514919 0.4744318181818182 0.042625745950554135 0.13522727272727272
0 0.7404092071611253 0.24261363636363636 0.03495311167945439 0.11477272727272728
0 0.5046888320545609 0.07954545454545454 0.028985507246376812 0.09090909090909091
0 0.5268542199488491 0.07954545454545454 0.023870417732310314 0.09772727272727273
0 0.5332480818414322 0.1028409090909091 0.028132992327365727 0.09431818181818181
0 0.5652173913043478 0.10795454545454546 0.03239556692242114 0.1
0 0.6909633418584825 0.25227272727272726 0.03836317135549872 0.11818181818181818
0 0.6530264279624893 0.9318181818181818 0.04774083546462063 0.13863636363636364
0 0.6922421142369991 0.9301136363636363 0.0443307757885763 0.14204545454545456
0 0.8248081841432225 0.8323863636363636 0.04859335038363171 0.16477272727272727
0 0.8516624040920716 0.7335227272727273 0.0494458653026428 0.16022727272727272
0 0.9002557544757033 0.7426136363636363 0.03751065643648764 0.1375
0 0.6798806479113384 0.6079545454545454 0.04688832054560955 0.1409090909090909
0 0.23231031543052003 0.2096590909090909 0.03324808184143223 0.10568181818181818
0 0.4616368286445013 0.41761363636363635 0.041773231031543054 0.13068181818181818
0 0.1658141517476556 0.4590909090909091 0.03154305200341006 0.10454545454545454
0 0.19437340153452684 0.45738636363636365 0.03580562659846547 0.13068181818181818
0 0.22335890878090367 0.46988636363636366 0.03580562659846547 0.09659090909090909
0 0.236999147485081 0.3034090909090909 0.03580562659846547 0.11363636363636363
0 0.41602728047740833 0.39204545454545453 0.03580562659846547 0.125
0 0.2971014492753623 0.19545454545454546 0.03836317135549872 0.11363636363636363
0 0.16837169650468883 0.10909090909090909 0.029838022165387893 0.09772727272727273
0 0.37851662404092073 0.17045454545454544 0.028985507246376812 0.08409090909090909
0 0.5277067348678602 0.055113636363636365 0.03239556692242114 0.10113636363636364
0 0.4484228473998295 0.15 0.03239556692242114 0.10454545454545454
0 0.47485080988917305 0.16022727272727272 0.03239556692242114 0.09545454545454546
0 0.18201193520886616 0.0625 0.028132992327365727 0.10454545454545454
0 0.11466325660699062 0.028409090909090908 0.03836317135549872 0.05454545454545454
0 0.3273657289002558 0.11875 0.030690537084398978 0.0875
0 0.4957374254049446 0.17613636363636365 0.03495311167945439 0.10454545454545454
0 0.763000852514919 0.34602272727272726 0.042625745950554135 0.1215909090909091
0 0.39258312020460356 0.05795454545454545 0.028132992327365727 0.09090909090909091
0 0.47485080988917305 0.05454545454545454 0.028985507246376812 0.08863636363636364
0 0.49872122762148335 0.4323863636363636 0.0392156862745098 0.13068181818181818
0 0.032821824381926684 0.9835227272727273 0.040068201193520885 0.035227272727272725
0 0.26982097186700765 0.7630681818181818 0.045183290707587385 0.13977272727272727
0 0.8618925831202046 0.9255681818181818 0.05456095481670929 0.14886363636363636
0 0.9573742540494459 0.9409090909090909 0.04092071611253197 0.12045454545454545
0 0.9833759590792839 0.9397727272727273 0.029838022165387893 0.11818181818181818
0 0.8985507246376812 0.6420454545454546 0.03751065643648764 0.13863636363636364
0 0.7058823529411765 0.21022727272727273 0.030690537084398978 0.09772727272727273
0 0.2651321398124467 0.019318181818181818 0.03239556692242114 0.03636363636363636
0 0.010656436487638534 0.6051136363636364 0.0196078431372549 0.12386363636363637
0 0.00639386189258312 0.5795454545454546 0.011082693947144074 0.12045454545454545
0 0.6210571184995738 0.7681818181818182 0.04859335038363171 0.14772727272727273
0 0.043478260869565216 0.38579545454545455 0.03751065643648764 0.12840909090909092
0 0.25404944586530265 0.65 0.03751065643648764 0.14545454545454545
0 0.5856777493606138 0.6272727272727273 0.04092071611253197 0.125
0 0.473998294970162 0.4954545454545455 0.03580562659846547 0.10454545454545454
0 0.3052003410059676 0.3715909090909091 0.03580562659846547 0.125
0 0.022591645353793693 0.48522727272727273 0.043478260869565216 0.125
0 0.06521739130434782 0.4113636363636364 0.041773231031543054 0.125
0 0.3137254901960784 0.6892045454545455 0.042625745950554135 0.13977272727272727
0 0.09974424552429667 0.4068181818181818 0.04092071611253197 0.11818181818181818
0 0.4441602728047741 0.2340909090909091 0.03239556692242114 0.11136363636363636
0 0.5404944586530265 0.6045454545454545 0.03580562659846547 0.12272727272727273
0 0.44501278772378516 0.4909090909090909 0.0392156862745098 0.13863636363636364
0 0.18329070758738278 0.08636363636363636 0.023870417732310314 0.08409090909090909
0 0.4820971867007673 0.46079545454545456 0.03495311167945439 0.1215909090909091
0 0.5430520034100597 0.5346590909090909 0.042625745950554135 0.14659090909090908
0 0.34441602728047743 0.3721590909090909 0.03239556692242114 0.12840909090909092
0 0.11935208866155157 0.27045454545454545 0.04092071611253197 0.10454545454545454
0 0.40878090366581415 0.32386363636363635 0.03495311167945439 0.11136363636363636
0 0.15515771526001704 0.38238636363636364 0.03751065643648764 0.1215909090909091
0 0.3213981244671782 0.32329545454545455 0.03580562659846547 0.1215909090909091
0 0.3350383631713555 0.24034090909090908 0.03239556692242114 0.10340909090909091
0 0.3699914748508099 0.24431818181818182 0.03751065643648764 0.11136363636363636
0 0.4497016197783461 0.3125 0.03836317135549872 0.11818181818181818
0 0.38277919863597615 0.3153409090909091 0.03410059676044331 0.1215909090909091
0 0.4236999147485081 0.225 0.030690537084398978 0.10681818181818181
0 0.396845694799659 0.2471590909090909 0.03154305200341006 0.10568181818181818
0 0.2971014492753623 0.24261363636363636 0.03495311167945439 0.1215909090909091
0 0.5336743393009378 0.1806818181818182 0.03239556692242114 0.10454545454545454
0 0.7382779198635976 0.3875 0.0392156862745098 0.11136363636363636
0 0.8653026427962489 0.275 0.030690537084398978 0.11136363636363636
0 0.8601875532821824 0.475 0.04092071611253197 0.11818181818181818
0 0.8444160272804774 0.27102272727272725 0.03495311167945439 0.11022727272727273
0 0.8631713554987213 0.44886363636363635 0.041773231031543054 0.125
0 0.8188405797101449 0.4732954545454545 0.03836317135549872 0.12386363636363637
0 0.8367433930093776 0.9482954545454545 0.06223358908780904 0.10568181818181818
0 0.040068201193520885 0.5170454545454546 0.04603580562659847 0.13863636363636364
0 0.505541346973572 0.48068181818181815 0.03239556692242114 0.12045454545454545
0 0.3797953964194373 0.5914772727272727 0.045183290707587385 0.12613636363636363
0 0.443307757885763 0.5772727272727273 0.03751065643648764 0.1318181818181818
0 0.43265132139812446 0.17784090909090908 0.023017902813299233 0.0875
