0 0.113384484228474 0.17102272727272727 0.03410059676044331 0.11022727272727273
0 0.020034100596760442 0.9744318181818182 0.03836317135549872 0.053409090909090906
0 0.3393009377664109 0.9568181818181818 0.042625745950554135 0.08636363636363636
0 0.3691389599317988 0.9693181818181819 0.0443307757885763 0.06363636363636363
0 0.3593350383631714 0.3079545454545455 0.040068201193520885 0.1
0 0.711849957374254 0.9005681818181818 0.07502131287297528 0.15795454545454546
0 0.06820119352088662 0.1625 0.030690537084398978 0.10454545454545454
0 0.2826086956521739 0.7784090909090909 0.04859335038363171 0.13636363636363635
0 0.5571184995737425 0.9869318181818182 0.028132992327365727 0.028409090909090908
0 0.5971867007672634 0.9795454545454545 0.043478260869565216 0.04090909090909091
0 0.5575447570332481 0.44488636363636364 0.0392156862745098 0.11477272727272728
0 0.31415174765558396 0.0659090909090909 0.029838022165387893 0.09318181818181819
0 0.4360613810741688 0.04375 0.028132992327365727 0.08522727272727272
0 0.2612958226768968 0.29545454545454547 0.03665814151747655 0.12045454545454545
0 0.7851662404092071 0.25 0.03751065643648764 0.10227272727272728
0 0.861466325660699 0.7170454545454545 0.04688832054560955 0.13863636363636364
0 0.26044330775788577 0.9886363636363636 0.026427962489343565 0.025
0 0.2259164535379369 0.9681818181818181 0.05456095481670929 0.06363636363636363
0 0.12958226768968456 0.9403409090909091 0.0494458653026428 0.1215909090909091
0 0.16709292412617222 0.9392045454545455 0.04603580562659847 0.1215909090909091
0 0.3998294970161978 0.2028409090909091 0.028985507246376812 0.0875
0 0.5485933503836317 0.12329545454545454 0.03324808184143223 0.10113636363636364
0 0.3887468030690537 0.20227272727272727 0.03239556692242114 0.09318181818181819
0 0.35038363171355497 0.13579545454545455 0.03580562659846547 0.09886363636363636
0 0.18499573742540495 0.20170454545454544 0.04092071611253197 0.11704545454545455
0 0.08567774936061381 0.26420454545454547 0.029838022165387893 0.09886363636363636
0 0.6952259164535379 0.6556818181818181 0.04688832054560955 0.13863636363636364
0 0.7958226768968457 0.39204545454545453 0.041773231031543054 0.1159090909090909
0 0.8563512361466326 0.4693181818181818 0.04688832054560955 0.12272727272727273
0 0.8307757885763001 0.47954545454545455 0.041773231031543054 0.125
0 0.8235294117647058 0.24147727272727273 0.03751065643648764 0.10568181818181818
0 0.7723785166240409 0.7079545454545455 0.04092071611253197 0.13863636363636364
0 0.5720375106564365 0.6193181818181818 0.04603580562659847 0.15227272727272728
0 0.8623188405797102 0.6539772727272727 0.043478260869565216 0.14431818181818182
0 0.8107416879795396 0.7079545454545455 0.03751065643648764 0.1318181818181818
0 0.9390451832907076 0.9829545454545454 0.03495311167945439 0.03636363636363636
0 0.6585677749360613 0.7994318181818182 0.04688832054560955 0.16022727272727272
0 0.6325660699062233 0.8107954545454545 0.05456095481670929 0.1534090909090909
0 0.10656436487638533 0.5642045454545455 0.0392156862745098 0.13522727272727272
0 0.5127877237851662 0.3477272727272727 0.03324808184143223 0.11136363636363636
0 0.33972719522591643 0.21647727272727274 0.029838022165387893 0.09886363636363636
0 0.3691389599317988 0.19318181818181818 0.027280477408354646 0.09318181818181819
0 0.8137254901960784 0.6170454545454546 0.03836317135549872 0.1340909090909091
0 0.11466325660699062 0.2721590909090909 0.028132992327365727 0.09659090909090909
0 0.7250639386189258 0.6227272727272727 0.05200341005967604 0.1409090909090909
0 0.8976982097186701 0.6454545454545455 0.05115089514066496 0.14545454545454545
0 0.5089514066496164 0.7272727272727273 0.04603580562659847 0.14545454545454545
0 0.8324808184143222 0.6477272727272727 0.04688832054560955 0.1340909090909091
0 0.5311167945439045 0.3522727272727273 0.03239556692242114 0.11363636363636363
0 0.2071611253196931 0.015909090909090907 0.028985507246376812 0.029545454545454545
0 0.30647911338448425 0.017045454545454544 0.026427962489343565 0.031818181818181815
0 0.31074168797953966 0.8017045454545455 0.04859335038363171 0.16022727272727272
0 0.5575447570332481 0.7301136363636364 0.04603580562659847 0.15568181818181817
0 0.5528559249786871 0.6681818181818182 0.040068201193520885 0.12954545454545455
0 0.5831202046035806 0.7119318181818182 0.03751065643648764 0.13522727272727272
0 0.7208013640238704 0.7931818181818182 0.05200341005967604 0.1431818181818182
0 0.7830349531116795 0.8244318181818182 0.05200341005967604 0.16704545454545455
0 0.768542199488491 0.38977272727272727 0.03324808184143223 0.12045454545454545
0 0.31628303495311166 0.24659090909090908 0.03410059676044331 0.09772727272727273
0 0.3393009377664109 0.24659090909090908 0.03410059676044331 0.10454545454545454
0 0.5217391304347826 0.28125 0.03751065643648764 0.10568181818181818
0 0.5524296675191815 0.2943181818181818 0.03751065643648764 0.10227272727272728
0 0.14151747655583974 0.09147727272727273 0.03239556692242114 0.10113636363636364
0 0.19820971867007672 0.10852272727272727 0.029838022165387893 0.09886363636363636
0 0.23529411764705882 0.075 0.028985507246376812 0.08181818181818182
0 0.1184995737425405 0.08522727272727272 0.030690537084398978 0.10227272727272728
0 0.257459505541347 0.07215909090909091 0.028985507246376812 0.09204545454545454
0 0.40153452685422 0.07272727272727272 0.0392156862745098 0.09318181818181819
0 0.4096334185848252 0.045454545454545456 0.0247229326513214 0.08863636363636364
0 0.38235294117647056 0.03465909090909091 0.0247229326513214 0.06704545454545455
0 0.3188405797101449 0.017045454545454544 0.027280477408354646 0.031818181818181815
0 0.5042625745950554 0.04318181818181818 0.028132992327365727 0.08409090909090909
0 0.5242966751918159 0.04659090909090909 0.023870417732310314 0.08409090909090909
0 0.8533674339300937 0.03295454545454545 0.030690537084398978 0.06363636363636363
0 0.340153452685422 0.02727272727272727 0.028985507246376812 0.05227272727272727
0 0.3593350383631714 0.03125 0.0247229326513214 0.05568181818181818
0 0.7084398976982097 0.36022727272727273 0.042625745950554135 0.1159090909090909
0 0.7514919011082694 0.41647727272727275 0.041773231031543054 0.13295454545454546
0 0.7497868712702472 0.5073863636363637 0.03836317135549872 0.13295454545454546
0 0.7621483375959079 0.4943181818181818 0.0443307757885763 0.14545454545454545
0 0.46675191815856776 0.5517045454545455 0.045183290707587385 0.12840909090909092
0 0.7387041773231031 0.45 0.03836317135549872 0.125
0 0.726768968456948 0.509090909090909 0.03324808184143223 0.125
0 0.7139812446717817 0.42045454545454547 0.03836317135549872 0.11136363636363636
0 0.479539641943734 0.18295454545454545 0.029838022165387893 0.07045454545454545
0 0.45737425404944587 0.17329545454545456 0.029838022165387893 0.09886363636363636
0 0.40153452685422 0.14886363636363636 0.03580562659846547 0.10227272727272728
0 0.7578857630008525 0.26534090909090907 0.03239556692242114 0.07386363636363637
0 0.7715260017050298 0.4471590909090909 0.04092071611253197 0.13068181818181818
0 0.8836317135549873 0.9801136363636364 0.03836317135549872 0.03977272727272727
0 0.16112531969309463 0.4556818181818182 0.03751065643648764 0.125
0 0.47911338448422847 0.6829545454545455 0.05115089514066496 0.15681818181818183
0 0.013213981244671782 0.7630681818181818 0.0247229326513214 0.15113636363636362
0 0.032821824381926684 0.7738636363636363 0.03665814151747655 0.11363636363636363
0 0.06947996589940324 0.5642045454545455 0.041773231031543054 0.13068181818181818
0 0.43435635123614663 0.7102272727272727 0.04688832054560955 0.1431818181818182
0 0.2216538789428815 0.44943181818181815 0.042625745950554135 0.13295454545454546
0 0.0247229326513214 0.34147727272727274 0.04092071611253197 0.11022727272727273
0 0.4697357203751066 0.26875 0.03751065643648764 0.11477272727272728
0 0.42242114236999145 0.4125 0.03665814151747655 0.1159090909090909
0 0.4484228473998295 0.4340909090909091 0.03580562659846547 0.11136363636363636
0 0.04774083546462063 0.22329545454545455 0.03580562659846547 0.11022727272727273
0 0.28218243819266836 0.3073863636363636 0.03751065643648764 0.10340909090909091
0 0.48294970161977835 0.4090909090909091 0.03665814151747655 0.12045454545454545
0 0.7864450127877238 0.6301136363636364 0.04859335038363171 0.14204545454545456
0 0.3648763853367434 0.2119318181818182 0.03239556692242114 0.10340909090909091
0 0.48081841432225064 0.2215909090909091 0.03751065643648764 0.10227272727272728
0 0.46717817561807334 0.740909090909091 0.05115089514066496 0.15681818181818183
0 0.8026427962489343 0.9789772727272728 0.043478260869565216 0.042045454545454546
0 0.5336743393009378 0.8352272727272727 0.04092071611253197 0.1340909090909091
0 0.27237851662404094 0.6278409090909091 0.04688832054560955 0.14431818181818182
0 0.017050298380221655 0.6977272727272728 0.03239556692242114 0.15227272727272728
0 0.4053708439897698 0.45227272727272727 0.04688832054560955 0.1159090909090909
0 0.7259164535379369 0.9630681818181818 0.05370843989769821 0.07613636363636364
0 0.4957374254049446 0.8414772727272727 0.060528559249786874 0.16704545454545455
0 0.06479113384484228 0.26534090909090907 0.03410059676044331 0.09886363636363636
0 0.5797101449275363 0.7738636363636363 0.042625745950554135 0.1431818181818182
0 0.685848252344416 0.8477272727272728 0.060528559249786874 0.15681818181818183
0 0.3052003410059676 0.6164772727272727 0.04092071611253197 0.14431818181818182
0 0.3742540494458653 0.5727272727272728 0.042625745950554135 0.1159090909090909
0 0.04688832054560955 0.6403409090909091 0.0494458653026428 0.13522727272727272
0 0.16837169650468883 0.5994318181818182 0.05029838022165388 0.1375
0 0.3030690537084399 0.4727272727272727 0.03154305200341006 0.12045454545454545
0 0.3422847399829497 0.4784090909090909 0.03836317135549872 0.1340909090909091
0 0.38107416879795397 0.6022727272727273 0.04603580562659847 0.14772727272727273
0 0.35038363171355497 0.5579545454545455 0.04092071611253197 0.12954545454545455
0 0.3755328218243819 0.4471590909090909 0.04688832054560955 0.12386363636363637
0 0.37851662404092073 0.48977272727272725 0.042625745950554135 0.125
0 0.17604433077578857 0.5511363636363636 0.041773231031543054 0.1409090909090909
0 0.5166240409207161 0.4011363636363636 0.03751065643648764 0.1159090909090909
0 0.7280477408354646 0.7284090909090909 0.042625745950554135 0.1431818181818182
0 0.8648763853367434 0.5068181818181818 0.03324808184143223 0.12045454545454545
0 0.9143222506393862 0.7460227272727272 0.043478260869565216 0.14204545454545456
0 0.8431372549019608 0.49772727272727274 0.042625745950554135 0.12954545454545455
0 0.9032395566922421 0.7113636363636363 0.04688832054560955 0.14772727272727273
0 0.8635976129582268 0.7534090909090909 0.056265984654731455 0.13863636363636364
0 0.6095481670929241 0.7846590909090909 0.04092071611253197 0.13295454545454546
0 0.4100596760443308 0.9528409090909091 0.056265984654731455 0.09431818181818181
0 0.6197783461210571 0.7676136363636363 0.03751065643648764 0.1375
0 0.5447570332480819 0.9306818181818182 0.059676044330775786 0.1318181818181818
0 0.37382779198635974 0.36363636363636365 0.03836317135549872 0.10227272727272728
