0 0.203125 0.9175925925925926 0.07291666666666667 0.1648148148148148
0 0.11041666666666666 0.9324074074074075 0.078125 0.13703703703703704
0 0.039322916666666666 0.9518518518518518 0.07447916666666667 0.0962962962962963
0 0.052083333333333336 0.9203703703703704 0.075 0.16111111111111112
0 0.8182291666666667 0.8277777777777777 0.0625 0.32037037037037036
0 0.8375 0.6777777777777778 0.051041666666666666 0.26296296296296295
0 0.17708333333333334 0.6393518518518518 0.058333333333333334 0.2175925925925926
0 0.07682291666666667 0.6703703703703704 0.05572916666666667 0.18518518518518517
0 0.9065104166666667 0.5268518518518519 0.044270833333333336 0.17962962962962964
0 0.12395833333333334 0.6083333333333333 0.059375 0.2518518518518518
0 0.8552083333333333 0.5453703703703704 0.04375 0.20185185185185187
0 0.2598958333333333 0.587037037037037 0.04479166666666667 0.20185185185185187
0 0.21901041666666668 0.5828703703703704 0.04635416666666667 0.2101851851851852
0 0.31875 0.587037037037037 0.04479166666666667 0.2222222222222222
0 0.39348958333333334 0.5208333333333334 0.05364583333333333 0.19537037037037036
0 0.32890625 0.4981481481481482 0.04635416666666667 0.20185185185185187
0 0.2950520833333333 0.4148148148148148 0.034895833333333334 0.17592592592592593
0 0.4552083333333333 0.449537037037037 0.041666666666666664 0.1712962962962963
0 0.3875 0.4134259259259259 0.029166666666666667 0.14537037037037037
0 0.35833333333333334 0.40324074074074073 0.041666666666666664 0.17314814814814813
0 0.32708333333333334 0.3907407407407407 0.0375 0.15185185185185185
0 0.4973958333333333 0.3819444444444444 0.03854166666666667 0.14166666666666666
0 0.46588541666666666 0.3768518518518518 0.033854166666666664 0.15185185185185185
0 0.5231770833333333 0.35462962962962963 0.03802083333333333 0.15185185185185185
0 0.43828125 0.36712962962962964 0.027604166666666666 0.13796296296296295
0 0.421875 0.3597222222222222 0.03125 0.1361111111111111
0 0.49557291666666664 0.3472222222222222 0.03177083333333333 0.12962962962962962
0 0.47161458333333334 0.30972222222222223 0.030729166666666665 0.1287037037037037
0 0.39010416666666664 0.3578703703703704 0.035416666666666666 0.15462962962962962
0 0.4359375 0.28425925925925927 0.030208333333333334 0.12407407407407407
0 0.3611979166666667 0.3347222222222222 0.027604166666666666 0.13796296296296295
0 0.40208333333333335 0.29305555555555557 0.023958333333333335 0.09907407407407408
0 0.35885416666666664 0.3111111111111111 0.04479166666666667 0.13703703703703704
0 0.5041666666666667 0.17037037037037037 0.021875 0.09259259259259259
0 0.7885416666666667 0.36574074074074076 0.03229166666666667 0.17407407407407408
0 0.43125 0.3074074074074074 0.03229166666666667 0.1388888888888889
0 0.5536458333333333 0.39166666666666666 0.034375 0.18518518518518517
0 0.53046875 0.39861111111111114 0.027604166666666666 0.18425925925925926
0 0.49296875 0.3282407407407407 0.025520833333333333 0.12314814814814815
0 0.42135416666666664 0.3199074074074074 0.030208333333333334 0.12685185185185185
0 0.36484375 0.3574074074074074 0.0359375 0.1537037037037037
0 0.44088541666666664 0.2722222222222222 0.0296875 0.11851851851851852
0 0.4674479166666667 0.2657407407407407 0.027604166666666666 0.12407407407407407
0 0.5296875 0.43425925925925923 0.03854166666666667 0.17037037037037037
0 0.346875 0.2569444444444444 0.022916666666666665 0.11574074074074074
0 0.5005208333333333 0.41944444444444445 0.03854166666666667 0.17962962962962964
0 0.3546875 0.24861111111111112 0.025 0.10648148148148148
0 0.7109375 0.5532407407407407 0.05520833333333333 0.2175925925925926
0 0.7416666666666667 0.5458333333333333 0.05625 0.20277777777777778
0 0.41041666666666665 0.25092592592592594 0.023958333333333335 0.11851851851851852
0 0.6119791666666666 0.3574074074074074 0.03125 0.13518518518518519
0 0.771875 0.38055555555555554 0.035416666666666666 0.1685185185185185
0 0.3815104166666667 0.25601851851851853 0.024479166666666666 0.10648148148148148
