0 0.4540507859733978 0.9185185185185185 0.037484885126964934 0.13333333333333333
0 0.007859733978234583 0.31805555555555554 0.014510278113663845 0.13425925925925927
0 0.4879081015719468 0.20833333333333334 0.03506650544135429 0.12962962962962962
0 0.4969770253929867 0.1925925925925926 0.02902055622732769 0.11851851851851852
0 0.9214026602176542 0.524537037037037 0.03869407496977025 0.14722222222222223
0 0.4159613059250302 0.8967592592592593 0.05441354292623942 0.1675925925925926
0 0.5798065296251511 0.5634259259259259 0.036275695284159616 0.15462962962962962
0 0.5396009673518742 0.5601851851851852 0.0501813784764208 0.15185185185185185
0 0.9398428053204353 0.674074074074074 0.046553808948004836 0.1537037037037037
0 0.5374848851269649 0.25046296296296294 0.041112454655380895 0.1361111111111111
0 0.5574365175332527 0.2902777777777778 0.03385731559854897 0.12685185185185185
0 0.7968561064087062 0.5583333333333333 0.041112454655380895 0.1425925925925926
0 0.7648125755743652 0.5574074074074075 0.04232164449818621 0.1648148148148148
0 0.7312575574365175 0.5449074074074074 0.03688029020556227 0.13425925925925927
0 0.9646311970979444 0.2574074074074074 0.03688029020556227 0.13518518518518519
0 0.8775695284159613 0.23703703703703705 0.044135429262394194 0.14444444444444443
0 0.5589480048367593 0.24074074074074073 0.02962515114873035 0.1111111111111111
0 0.9235187424425635 0.36018518518518516 0.039298669891172915 0.15925925925925927
0 0.9631197097944377 0.3384259259259259 0.03506650544135429 0.14537037037037037
0 0.9443772672309553 0.3111111111111111 0.037484885126964934 0.13518518518518519
0 0.5308343409915357 0.17962962962962964 0.03506650544135429 0.13518518518518519
0 0.5054413542926239 0.14305555555555555 0.03143893591293833 0.13796296296296295
0 0.6058041112454655 0.2949074074074074 0.032648125755743655 0.14537037037037037
0 0.5931076178960096 0.31527777777777777 0.036275695284159616 0.13425925925925927
0 0.7028415961305925 0.2625 0.035671100362756954 0.125
0 0.75 0.4597222222222222 0.06590084643288996 0.16203703703703703
0 0.8004836759371221 0.3787037037037037 0.044740024183796856 0.14629629629629629
0 0.7261185006045949 0.37546296296296294 0.041112454655380895 0.16018518518518518
0 0.6272672309552599 0.27361111111111114 0.03204353083434099 0.11574074074074074
0 0.6792623941958887 0.48564814814814816 0.034461910519951636 0.13425925925925927
0 0.629081015719468 0.350462962962963 0.04534461910519952 0.14351851851851852
0 0.6677750906892382 0.33287037037037037 0.044135429262394194 0.1398148148148148
0 0.5414147521160823 0.1476851851851852 0.039298669891172915 0.14907407407407408
0 0.6487303506650545 0.19768518518518519 0.0471584038694075 0.13425925925925927
0 0.7288391777509069 0.2587962962962963 0.0380894800483676 0.14537037037037037
0 0.8700120918984281 0.5337962962962963 0.03869407496977025 0.15648148148148147
0 0.8446191051995163 0.5018518518518519 0.037484885126964934 0.14074074074074075
0 0.8204353083434099 0.49907407407407406 0.03869407496977025 0.15185185185185185
0 0.742744860943168 0.3175925925925926 0.03204353083434099 0.13148148148148148
0 0.7536275695284159 0.27546296296296297 0.03204353083434099 0.12685185185185185
0 0.6408706166868199 0.3333333333333333 0.037484885126964934 0.1425925925925926
0 0.8893591293833132 0.3814814814814815 0.036275695284159616 0.13518518518518519
0 0.898428053204353 0.32222222222222224 0.037484885126964934 0.11851851851851852
0 0.7796251511487303 0.37037037037037035 0.04171704957678356 0.14074074074074075
0 0.7705562273276905 0.3 0.03325272067714631 0.12962962962962962
0 0.7744860943168077 0.32592592592592595 0.03990326481257558 0.15185185185185185
0 0.6577992744860943 0.28425925925925927 0.03990326481257558 0.13518518518518519
0 0.8570133010882709 0.4615740740740741 0.03204353083434099 0.13240740740740742
0 0.5683192261185006 0.2064814814814815 0.03385731559854897 0.1259259259259259
0 0.9419588875453446 0.3925925925925926 0.03385731559854897 0.10740740740740741
0 0.7496977025392987 0.612037037037037 0.044740024183796856 0.17037037037037037
0 0.8047158403869408 0.6157407407407407 0.03990326481257558 0.15185185185185185
0 0.3808948004836759 0.15046296296296297 0.02781136638452237 0.10092592592592593
0 0.6559854897218863 0.35555555555555557 0.044740024183796856 0.14629629629629629
0 0.5510882708585247 0.28379629629629627 0.02962515114873035 0.11018518518518519
0 0.686819830713422 0.25324074074074077 0.02781136638452237 0.12129629629629629
0 0.021160822249093107 0.9856481481481482 0.036275695284159616 0.028703703703703703
0 0.1163845223700121 0.862037037037037 0.0501813784764208 0.17777777777777778
0 0.13633615477629987 0.21805555555555556 0.04171704957678356 0.14537037037037037
0 0.04383313180169287 0.11342592592592593 0.039298669891172915 0.14351851851851852
0 0.07164449818621524 0.13425925925925927 0.039298669891172915 0.1425925925925926
0 0.10459492140266022 0.1412037037037037 0.036275695284159616 0.1398148148148148
0 0.1185006045949214 0.10925925925925926 0.04232164449818621 0.13518518518518519
0 0.12454655380894801 0.17824074074074073 0.037484885126964934 0.1287037037037037
0 0.14721886336154777 0.1763888888888889 0.0380894800483676 0.14351851851851852
0 0.16626360338573157 0.03888888888888889 0.03143893591293833 0.07592592592592592
0 0.2672309552599758 0.07361111111111111 0.03143893591293833 0.11574074074074074
0 0.20133010882708585 0.038425925925925926 0.03506650544135429 0.075
0 0.29564691656590086 0.07268518518518519 0.03506650544135429 0.12685185185185185
0 0.282950423216445 0.2564814814814815 0.044740024183796856 0.13703703703703704
0 0.37273276904474 0.03148148148148148 0.03204353083434099 0.06111111111111111
0 0.3316203143893591 0.07824074074074074 0.02962515114873035 0.12685185185185185
0 0.4437726723095526 0.075 0.03990326481257558 0.12407407407407407
0 0.36698911729141476 0.03935185185185185 0.030229746070133012 0.07685185185185185
0 0.42019347037484883 0.03564814814814815 0.03506650544135429 0.06944444444444445
0 0.48428053204353083 0.0912037037037037 0.03143893591293833 0.13796296296296295
0 0.5114873035066505 0.1 0.03385731559854897 0.13148148148148148
0 0.5259975816203144 0.1162037037037037 0.03506650544135429 0.14351851851851852
0 0.5556227327690447 0.11990740740740741 0.03506650544135429 0.13240740740740742
0 0.5556227327690447 0.06574074074074074 0.03990326481257558 0.12222222222222222
0 0.5825272067714631 0.06574074074074074 0.03204353083434099 0.12222222222222222
0 0.6493349455864571 0.05138888888888889 0.032648125755743655 0.10092592592592593
0 0.6674727932285369 0.053703703703703705 0.03143893591293833 0.1037037037037037
0 0.6904474002418379 0.06157407407407407 0.03143893591293833 0.11574074074074074
0 0.6614268440145102 0.17592592592592593 0.026602176541717048 0.12037037037037036
0 0.7339782345828295 0.22870370370370371 0.032648125755743655 0.13518518518518519
0 0.7073760580411125 0.16342592592592592 0.03385731559854897 0.12129629629629629
0 0.7478839177750907 0.21157407407407408 0.03385731559854897 0.13796296296296295
0 0.8778718258766627 0.15185185185185185 0.032648125755743655 0.12407407407407407
0 0.9498186215235792 0.03888888888888889 0.032648125755743655 0.07592592592592592
0 0.8449214026602176 0.2490740740740741 0.02720677146311971 0.12037037037037036
0 0.9694679564691656 0.22546296296296298 0.034461910519951636 0.13796296296296295
0 0.9709794437726723 0.14675925925925926 0.037484885126964934 0.13240740740740742
0 0.9467956469165659 0.1736111111111111 0.037484885126964934 0.13240740740740742
0 0.8896614268440145 0.10046296296296296 0.03204353083434099 0.1287037037037037
0 0.9186819830713422 0.09537037037037037 0.034461910519951636 0.1259259259259259
0 0.9238210399032648 0.18009259259259258 0.032648125755743655 0.12314814814814815
0 0.9325876662636033 0.12222222222222222 0.03083434099153567 0.12962962962962962
0 0.9830713422007256 0.08657407407407407 0.032648125755743655 0.13055555555555556
0 0.9628174123337364 0.09305555555555556 0.034461910519951636 0.12129629629629629
0 0.9050785973397824 0.06388888888888888 0.032648125755743655 0.1259259259259259
0 0.8799879081015719 0.053703703703703705 0.02962515114873035 0.10555555555555556
0 0.8645707376058042 0.047685185185185185 0.030229746070133012 0.08796296296296297
0 0.8784764207980653 0.08472222222222223 0.02781136638452237 0.08611111111111111
0 0.7554413542926239 0.1962962962962963 0.034461910519951636 0.12407407407407407
0 0.7303506650544136 0.16296296296296298 0.03506650544135429 0.11296296296296296
0 0.08948004836759371 0.026851851851851852 0.02539298669891173 0.05185185185185185
0 0.8920798065296252 0.2 0.06469165659008465 0.1685185185185185
0 0.3691051995163241 0.5648148148148148 0.03688029020556227 0.14814814814814814
0 0.07376058041112454 0.46805555555555556 0.03990326481257558 0.15092592592592594
0 0.05290205562273277 0.5166666666666667 0.039298669891172915 0.15185185185185185
0 0.02539298669891173 0.4949074074074074 0.03506650544135429 0.16203703703703703
0 0.09461910519951633 0.5115740740740741 0.044135429262394194 0.15462962962962962
0 0.8346432889963724 0.3819444444444444 0.039298669891172915 0.1287037037037037
0 0.844316807738815 0.3597222222222222 0.03204353083434099 0.12685185185185185
0 0.2539298669891173 0.674537037037037 0.044740024183796856 0.16574074074074074
0 0.2249093107617896 0.6652777777777777 0.037484885126964934 0.16018518518518518
0 0.3545949214026602 0.6527777777777778 0.039298669891172915 0.13703703703703704
0 0.22944377267230956 0.575 0.034461910519951636 0.1537037037037037
0 0.18530834340991537 0.5657407407407408 0.04050785973397823 0.14814814814814814
0 0.19044740024183796 0.5328703703703703 0.044740024183796856 0.15462962962962962
0 0.15356711003627568 0.55 0.037484885126964934 0.1425925925925926
0 0.36668681983071344 0.23703703703703705 0.03204353083434099 0.12962962962962962
0 0.38814993954050786 0.23472222222222222 0.032648125755743655 0.12685185185185185
0 0.5042321644498187 0.9185185185185185 0.05199516324062878 0.14629629629629629
0 0.5495767835550182 0.9268518518518518 0.05441354292623942 0.14629629629629629
0 0.27841596130592505 0.4527777777777778 0.0380894800483676 0.12962962962962962
0 0.2714631197097944 0.475462962962963 0.036275695284159616 0.14351851851851852
0 0.2617896009673519 0.9444444444444444 0.04232164449818621 0.11296296296296296
0 0.31166868198307135 0.7902777777777777 0.04171704957678356 0.15462962962962962
0 0.29866989117291415 0.5787037037037037 0.03506650544135429 0.14814814814814814
0 0.34401451027811364 0.7097222222222223 0.037484885126964934 0.1527777777777778
0 0.3521765417170496 0.7449074074074075 0.044135429262394194 0.16944444444444445
0 0.6378476420798065 0.7847222222222222 0.0471584038694075 0.18425925925925926
0 0.6777509068923822 0.812962962962963 0.044740024183796856 0.16666666666666666
0 0.6880290205562273 0.7810185185185186 0.03506650544135429 0.14537037037037037
0 0.4238210399032648 0.7467592592592592 0.049576783555018135 0.14722222222222223
0 0.6414752116082225 0.6606481481481481 0.05441354292623942 0.14907407407407408
0 0.4507255139056832 0.5388888888888889 0.0380894800483676 0.13518518518518519
0 0.42563482466747277 0.5162037037037037 0.032648125755743655 0.13796296296296295
0 0.3984280532043531 0.14907407407407408 0.03506650544135429 0.13703703703703704
0 0.42230955259975816 0.5981481481481481 0.03204353083434099 0.14814814814814814
0 0.43107617896009676 0.5699074074074074 0.03385731559854897 0.15092592592592594
0 0.9842805320435308 0.5597222222222222 0.030229746070133012 0.16018518518518518
0 0.2348851269649335 0.6361111111111111 0.03325272067714631 0.14629629629629629
0 0.28869407496977023 0.6027777777777777 0.04171704957678356 0.15185185185185185
0 0.2892986698911729 0.6532407407407408 0.03204353083434099 0.17314814814814813
0 0.33192261185006044 0.3837962962962963 0.03385731559854897 0.12685185185185185
0 0.31166868198307135 0.4185185185185185 0.044135429262394194 0.1537037037037037
0 0.33978234582829503 0.40555555555555556 0.037484885126964934 0.12962962962962962
0 0.2962515114873035 0.38287037037037036 0.037484885126964934 0.14351851851851852
0 0.837968561064087 0.7430555555555556 0.05199516324062878 0.1712962962962963
0 0.40447400241837966 0.4699074074074074 0.037484885126964934 0.14351851851851852
0 0.8482466747279322 0.6643518518518519 0.041112454655380895 0.15092592592592594
0 0.6910519951632407 0.7328703703703704 0.04232164449818621 0.13796296296296295
0 0.8050181378476421 0.95 0.0562273276904474 0.1
0 0.8385731559854898 0.950462962962963 0.04232164449818621 0.10092592592592593
0 0.9525392986698912 0.2865740740740741 0.034461910519951636 0.1287037037037037
0 0.8019951632406288 0.21296296296296297 0.02962515114873035 0.12962962962962962
0 0.7478839177750907 0.8347222222222223 0.05804111245465538 0.18981481481481483
0 0.4900241837968561 0.5449074074074074 0.034461910519951636 0.1287037037037037
0 0.48851269649334944 0.5773148148148148 0.036275695284159616 0.1527777777777778
0 0.8074365175332527 0.7356481481481482 0.044135429262394194 0.17685185185185184
0 0.7605804111245466 0.7111111111111111 0.05804111245465538 0.1814814814814815
0 0.05380894800483676 0.8375 0.06287787182587666 0.17314814814814813
0 0.019649334945586457 0.8458333333333333 0.0380894800483676 0.15092592592592594
0 0.7049576783555018 0.8430555555555556 0.05441354292623942 0.16018518518518518
0 0.772067714631197 0.8986111111111111 0.04232164449818621 0.14351851851851852
0 0.812273276904474 0.8972222222222223 0.05501813784764208 0.17037037037037037
0 0.7306529625151149 0.6393518518518518 0.042926239419588876 0.14722222222222223
0 0.7847642079806529 0.49444444444444446 0.03385731559854897 0.14629629629629629
0 0.8449214026602176 0.8541666666666666 0.04897218863361548 0.18796296296296297
0 0.2959492140266022 0.35462962962962963 0.039298669891172915 0.14074074074074075
0 0.4274486094316808 0.4060185185185185 0.03990326481257558 0.16203703703703703
0 0.4818621523579202 0.36712962962962964 0.032648125755743655 0.15462962962962962
0 0.8935912938331319 0.5106481481481482 0.03869407496977025 0.15648148148148147
0 0.7684401451027811 0.6481481481481481 0.04353083434099154 0.14629629629629629
0 0.967956469165659 0.46805555555555556 0.036275695284159616 0.15648148148148147
0 0.8875453446191052 0.8134259259259259 0.04232164449818621 0.15092592592592594
0 0.7932285368802902 0.812962962962963 0.056831922611850064 0.17407407407407408
0 0.8597339782345829 0.8574074074074074 0.037484885126964934 0.13333333333333333
