0 0.8363171355498721 0.95 0.0392156862745098 0.09545454545454546
0 0.7971014492753623 0.9539772727272727 0.057971014492753624 0.09204545454545454
0 0.10869565217391304 0.6772727272727272 0.045183290707587385 0.15
0 0.1453537936913896 0.55 0.05029838022165388 0.13863636363636364
0 0.16155157715260018 0.5125 0.04688832054560955 0.13863636363636364
0 0.20801364023870417 0.5153409090909091 0.05115089514066496 0.12840909090909092
0 0.06436487638533675 0.6414772727272727 0.04688832054560955 0.13522727272727272
0 0.6069906223358909 0.9011363636363636 0.0494458653026428 0.15681818181818183
0 0.624467178175618 0.8784090909090909 0.03836317135549872 0.1409090909090909
0 0.5524296675191815 0.6301136363636364 0.04603580562659847 0.1375
0 0.3431372549019608 0.46079545454545456 0.040068201193520885 0.12840909090909092
0 0.4658994032395567 0.5914772727272727 0.05711849957374254 0.14431818181818182
0 0.38277919863597615 0.5755681818181818 0.04092071611253197 0.15113636363636362
0 0.30818414322250637 0.26477272727272727 0.03324808184143223 0.10227272727272728
0 0.7693947144075022 0.3028409090909091 0.03324808184143223 0.10113636363636364
0 0.7378516624040921 0.2772727272727273 0.03324808184143223 0.11136363636363636
0 0.7953964194373402 0.3039772727272727 0.03751065643648764 0.11022727272727273
0 0.8329070758738278 0.47954545454545455 0.0443307757885763 0.12954545454545455
0 0.7988064791133845 0.4948863636363636 0.042625745950554135 0.10568181818181818
0 0.5664961636828645 0.24375 0.03324808184143223 0.10795454545454546
0 0.8209718670076727 0.6056818181818182 0.04092071611253197 0.13863636363636364
0 0.9778346121057119 0.9522727272727273 0.042625745950554135 0.09090909090909091
0 0.20545609548167093 0.7346590909090909 0.04092071611253197 0.13295454545454546
0 0.005115089514066497 0.9454545454545454 0.008525149190110827 0.10681818181818181
0 0.6994884910485933 0.8642045454545455 0.05200341005967604 0.13295454545454546
0 0.7318840579710145 0.8704545454545455 0.040068201193520885 0.14772727272727273
0 0.9198635976129582 0.9335227272727272 0.0733162830349531 0.12840909090909092
0 0.789002557544757 0.7517045454545455 0.045183290707587385 0.15113636363636362
0 0.6884057971014492 0.8125 0.040068201193520885 0.14545454545454545
0 0.7924126172208014 0.6085227272727273 0.040068201193520885 0.12613636363636363
0 0.7506393861892583 0.48977272727272725 0.03665814151747655 0.13863636363636364
0 0.7719522591645354 0.48465909090909093 0.03324808184143223 0.12386363636363637
0 0.8363171355498721 0.12386363636363637 0.03239556692242114 0.09318181818181819
0 0.8098891730605285 0.10227272727272728 0.028985507246376812 0.10227272727272728
0 0.34654731457800514 0.25681818181818183 0.03324808184143223 0.10681818181818181
0 0.33034953111679455 0.27102272727272725 0.041773231031543054 0.09659090909090909
0 0.15387894288150042 0.19943181818181818 0.03154305200341006 0.09886363636363636
0 0.19948849104859334 0.20454545454545456 0.027280477408354646 0.1
0 0.2259164535379369 0.17272727272727273 0.028985507246376812 0.1
0 0.37084398976982097 0.22272727272727272 0.028985507246376812 0.10454545454545454
0 0.391304347826087 0.2318181818181818 0.027280477408354646 0.09090909090909091
0 0.46504688832054564 0.39602272727272725 0.041773231031543054 0.12613636363636363
0 0.4215686274509804 0.24886363636363637 0.03836317135549872 0.1
0 0.46121057118499575 0.24886363636363637 0.03239556692242114 0.1
0 0.4718670076726343 0.30568181818181817 0.040068201193520885 0.1159090909090909
0 0.44075021312872975 0.23011363636363635 0.02557544757033248 0.08068181818181819
0 0.4722932651321398 0.21931818181818183 0.03239556692242114 0.10454545454545454
0 0.46547314578005117 0.17386363636363636 0.028985507246376812 0.09318181818181819
0 0.46078431372549017 0.15170454545454545 0.028132992327365727 0.09431818181818181
0 0.4198635976129582 0.16761363636363635 0.03154305200341006 0.09659090909090909
0 0.1867007672634271 0.12670454545454546 0.028985507246376812 0.09659090909090909
0 0.2531969309462916 0.1693181818181818 0.03239556692242114 0.10681818181818181
0 0.273231031543052 0.18352272727272728 0.03154305200341006 0.10113636363636364
0 0.30221653878942883 0.18238636363636362 0.028132992327365727 0.09431818181818181
0 0.2894288150042626 0.17045454545454544 0.028132992327365727 0.09318181818181819
0 0.30647911338448425 0.15511363636363637 0.03836317135549872 0.09431818181818181
0 0.5115089514066496 0.1653409090909091 0.03410059676044331 0.11022727272727273
0 0.46930946291560105 0.13238636363636364 0.03495311167945439 0.10340909090909091
0 0.49914748508098894 0.11931818181818182 0.029838022165387893 0.09318181818181819
0 0.39641943734015345 0.15568181818181817 0.03239556692242114 0.1
0 0.46035805626598464 0.0971590909090909 0.028985507246376812 0.09431818181818181
0 0.4420289855072464 0.10511363636363637 0.021312872975277068 0.06704545454545455
0 0.3226768968456948 0.06477272727272727 0.03154305200341006 0.09772727272727273
0 0.5089514066496164 0.22727272727272727 0.03410059676044331 0.11363636363636363
0 0.011508951406649617 0.40397727272727274 0.021312872975277068 0.12386363636363637
0 0.06351236146632566 0.9846590909090909 0.03324808184143223 0.026136363636363635
0 0.4838022165387894 0.2857954545454545 0.03324808184143223 0.10113636363636364
0 0.17178175618073316 0.7414772727272727 0.040068201193520885 0.14431818181818182
0 0.6321398124467178 0.9795454545454545 0.043478260869565216 0.038636363636363635
0 0.010230179028132993 0.5357954545454545 0.01875532821824382 0.11704545454545455
0 0.7365728900255755 0.7642045454545454 0.04603580562659847 0.1375
0 0.2595907928388747 0.7892045454545454 0.04688832054560955 0.14431818181818182
0 0.29752770673486784 0.7653409090909091 0.04603580562659847 0.14886363636363636
0 0.3640238704177323 0.7767045454545455 0.04603580562659847 0.14659090909090908
0 0.6888320545609549 0.9744318181818182 0.042625745950554135 0.04659090909090909
0 0.03410059676044331 0.30625 0.03580562659846547 0.10113636363636364
0 0.15217391304347827 0.884090909090909 0.04688832054560955 0.13863636363636364
0 0.3090366581415175 0.5903409090909091 0.05370843989769821 0.14431818181818182
0 0.0639386189258312 0.3028409090909091 0.03751065643648764 0.10568181818181818
0 0.027706734867860187 0.5272727272727272 0.03836317135549872 0.12045454545454545
0 0.1453537936913896 0.6710227272727273 0.040068201193520885 0.13295454545454546
0 0.04603580562659847 0.9721590909090909 0.0392156862745098 0.05568181818181818
0 0.11892583120204604 0.865909090909091 0.05200341005967604 0.16136363636363638
0 0.3491048593350384 0.22613636363636364 0.0247229326513214 0.09772727272727273
0 0.7331628303495311 0.5142045454545454 0.05285592497868713 0.13295454545454546
0 0.7037510656436488 0.2505681818181818 0.03324808184143223 0.10568181818181818
0 0.9151747655583973 0.026136363636363635 0.028132992327365727 0.05
0 0.8908780903665814 0.022727272727272728 0.02557544757033248 0.04318181818181818
0 0.8542199488491049 0.023863636363636365 0.030690537084398978 0.045454545454545456
0 0.33972719522591643 0.017613636363636363 0.028132992327365727 0.03295454545454545
0 0.36445012787723785 0.02215909090909091 0.029838022165387893 0.042045454545454546
0 0.3691389599317988 0.09147727272727273 0.028985507246376812 0.09431818181818181
0 0.3832054560954817 0.022727272727272728 0.0247229326513214 0.04318181818181818
0 0.39215686274509803 0.026136363636363635 0.027280477408354646 0.05
0 0.43137254901960786 0.14545454545454545 0.03239556692242114 0.09318181818181819
0 0.484228473998295 0.045454545454545456 0.030690537084398978 0.07954545454545454
0 0.510230179028133 0.044886363636363634 0.03154305200341006 0.0875
0 0.4194373401534527 0.028409090909090908 0.028985507246376812 0.05454545454545454
0 0.4505541346973572 0.03125 0.03154305200341006 0.060227272727272727
0 0.4799658994032396 0.09090909090909091 0.03239556692242114 0.08636363636363636
0 0.5622335890878091 0.04147727272727273 0.0247229326513214 0.08068181818181819
0 0.40153452685422 0.09204545454545454 0.028985507246376812 0.08863636363636364
