0 0.5580411124546554 0.8981481481481481 0.03990326481257558 0.17037037037037037
0 0.563180169286578 0.9365740740740741 0.04171704957678356 0.1287037037037037
0 0.3893591293833132 0.5615740740740741 0.037484885126964934 0.13425925925925927
0 0.13391777509068925 0.7388888888888889 0.044135429262394194 0.1648148148148148
0 0.8204353083434099 0.9449074074074074 0.04836759371221282 0.11018518518518519
0 0.7790205562273277 0.9768518518518519 0.03325272067714631 0.046296296296296294
0 0.3340386940749698 0.3574074074074074 0.0501813784764208 0.13518518518518519
0 0.2097944377267231 0.3731481481481482 0.032648125755743655 0.14074074074074075
0 0.2620918984280532 0.5152777777777777 0.039298669891172915 0.15462962962962962
0 0.3437122128174123 0.37777777777777777 0.03688029020556227 0.14814814814814814
0 0.20344619105199516 0.3888888888888889 0.04171704957678356 0.14629629629629629
0 0.6318016928657799 0.9638888888888889 0.05199516324062878 0.07407407407407407
0 0.6729141475211609 0.9527777777777777 0.04232164449818621 0.0962962962962963
0 0.6188029020556227 0.9513888888888888 0.04171704957678356 0.09907407407407408
0 0.021463119709794438 0.5842592592592593 0.04171704957678356 0.15925925925925927
0 0.42140266021765416 0.8611111111111112 0.05078597339782346 0.18703703703703703
0 0.7164449818621523 0.6231481481481481 0.041112454655380895 0.1537037037037037
0 0.7696493349455864 0.6027777777777777 0.05199516324062878 0.16296296296296298
0 0.7992744860943168 0.5060185185185185 0.05441354292623942 0.13425925925925927
0 0.846130592503023 0.6356481481481482 0.044135429262394194 0.14907407407407408
0 0.8171100362756953 0.6458333333333334 0.044135429262394194 0.15648148148148147
0 0.8080411124546554 0.7791666666666667 0.046553808948004836 0.16018518518518518
0 0.23065296251511488 0.9263888888888889 0.051390568319226115 0.14907407407407408
0 0.21342200725513905 0.9162037037037037 0.04353083434099154 0.16574074074074074
0 0.9062877871825876 0.9638888888888889 0.041112454655380895 0.07407407407407407
0 0.9597944377267231 0.9782407407407407 0.03204353083434099 0.04537037037037037
0 0.9873035066505441 0.9671296296296297 0.02418379685610641 0.06759259259259259
0 0.841596130592503 0.3819444444444444 0.036275695284159616 0.13425925925925927
0 0.8657799274486094 0.37962962962962965 0.036275695284159616 0.12407407407407407
0 0.06015719467956469 0.9828703703703704 0.03204353083434099 0.03611111111111111
0 0.11426844014510278 0.9694444444444444 0.036275695284159616 0.06111111111111111
0 0.29474002418379686 0.6694444444444444 0.047762998790810154 0.15925925925925927
0 0.3521765417170496 0.6333333333333333 0.044135429262394194 0.16296296296296298
0 0.3769649334945586 0.6569444444444444 0.03688029020556227 0.13240740740740742
0 0.5087666263603385 0.937962962962963 0.051390568319226115 0.1259259259259259
0 0.8485489721886336 0.7685185185185185 0.0562273276904474 0.15925925925925927
0 0.23428053204353083 0.6055555555555555 0.039298669891172915 0.15185185185185185
0 0.23760580411124546 0.5814814814814815 0.03385731559854897 0.14814814814814814
0 0.18591293833131803 0.5930555555555556 0.04171704957678356 0.1398148148148148
0 0.2028415961305925 0.5550925925925926 0.04171704957678356 0.14351851851851852
0 0.16444981862152358 0.575462962962963 0.041112454655380895 0.15092592592592594
0 0.14298669891172913 0.7064814814814815 0.046553808948004836 0.15185185185185185
0 0.3814993954050786 0.24814814814814815 0.032648125755743655 0.13148148148148148
0 0.4062877871825877 0.2587962962962963 0.02902055622732769 0.13240740740740742
0 0.1354292623941959 0.6657407407407407 0.032648125755743655 0.12962962962962962
0 0.7128174123337364 0.9671296296296297 0.044740024183796856 0.06759259259259259
0 0.7128174123337364 0.4027777777777778 0.037484885126964934 0.12777777777777777
0 0.7521160822249093 0.4162037037037037 0.03869407496977025 0.1398148148148148
0 0.2672309552599758 0.399537037037037 0.037484885126964934 0.14351851851851852
0 0.24848851269649336 0.41064814814814815 0.03506650544135429 0.14166666666666666
0 0.9283555018137848 0.7092592592592593 0.04050785973397823 0.13518518518518519
0 0.3092503022974607 0.975462962962963 0.039298669891172915 0.05092592592592592
0 0.536577992744861 0.5287037037037037 0.039298669891172915 0.15555555555555556
0 0.3177146311970979 0.7907407407407407 0.046553808948004836 0.16296296296296298
0 0.9192865779927448 0.7416666666666667 0.044135429262394194 0.14444444444444443
0 0.8881499395405078 0.7467592592592592 0.03385731559854897 0.12685185185185185
0 0.5731559854897219 0.5092592592592593 0.04232164449818621 0.14629629629629629
0 0.34885126964933494 0.5 0.037484885126964934 0.13148148148148148
0 0.2971584038694075 0.513425925925926 0.04050785973397823 0.15648148148148147
0 0.4727932285368803 0.45555555555555555 0.02781136638452237 0.13518518518518519
0 0.36185006045949214 0.7236111111111111 0.042926239419588876 0.16018518518518518
0 0.03990326481257558 0.7546296296296297 0.05562273276904474 0.14629629629629629
0 0.37817412333736394 0.7555555555555555 0.04534461910519952 0.1685185185185185
0 0.14721886336154777 0.7907407407407407 0.06711003627569528 0.17592592592592593
0 0.28990326481257556 0.8324074074074074 0.06348246674727932 0.1685185185185185
0 0.4023579201934704 0.8375 0.058645707376058044 0.16574074074074074
0 0.37515114873035066 0.8351851851851851 0.042926239419588876 0.14629629629629629
0 0.4443772672309553 0.7574074074074074 0.045949214026602174 0.15185185185185185
0 0.6753325272067715 0.7388888888888889 0.04232164449818621 0.15185185185185185
0 0.3854292623941959 0.46296296296296297 0.034461910519951636 0.10925925925925926
0 0.46523579201934706 0.5625 0.03688029020556227 0.1398148148148148
0 0.4498186215235792 0.5180555555555556 0.03869407496977025 0.10462962962962963
0 0.4625151148730351 0.42777777777777776 0.032648125755743655 0.14074074074074075
0 0.4957678355501814 0.42592592592592593 0.036275695284159616 0.14814814814814814
0 0.2584643288996372 0.7791666666666667 0.047762998790810154 0.1712962962962963
0 0.4365175332527207 0.44722222222222224 0.02781136638452237 0.12407407407407407
0 0.5172309552599759 0.6069444444444444 0.035671100362756954 0.1287037037037037
0 0.5048367593712213 0.26805555555555555 0.03506650544135429 0.10092592592592593
0 0.4915356711003628 0.25046296296296294 0.03506650544135429 0.13425925925925927
0 0.7702539298669892 0.337037037037037 0.06166868198307134 0.14814814814814814
0 0.8029020556227328 0.23796296296296296 0.045949214026602174 0.12407407407407407
0 0.7980652962515115 0.3587962962962963 0.026602176541717048 0.1175925925925926
0 0.9842805320435308 0.6046296296296296 0.030229746070133012 0.14814814814814814
0 0.9824667472793228 0.9217592592592593 0.032648125755743655 0.14351851851851852
0 0.6354292623941958 0.8699074074074075 0.04353083434099154 0.15092592592592594
0 0.6925634824667473 0.2074074074074074 0.03204353083434099 0.12037037037037036
0 0.5973397823458283 0.19074074074074074 0.03506650544135429 0.12777777777777777
0 0.626360338573156 0.20694444444444443 0.032648125755743655 0.13796296296296295
0 0.6741233373639661 0.2013888888888889 0.036275695284159616 0.12685185185185185
0 0.6203143893591294 0.2564814814814815 0.036275695284159616 0.1425925925925926
0 0.560459492140266 0.2625 0.03990326481257558 0.13796296296296295
0 0.8703143893591294 0.15138888888888888 0.042926239419588876 0.11574074074074074
0 0.6438935912938332 0.3037037037037037 0.04353083434099154 0.14629629629629629
0 0.6333131801692866 0.3314814814814815 0.034461910519951636 0.12962962962962962
0 0.782950423216445 0.4078703703703704 0.041112454655380895 0.13425925925925927
0 0.659310761789601 0.42314814814814816 0.044135429262394194 0.15185185185185185
0 0.6206166868198307 0.45185185185185184 0.044135429262394194 0.14814814814814814
0 0.772067714631197 0.44027777777777777 0.02781136638452237 0.09351851851851851
0 0.6768440145102781 0.4671296296296296 0.039298669891172915 0.13425925925925927
0 0.5556227327690447 0.33564814814814814 0.03506650544135429 0.13240740740740742
0 0.5262998790810157 0.3509259259259259 0.034461910519951636 0.1259259259259259
0 0.5471584038694075 0.2064814814814815 0.037484885126964934 0.13518518518518519
0 0.5299274486094316 0.21805555555555556 0.02720677146311971 0.12129629629629629
0 0.7270253929866989 0.44722222222222224 0.046553808948004836 0.15185185185185185
0 0.6148730350665055 0.512962962962963 0.04353083434099154 0.14629629629629629
0 0.6426844014510278 0.5212962962962963 0.03869407496977025 0.1537037037037037
0 0.6698911729141476 0.5087962962962963 0.04232164449818621 0.16203703703703703
0 0.3691051995163241 0.2212962962962963 0.03688029020556227 0.11851851851851852
0 0.2850665054413543 0.30833333333333335 0.03688029020556227 0.13518518518518519
0 0.4610036275695284 0.2375 0.04171704957678356 0.13425925925925927
0 0.45646916565900847 0.20046296296296295 0.036275695284159616 0.12685185185185185
0 0.343409915356711 0.2101851851851852 0.03506650544135429 0.11851851851851852
0 0.05713422007255139 0.31203703703703706 0.044135429262394194 0.14814814814814814
0 0.10429262394195889 0.3337962962962963 0.039298669891172915 0.13796296296296295
0 0.1275695284159613 0.35555555555555557 0.03385731559854897 0.1425925925925926
0 0.4836759371221282 0.8481481481481481 0.04836759371221282 0.17222222222222222
0 0.7678355501813785 0.6574074074074074 0.045949214026602174 0.15925925925925927
0 0.8168077388149939 0.46574074074074073 0.05441354292623942 0.1425925925925926
0 0.7693470374848851 0.4935185185185185 0.0501813784764208 0.1425925925925926
0 0.012998790810157194 0.24259259259259258 0.024788391777509067 0.12962962962962962
0 0.06952841596130592 0.2175925925925926 0.045949214026602174 0.14074074074074075
0 0.11517533252720677 0.1837962962962963 0.03688029020556227 0.12685185185185185
0 0.14631197097944376 0.21064814814814814 0.02902055622732769 0.12129629629629629
0 0.2418379685610641 0.17222222222222222 0.03506650544135429 0.12407407407407407
0 0.29050785973397825 0.14444444444444443 0.034461910519951636 0.11296296296296296
0 0.12787182587666263 0.14305555555555555 0.035671100362756954 0.14351851851851852
0 0.044740024183796856 0.1175925925925926 0.036275695284159616 0.13148148148148148
0 0.11154776299879081 0.3162037037037037 0.04050785973397823 0.16574074074074074
0 0.6732164449818622 0.14953703703703702 0.03204353083434099 0.12314814814814815
0 0.685006045949214 0.1337962962962963 0.030229746070133012 0.13425925925925927
0 0.6626360338573156 0.10277777777777777 0.022974607013301087 0.1259259259259259
0 0.1677750906892382 0.462037037037037 0.03688029020556227 0.14814814814814814
0 0.09280532043530834 0.425 0.03688029020556227 0.1574074074074074
0 0.06166868198307134 0.41712962962962963 0.03869407496977025 0.14351851851851852
0 0.6330108827085853 0.3837962962962963 0.037484885126964934 0.13796296296296295
0 0.6021765417170496 0.4023148148148148 0.04353083434099154 0.12685185185185185
0 0.1396614268440145 0.44212962962962965 0.036275695284159616 0.16018518518518518
0 0.18712212817412333 0.4393518518518518 0.04171704957678356 0.14907407407407408
0 0.28960096735187424 0.6189814814814815 0.045949214026602174 0.17685185185185184
0 0.2599758162031439 0.6726851851851852 0.04232164449818621 0.16574074074074074
0 0.8089480048367593 0.3962962962962963 0.045949214026602174 0.1648148148148148
0 0.9815598548972189 0.3296296296296296 0.034461910519951636 0.14814814814814814
0 0.09099153567110037 0.8759259259259259 0.06348246674727932 0.15185185185185185
0 0.08192261185006046 0.8347222222222223 0.06106408706166868 0.1638888888888889
0 0.9845828295042321 0.26064814814814813 0.028415961305925032 0.12129629629629629
0 0.9495163240628779 0.24768518518518517 0.03325272067714631 0.15462962962962962
0 0.9851874244256348 0.11157407407407408 0.028415961305925032 0.13796296296296295
0 0.9537484885126964 0.10231481481481482 0.03325272067714631 0.12129629629629629
0 0.969770253929867 0.03888888888888889 0.02902055622732769 0.07592592592592592
0 0.9486094316807738 0.034722222222222224 0.02781136638452237 0.06759259259259259
0 0.8678960096735188 0.2199074074074074 0.039298669891172915 0.1361111111111111
0 0.011487303506650543 0.6833333333333333 0.02176541717049577 0.1648148148148148
0 0.011185006045949214 0.1699074074074074 0.021160822249093107 0.13425925925925927
0 0.03688029020556227 0.15555555555555556 0.037484885126964934 0.14074074074074075
0 0.309552599758162 0.22314814814814815 0.03143893591293833 0.1259259259259259
0 0.6045949214026602 0.32407407407407407 0.03869407496977025 0.13703703703703704
0 0.15114873035066506 0.15925925925925927 0.032648125755743655 0.14074074074074075
0 0.5773881499395405 0.26342592592592595 0.03506650544135429 0.1287037037037037
0 0.6429866989117291 0.25092592592592594 0.039298669891172915 0.13518518518518519
0 0.2889963724304716 0.20185185185185187 0.036275695284159616 0.1388888888888889
0 0.6024788391777509 0.2351851851851852 0.03688029020556227 0.13148148148148148
0 0.3307134220072551 0.16805555555555557 0.036275695284159616 0.14351851851851852
0 0.6541717049576784 0.17175925925925925 0.037484885126964934 0.1398148148148148
0 0.6396614268440145 0.11296296296296296 0.037484885126964934 0.1425925925925926
0 0.6061064087061668 0.10138888888888889 0.04050785973397823 0.1175925925925926
0 0.5725513905683193 0.05555555555555555 0.03869407496977025 0.10925925925925926
0 0.5362756952841596 0.05185185185185185 0.03990326481257558 0.10185185185185185
0 0.45133010882708585 0.1300925925925926 0.039298669891172915 0.13796296296296295
0 0.1396614268440145 0.056018518518518516 0.030229746070133012 0.11018518518518519
0 0.26451027811366384 0.07407407407407407 0.034461910519951636 0.1259259259259259
0 0.19014510278113664 0.06481481481481481 0.034461910519951636 0.11851851851851852
0 0.2140266021765417 0.0712962962962963 0.03506650544135429 0.11851851851851852
0 0.3715235792019347 0.13472222222222222 0.035671100362756954 0.12314814814814815
0 0.20646916565900847 0.11944444444444445 0.035671100362756954 0.12407407407407407
0 0.23458282950423218 0.12175925925925926 0.037484885126964934 0.13240740740740742
0 0.2651148730350665 0.09953703703703703 0.034461910519951636 0.1175925925925926
0 0.46402660217654174 0.17407407407407408 0.03688029020556227 0.13518518518518519
0 0.43319226118500603 0.14907407407407408 0.039298669891172915 0.13148148148148148
0 0.42200725513905685 0.12546296296296297 0.02781136638452237 0.09537037037037037
0 0.3902660217654172 0.10231481481481482 0.028415961305925032 0.11018518518518519
0 0.37605804111245467 0.11018518518518519 0.03506650544135429 0.13148148148148148
0 0.28355501813784767 0.1300925925925926 0.032648125755743655 0.11574074074074074
0 0.33585247883917774 0.08611111111111111 0.03204353083434099 0.11296296296296296
0 0.4419588875453446 0.0699074074074074 0.037484885126964934 0.13425925925925927
0 0.3564087061668682 0.14629629629629629 0.034461910519951636 0.12962962962962962
0 0.3307134220072551 0.1300925925925926 0.032648125755743655 0.12129629629629629
0 0.06559854897218863 0.1259259259259259 0.03325272067714631 0.12962962962962962
0 0.31559854897218864 0.1162037037037037 0.032648125755743655 0.12314814814814815
0 0.1596130592503023 0.052314814814814814 0.03506650544135429 0.10277777777777777
0 0.17926239419588874 0.1685185185185185 0.03688029020556227 0.1425925925925926
