0 0.18828125 0.9712962962962963 0.05260416666666667 0.05925925925925926
0 0.033854166666666664 0.8925925925925926 0.06666666666666667 0.21666666666666667
0 0.16276041666666666 0.8606481481481482 0.09114583333333333 0.27685185185185185
0 0.29322916666666665 0.8986111111111111 0.07395833333333333 0.20277777777777778
0 0.24921875 0.9342592592592592 0.0828125 0.13148148148148148
0 0.6200520833333333 0.9060185185185186 0.07552083333333333 0.18981481481481483
0 0.22395833333333334 0.6990740740740741 0.053125 0.2759259259259259
0 0.28463541666666664 0.7050925925925926 0.0640625 0.2657407407407407
0 0.8442708333333333 0.5087962962962963 0.06458333333333334 0.22314814814814815
0 0.20677083333333332 0.5847222222222223 0.03958333333333333 0.1787037037037037
0 0.25833333333333336 0.5736111111111111 0.06770833333333333 0.24537037037037038
0 0.3033854166666667 0.6101851851851852 0.0421875 0.2
0 0.27786458333333336 0.5958333333333333 0.0640625 0.22870370370370371
0 0.70859375 0.5356481481481481 0.0609375 0.20462962962962963
0 0.3854166666666667 0.6402777777777777 0.06458333333333334 0.262037037037037
0 0.2921875 0.44814814814814813 0.036458333333333336 0.16296296296296298
0 0.32265625 0.44583333333333336 0.0359375 0.1935185185185185
0 0.3776041666666667 0.4337962962962963 0.03958333333333333 0.1824074074074074
0 0.41770833333333335 0.46805555555555556 0.051041666666666666 0.18796296296296297
0 0.4432291666666667 0.5023148148148148 0.03333333333333333 0.15648148148148147
0 0.8231770833333333 0.4912037037037037 0.044270833333333336 0.1824074074074074
0 0.39427083333333335 0.4222222222222222 0.03958333333333333 0.17037037037037037
0 0.76875 0.4962962962962963 0.04375 0.20185185185185187
0 0.4903645833333333 0.4875 0.04114583333333333 0.20092592592592592
0 0.35989583333333336 0.3023148148148148 0.03229166666666667 0.14351851851851852
0 0.30078125 0.3907407407407407 0.0359375 0.1425925925925926
0 0.40078125 0.35648148148148145 0.0296875 0.1574074074074074
0 0.4700520833333333 0.4583333333333333 0.03697916666666667 0.19444444444444445
0 0.45989583333333334 0.40324074074074073 0.040625 0.16574074074074074
0 0.8088541666666667 0.46574074074074073 0.04375 0.19814814814814816
0 0.4036458333333333 0.33796296296296297 0.030208333333333334 0.14629629629629629
0 0.34453125 0.3861111111111111 0.03177083333333333 0.1685185185185185
0 0.5380208333333333 0.41805555555555557 0.041666666666666664 0.19166666666666668
0 0.703125 0.4111111111111111 0.035416666666666666 0.17777777777777778
0 0.534375 0.3680555555555556 0.03229166666666667 0.14907407407407408
0 0.47369791666666666 0.33101851851851855 0.0296875 0.1398148148148148
0 0.44088541666666664 0.2652777777777778 0.025520833333333333 0.12129629629629629
0 0.5104166666666666 0.33935185185185185 0.042708333333333334 0.16018518518518518
0 0.5544270833333333 0.33564814814814814 0.0359375 0.1675925925925926
0 0.5026041666666666 0.3226851851851852 0.0375 0.15833333333333333
0 0.5421875 0.2513888888888889 0.026041666666666668 0.11018518518518519
0 0.52265625 0.2462962962962963 0.0234375 0.10925925925925926
0 0.3776041666666667 0.2601851851851852 0.027083333333333334 0.11851851851851852
0 0.4239583333333333 0.2773148148148148 0.034375 0.1287037037037037
0 0.5015625 0.25 0.030208333333333334 0.11851851851851852
0 0.3924479166666667 0.28564814814814815 0.033854166666666664 0.13240740740740742
0 0.3536458333333333 0.25833333333333336 0.021875 0.10740740740740741
0 0.3651041666666667 0.2375 0.028125 0.1175925925925926
0 0.26328125 0.3384259259259259 0.04010416666666667 0.16203703703703703
0 0.45260416666666664 0.287962962962963 0.025 0.11296296296296296
0 0.34270833333333334 0.29398148148148145 0.029166666666666667 0.14722222222222223
0 0.07864583333333333 0.6537037037037037 0.05416666666666667 0.2462962962962963
0 0.4317708333333333 0.3384259259259259 0.03125 0.1398148148148148
0 0.47109375 0.2708333333333333 0.027604166666666666 0.12685185185185185
0 0.7234375 0.4287037037037037 0.025 0.0962962962962963
0 0.5950520833333334 0.33055555555555555 0.033854166666666664 0.14074074074074075
0 0.3703125 0.3296296296296296 0.03125 0.14814814814814814
0 0.6713541666666667 0.3939814814814815 0.029166666666666667 0.1638888888888889
0 0.6401041666666667 0.49953703703703706 0.04583333333333333 0.2101851851851852
