0 0.5515625 0.3680555555555556 0.036458333333333336 0.1712962962962963
0 0.36744791666666665 0.24212962962962964 0.027604166666666666 0.12314814814814815
0 0.41796875 0.32314814814814813 0.0359375 0.1574074074074074
0 0.39479166666666665 0.30925925925925923 0.03229166666666667 0.1574074074074074
0 0.11067708333333333 0.5226851851851851 0.0421875 0.18796296296296297
0 0.60234375 0.32407407407407407 0.03177083333333333 0.14074074074074075
0 0.37473958333333335 0.31296296296296294 0.027604166666666666 0.1425925925925926
0 0.33177083333333335 0.8287037037037037 0.08020833333333334 0.3314814814814815
0 0.29739583333333336 0.8180555555555555 0.058333333333333334 0.2638888888888889
0 0.2453125 0.799074074074074 0.07291666666666667 0.3
0 0.18489583333333334 0.8523148148148149 0.04583333333333333 0.1935185185185185
0 0.37526041666666665 0.7296296296296296 0.04739583333333333 0.2611111111111111
0 0.1484375 0.6388888888888888 0.07291666666666667 0.26481481481481484
0 0.165625 0.5912037037037037 0.07083333333333333 0.23981481481481481
0 0.28828125 0.5921296296296297 0.050520833333333334 0.21944444444444444
0 0.3328125 0.5282407407407408 0.057291666666666664 0.2064814814814815
0 0.365625 0.5175925925925926 0.041666666666666664 0.18333333333333332
0 0.38958333333333334 0.5601851851851852 0.040625 0.17037037037037037
0 0.4203125 0.4699074074074074 0.041666666666666664 0.2212962962962963
0 0.459375 0.5 0.040625 0.14444444444444443
0 0.5059895833333333 0.4162037037037037 0.04114583333333333 0.1824074074074074
0 0.5872395833333334 0.4185185185185185 0.05260416666666667 0.17962962962962964
0 0.33697916666666666 0.38287037037037036 0.040625 0.1675925925925926
0 0.3736979166666667 0.37824074074074077 0.044270833333333336 0.1712962962962963
0 0.39869791666666665 0.3819444444444444 0.03802083333333333 0.14722222222222223
0 0.45026041666666666 0.38981481481481484 0.03802083333333333 0.14629629629629629
0 0.49375 0.3560185185185185 0.03854166666666667 0.15833333333333333
0 0.31979166666666664 0.36203703703703705 0.03333333333333333 0.15
0 0.6208333333333333 0.35 0.036458333333333336 0.17407407407407408
0 0.55 0.3351851851851852 0.042708333333333334 0.15
0 0.5484375 0.2814814814814815 0.03125 0.12962962962962962
0 0.5177083333333333 0.2763888888888889 0.029166666666666667 0.1175925925925926
0 0.48151041666666666 0.3162037037037037 0.03177083333333333 0.14351851851851852
0 0.4895833333333333 0.2791666666666667 0.029166666666666667 0.12129629629629629
0 0.45989583333333334 0.3148148148148148 0.035416666666666666 0.15555555555555556
0 0.41041666666666665 0.22453703703703703 0.030208333333333334 0.1287037037037037
0 0.5208333333333334 0.3592592592592593 0.03333333333333333 0.15185185185185185
