0 0.43833131801692865 0.9462962962962963 0.03869407496977025 0.10740740740740741
0 0.4836759371221282 0.21574074074074073 0.03506650544135429 0.12962962962962962
0 0.4939540507859734 0.20185185185185187 0.02902055622732769 0.11851851851851852
0 0.9328899637243047 0.5407407407407407 0.041112454655380895 0.15185185185185185
0 0.39903264812575573 0.9291666666666667 0.05562273276904474 0.14351851851851852
0 0.5834340991535671 0.5796296296296296 0.037484885126964934 0.1425925925925926
0 0.5429262394195888 0.5884259259259259 0.049576783555018135 0.15648148148148147
0 0.9737001209189843 0.6953703703703704 0.04534461910519952 0.14814814814814814
0 0.5362756952841596 0.2611111111111111 0.041112454655380895 0.1388888888888889
0 0.5538089480048367 0.30324074074074076 0.03506650544135429 0.1287037037037037
0 0.8077388149939541 0.5879629629629629 0.04232164449818621 0.14629629629629629
0 0.7781136638452237 0.5805555555555556 0.04232164449818621 0.1648148148148148
0 0.742744860943168 0.575462962962963 0.03688029020556227 0.13425925925925927
0 0.9730955259975816 0.27314814814814814 0.03688029020556227 0.13518518518518519
0 0.880894800483676 0.2574074074074074 0.04353083434099154 0.14074074074074075
0 0.5601571946795647 0.2587962962962963 0.03204353083434099 0.11574074074074074
0 0.9201934703748489 0.3699074074074074 0.03990326481257558 0.16018518518518518
0 0.966142684401451 0.3458333333333333 0.036275695284159616 0.14537037037037037
0 0.9407496977025392 0.32592592592592595 0.037484885126964934 0.13518518518518519
0 0.530229746070133 0.18981481481481483 0.03506650544135429 0.13518518518518519
0 0.5 0.15138888888888888 0.030229746070133012 0.13796296296296295
0 0.592503022974607 0.30462962962962964 0.032648125755743655 0.13518518518518519
0 0.6061064087061668 0.30972222222222223 0.03204353083434099 0.14537037037037037
0 0.5955259975816203 0.3333333333333333 0.036275695284159616 0.1388888888888889
0 0.6983071342200725 0.275 0.037484885126964934 0.12962962962962962
0 0.7506045949214026 0.4875 0.062273276904474005 0.16203703703703703
0 0.8010882708585247 0.3972222222222222 0.044740024183796856 0.14629629629629629
0 0.717049576783555 0.39351851851851855 0.04232164449818621 0.15925925925925927
0 0.6305925030229746 0.29583333333333334 0.03143893591293833 0.11574074074074074
0 0.6807738814993954 0.5226851851851851 0.03385731559854897 0.14166666666666666
0 0.6118500604594922 0.36064814814814816 0.0471584038694075 0.14351851851851852
0 0.6707980652962515 0.3449074074074074 0.044135429262394194 0.1398148148148148
0 0.5341596130592503 0.1597222222222222 0.04171704957678356 0.14907407407407408
0 0.6532648125755743 0.2101851851851852 0.04534461910519952 0.13518518518518519
0 0.7243047158403869 0.2814814814814815 0.03869407496977025 0.14629629629629629
0 0.8799879081015719 0.5560185185185185 0.039298669891172915 0.15648148148148147
0 0.8564087061668681 0.5231481481481481 0.03688029020556227 0.14074074074074075
0 0.8295042321644498 0.5222222222222223 0.03869407496977025 0.15185185185185185
0 0.7478839177750907 0.3425925925925926 0.03143893591293833 0.13148148148148148
0 0.748186215235792 0.29212962962962963 0.03204353083434099 0.12685185185185185
0 0.6435912938331319 0.3490740740740741 0.03688029020556227 0.1425925925925926
0 0.939540507859734 0.36666666666666664 0.037484885126964934 0.13518518518518519
0 0.8890568319226119 0.3925925925925926 0.03688029020556227 0.13518518518518519
0 0.9026602176541717 0.3351851851851852 0.037484885126964934 0.11851851851851852
0 0.776602176541717 0.3851851851851852 0.04171704957678356 0.14074074074074075
0 0.7690447400241838 0.31666666666666665 0.03506650544135429 0.12962962962962962
0 0.780229746070133 0.3453703703703704 0.04050785973397823 0.15185185185185185
0 0.656590084643289 0.3 0.03990326481257558 0.13518518518518519
0 0.8669891172914147 0.48935185185185187 0.03385731559854897 0.13240740740740742
0 0.5695284159613059 0.21666666666666667 0.03143893591293833 0.1259259259259259
0 0.9404474002418379 0.4027777777777778 0.034461910519951636 0.10740740740740741
0 0.781136638452237 0.6435185185185185 0.044740024183796856 0.17037037037037037
0 0.8234582829504232 0.6449074074074074 0.041112454655380895 0.15092592592592594
0 0.3654776299879081 0.16712962962962963 0.03083434099153567 0.10092592592592593
0 0.6438935912938332 0.3675925925925926 0.044740024183796856 0.14814814814814814
0 0.6807738814993954 0.25925925925925924 0.026602176541717048 0.12037037037037036
0 0.05199516324062878 0.9847222222222223 0.037484885126964934 0.032407407407407406
0 0.07557436517533253 0.8148148148148148 0.05078597339782346 0.15555555555555556
0 0.11305925030229746 0.24027777777777778 0.041112454655380895 0.14537037037037037
0 0.023276904474002418 0.12824074074074074 0.039298669891172915 0.14351851851851852
0 0.06136638452237001 0.15185185185185185 0.039298669891172915 0.1425925925925926
0 0.08827085852478839 0.15787037037037038 0.036275695284159616 0.1398148148148148
0 0.10761789600967352 0.125 0.04232164449818621 0.13518518518518519
0 0.08827085852478839 0.037037037037037035 0.03506650544135429 0.07222222222222222
0 0.11064087061668681 0.20046296296296295 0.037484885126964934 0.1287037037037037
0 0.13603385731559856 0.19398148148148148 0.037484885126964934 0.14351851851851852
0 0.14993954050785974 0.04537037037037037 0.03506650544135429 0.08888888888888889
0 0.24727932285368803 0.08657407407407407 0.03143893591293833 0.11574074074074074
0 0.18923821039903266 0.04814814814814815 0.037484885126964934 0.09444444444444444
0 0.2750906892382104 0.09027777777777778 0.03506650544135429 0.12685185185185185
0 0.26058041112454655 0.2828703703703704 0.045949214026602174 0.13796296296296295
0 0.4198911729141475 0.04814814814814815 0.03688029020556227 0.09444444444444444
0 0.34129383313180167 0.08472222222222223 0.02962515114873035 0.12685185185185185
0 0.4268440145102781 0.08194444444444444 0.03990326481257558 0.12314814814814815
0 0.37968561064087064 0.0412037037037037 0.03143893591293833 0.08055555555555556
0 0.435912938331318 0.04027777777777778 0.03506650544135429 0.0787037037037037
0 0.48548972188633616 0.09861111111111111 0.03143893591293833 0.13796296296296295
0 0.5114873035066505 0.10740740740740741 0.03506650544135429 0.13148148148148148
0 0.5226723095525998 0.12314814814814815 0.035671100362756954 0.1388888888888889
0 0.5513905683192262 0.1300925925925926 0.03506650544135429 0.13240740740740742
0 0.5522974607013301 0.07546296296296297 0.046553808948004836 0.125
0 0.5828295042321644 0.0837962962962963 0.032648125755743655 0.125
0 0.6426844014510278 0.05648148148148148 0.032648125755743655 0.1111111111111111
0 0.6617291414752116 0.06435185185185185 0.03083434099153567 0.11018518518518519
0 0.6825876662636033 0.075 0.03143893591293833 0.11851851851851852
0 0.6750302297460702 0.04398148148148148 0.03688029020556227 0.08611111111111111
0 0.6608222490931076 0.1875 0.030229746070133012 0.1175925925925926
0 0.717049576783555 0.24305555555555555 0.03143893591293833 0.12685185185185185
0 0.7357920193470375 0.23981481481481481 0.032648125755743655 0.13518518518518519
0 0.7194679564691656 0.17453703703703705 0.03385731559854897 0.12129629629629629
0 0.7521160822249093 0.22268518518518518 0.03385731559854897 0.13796296296296295
0 0.8669891172914147 0.1712962962962963 0.032648125755743655 0.12407407407407407
0 0.9467956469165659 0.04537037037037037 0.032648125755743655 0.08888888888888889
0 0.8509673518742442 0.2611111111111111 0.02720677146311971 0.12037037037037036
0 0.971584038694075 0.2462962962962963 0.03506650544135429 0.14074074074074075
0 0.9655380894800484 0.17083333333333334 0.037484885126964934 0.13240740740740742
0 0.9446795646916566 0.1875 0.03688029020556227 0.13240740740740742
0 0.8824062877871826 0.10833333333333334 0.03204353083434099 0.12962962962962962
0 0.9153567110036276 0.10833333333333334 0.036275695284159616 0.12962962962962962
0 0.9198911729141476 0.19305555555555556 0.03204353083434099 0.12314814814814815
0 0.932285368802902 0.13842592592592592 0.030229746070133012 0.1287037037037037
0 0.9815598548972189 0.10787037037037037 0.03325272067714631 0.1287037037037037
0 0.9558645707376058 0.10416666666666667 0.03506650544135429 0.12129629629629629
0 0.907496977025393 0.07777777777777778 0.032648125755743655 0.1259259259259259
0 0.8966142684401451 0.0699074074074074 0.030229746070133012 0.11944444444444445
0 0.8766626360338573 0.06481481481481481 0.030229746070133012 0.09444444444444444
0 0.875453446191052 0.10694444444444444 0.030229746070133012 0.09351851851851851
0 0.9189842805320435 0.06435185185185185 0.030229746070133012 0.10462962962962963
0 0.7651148730350665 0.21481481481481482 0.034461910519951636 0.12407407407407407
0 0.7357920193470375 0.18981481481481483 0.03506650544135429 0.11296296296296296
0 0.07376058041112454 0.03611111111111111 0.02902055622732769 0.07037037037037037
0 0.8926844014510278 0.2064814814814815 0.06469165659008465 0.1685185185185185
0 0.3688029020556227 0.562037037037037 0.036275695284159616 0.14814814814814814
0 0.07376058041112454 0.46944444444444444 0.03990326481257558 0.1537037037037037
0 0.04927448609431681 0.5203703703703704 0.039298669891172915 0.1537037037037037
0 0.02720677146311971 0.4949074074074074 0.03506650544135429 0.16203703703703703
0 0.09552599758162031 0.513425925925926 0.041112454655380895 0.15648148148148147
0 0.8340386940749698 0.37824074074074077 0.04050785973397823 0.1287037037037037
0 0.8422007255139057 0.35694444444444445 0.03143893591293833 0.12685185185185185
0 0.25332527206771466 0.6754629629629629 0.044740024183796856 0.16574074074074074
0 0.22430471584038694 0.6606481481481481 0.037484885126964934 0.16018518518518518
0 0.3545949214026602 0.6481481481481481 0.039298669891172915 0.13703703703703704
0 0.22249093107617895 0.5819444444444445 0.03143893591293833 0.13425925925925927
0 0.22823458282950423 0.5712962962962963 0.034461910519951636 0.1537037037037037
0 0.18319226118500603 0.5638888888888889 0.041112454655380895 0.14629629629629629
0 0.19044740024183796 0.5310185185185186 0.044740024183796856 0.15462962962962962
0 0.15175332527206772 0.5453703703703704 0.037484885126964934 0.1425925925925926
0 0.3648730350665054 0.2351851851851852 0.03204353083434099 0.12962962962962962
0 0.3866384522370012 0.23194444444444445 0.03204353083434099 0.12685185185185185
0 0.4969770253929867 0.9384259259259259 0.05199516324062878 0.12314814814814815
0 0.5426239419588875 0.9462962962962963 0.05380894800483676 0.10925925925925926
0 0.27841596130592505 0.45092592592592595 0.0380894800483676 0.12962962962962962
0 0.2708585247883918 0.475462962962963 0.036275695284159616 0.14351851851851852
0 0.26088270858524787 0.9444444444444444 0.04171704957678356 0.11296296296296296
0 0.309552599758162 0.7865740740740741 0.04232164449818621 0.15462962962962962
0 0.30713422007255137 0.5847222222222223 0.03506650544135429 0.14537037037037037
0 0.3422007255139057 0.7101851851851851 0.037484885126964934 0.15185185185185185
0 0.3515719467956469 0.7412037037037037 0.044135429262394194 0.1675925925925926
0 0.6363361547762999 0.799074074074074 0.0501813784764208 0.17962962962962964
0 0.6904474002418379 0.825462962962963 0.0471584038694075 0.16203703703703703
0 0.6904474002418379 0.7935185185185185 0.037484885126964934 0.14629629629629629
0 0.42321644498186217 0.7435185185185185 0.049576783555018135 0.14629629629629629
0 0.6478234582829504 0.6620370370370371 0.04171704957678356 0.14814814814814814
0 0.4489117291414752 0.5370370370370371 0.0380894800483676 0.13518518518518519
0 0.42503022974607013 0.513425925925926 0.032648125755743655 0.13796296296296295
0 0.3827085852478839 0.16111111111111112 0.03506650544135429 0.13703703703703704
0 0.42110036275695284 0.5944444444444444 0.03204353083434099 0.14814814814814814
0 0.4268440145102781 0.5699074074074074 0.032648125755743655 0.15092592592592594
0 0.23428053204353083 0.6342592592592593 0.03204353083434099 0.1425925925925926
0 0.2883917775090689 0.6018518518518519 0.04232164449818621 0.15185185185185185
0 0.2889963724304716 0.6523148148148148 0.032648125755743655 0.17314814814814813
0 0.3295042321644498 0.3837962962962963 0.03385731559854897 0.12685185185185185
0 0.3083434099153567 0.41898148148148145 0.044740024183796856 0.15648148148148147
0 0.33796856106408707 0.4046296296296296 0.036275695284159616 0.12962962962962962
0 0.29564691656590086 0.38287037037037036 0.037484885126964934 0.14351851851851852
0 0.8666868198307134 0.7555555555555555 0.051390568319226115 0.17037037037037037
0 0.40386940749697703 0.4689814814814815 0.037484885126964934 0.14351851851851852
0 0.8639661426844014 0.6773148148148148 0.049576783555018135 0.15092592592592594
0 0.7107013301088271 0.7523148148148148 0.044135429262394194 0.13796296296296295
0 0.8533857315598549 0.9662037037037037 0.03688029020556227 0.06944444444444445
0 0.9301692865779927 0.2689814814814815 0.03204353083434099 0.1287037037037037
0 0.7926239419588875 0.20462962962962963 0.02902055622732769 0.12962962962962962
0 0.7412333736396615 0.8662037037037037 0.05804111245465538 0.1935185185185185
0 0.48548972188633616 0.5777777777777777 0.036275695284159616 0.1537037037037037
0 0.8119709794437727 0.7680555555555556 0.03990326481257558 0.17685185185185184
0 0.7708585247883918 0.7425925925925926 0.0592503022974607 0.1814814814814815
0 0.0562273276904474 0.8763888888888889 0.06287787182587666 0.175
0 0.016021765417170496 0.8847222222222222 0.03083434099153567 0.15092592592592594
0 0.6970979443772672 0.8722222222222222 0.05441354292623942 0.16111111111111112
0 0.7699516324062878 0.9328703703703703 0.042926239419588876 0.13055555555555556
0 0.8110640870616687 0.9263888888888889 0.0562273276904474 0.14907407407407408
0 0.7212817412333736 0.6620370370370371 0.044740024183796856 0.15185185185185185
0 0.7968561064087062 0.5212962962962963 0.03385731559854897 0.14629629629629629
0 0.8328295042321644 0.8805555555555555 0.04897218863361548 0.17222222222222222
0 0.2883917775090689 0.35555555555555557 0.03869407496977025 0.14074074074074075
0 0.4398428053204353 0.42314814814814816 0.04171704957678356 0.16296296296296298
0 0.4957678355501814 0.38287037037037036 0.032648125755743655 0.15462962962962962
0 0.2841596130592503 0.3800925925925926 0.03506650544135429 0.11944444444444445
0 0.9026602176541717 0.5226851851851851 0.03869407496977025 0.14907407407407408
0 0.7563482466747279 0.6648148148148149 0.04353083434099154 0.14629629629629629
0 0.975211608222491 0.48564814814814816 0.03506650544135429 0.15648148148148147
0 0.8769649334945586 0.8467592592592592 0.04171704957678356 0.15092592592592594
0 0.7914147521160823 0.8388888888888889 0.056831922611850064 0.17407407407407408
0 0.8509673518742442 0.8949074074074074 0.03688029020556227 0.13425925925925927
