0 0.3890625 0.1648148148148148 0.03229166666666667 0.11851851851851852
0 0.09114583333333333 0.46435185185185185 0.04895833333333333 0.18981481481481483
0 0.6080729166666666 0.26481481481481484 0.0296875 0.11851851851851852
0 0.0359375 0.9490740740740741 0.07083333333333333 0.1037037037037037
0 0.08151041666666667 0.8592592592592593 0.06614583333333333 0.2833333333333333
0 0.12083333333333333 0.8777777777777778 0.08020833333333334 0.2462962962962963
0 0.18151041666666667 0.6759259259259259 0.0609375 0.2777777777777778
0 0.29791666666666666 0.7351851851851852 0.06145833333333333 0.29074074074074074
0 0.15546875 0.7699074074074074 0.08385416666666666 0.33055555555555555
0 0.2328125 0.8060185185185185 0.06354166666666666 0.30462962962962964
0 0.3184895833333333 0.6106481481481482 0.06197916666666667 0.275
0 0.4453125 0.35694444444444445 0.05 0.18796296296296297
0 0.3421875 0.4898148148148148 0.05 0.21851851851851853
0 0.7619791666666667 0.4185185185185185 0.053125 0.18703703703703703
0 0.7705729166666667 0.4236111111111111 0.04739583333333333 0.15462962962962962
0 0.69296875 0.38287037037037036 0.0546875 0.1787037037037037
0 0.378125 0.3574074074074074 0.042708333333333334 0.17592592592592593
0 0.6442708333333333 0.4152777777777778 0.04375 0.18981481481481483
0 0.61875 0.12083333333333333 0.021875 0.09907407407407408
0 0.53515625 0.2564814814814815 0.03177083333333333 0.14074074074074075
0 0.4934895833333333 0.2574074074074074 0.03177083333333333 0.1425925925925926
0 0.25052083333333336 0.5986111111111111 0.058333333333333334 0.27314814814814814
0 0.45989583333333334 0.31342592592592594 0.04479166666666667 0.21944444444444444
0 0.5427083333333333 0.30648148148148147 0.03229166666666667 0.16666666666666666
0 0.4161458333333333 0.3050925925925926 0.03854166666666667 0.15092592592592594
0 0.3140625 0.28888888888888886 0.03333333333333333 0.14814814814814814
0 0.43203125 0.22546296296296298 0.03177083333333333 0.11574074074074074
0 0.4669270833333333 0.21712962962962962 0.028645833333333332 0.1175925925925926
0 0.4432291666666667 0.18472222222222223 0.030208333333333334 0.12314814814814815
0 0.35130208333333335 0.17546296296296296 0.030729166666666665 0.10648148148148148
0 0.5528645833333333 0.2388888888888889 0.021354166666666667 0.08518518518518518
0 0.5770833333333333 0.21574074074074073 0.03229166666666667 0.13518518518518519
0 0.3859375 0.1675925925925926 0.03125 0.12407407407407407
