0 0.013603385731559855 0.575462962962963 0.02599758162031439 0.13240740740740742
0 0.4446795646916566 0.14537037037037037 0.04171704957678356 0.13518518518518519
0 0.12666263603385733 0.10740740740740741 0.044135429262394194 0.11851851851851852
0 0.09008464328899637 0.0962962962962963 0.04232164449818621 0.13518518518518519
0 0.14026602176541716 0.07546296296296297 0.036275695284159616 0.13240740740740742
0 0.051390568319226115 0.056018518518518516 0.03990326481257558 0.11018518518518519
0 0.1375453446191052 0.025 0.02962515114873035 0.04814814814814815
0 0.10278113663845223 0.025 0.030229746070133012 0.04814814814814815
0 0.4960701330108827 0.06620370370370371 0.03325272067714631 0.11944444444444445
0 0.4667472793228537 0.06157407407407407 0.03506650544135429 0.11203703703703703
0 0.3567110036275695 0.017592592592592594 0.037484885126964934 0.03333333333333333
0 0.3769649334945586 0.018055555555555554 0.03688029020556227 0.03425925925925926
0 0.3948004836759371 0.012962962962962963 0.032648125755743655 0.024074074074074074
0 0.5187424425634825 0.05 0.03869407496977025 0.09814814814814815
0 0.6880290205562273 0.028703703703703703 0.037484885126964934 0.05555555555555555
0 0.720677146311971 0.1625 0.037484885126964934 0.13055555555555556
0 0.6139661426844014 0.12453703703703704 0.039298669891172915 0.1398148148148148
0 0.6910519951632407 0.12083333333333333 0.036275695284159616 0.12129629629629629
0 0.6390568319226119 0.08842592592592592 0.037484885126964934 0.12129629629629629
0 0.6051995163240629 0.04583333333333333 0.032648125755743655 0.08981481481481482
0 0.5773881499395405 0.05138888888888889 0.03990326481257558 0.10092592592592593
0 0.7460701330108828 0.06527777777777778 0.036275695284159616 0.11944444444444445
0 0.7158403869407497 0.060648148148148145 0.03990326481257558 0.1175925925925926
0 0.6961910519951633 0.049074074074074076 0.03688029020556227 0.0962962962962963
0 0.9461910519951633 0.03888888888888889 0.03990326481257558 0.07592592592592592
0 0.966142684401451 0.033796296296296297 0.03143893591293833 0.06574074074074074
0 0.9307738814993954 0.14814814814814814 0.039298669891172915 0.12962962962962962
0 0.9703748488512697 0.16898148148148148 0.037484885126964934 0.13240740740740742
0 0.9791414752116082 0.5662037037037037 0.039298669891172915 0.15462962962962962
0 0.36668681983071344 0.9800925925925926 0.039298669891172915 0.041666666666666664
0 0.4126360338573156 0.9273148148148148 0.047762998790810154 0.14537037037037037
0 0.13512696493349455 0.6050925925925926 0.04171704957678356 0.15462962962962962
0 0.18228536880290205 0.6023148148148149 0.039298669891172915 0.14537037037037037
0 0.16656590084643288 0.5634259259259259 0.03688029020556227 0.13796296296296295
0 0.21130592503022974 0.5643518518518519 0.039298669891172915 0.14907407407407408
0 0.19588875453446192 0.5064814814814815 0.03506650544135429 0.13518518518518519
0 0.17019347037484886 0.5092592592592593 0.039298669891172915 0.13518518518518519
0 0.014207980652962516 0.26851851851851855 0.02720677146311971 0.13703703703703704
0 0.07496977025392987 0.14629629629629629 0.03506650544135429 0.14074074074074075
0 0.1124546553808948 0.1587962962962963 0.04353083434099154 0.14537037037037037
0 0.7097944377267231 0.5569444444444445 0.04836759371221282 0.18055555555555555
0 0.439540507859734 0.21712962962962962 0.03506650544135429 0.13240740740740742
0 0.4144498186215236 0.22870370370370371 0.046553808948004836 0.14074074074074075
0 0.09582829504232164 0.36898148148148147 0.042926239419588876 0.14537037037037037
0 0.06831922611850061 0.3574074074074074 0.041112454655380895 0.14629629629629629
0 0.15326481257557437 0.32407407407407407 0.034461910519951636 0.13703703703703704
0 0.17896009673518742 0.32685185185185184 0.045949214026602174 0.15555555555555556
0 0.32889963724304716 0.2222222222222222 0.03990326481257558 0.12407407407407407
0 0.3174123337363966 0.3851851851851852 0.037484885126964934 0.12407407407407407
0 0.35096735187424427 0.2726851851851852 0.04534461910519952 0.1398148148148148
0 0.3403869407496977 0.37592592592592594 0.045949214026602174 0.16666666666666666
0 0.3573155985489722 0.21805555555555556 0.03990326481257558 0.13796296296296295
0 0.4440749697702539 0.2796296296296296 0.04171704957678356 0.13703703703703704
0 0.33192261185006044 0.18009259259259258 0.036275695284159616 0.12685185185185185
0 0.35096735187424427 0.18796296296296297 0.03688029020556227 0.13148148148148148
0 0.6934703748488513 0.525 0.049576783555018135 0.15
0 0.656590084643289 0.4699074074074074 0.04836759371221282 0.1712962962962963
0 0.725211608222491 0.47129629629629627 0.044135429262394194 0.17962962962962964
0 0.7382103990326482 0.4064814814814815 0.04353083434099154 0.16296296296296298
0 0.7817412333736397 0.4601851851851852 0.05199516324062878 0.17777777777777778
0 0.46130592503022977 0.1587962962962963 0.037484885126964934 0.13240740740740742
0 0.7010278113663845 0.15462962962962962 0.034461910519951636 0.11296296296296296
0 0.7013301088270859 0.2310185185185185 0.03385731559854897 0.12129629629629629
0 0.8751511487303507 0.35555555555555557 0.03204353083434099 0.11851851851851852
0 0.8978234582829504 0.44166666666666665 0.05562273276904474 0.14629629629629629
0 0.9712817412333736 0.45231481481481484 0.05259975816203144 0.16574074074074074
0 0.8615477629987908 0.41898148148148145 0.053204353083434096 0.1398148148148148
0 0.9709794437726723 0.2388888888888889 0.02781136638452237 0.09074074074074075
0 0.9531438935912938 0.2064814814814815 0.0380894800483676 0.12222222222222222
0 0.9576783555018138 0.41203703703703703 0.03869407496977025 0.14074074074074075
0 0.9283555018137848 0.425 0.04050785973397823 0.1425925925925926
0 0.9613059250302297 0.35648148148148145 0.036275695284159616 0.13518518518518519
0 0.2158403869407497 0.14675925925925926 0.037484885126964934 0.13796296296296295
0 0.21342200725513905 0.36342592592592593 0.05078597339782346 0.15462962962962962
0 0.7666263603385731 0.13194444444444445 0.036275695284159616 0.12129629629629629
0 0.9730955259975816 0.2912037037037037 0.03204353083434099 0.125
0 0.8536880290205562 0.3416666666666667 0.0471584038694075 0.1574074074074074
0 0.9437726723095526 0.3055555555555556 0.03385731559854897 0.12407407407407407
0 0.6466142684401451 0.1310185185185185 0.0380894800483676 0.11203703703703703
0 0.8615477629987908 0.3726851851851852 0.04353083434099154 0.1398148148148148
0 0.8246674727932285 0.3523148148148148 0.032648125755743655 0.11018518518518519
0 0.9298669891172914 0.324537037037037 0.03990326481257558 0.15648148148148147
0 0.7382103990326482 0.5819444444444445 0.037484885126964934 0.16018518518518518
0 0.7654171704957679 0.5708333333333333 0.03990326481257558 0.13796296296296295
0 0.8688029020556227 0.6185185185185185 0.04836759371221282 0.17037037037037037
0 0.8675937122128174 0.5055555555555555 0.049576783555018135 0.1925925925925926
0 0.903869407496977 0.736574074074074 0.04836759371221282 0.17685185185185184
0 0.1865175332527207 0.9027777777777778 0.05743651753325272 0.17962962962962964
0 0.903869407496977 0.6467592592592593 0.044740024183796856 0.15648148148148147
0 0.8282950423216445 0.649074074074074 0.05562273276904474 0.14814814814814814
0 0.8772672309552599 0.662962962962963 0.045949214026602174 0.19074074074074074
0 0.5507859733978234 0.9083333333333333 0.053204353083434096 0.14814814814814814
0 0.8972188633615478 0.5643518518518519 0.04232164449818621 0.14907407407407408
0 0.9461910519951633 0.5319444444444444 0.03990326481257558 0.15092592592592594
0 0.8364570737605804 0.711574074074074 0.04897218863361548 0.16018518518518518
0 0.7409310761789601 0.350462962962963 0.039298669891172915 0.12129629629629629
0 0.7759975816203144 0.3523148148148148 0.04171704957678356 0.14351851851851852
0 0.5262998790810157 0.9606481481481481 0.04897218863361548 0.0787037037037037
0 0.8935912938331319 0.7851851851851852 0.05199516324062878 0.18518518518518517
0 0.9546553808948005 0.5962962962962963 0.053204353083434096 0.17037037037037037
0 0.8473397823458283 0.8518518518518519 0.04897218863361548 0.1574074074074074
0 0.07194679564691657 0.7796296296296297 0.044740024183796856 0.17037037037037037
0 0.34582829504232165 0.5578703703703703 0.04232164449818621 0.14537037037037037
0 0.29081015719467956 0.34305555555555556 0.04232164449818621 0.13796296296296295
0 0.28536880290205563 0.3611111111111111 0.03385731559854897 0.1425925925925926
0 0.9746070133010882 0.7379629629629629 0.049576783555018135 0.17037037037037037
0 0.8095525997581621 0.8435185185185186 0.05078597339782346 0.1685185185185185
0 0.8180169286577993 0.937962962962963 0.05562273276904474 0.12407407407407407
0 0.9703748488512697 0.8287037037037037 0.05562273276904474 0.1814814814814815
0 0.8440145102781137 0.7726851851851851 0.0592503022974607 0.17685185185185184
0 0.5501813784764208 0.4828703703703704 0.030229746070133012 0.12685185185185185
0 0.8848246674727932 0.5560185185185185 0.044135429262394194 0.14537037037037037
0 0.9359129383313181 0.7578703703703704 0.04232164449818621 0.09537037037037037
0 0.27388149939540507 0.9583333333333334 0.04836759371221282 0.08518518518518518
0 0.44316807738814995 0.9416666666666667 0.053204353083434096 0.11851851851851852
0 0.5151148730350665 0.7814814814814814 0.049576783555018135 0.17592592592592593
0 0.46039903264812576 0.8416666666666667 0.046553808948004836 0.16296296296296298
0 0.5728536880290206 0.586574074074074 0.039298669891172915 0.16018518518518518
0 0.6130592503022975 0.5981481481481481 0.0471584038694075 0.15185185185185185
0 0.35308343409915355 0.7611111111111111 0.0471584038694075 0.1648148148148148
0 0.2998790810157195 0.6851851851851852 0.03506650544135429 0.15925925925925927
0 0.3818016928657799 0.6694444444444444 0.0501813784764208 0.1814814814814815
0 0.5858524788391778 0.4986111111111111 0.04232164449818621 0.13796296296296295
0 0.5574365175332527 0.5087962962962963 0.030229746070133012 0.11018518518518519
0 0.6082224909310762 0.5712962962962963 0.04232164449818621 0.15185185185185185
0 0.5272067714631197 0.8356481481481481 0.04232164449818621 0.18796296296296297
0 0.35882708585247886 0.4449074074074074 0.04171704957678356 0.13796296296296295
0 0.48972188633615477 0.5648148148148148 0.044740024183796856 0.16111111111111112
0 0.39631197097944376 0.34074074074074073 0.04171704957678356 0.15185185185185185
0 0.496372430471584 0.39675925925925926 0.032648125755743655 0.13240740740740742
0 0.6741233373639661 0.9393518518518519 0.03143893591293833 0.12314814814814815
0 0.651148730350665 0.9314814814814815 0.045949214026602174 0.13703703703703704
0 0.625453446191052 0.8671296296296296 0.05259975816203144 0.1675925925925926
0 0.6106408706166868 0.9152777777777777 0.04353083434099154 0.16203703703703703
0 0.40417170495767835 0.6930555555555555 0.03688029020556227 0.16574074074074074
0 0.41203143893591293 0.7393518518518518 0.06590084643288996 0.16203703703703703
0 0.4492140266021765 0.7069444444444445 0.04232164449818621 0.16018518518518518
0 0.3866384522370012 0.7060185185185185 0.039298669891172915 0.1675925925925926
0 0.9014510278113664 0.8861111111111111 0.0471584038694075 0.17592592592592593
0 0.8893591293833132 0.9347222222222222 0.060459492140266025 0.13240740740740742
0 0.9153567110036276 0.5314814814814814 0.04232164449818621 0.14074074074074075
0 0.343409915356711 0.10740740740740741 0.037484885126964934 0.14074074074074075
0 0.9446795646916566 0.9685185185185186 0.05380894800483676 0.06296296296296296
0 0.9782345828295043 0.9597222222222223 0.041112454655380895 0.0824074074074074
0 0.3092503022974607 0.07083333333333333 0.03204353083434099 0.11574074074074074
0 0.012394195888754534 0.8759259259259259 0.02357920193470375 0.1814814814814815
0 0.29564691656590086 0.10092592592592593 0.032648125755743655 0.13148148148148148
0 0.9410519951632407 0.9212962962962963 0.0562273276904474 0.14814814814814814
0 0.9211003627569528 0.5773148148148148 0.04897218863361548 0.15833333333333333
0 0.5640870616686819 0.6486111111111111 0.04353083434099154 0.15648148148148147
0 0.5568319226118501 0.6393518518518518 0.053204353083434096 0.15462962962962962
0 0.5855501813784765 0.6236111111111111 0.04050785973397823 0.16018518518518518
0 0.694074969770254 0.6703703703703704 0.04353083434099154 0.14814814814814814
0 0.27388149939540507 0.42592592592592593 0.036275695284159616 0.14629629629629629
0 0.5226723095525998 0.5111111111111111 0.034461910519951636 0.13518518518518519
0 0.3515719467956469 0.6537037037037037 0.046553808948004836 0.17407407407407408
0 0.4987908101571947 0.4912037037037037 0.037484885126964934 0.14351851851851852
0 0.4147521160822249 0.3365740740740741 0.037484885126964934 0.13796296296296295
0 0.37908101571946795 0.38935185185185184 0.03990326481257558 0.14351851851851852
0 0.4782345828295042 0.36527777777777776 0.032648125755743655 0.14351851851851852
0 0.5196493349455864 0.3763888888888889 0.03204353083434099 0.14907407407407408
0 0.4492140266021765 0.5231481481481481 0.04232164449818621 0.15
0 0.3183192261185006 0.11435185185185186 0.034461910519951636 0.1175925925925926
0 0.31197097944377267 0.5435185185185185 0.0471584038694075 0.15555555555555556
0 0.4655380894800484 0.41805555555555557 0.037484885126964934 0.12129629629629629
0 0.48972188633615477 0.41712962962962963 0.030229746070133012 0.11574074074074074
0 0.7158403869407497 0.9342592592592592 0.05199516324062878 0.13333333333333333
0 0.7769044740024184 0.05092592592592592 0.037484885126964934 0.1
0 0.0063482466747279325 0.1638888888888889 0.011487303506650543 0.12407407407407407
