0 0.17306052855924978 0.4778409090909091 0.0392156862745098 0.12840909090909092
0 0.9134697357203752 0.2539772727272727 0.03324808184143223 0.10113636363636364
0 0.13171355498721227 0.46136363636363636 0.03665814151747655 0.1318181818181818
0 0.5098039215686274 0.5204545454545455 0.0443307757885763 0.1318181818181818
0 0.4057971014492754 0.2215909090909091 0.03239556692242114 0.10227272727272728
0 0.8512361466325661 0.44431818181818183 0.03665814151747655 0.125
0 0.7659846547314578 0.42215909090909093 0.03324808184143223 0.10568181818181818
0 0.7591645353793691 0.44943181818181815 0.03836317135549872 0.11931818181818182
0 0.8162830349531117 0.4284090909090909 0.03324808184143223 0.1159090909090909
0 0.7962489343563512 0.43977272727272726 0.03751065643648764 0.12045454545454545
0 0.789002557544757 0.4778409090909091 0.03836317135549872 0.12386363636363637
0 0.7028985507246377 0.6346590909090909 0.04688832054560955 0.12613636363636363
0 0.9279624893435635 0.6897727272727273 0.041773231031543054 0.13863636363636364
0 0.6278772378516624 0.8147727272727273 0.041773231031543054 0.1431818181818182
0 0.8593350383631714 0.035227272727272725 0.023870417732310314 0.06818181818181818
0 0.8393009377664109 0.18920454545454546 0.03154305200341006 0.10340909090909091
0 0.8546462063086104 0.03920454545454546 0.0247229326513214 0.07613636363636364
0 0.9586530264279625 0.02727272727272727 0.03154305200341006 0.05227272727272727
0 0.07459505541346974 0.09829545454545455 0.0247229326513214 0.09659090909090909
0 0.09249786871270248 0.09090909090909091 0.028132992327365727 0.09090909090909091
0 0.1679454390451833 0.0971590909090909 0.02557544757033248 0.08977272727272727
0 0.5068201193520887 0.12556818181818183 0.03154305200341006 0.09659090909090909
0 0.4100596760443308 0.12272727272727273 0.03239556692242114 0.08636363636363636
0 0.3895993179880648 0.1 0.028985507246376812 0.09318181818181819
0 0.4940323955669224 0.07272727272727272 0.028132992327365727 0.08636363636363636
0 0.22506393861892582 0.038636363636363635 0.027280477408354646 0.075
0 0.437766410912191 0.11704545454545455 0.03495311167945439 0.09318181818181819
0 0.4595055413469736 0.13522727272727272 0.023870417732310314 0.06363636363636363
0 0.24722932651321397 0.04261363636363636 0.028985507246376812 0.08295454545454546
0 0.26854219948849106 0.03977272727272727 0.027280477408354646 0.075
0 0.3034953111679454 0.061931818181818185 0.028985507246376812 0.09204545454545454
0 0.32821824381926684 0.08295454545454546 0.028985507246376812 0.09772727272727273
0 0.35038363171355497 0.08636363636363636 0.028985507246376812 0.08636363636363636
0 0.2971014492753623 0.02784090909090909 0.03154305200341006 0.053409090909090906
0 0.34185848252344414 0.015909090909090907 0.028985507246376812 0.029545454545454545
0 0.45652173913043476 0.06477272727272727 0.03154305200341006 0.09090909090909091
0 0.42028985507246375 0.036931818181818184 0.028985507246376812 0.0715909090909091
0 0.46248934356351235 0.04147727272727273 0.028132992327365727 0.07840909090909091
0 0.4884910485933504 0.04147727272727273 0.028985507246376812 0.0715909090909091
0 0.5349531116794544 0.5448863636363637 0.03154305200341006 0.08068181818181819
0 0.5588235294117647 0.5892045454545455 0.045183290707587385 0.12840909090909092
0 0.9650468883205456 0.009659090909090909 0.03239556692242114 0.017045454545454544
0 0.3316283034953112 0.013068181818181817 0.03239556692242114 0.023863636363636365
0 0.5187553282182438 0.02556818181818182 0.028132992327365727 0.048863636363636366
0 0.6871270247229326 0.9630681818181818 0.05115089514066496 0.07613636363636364
0 0.13640238704177324 0.3784090909090909 0.03580562659846547 0.1159090909090909
0 0.4121909633418585 0.2545454545454545 0.03495311167945439 0.11136363636363636
0 0.26768968456947995 0.6255681818181819 0.04092071611253197 0.13977272727272727
0 0.7740835464620631 0.522159090909091 0.03751065643648764 0.11931818181818182
0 0.236999147485081 0.9846590909090909 0.042625745950554135 0.03295454545454545
0 0.12105711849957375 0.9607954545454546 0.04774083546462063 0.07840909090909091
0 0.16197783461210571 0.9568181818181818 0.04603580562659847 0.08636363636363636
0 0.42242114236999145 0.4727272727272727 0.03324808184143223 0.10227272727272728
0 0.6824381926683717 0.375 0.03665814151747655 0.10909090909090909
0 0.3934356351236147 0.4636363636363636 0.03324808184143223 0.11136363636363636
0 0.31074168797953966 0.3846590909090909 0.040068201193520885 0.11477272727272728
0 0.7966751918158568 0.6318181818181818 0.045183290707587385 0.12954545454545455
0 0.9475703324808185 0.8522727272727273 0.04688832054560955 0.13636363636363635
0 0.9262574595055414 0.88125 0.05029838022165388 0.14659090909090908
0 0.8154305200341005 0.5272727272727272 0.03836317135549872 0.12954545454545455
0 0.6747655583972719 0.6704545454545454 0.03836317135549872 0.12954545454545455
0 0.3145780051150895 0.5017045454545455 0.04092071611253197 0.11931818181818182
0 0.37041773231031544 0.4590909090909091 0.03665814151747655 0.1159090909090909
0 0.7114236999147485 0.6857954545454545 0.03665814151747655 0.13522727272727272
0 0.10358056265984655 0.23295454545454544 0.029838022165387893 0.09318181818181819
0 0.7506393861892583 0.6431818181818182 0.041773231031543054 0.13863636363636364
0 0.02557544757033248 0.5681818181818182 0.04092071611253197 0.12272727272727273
0 0.04816709292412617 0.5698863636363637 0.040068201193520885 0.12613636363636363
0 0.4936061381074169 0.5943181818181819 0.04603580562659847 0.12954545454545455
0 0.5247229326513214 0.6068181818181818 0.045183290707587385 0.125
0 0.056692242114237 0.3392045454545455 0.03324808184143223 0.09431818181818181
0 0.07246376811594203 0.3375 0.0494458653026428 0.10909090909090909
0 0.029411764705882353 0.9119318181818182 0.05541346973572037 0.14886363636363636
0 0.08610400682011936 0.7926136363636364 0.05285592497868713 0.14886363636363636
0 0.31287297527706737 0.3352272727272727 0.04092071611253197 0.11136363636363636
0 0.38832054560954815 0.26022727272727275 0.028132992327365727 0.10227272727272728
0 0.263000852514919 0.21818181818181817 0.03324808184143223 0.075
0 0.12446717817561807 0.22670454545454546 0.028985507246376812 0.10568181818181818
0 0.15814151747655583 0.23238636363636364 0.028132992327365727 0.09659090909090909
0 0.45311167945439046 0.2409090909090909 0.03324808184143223 0.09772727272727273
0 0.484228473998295 0.24431818181818182 0.03239556692242114 0.09545454545454546
0 0.04134697357203751 0.13068181818181818 0.03495311167945439 0.09772727272727273
0 0.1287297527706735 0.08125 0.030690537084398978 0.0875
0 0.2310315430520034 0.2 0.028985507246376812 0.09318181818181819
0 0.24168797953964194 0.21875 0.0247229326513214 0.06477272727272727
0 0.6142369991474851 0.7818181818181819 0.05029838022165388 0.15454545454545454
0 0.8363171355498721 0.7801136363636364 0.04774083546462063 0.15113636363636362
0 0.7527706734867861 0.8988636363636363 0.0443307757885763 0.15454545454545454
0 0.7894288150042625 0.8886363636363637 0.04603580562659847 0.16136363636363638
0 0.4036658141517477 0.9357954545454545 0.04688832054560955 0.1215909090909091
0 0.680306905370844 0.8085227272727272 0.04092071611253197 0.14204545454545456
0 0.7199488491048593 0.9079545454545455 0.04688832054560955 0.14772727272727273
0 0.7966751918158568 0.7931818181818182 0.04688832054560955 0.1431818181818182
0 0.3132992327365729 0.4630681818181818 0.029838022165387893 0.0875
0 0.2851662404092072 0.4471590909090909 0.03665814151747655 0.1125
0 0.2536231884057971 0.42954545454545456 0.040068201193520885 0.12727272727272726
0 0.8635976129582268 0.15 0.03410059676044331 0.09318181818181819
0 0.7566069906223359 0.5431818181818182 0.03324808184143223 0.08409090909090909
0 0.6901108269394715 0.825 0.05200341005967604 0.15227272727272728
0 0.14492753623188406 0.18522727272727274 0.03239556692242114 0.09772727272727273
0 0.01278772378516624 0.9397727272727273 0.023870417732310314 0.11818181818181818
0 0.3934356351236147 0.6994318181818182 0.04688832054560955 0.15113636363636362
0 0.5302642796248934 0.9130681818181818 0.056265984654731455 0.15568181818181817
0 0.572463768115942 0.9107954545454545 0.045183290707587385 0.14204545454545456
0 0.30221653878942883 0.6375 0.041773231031543054 0.11818181818181818
0 0.5545609548167093 0.8426136363636364 0.05029838022165388 0.14204545454545456
0 0.35294117647058826 0.5039772727272728 0.04092071611253197 0.1215909090909091
0 0.4475703324808184 0.5119318181818182 0.04092071611253197 0.11477272727272728
0 0.47485080988917305 0.8494318181818182 0.056265984654731455 0.1375
0 0.5029838022165388 0.9585227272727272 0.04603580562659847 0.08522727272727272
0 0.39215686274509803 0.8994318181818182 0.04092071611253197 0.14886363636363636
0 0.4458653026427962 0.897159090909091 0.056265984654731455 0.14886363636363636
0 0.46248934356351235 0.959659090909091 0.04688832054560955 0.08295454545454546
0 0.42924126172208016 0.8448863636363636 0.05711849957374254 0.15113636363636362
0 0.4855072463768116 0.9085227272727273 0.05029838022165388 0.13295454545454546
0 0.592071611253197 0.8460227272727273 0.043478260869565216 0.14659090909090908
0 0.9266837169650469 0.95 0.03751065643648764 0.1
0 0.8930093776641091 0.9414772727272728 0.05200341005967604 0.11704545454545455
0 0.3998294970161978 0.6636363636363637 0.04092071611253197 0.125
