0 0.8165054413542926 0.9453703703703704 0.04534461910519952 0.1111111111111111
0 0.8231559854897219 0.9162037037037037 0.062273276904474005 0.1675925925925926
0 0.37061668681983073 0.9222222222222223 0.05441354292623942 0.1574074074074074
0 0.4105199516324063 0.8842592592592593 0.049576783555018135 0.1537037037037037
0 0.3346432889963724 0.8962962962962963 0.0562273276904474 0.15925925925925927
0 0.6230350665054414 0.7518518518518519 0.042926239419588876 0.1425925925925926
0 0.09975816203143893 0.7393518518518518 0.04353083434099154 0.16203703703703703
0 0.024788391777509067 0.5319444444444444 0.04836759371221282 0.16018518518518518
0 0.004534461910519952 0.5458333333333333 0.007859733978234583 0.15462962962962962
0 0.4737001209189843 0.3055555555555556 0.03688029020556227 0.13703703703703704
0 0.10006045949214026 0.45740740740740743 0.039298669891172915 0.1425925925925926
0 0.060459492140266025 0.45601851851851855 0.0471584038694075 0.14351851851851852
0 0.012394195888754534 0.22916666666666666 0.02357920193470375 0.14537037037037037
0 0.1175937122128174 0.1884259259259259 0.03688029020556227 0.1361111111111111
0 0.07980652962515115 0.21712962962962962 0.03506650544135429 0.14351851851851852
0 0.11305925030229746 0.22916666666666666 0.044740024183796856 0.14351851851851852
0 0.18198307134220074 0.2537037037037037 0.044740024183796856 0.14074074074074075
0 0.21946795646916567 0.25925925925925924 0.04232164449818621 0.15185185185185185
0 0.017533252720677146 0.5050925925925925 0.03385731559854897 0.15648148148148147
0 0.4830713422007255 0.15694444444444444 0.041112454655380895 0.1398148148148148
0 0.14510278113663846 0.3226851851851852 0.03506650544135429 0.1287037037037037
0 0.15356711003627568 0.3731481481481482 0.04353083434099154 0.1425925925925926
0 0.22914147521160821 0.3162037037037037 0.037484885126964934 0.14907407407407408
0 0.21009673518742442 0.31157407407407406 0.04171704957678356 0.13055555555555556
0 0.5241837968561064 0.18009259259259258 0.041112454655380895 0.14907407407407408
0 0.5538089480048367 0.17407407407407408 0.032648125755743655 0.14074074074074075
0 0.6520556227327691 0.45787037037037037 0.04171704957678356 0.14907407407407408
0 0.6943772672309553 0.4444444444444444 0.046553808948004836 0.1425925925925926
0 0.4534461910519952 0.23425925925925925 0.037484885126964934 0.12407407407407407
0 0.466142684401451 0.2587962962962963 0.02781136638452237 0.11388888888888889
0 0.4918379685610641 0.23055555555555557 0.02720677146311971 0.13518518518518519
0 0.5148125755743652 0.2199074074074074 0.03204353083434099 0.13240740740740742
0 0.592503022974607 0.23333333333333334 0.037484885126964934 0.13518518518518519
0 0.6151753325272068 0.22962962962962963 0.03083434099153567 0.13148148148148148
0 0.6668681983071342 0.22962962962962963 0.03506650544135429 0.1388888888888889
0 0.6372430471584039 0.25092592592592594 0.036275695284159616 0.1537037037037037
0 0.4960701330108827 0.2662037037037037 0.03083434099153567 0.13240740740740742
0 0.8893591293833132 0.937037037037037 0.04353083434099154 0.12777777777777777
0 0.7203748488512697 0.6097222222222223 0.04171704957678356 0.16944444444444445
0 0.7902055622732769 0.5625 0.041112454655380895 0.14166666666666666
0 0.7874848851269649 0.5171296296296296 0.0380894800483676 0.1398148148148148
0 0.9062877871825876 0.4861111111111111 0.03869407496977025 0.14074074074074075
0 0.8642684401451027 0.4726851851851852 0.04897218863361548 0.15092592592592594
0 0.6714026602176542 0.5550925925925926 0.044135429262394194 0.15462962962962962
0 0.8485489721886336 0.3972222222222222 0.04171704957678356 0.1425925925925926
0 0.813180169286578 0.3662037037037037 0.0471584038694075 0.1361111111111111
0 0.8621523579201935 0.35462962962962963 0.049576783555018135 0.1425925925925926
0 0.7542321644498187 0.40925925925925927 0.044135429262394194 0.14629629629629629
0 0.748186215235792 0.42777777777777776 0.039298669891172915 0.14629629629629629
0 0.9785368802902056 0.287962962962963 0.03325272067714631 0.13333333333333333
0 0.7200725513905684 0.3861111111111111 0.041112454655380895 0.13148148148148148
0 0.6880290205562273 0.3509259259259259 0.037484885126964934 0.15185185185185185
0 0.9171704957678356 0.22777777777777777 0.032648125755743655 0.13518518518518519
0 0.9531438935912938 0.24212962962962964 0.04050785973397823 0.1361111111111111
0 0.9310761789600968 0.2037037037037037 0.02902055622732769 0.10740740740740741
0 0.9501209189842805 0.43472222222222223 0.039298669891172915 0.1527777777777778
0 0.8733373639661427 0.6412037037037037 0.04534461910519952 0.18425925925925926
0 0.961608222490931 0.3939814814814815 0.039298669891172915 0.14166666666666666
0 0.9700725513905684 0.5638888888888889 0.044135429262394194 0.16296296296296298
0 0.8975211608222491 0.5296296296296297 0.04897218863361548 0.1425925925925926
0 0.9207980652962515 0.5662037037037037 0.03990326481257558 0.13796296296296295
0 0.3343409915356711 0.020833333333333332 0.036275695284159616 0.03981481481481482
0 0.6514510278113664 0.03425925925925926 0.03204353083434099 0.06666666666666667
0 0.7122128174123338 0.01898148148148148 0.022974607013301087 0.03611111111111111
0 0.6717049576783555 0.024537037037037038 0.02781136638452237 0.04722222222222222
0 0.9177750906892382 0.03657407407407407 0.02539298669891173 0.0712962962962963
0 0.9443772672309553 0.059722222222222225 0.041112454655380895 0.10833333333333334
0 0.9694679564691656 0.07731481481481481 0.02962515114873035 0.12129629629629629
0 0.9848851269649335 0.0699074074074074 0.02902055622732769 0.12685185185185185
0 0.9576783555018138 0.13194444444444445 0.03506650544135429 0.12129629629629629
0 0.9897218863361548 0.16064814814814815 0.019347037484885126 0.13240740740740742
0 0.9794437726723095 0.20694444444444443 0.03385731559854897 0.13240740740740742
0 0.9848851269649335 0.24305555555555555 0.02902055622732769 0.13240740740740742
0 0.6381499395405078 0.04722222222222222 0.034461910519951636 0.09259259259259259
0 0.6064087061668681 0.046296296296296294 0.032648125755743655 0.09074074074074075
0 0.6535671100362757 0.0787037037037037 0.032648125755743655 0.11481481481481481
0 0.6487303506650545 0.09861111111111111 0.02781136638452237 0.10462962962962963
0 0.6807738814993954 0.08703703703703704 0.041112454655380895 0.12962962962962962
0 0.6251511487303507 0.12824074074074074 0.03506650544135429 0.12129629629629629
0 0.6571946795646917 0.13564814814814816 0.030229746070133012 0.11574074074074074
0 0.8948004836759371 0.16435185185185186 0.03990326481257558 0.12685185185185185
0 0.4588875453446191 0.05324074074074074 0.032648125755743655 0.10462962962962963
0 0.4954655380894801 0.05185185185185185 0.03204353083434099 0.10185185185185185
0 0.5725513905683193 0.06944444444444445 0.03385731559854897 0.1259259259259259
0 0.5374848851269649 0.07222222222222222 0.036275695284159616 0.11481481481481481
0 0.4207980652962515 0.07731481481481481 0.032648125755743655 0.13055555555555556
0 0.4625151148730351 0.09166666666666666 0.037484885126964934 0.13148148148148148
0 0.6523579201934704 0.21712962962962962 0.03143893591293833 0.13796296296296295
0 0.13119709794437726 0.12129629629629629 0.030229746070133012 0.11666666666666667
0 0.10550181378476421 0.1398148148148148 0.03204353083434099 0.11296296296296296
0 0.1735187424425635 0.11157407407407408 0.036275695284159616 0.1287037037037037
0 0.22430471584038694 0.11481481481481481 0.03506650544135429 0.13518518518518519
0 0.1505441354292624 0.175 0.030229746070133012 0.13518518518518519
0 0.08827085852478839 0.04212962962962963 0.03506650544135429 0.0824074074074074
0 0.012998790810157194 0.08472222222222223 0.024788391777509067 0.12685185185185185
0 0.04353083434099154 0.11018518518518519 0.036275695284159616 0.12962962962962962
0 0.09310761789600967 0.07546296296296297 0.03869407496977025 0.1175925925925926
0 0.03839177750906892 0.14814814814814814 0.02962515114873035 0.09814814814814815
0 0.07013301088270858 0.10925925925925926 0.03506650544135429 0.14074074074074075
0 0.023276904474002418 0.10324074074074074 0.03688029020556227 0.13796296296296295
0 0.7339782345828295 0.017592592592592594 0.03143893591293833 0.03333333333333333
0 0.23065296251511488 0.5972222222222222 0.03204353083434099 0.15185185185185185
0 0.2351874244256348 0.5606481481481481 0.03506650544135429 0.1398148148148148
0 0.15991535671100363 0.5828703703703704 0.04171704957678356 0.13796296296296295
0 0.2028415961305925 0.5921296296296297 0.039298669891172915 0.15462962962962962
0 0.21704957678355502 0.5324074074074074 0.0471584038694075 0.15185185185185185
0 0.17412333736396615 0.5375 0.041112454655380895 0.13796296296296295
0 0.6432889963724304 0.49444444444444446 0.03506650544135429 0.14814814814814814
0 0.40024183796856105 0.22916666666666666 0.032648125755743655 0.1287037037037037
0 0.4226118500604595 0.2310185185185185 0.02781136638452237 0.12685185185185185
0 0.6115477629987908 0.48657407407407405 0.03688029020556227 0.14351851851851852
0 0.06348246674727932 0.8768518518518519 0.04353083434099154 0.1648148148148148
0 0.1608222490931076 0.9217592592592593 0.04232164449818621 0.1287037037037037
0 0.21100362756952842 0.8537037037037037 0.05804111245465538 0.17037037037037037
0 0.1977025392986699 0.9185185185185185 0.045949214026602174 0.15925925925925927
0 0.1185006045949214 0.8930555555555556 0.03990326481257558 0.1712962962962963
0 0.09764207980652963 0.8740740740740741 0.047762998790810154 0.16296296296296298
0 0.2584643288996372 0.8185185185185185 0.0501813784764208 0.17037037037037037
0 0.13301088270858524 0.7476851851851852 0.04353083434099154 0.16203703703703703
0 0.7762998790810157 0.6194444444444445 0.03990326481257558 0.13518518518518519
0 0.9770253929866989 0.961574074074074 0.044740024183796856 0.0787037037037037
0 0.8001813784764208 0.8356481481481481 0.04897218863361548 0.1638888888888889
0 0.03143893591293833 0.3421296296296296 0.036275695284159616 0.15092592592592594
0 0.12636033857315598 0.950925925925926 0.053204353083434096 0.1
0 0.8328295042321644 0.43287037037037035 0.039298669891172915 0.1398148148148148
0 0.7333736396614269 0.5814814814814815 0.03385731559854897 0.13333333333333333
0 0.7750906892382105 0.37175925925925923 0.03990326481257558 0.13796296296296295
0 0.7333736396614269 0.7916666666666666 0.04836759371221282 0.14814814814814814
0 0.29020556227327693 0.3675925925925926 0.044740024183796856 0.13703703703703704
0 0.2681378476420798 0.37083333333333335 0.034461910519951636 0.1287037037037037
0 0.5616686819830713 0.49166666666666664 0.032648125755743655 0.12407407407407407
0 0.25725513905683195 0.9689814814814814 0.044135429262394194 0.06388888888888888
0 0.43349455864570735 0.9518518518518518 0.05199516324062878 0.0962962962962963
0 0.5036275695284159 0.8046296296296296 0.049576783555018135 0.17962962962962964
0 0.45102781136638453 0.8578703703703704 0.0471584038694075 0.16203703703703703
0 0.5556227327690447 0.6106481481481482 0.045949214026602174 0.15462962962962962
0 0.6042926239419589 0.6328703703703704 0.047762998790810154 0.14907407407407408
0 0.3388754534461911 0.7837962962962963 0.046553808948004836 0.16203703703703703
0 0.56136638452237 0.5120370370370371 0.042926239419588876 0.13703703703703704
0 0.5417170495767836 0.5069444444444444 0.02539298669891173 0.10648148148148148
0 0.5855501813784765 0.6018518518518519 0.039298669891172915 0.1574074074074074
0 0.501813784764208 0.8560185185185185 0.05199516324062878 0.18796296296296297
0 0.34522370012091896 0.47129629629629627 0.037484885126964934 0.14074074074074075
0 0.28234582829504234 0.5388888888888889 0.045949214026602174 0.15925925925925927
0 0.3851269649334946 0.3773148148148148 0.03385731559854897 0.15092592592592594
0 0.5030229746070133 0.42453703703703705 0.03143893591293833 0.14351851851851852
0 0.3860338573155985 0.7101851851851851 0.03204353083434099 0.15185185185185185
0 0.4014510278113664 0.7625 0.05199516324062878 0.1527777777777778
0 0.4238210399032648 0.7449074074074075 0.04232164449818621 0.14166666666666666
0 0.37726723095526 0.7305555555555555 0.04232164449818621 0.17037037037037037
0 0.2542321644498186 0.19166666666666668 0.0380894800483676 0.1425925925925926
0 0.186819830713422 0.07546296296296297 0.02781136638452237 0.11203703703703703
0 0.20344619105199516 0.075 0.03204353083434099 0.12222222222222222
0 0.008162031438935914 0.9060185185185186 0.015114873035066506 0.175
0 0.005441354292623942 0.20277777777777778 0.009673518742442563 0.12037037037037036
0 0.22974607013301088 0.2023148148148148 0.03143893591293833 0.1398148148148148
0 0.5616686819830713 0.6763888888888889 0.04353083434099154 0.15462962962962962
0 0.31983071342200725 0.6662037037037037 0.03869407496977025 0.1675925925925926
0 0.3845223700120919 0.6509259259259259 0.037484885126964934 0.15185185185185185
0 0.6819830713422007 0.6898148148148148 0.045949214026602174 0.14629629629629629
0 0.2678355501813785 0.44722222222222224 0.03506650544135429 0.14074074074074075
0 0.4921402660217654 0.5296296296296297 0.037484885126964934 0.13703703703703704
0 0.4727932285368803 0.5037037037037037 0.0471584038694075 0.12962962962962962
0 0.373639661426844 0.3625 0.03990326481257558 0.14351851851851852
0 0.33282950423216445 0.5666666666666667 0.03083434099153567 0.1425925925925926
0 0.47551390568319224 0.3962962962962963 0.03083434099153567 0.14074074074074075
0 0.507255139056832 0.3888888888888889 0.03990326481257558 0.14629629629629629
0 0.4322853688029021 0.5435185185185185 0.03869407496977025 0.1574074074074074
0 0.19709794437726724 0.20185185185185187 0.02781136638452237 0.11851851851851852
0 0.7007255139056832 0.8018518518518518 0.0471584038694075 0.16296296296296298
0 0.4703748488512696 0.4444444444444444 0.02902055622732769 0.11851851851851852
0 0.5136033857315598 0.3365740740740741 0.04897218863361548 0.14907407407407408
