0 0.5574365175332527 0.8962962962962963 0.044740024183796856 0.17222222222222222
0 0.5568319226118501 0.9365740740740741 0.041112454655380895 0.1287037037037037
0 0.38905683192261187 0.5657407407407408 0.03688029020556227 0.13518518518518519
0 0.28597339782345826 0.6578703703703703 0.04232164449818621 0.15833333333333333
0 0.7370012091898428 0.8171296296296297 0.04836759371221282 0.1824074074074074
0 0.7140266021765417 0.850462962962963 0.05804111245465538 0.1824074074074074
0 0.682285368802902 0.8800925925925925 0.0501813784764208 0.16574074074074074
0 0.3313180169286578 0.35138888888888886 0.037484885126964934 0.1675925925925926
0 0.283857315598549 0.3351851851851852 0.03204353083434099 0.14074074074074075
0 0.34068923821039904 0.3731481481481482 0.04171704957678356 0.14444444444444443
0 0.36608222490931075 0.3402777777777778 0.03688029020556227 0.14166666666666666
0 0.2708585247883918 0.36018518518518516 0.04232164449818621 0.14629629629629629
0 0.6342200725513906 0.9638888888888889 0.05199516324062878 0.07407407407407407
0 0.6735187424425635 0.9541666666666667 0.04232164449818621 0.09351851851851851
0 0.6251511487303507 0.950462962962963 0.041112454655380895 0.10092592592592593
0 0.8409915356711004 0.9472222222222222 0.03506650544135429 0.10555555555555556
0 0.8830108827085853 0.9393518518518519 0.047762998790810154 0.11944444444444445
0 0.07980652962515115 0.41574074074074074 0.03385731559854897 0.12777777777777777
0 0.1396614268440145 0.4300925925925926 0.03869407496977025 0.15462962962962962
0 0.5737605804111245 0.6398148148148148 0.045949214026602174 0.17407407407407408
0 0.11457073760580411 0.35694444444444445 0.03325272067714631 0.14722222222222223
0 0.09280532043530834 0.4666666666666667 0.046553808948004836 0.15185185185185185
0 0.6747279322853688 0.4625 0.041112454655380895 0.1398148148148148
0 0.7028415961305925 0.44027777777777777 0.051390568319226115 0.14907407407407408
0 0.6844014510278114 0.3875 0.04232164449818621 0.13425925925925927
0 0.8310157194679565 0.4486111111111111 0.04171704957678356 0.1398148148148148
0 0.8068319226118501 0.4601851851851852 0.042926239419588876 0.1574074074074074
0 0.7877871825876662 0.6013888888888889 0.045949214026602174 0.15462962962962962
0 0.9758162031438936 0.8652777777777778 0.04353083434099154 0.17314814814814813
0 0.9362152357920194 0.8828703703703704 0.051390568319226115 0.1935185185185185
0 0.7989721886336155 0.8361111111111111 0.04171704957678356 0.11851851851851852
0 0.8458282950423216 0.836574074074074 0.045949214026602174 0.16018518518518518
0 0.7938331318016929 0.8907407407407407 0.05804111245465538 0.1648148148148148
0 0.9694679564691656 0.9546296296296296 0.05985489721886336 0.09074074074074075
0 0.6058041112454655 0.8087962962962963 0.053204353083434096 0.1712962962962963
0 0.6127569528415961 0.85 0.051390568319226115 0.1685185185185185
0 0.9746070133010882 0.6625 0.03506650544135429 0.1398148148148148
0 0.9549576783555018 0.6620370370370371 0.044135429262394194 0.14629629629629629
0 0.37091898428053205 0.8763888888888889 0.06106408706166868 0.1712962962962963
0 0.34129383313180167 0.862037037037037 0.05985489721886336 0.16296296296296298
0 0.8101571946795647 0.7555555555555555 0.037484885126964934 0.14074074074074075
0 0.8464328899637243 0.788425925925926 0.044740024183796856 0.13796296296296295
0 0.8863361547762999 0.7870370370370371 0.05078597339782346 0.17037037037037037
0 0.8428053204353083 0.3861111111111111 0.03506650544135429 0.13518518518518519
0 0.8624546553808948 0.3787037037037037 0.04171704957678356 0.1111111111111111
0 0.07587666263603386 0.8328703703703704 0.04897218863361548 0.16574074074074074
0 0.10973397823458284 0.7976851851851852 0.046553808948004836 0.16203703703703703
0 0.1094316807738815 0.9342592592592592 0.05199516324062878 0.13333333333333333
0 0.07315598548972188 0.9310185185185185 0.04836759371221282 0.1398148148148148
0 0.2950423216444982 0.6703703703703704 0.049576783555018135 0.15925925925925927
0 0.3551995163240629 0.638425925925926 0.04171704957678356 0.16574074074074074
0 0.3775695284159613 0.6606481481481481 0.03688029020556227 0.13240740740740742
0 0.5075574365175333 0.9319444444444445 0.051390568319226115 0.13796296296296295
0 0.8270858524788391 0.5953703703703703 0.05078597339782346 0.1537037037037037
0 0.09854897218863362 0.4203703703703704 0.041112454655380895 0.1425925925925926
0 0.23579201934703747 0.6032407407407407 0.03869407496977025 0.15648148148148147
0 0.23639661426844014 0.5824074074074074 0.03385731559854897 0.14814814814814814
0 0.18712212817412333 0.6013888888888889 0.04171704957678356 0.1398148148148148
0 0.2037484885126965 0.5523148148148148 0.04232164449818621 0.14351851851851852
0 0.16656590084643288 0.5717592592592593 0.039298669891172915 0.15092592592592594
0 0.3083434099153567 0.6212962962962963 0.0471584038694075 0.1537037037037037
0 0.3851269649334946 0.25462962962962965 0.03385731559854897 0.12962962962962962
0 0.40810157194679564 0.25601851851851853 0.02902055622732769 0.13240740740740742
0 0.29957678355501816 0.5879629629629629 0.03204353083434099 0.12962962962962962
0 0.7128174123337364 0.9629629629629629 0.044740024183796856 0.07592592592592592
0 0.7155380894800484 0.39814814814814814 0.039298669891172915 0.1259259259259259
0 0.752720677146312 0.41064814814814815 0.04232164449818621 0.13425925925925927
0 0.26753325272067713 0.39490740740740743 0.0380894800483676 0.1398148148148148
0 0.24909310761789602 0.4115740740740741 0.03506650544135429 0.14351851851851852
0 0.8860338573155986 0.6625 0.03688029020556227 0.13240740740740742
0 0.3022974607013301 0.9782407407407407 0.037484885126964934 0.04537037037037037
0 0.4628174123337364 0.9851851851851852 0.039298669891172915 0.03148148148148148
0 0.5326481257557436 0.5875 0.03869407496977025 0.16203703703703703
0 0.32073760580411126 0.7907407407407407 0.046553808948004836 0.16296296296296298
0 0.8654776299879081 0.6944444444444444 0.03688029020556227 0.14814814814814814
0 0.848851269649335 0.7134259259259259 0.03385731559854897 0.12129629629629629
0 0.5840386940749698 0.5990740740740741 0.03990326481257558 0.1537037037037037
0 0.34885126964933494 0.4949074074074074 0.037484885126964934 0.13240740740740742
0 0.2841596130592503 0.5046296296296297 0.037484885126964934 0.1574074074074074
0 0.18591293833131803 0.9333333333333333 0.044135429262394194 0.13518518518518519
0 0.35882708585247886 0.7282407407407407 0.042926239419588876 0.16018518518518518
0 0.30169286577992743 0.8296296296296296 0.049576783555018135 0.16666666666666666
0 0.3824062877871826 0.7546296296296297 0.039298669891172915 0.1685185185185185
0 0.3313180169286578 0.7375 0.0471584038694075 0.1824074074074074
0 0.13270858524788393 0.9027777777777778 0.04897218863361548 0.1814814814814815
0 0.03657799274486094 0.7773148148148148 0.05380894800483676 0.16944444444444445
0 0.18954050785973398 0.8342592592592593 0.0501813784764208 0.17037037037037037
0 0.16596130592503022 0.8087962962962963 0.04171704957678356 0.13796296296296295
0 0.4498186215235792 0.7555555555555555 0.045949214026602174 0.1537037037037037
0 0.6753325272067715 0.7273148148148149 0.0471584038694075 0.15092592592592594
0 0.38784764207980654 0.4587962962962963 0.034461910519951636 0.10648148148148148
0 0.4655380894800484 0.5606481481481481 0.036275695284159616 0.1398148148148148
0 0.4495163240628779 0.5171296296296296 0.039298669891172915 0.10462962962962963
0 0.013301088270858524 0.9685185185185186 0.02539298669891173 0.06481481481481481
0 0.4649334945586457 0.4273148148148148 0.032648125755743655 0.1398148148148148
0 0.49758162031438935 0.41805555555555557 0.03385731559854897 0.14907407407407408
0 0.3863361547762999 0.6907407407407408 0.05562273276904474 0.15185185185185185
0 0.44135429262394194 0.4444444444444444 0.02781136638452237 0.12407407407407407
0 0.4921402660217654 0.5083333333333333 0.03869407496977025 0.12037037037037036
0 0.5634824667472793 0.42962962962962964 0.03506650544135429 0.10740740740740741
0 0.5350665054413543 0.41435185185185186 0.03990326481257558 0.14351851851851852
0 0.8833131801692866 0.17962962962962964 0.04836759371221282 0.1388888888888889
0 0.8978234582829504 0.12175925925925926 0.03990326481257558 0.12314814814814815
0 0.9090084643288996 0.21388888888888888 0.028415961305925032 0.10740740740740741
0 0.9900241837968561 0.35555555555555557 0.018742442563482467 0.12037037037037036
0 0.941354292623942 0.39537037037037037 0.04353083434099154 0.14814814814814814
0 0.9622128174123338 0.4203703703703704 0.039298669891172915 0.14074074074074075
0 0.8848246674727932 0.5925925925925926 0.04534461910519952 0.1537037037037037
0 0.81136638452237 0.6648148148148149 0.04353083434099154 0.15925925925925927
0 0.7103990326481258 0.5680555555555555 0.03990326481257558 0.1527777777777778
0 0.8168077388149939 0.7097222222222223 0.04353083434099154 0.15648148148148147
0 0.8938935912938332 0.8814814814814815 0.047762998790810154 0.1685185185185185
0 0.6898428053204353 0.10462962962962963 0.03385731559854897 0.11851851851851852
0 0.6686819830713422 0.09953703703703703 0.036275695284159616 0.11203703703703703
0 0.6082224909310762 0.14351851851851852 0.037484885126964934 0.1425925925925926
0 0.5344619105199516 0.12268518518518519 0.03506650544135429 0.13796296296296295
0 0.6995163240628779 0.12824074074074074 0.037484885126964934 0.12129629629629629
0 0.6553808948004837 0.16712962962962963 0.03990326481257558 0.12685185185185185
0 0.6051995163240629 0.16805555555555557 0.032648125755743655 0.11574074074074074
0 0.6837968561064087 0.26435185185185184 0.03990326481257558 0.13425925925925927
0 0.6203143893591294 0.24675925925925926 0.041112454655380895 0.14166666666666666
0 0.591596130592503 0.26666666666666666 0.03688029020556227 0.1259259259259259
0 0.6650544135429263 0.2847222222222222 0.026602176541717048 0.09166666666666666
0 0.6336154776299879 0.29444444444444445 0.03506650544135429 0.13518518518518519
0 0.5314389359129383 0.19398148148148148 0.03506650544135429 0.11944444444444445
0 0.4900241837968561 0.20925925925925926 0.03204353083434099 0.11481481481481481
0 0.5229746070133011 0.10740740740740741 0.037484885126964934 0.13518518518518519
0 0.501813784764208 0.10555555555555556 0.02781136638452237 0.11296296296296296
0 0.6804715840386941 0.30185185185185187 0.04171704957678356 0.14814814814814814
0 0.6115477629987908 0.3731481481481482 0.039298669891172915 0.14074074074074075
0 0.6321039903264812 0.39490740740740743 0.034461910519951636 0.14537037037037037
0 0.6614268440145102 0.3726851851851852 0.03990326481257558 0.15092592592592594
0 0.42623941958887546 0.12268518518518519 0.03506650544135429 0.11574074074074074
0 0.38331318016928656 0.18518518518518517 0.03385731559854897 0.12962962962962962
0 0.45163240628778717 0.08657407407407407 0.03385731559854897 0.13425925925925927
0 0.4365175332527207 0.08009259259259259 0.03506650544135429 0.12685185185185185
0 0.39600967351874244 0.1175925925925926 0.030229746070133012 0.11851851851851852
0 0.1786577992744861 0.15092592592592594 0.04050785973397823 0.14444444444444443
0 0.28597339782345826 0.20462962962962963 0.03990326481257558 0.13703703703703704
0 0.31499395405078595 0.22592592592592592 0.03990326481257558 0.12777777777777777
0 0.6203143893591294 0.6370370370370371 0.04836759371221282 0.1648148148148148
0 0.7738814993954051 0.4722222222222222 0.044740024183796856 0.14074074074074075
0 0.5459492140266021 0.46574074074074073 0.049576783555018135 0.14074074074074075
0 0.4667472793228537 0.4601851851851852 0.05441354292623942 0.14074074074074075
0 0.018137847642079808 0.1361111111111111 0.03506650544135429 0.1259259259259259
0 0.1354292623941959 0.11898148148148148 0.04353083434099154 0.1287037037037037
0 0.17049576783555018 0.1 0.03385731559854897 0.1259259259259259
0 0.18923821039903266 0.11527777777777778 0.02781136638452237 0.12129629629629629
0 0.2545344619105199 0.09953703703703703 0.032648125755743655 0.1175925925925926
0 0.27871825876662637 0.10231481481481482 0.03506650544135429 0.12314814814814815
0 0.16021765417170497 0.0763888888888889 0.03990326481257558 0.1361111111111111
0 0.0964328899637243 0.046296296296296294 0.03083434099153567 0.09074074074074075
0 0.18047158403869407 0.1712962962962963 0.034461910519951636 0.13703703703703704
0 0.47158403869407495 0.10185185185185185 0.030229746070133012 0.12407407407407407
0 0.5202539298669892 0.07824074074074074 0.03204353083434099 0.11944444444444445
0 0.5686215235792019 0.07916666666666666 0.024788391777509067 0.12685185185185185
0 0.2379081015719468 0.350462962962963 0.0380894800483676 0.14722222222222223
0 0.0743651753325272 0.2587962962962963 0.03990326481257558 0.13796296296296295
0 0.10096735187424426 0.25 0.03385731559854897 0.12962962962962962
0 0.22430471584038694 0.2796296296296296 0.03506650544135429 0.14074074074074075
0 0.186819830713422 0.27037037037037037 0.03869407496977025 0.12962962962962962
0 0.4987908101571947 0.2611111111111111 0.036275695284159616 0.1259259259259259
0 0.4782345828295042 0.28564814814814815 0.03869407496977025 0.13240740740740742
0 0.24758162031438935 0.3074074074074074 0.034461910519951636 0.14814814814814814
0 0.2844619105199516 0.3768518518518518 0.03688029020556227 0.13518518518518519
0 0.3273881499395405 0.45694444444444443 0.044135429262394194 0.17314814814814813
0 0.27448609431680776 0.46574074074074073 0.041112454655380895 0.1574074074074074
0 0.07406287787182587 0.39305555555555555 0.034461910519951636 0.13240740740740742
0 0.0250906892382104 0.4046296296296296 0.046553808948004836 0.15555555555555556
0 0.020253929866989116 0.36527777777777776 0.03688029020556227 0.13796296296296295
0 0.018742442563482467 0.33935185185185185 0.036275695284159616 0.15092592592592594
0 0.06438935912938332 0.31157407407407406 0.03688029020556227 0.1287037037037037
0 0.6928657799274486 0.24351851851851852 0.045949214026602174 0.1574074074074074
0 0.9755139056831923 0.12361111111111112 0.03688029020556227 0.13240740740740742
0 0.9561668681983071 0.07731481481481481 0.03204353083434099 0.11574074074074074
0 0.9280532043530835 0.06481481481481481 0.032648125755743655 0.12777777777777777
0 0.9891172914147521 0.02546296296296296 0.02176541717049577 0.049074074074074076
0 0.9600967351874244 0.01898148148148148 0.030229746070133012 0.03611111111111111
0 0.9389359129383313 0.1111111111111111 0.03990326481257558 0.12962962962962962
0 0.05592503022974607 0.044444444444444446 0.044135429262394194 0.08703703703703704
0 0.11608222490931076 0.11712962962962963 0.037484885126964934 0.12685185185185185
0 0.11608222490931076 0.0587962962962963 0.037484885126964934 0.11574074074074074
0 0.3688029020556227 0.08518518518518518 0.03143893591293833 0.11851851851851852
0 0.5816203143893591 0.1699074074074074 0.03869407496977025 0.12314814814814815
0 0.19195888754534463 0.07777777777777778 0.034461910519951636 0.14074074074074075
0 0.5501813784764208 0.12916666666666668 0.032648125755743655 0.1287037037037037
0 0.6321039903264812 0.12222222222222222 0.034461910519951636 0.13518518518518519
0 0.34975816203143895 0.07268518518518519 0.03204353083434099 0.13055555555555556
0 0.5888754534461911 0.12083333333333333 0.037484885126964934 0.13240740740740742
0 0.4848851269649335 0.05324074074074074 0.032648125755743655 0.10462962962962963
0 0.6472188633615478 0.07407407407407407 0.03688029020556227 0.1259259259259259
0 0.4619105199516324 0.03194444444444444 0.030229746070133012 0.062037037037037036
0 0.13845223700120918 0.05 0.032648125755743655 0.09814814814814815
0 0.24546553808948005 0.043055555555555555 0.032648125755743655 0.08425925925925926
0 0.5867593712212817 0.06111111111111111 0.034461910519951636 0.11296296296296296
0 0.5695284159613059 0.05185185185185185 0.036275695284159616 0.10185185185185185
0 0.2883917775090689 0.06018518518518518 0.02781136638452237 0.11481481481481481
0 0.3174123337363966 0.04583333333333333 0.030229746070133012 0.08981481481481482
0 0.4241233373639661 0.07361111111111111 0.03204353083434099 0.11574074074074074
0 0.3948004836759371 0.06851851851851852 0.030229746070133012 0.11851851851851852
0 0.28597339782345826 0.03564814814814815 0.032648125755743655 0.06944444444444445
0 0.2209794437726723 0.07453703703703704 0.034461910519951636 0.13796296296296295
