0 0.06927083333333334 0.9490740740740741 0.08125 0.10185185185185185
0 0.8078125 0.8541666666666666 0.06875 0.287962962962963
0 0.8838541666666667 0.7671296296296296 0.059375 0.2935185185185185
0 0.22239583333333332 0.5731481481481482 0.053125 0.20555555555555555
0 0.14375 0.6134259259259259 0.046875 0.17314814814814813
0 0.16171875 0.55 0.058854166666666666 0.23148148148148148
0 0.26666666666666666 0.5430555555555555 0.040625 0.18981481481481483
0 0.34791666666666665 0.6189814814814815 0.04583333333333333 0.23425925925925925
0 0.3846354166666667 0.5685185185185185 0.06302083333333333 0.21481481481481482
0 0.3098958333333333 0.5486111111111112 0.04791666666666667 0.22314814814814815
0 0.2877604166666667 0.4324074074074074 0.043229166666666666 0.17592592592592593
0 0.5520833333333334 0.4685185185185185 0.05 0.17592592592592593
0 0.3966145833333333 0.4361111111111111 0.03177083333333333 0.14629629629629629
0 0.3653645833333333 0.41435185185185186 0.043229166666666666 0.17314814814814813
0 0.32369791666666664 0.4064814814814815 0.0421875 0.15925925925925927
0 0.4861979166666667 0.4074074074074074 0.03802083333333333 0.16296296296296298
0 0.44973958333333336 0.4009259259259259 0.033854166666666664 0.16296296296296298
0 0.5166666666666667 0.3731481481481482 0.03854166666666667 0.15185185185185185
0 0.41796875 0.3925925925925926 0.033854166666666664 0.15925925925925927
0 0.4046875 0.37037037037037035 0.03333333333333333 0.1425925925925926
0 0.490625 0.36666666666666664 0.03125 0.13703703703703704
0 0.4791666666666667 0.33287037037037037 0.03125 0.14351851851851852
0 0.37213541666666666 0.36898148148148147 0.0390625 0.15462962962962962
0 0.4395833333333333 0.36898148148148147 0.03333333333333333 0.15462962962962962
0 0.43802083333333336 0.29907407407407405 0.030208333333333334 0.12407407407407407
0 0.41041666666666665 0.32592592592592595 0.03125 0.12407407407407407
0 0.3625 0.32916666666666666 0.036458333333333336 0.13796296296296295
0 0.49140625 0.15925925925925927 0.021354166666666667 0.09259259259259259
0 0.78515625 0.3638888888888889 0.03177083333333333 0.17407407407407408
0 0.44427083333333334 0.32592592592592595 0.03125 0.14629629629629629
0 0.5434895833333333 0.39675925925925926 0.028645833333333332 0.17685185185185184
0 0.49609375 0.34444444444444444 0.025520833333333333 0.12407407407407407
0 0.4234375 0.3375 0.030208333333333334 0.12685185185185185
0 0.3575520833333333 0.36944444444444446 0.0359375 0.16111111111111112
0 0.45260416666666664 0.29074074074074074 0.028125 0.13148148148148148
0 0.4869791666666667 0.2814814814814815 0.028125 0.12777777777777777
0 0.5239583333333333 0.4236111111111111 0.03854166666666667 0.16574074074074074
0 0.39921875 0.25925925925925924 0.025520833333333333 0.11666666666666667
0 0.5177083333333333 0.4060185185185185 0.03229166666666667 0.1712962962962963
0 0.4119791666666667 0.25833333333333336 0.027083333333333334 0.10740740740740741
0 0.3528645833333333 0.2611111111111111 0.03177083333333333 0.1259259259259259
0 0.09401041666666667 0.5462962962962963 0.0359375 0.19814814814814816
0 0.3411458333333333 0.23472222222222222 0.023958333333333335 0.11388888888888889
0 0.5924479166666666 0.5185185185185185 0.0515625 0.20925925925925926
0 0.6166666666666667 0.5287037037037037 0.059375 0.20185185185185187
0 0.4583333333333333 0.24166666666666667 0.023958333333333335 0.11851851851851852
0 0.6088541666666667 0.35462962962962963 0.03125 0.13518518518518519
0 0.7690104166666667 0.3787037037037037 0.0359375 0.1685185185185185
0 0.4395833333333333 0.2462962962962963 0.025 0.10740740740740741
