0 0.011082693947144074 0.8732954545454545 0.020460358056265986 0.15795454545454546
0 0.013213981244671782 0.9664772727272727 0.0247229326513214 0.06931818181818182
0 0.0392156862745098 0.9460227272727273 0.04774083546462063 0.11022727272727273
0 0.3878942881500426 0.8744318181818181 0.04092071611253197 0.15113636363636362
0 0.32225063938618925 0.8590909090909091 0.04774083546462063 0.15227272727272728
0 0.29838022165387895 0.89375 0.05285592497868713 0.14886363636363636
0 0.56692242114237 0.8892045454545454 0.0443307757885763 0.14886363636363636
0 0.6027280477408354 0.8909090909090909 0.0443307757885763 0.16136363636363638
0 0.4185848252344416 0.7215909090909091 0.0443307757885763 0.14545454545454545
0 0.08184143222506395 0.6960227272727273 0.04603580562659847 0.14886363636363636
0 0.113384484228474 0.7079545454545455 0.05456095481670929 0.15227272727272728
0 0.757459505541347 0.7443181818181818 0.04859335038363171 0.15454545454545454
0 0.32438192668371696 0.65625 0.03836317135549872 0.13522727272727272
0 0.3491048593350384 0.6767045454545455 0.045183290707587385 0.14431818181818182
0 0.26982097186700765 0.6011363636363637 0.045183290707587385 0.1409090909090909
0 0.8435635123614663 0.01818181818181818 0.029838022165387893 0.03409090909090909
0 0.9437340153452686 0.9619318181818182 0.0494458653026428 0.07386363636363637
0 0.4296675191815857 0.5880681818181818 0.04092071611253197 0.13068181818181818
0 0.47655583972719523 0.7210227272727273 0.0494458653026428 0.14431818181818182
0 0.5174765558397272 0.7159090909090909 0.04092071611253197 0.15454545454545454
0 0.6052855924978687 0.8204545454545454 0.04603580562659847 0.1409090909090909
0 0.29923273657289 0.1380681818181818 0.030690537084398978 0.10795454545454546
0 0.8132992327365729 0.10909090909090909 0.028985507246376812 0.09318181818181819
0 0.8380221653878943 0.48011363636363635 0.042625745950554135 0.12840909090909092
0 0.09846547314578005 0.9840909090909091 0.03495311167945439 0.03409090909090909
0 0.2770673486786019 0.9704545454545455 0.0392156862745098 0.06136363636363636
0 0.20630861040068202 0.977840909090909 0.04092071611253197 0.04659090909090909
0 0.23273657289002558 0.9579545454545455 0.04774083546462063 0.08636363636363636
0 0.13853367433930094 0.9261363636363636 0.04859335038363171 0.15
0 0.18030690537084398 0.9244318181818182 0.043478260869565216 0.14886363636363636
0 0.43137254901960786 0.06363636363636363 0.02557544757033248 0.07727272727272727
0 0.5336743393009378 0.02556818181818182 0.02557544757033248 0.048863636363636366
0 0.41304347826086957 0.0625 0.028132992327365727 0.08636363636363636
0 0.38277919863597615 0.02727272727272727 0.028985507246376812 0.05227272727272727
0 0.3009377664109122 0.04602272727272727 0.028985507246376812 0.0875
0 0.20034100596760443 0.11363636363636363 0.028985507246376812 0.09772727272727273
0 0.7894288150042625 0.4159090909090909 0.03410059676044331 0.1340909090909091
0 0.8026427962489343 0.26704545454545453 0.03836317135549872 0.11818181818181818
0 0.7979539641943734 0.29375 0.03239556692242114 0.11477272727272728
0 0.8380221653878943 0.10568181818181818 0.03580562659846547 0.09772727272727273
0 0.7600170502983802 0.48295454545454547 0.03836317135549872 0.125
0 0.4957374254049446 0.38522727272727275 0.03495311167945439 0.11136363636363636
0 0.5302642796248934 0.3789772727272727 0.0392156862745098 0.12840909090909092
0 0.8307757885763001 0.45852272727272725 0.03836317135549872 0.11931818181818182
0 0.7894288150042625 0.48125 0.042625745950554135 0.13068181818181818
0 0.7212276214833759 0.6744318181818182 0.04092071611253197 0.15113636363636362
0 0.8593350383631714 0.6556818181818181 0.042625745950554135 0.1340909090909091
0 0.8516624040920716 0.7681818181818182 0.03580562659846547 0.1431818181818182
0 0.9317988064791134 0.7494318181818181 0.0443307757885763 0.13068181818181818
0 0.8380221653878943 0.6778409090909091 0.0392156862745098 0.13522727272727272
0 0.5596760443307758 0.5289772727272727 0.05029838022165388 0.13977272727272727
0 0.5370843989769821 0.5369318181818182 0.04092071611253197 0.13522727272727272
0 0.24552429667519182 0.3431818181818182 0.03410059676044331 0.12045454545454545
0 0.4961636828644501 0.17272727272727273 0.030690537084398978 0.09090909090909091
0 0.1628303495311168 0.05738636363636364 0.028985507246376812 0.0875
0 0.35720375106564367 0.07784090909090909 0.02557544757033248 0.08977272727272727
0 0.39045183290707586 0.05738636363636364 0.02557544757033248 0.0875
0 0.8175618073316283 0.3875 0.0392156862745098 0.1159090909090909
0 0.22335890878090367 0.11193181818181819 0.027280477408354646 0.08977272727272727
0 0.7195225916453538 0.38579545454545455 0.05115089514066496 0.13068181818181818
0 0.8772378516624041 0.43863636363636366 0.042625745950554135 0.125
0 0.5132139812446718 0.46136363636363636 0.03410059676044331 0.11818181818181818
0 0.8081841432225064 0.6494318181818182 0.042625745950554135 0.1375
0 0.5230179028132992 0.17045454545454544 0.03324808184143223 0.09318181818181819
0 0.4880647911338448 0.6051136363636364 0.03836317135549872 0.14204545454545456
0 0.5532821824381927 0.4596590909090909 0.042625745950554135 0.12840909090909092
0 0.17561807331628304 0.5386363636363637 0.03410059676044331 0.11818181818181818
0 0.7450980392156863 0.49886363636363634 0.0392156862745098 0.12272727272727273
0 0.7715260017050298 0.5198863636363636 0.04092071611253197 0.13522727272727272
0 0.7468030690537084 0.2596590909090909 0.03580562659846547 0.11704545454545455
0 0.46888320545609546 0.10113636363636364 0.028985507246376812 0.09090909090909091
0 0.49232736572890023 0.09829545454545455 0.0247229326513214 0.09886363636363636
0 0.525149190110827 0.12556818181818183 0.028985507246376812 0.09431818181818181
0 0.551150895140665 0.13977272727272727 0.03154305200341006 0.1
0 0.32608695652173914 0.006818181818181818 0.028132992327365727 0.011363636363636364
0 0.6952259164535379 0.2943181818181818 0.03495311167945439 0.125
0 0.5652173913043478 0.36079545454545453 0.04092071611253197 0.1215909090909091
0 0.5622335890878091 0.04715909090909091 0.03154305200341006 0.09204545454545454
0 0.788150042625746 0.12670454545454546 0.026427962489343565 0.060227272727272727
0 0.7271952259164536 0.2761363636363636 0.03751065643648764 0.11818181818181818
0 0.6713554987212276 0.9727272727272728 0.045183290707587385 0.05454545454545454
0 0.7131287297527706 0.9721590909090909 0.03665814151747655 0.05795454545454545
0 0.8422847399829497 0.8982954545454546 0.0494458653026428 0.16477272727272727
0 0.8891730605285593 0.8022727272727272 0.04774083546462063 0.16136363636363638
0 0.9266837169650469 0.8181818181818182 0.03751065643648764 0.125
0 0.6832907075873828 0.65625 0.04859335038363171 0.14204545454545456
0 0.22634271099744246 0.24147727272727273 0.03495311167945439 0.11022727272727273
0 0.45694799658994034 0.45340909090909093 0.042625745950554135 0.1318181818181818
0 0.12361466325660699 0.5034090909090909 0.03239556692242114 0.10454545454545454
0 0.1526001705029838 0.5017045454545455 0.03580562659846547 0.13068181818181818
0 0.1794543904518329 0.5113636363636364 0.03495311167945439 0.09772727272727273
0 0.2092924126172208 0.3409090909090909 0.03495311167945439 0.11818181818181818
0 0.4194373401534527 0.43977272727272726 0.03580562659846547 0.125
0 0.28175618073316283 0.2255681818181818 0.03836317135549872 0.11704545454545455
0 0.15515771526001704 0.14204545454545456 0.03239556692242114 0.09772727272727273
0 0.43435635123614663 0.15170454545454545 0.03324808184143223 0.08295454545454546
0 0.5174765558397272 0.0846590909090909 0.03239556692242114 0.10113636363636364
0 0.45012787723785164 0.19147727272727272 0.030690537084398978 0.10340909090909091
0 0.4778346121057119 0.1965909090909091 0.03154305200341006 0.09772727272727273
0 0.1606990622335891 0.08409090909090909 0.028132992327365727 0.10454545454545454
0 0.05456095481670929 0.03920454545454546 0.0392156862745098 0.07613636363636364
0 0.3248081841432225 0.14375 0.030690537084398978 0.0875
0 0.4919011082693947 0.20681818181818182 0.03410059676044331 0.10454545454545454
0 0.7689684569479965 0.39034090909090907 0.042625745950554135 0.12386363636363637
0 0.3895993179880648 0.07784090909090909 0.028985507246376812 0.09431818181818181
0 0.4820971867007673 0.07840909090909091 0.03154305200341006 0.09318181818181819
0 0.48081841432225064 0.47897727272727275 0.0392156862745098 0.13522727272727272
0 0.14407502131287298 0.05 0.02557544757033248 0.08863636363636364
0 0.2915601023017903 0.8176136363636364 0.0494458653026428 0.14886363636363636
0 0.8930093776641091 0.9607954545454546 0.05200341005967604 0.07386363636363637
0 0.907075873827792 0.7022727272727273 0.03751065643648764 0.13863636363636364
0 0.783461210571185 0.2034090909090909 0.030690537084398978 0.09772727272727273
0 0.33631713554987214 0.01875 0.03154305200341006 0.035227272727272725
0 0.639386189258312 0.8113636363636364 0.04774083546462063 0.15227272727272728
0 0.015345268542199489 0.4244318181818182 0.028985507246376812 0.12840909090909092
0 0.2813299232736573 0.7227272727272728 0.04603580562659847 0.15454545454545454
0 0.6214833759590793 0.6823863636363636 0.03580562659846547 0.13522727272727272
0 0.4731457800511509 0.5409090909090909 0.03410059676044331 0.10454545454545454
0 0.29539641943734013 0.40454545454545454 0.03495311167945439 0.125
0 0.00937766410912191 0.5363636363636364 0.017050298380221655 0.12727272727272726
0 0.04475703324808184 0.45625 0.041773231031543054 0.12840909090909092
0 0.33844842284739984 0.7676136363636363 0.042625745950554135 0.14431818181818182
0 0.08695652173913043 0.44545454545454544 0.04092071611253197 0.11818181818181818
0 0.4390451832907076 0.26136363636363635 0.03239556692242114 0.11136363636363636
0 0.5750213128729753 0.6573863636363636 0.03836317135549872 0.13522727272727272
0 0.44671781756180734 0.5340909090909091 0.03751065643648764 0.13863636363636364
0 0.1568627450980392 0.10568181818181818 0.023870417732310314 0.08409090909090909
0 0.4880647911338448 0.50625 0.03495311167945439 0.1215909090909091
0 0.5549872122762148 0.5869318181818182 0.042625745950554135 0.14886363636363636
0 0.3273657289002558 0.40397727272727274 0.03239556692242114 0.12840909090909092
0 0.0937766410912191 0.31079545454545454 0.04092071611253197 0.11477272727272728
0 0.39514066496163686 0.3522727272727273 0.03495311167945439 0.11136363636363636
0 0.13554987212276215 0.41875 0.03751065643648764 0.1215909090909091
0 0.2966751918158568 0.35965909090909093 0.03580562659846547 0.1215909090909091
0 0.3312020460358056 0.27102272727272725 0.03154305200341006 0.11022727272727273
0 0.36061381074168797 0.26931818181818185 0.03751065643648764 0.11136363636363636
0 0.43648763853367434 0.3534090909090909 0.0392156862745098 0.11818181818181818
0 0.37254901960784315 0.3482954545454545 0.03410059676044331 0.1215909090909091
0 0.41261722080136404 0.2545454545454545 0.030690537084398978 0.10681818181818181
0 0.38832054560954815 0.275 0.03154305200341006 0.10681818181818181
0 0.29241261722080136 0.2818181818181818 0.03580562659846547 0.125
0 0.5268542199488491 0.20397727272727273 0.03580562659846547 0.10340909090909091
0 0.7391304347826086 0.4340909090909091 0.0392156862745098 0.11136363636363636
0 0.8580562659846548 0.30227272727272725 0.03154305200341006 0.1159090909090909
0 0.8644501278772379 0.5204545454545455 0.042625745950554135 0.1340909090909091
0 0.8350383631713555 0.30056818181818185 0.03495311167945439 0.11931818181818182
0 0.8687127024722933 0.4943181818181818 0.042625745950554135 0.1340909090909091
0 0.8201193520886616 0.5153409090909091 0.0392156862745098 0.12840909090909092
0 0.01918158567774936 0.5653409090909091 0.03665814151747655 0.1375
0 0.5153452685421995 0.5164772727272727 0.03665814151747655 0.12840909090909092
0 0.39641943734015345 0.6534090909090909 0.04603580562659847 0.13863636363636364
0 0.4560954816709292 0.6261363636363636 0.03751065643648764 0.1318181818181818
0 0.42412617220801363 0.2028409090909091 0.0247229326513214 0.0875
