0 0.09817708333333333 0.39861111111111114 0.0390625 0.18611111111111112
0 0.21875 0.49398148148148147 0.04375 0.22685185185185186
0 0.30859375 0.5064814814814815 0.06822916666666666 0.21666666666666667
0 0.25677083333333334 0.4356481481481482 0.040625 0.21944444444444444
0 0.37083333333333335 0.44027777777777777 0.05520833333333333 0.22685185185185186
0 0.32057291666666665 0.3388888888888889 0.04114583333333333 0.1962962962962963
0 0.43463541666666666 0.3875 0.05572916666666667 0.21388888888888888
0 0.4953125 0.39861111111111114 0.046875 0.19537037037037036
0 0.7778645833333333 0.39861111111111114 0.058854166666666666 0.18981481481481483
0 0.3653645833333333 0.38101851851851853 0.04010416666666667 0.18981481481481483
0 0.3692708333333333 0.3578703703703704 0.053125 0.18981481481481483
0 0.8682291666666667 0.41944444444444445 0.06041666666666667 0.18703703703703703
0 0.42890625 0.29907407407407405 0.0421875 0.17962962962962964
0 0.81171875 0.37962962962962965 0.043229166666666666 0.18888888888888888
0 0.728125 0.37453703703703706 0.041666666666666664 0.19537037037037036
0 0.7921875 0.35 0.036458333333333336 0.1962962962962963
0 0.7619791666666667 0.3398148148148148 0.041666666666666664 0.2111111111111111
0 0.6716145833333333 0.2740740740740741 0.03802083333333333 0.17777777777777778
0 0.5859375 0.3236111111111111 0.041666666666666664 0.175
0 0.2799479166666667 0.26435185185185184 0.03802083333333333 0.16574074074074074
0 0.46458333333333335 0.22870370370370371 0.030208333333333334 0.14814814814814814
0 0.48776041666666664 0.24074074074074073 0.03177083333333333 0.12407407407407407
0 0.4921875 0.2101851851851852 0.035416666666666666 0.1425925925925926
0 0.34791666666666665 0.23425925925925925 0.046875 0.16296296296296298
0 0.3609375 0.20416666666666666 0.030208333333333334 0.13796296296296295
0 0.54453125 0.11018518518518519 0.0234375 0.11296296296296296
0 0.39114583333333336 0.12175925925925926 0.029166666666666667 0.1175925925925926
0 0.3958333333333333 0.2962962962962963 0.036458333333333336 0.1814814814814815
0 0.35260416666666666 0.1310185185185185 0.03125 0.15833333333333333
0 0.46510416666666665 0.14444444444444443 0.03229166666666667 0.1259259259259259
0 0.41848958333333336 0.1574074074074074 0.025520833333333333 0.10925925925925926
0 0.38385416666666666 0.15324074074074073 0.03125 0.13240740740740742
