0 0.9727932285368803 0.8805555555555555 0.04232164449818621 0.14074074074074075
0 0.2965538089480048 0.8152777777777778 0.046553808948004836 0.1712962962962963
0 0.2702539298669891 0.8606481481481482 0.041112454655380895 0.175
0 0.6275695284159613 0.7328703703703704 0.049576783555018135 0.17685185185185184
0 0.3515719467956469 0.5712962962962963 0.04050785973397823 0.1425925925925926
0 0.31892382103990324 0.5805555555555556 0.04171704957678356 0.14629629629629629
0 0.08403869407496976 0.4875 0.05078597339782346 0.14351851851851852
0 0.06741233373639662 0.6328703703703704 0.05380894800483676 0.1712962962962963
0 0.12061668681983072 0.6375 0.047762998790810154 0.1824074074074074
0 0.6659613059250302 0.3921296296296296 0.03688029020556227 0.16203703703703703
0 0.6375453446191052 0.3976851851851852 0.046553808948004836 0.15462962962962962
0 0.664752116082225 0.4412037037037037 0.039298669891172915 0.15833333333333333
0 0.7530229746070133 0.711574074074074 0.04171704957678356 0.15462962962962962
0 0.7469770253929867 0.7490740740740741 0.0562273276904474 0.15555555555555556
0 0.3697097944377267 0.287962962962963 0.03688029020556227 0.13518518518518519
0 0.31499395405078595 0.30648148148148147 0.03385731559854897 0.13518518518518519
0 0.40991535671100365 0.2833333333333333 0.037484885126964934 0.13518518518518519
0 0.41021765417170497 0.30648148148148147 0.04171704957678356 0.14074074074074075
0 0.39298669891172916 0.6731481481481482 0.03990326481257558 0.16296296296296298
0 0.470677146311971 0.6175925925925926 0.039298669891172915 0.15185185185185185
0 0.4785368802902056 0.6365740740740741 0.044135429262394194 0.14907407407407408
0 0.3567110036275695 0.6967592592592593 0.037484885126964934 0.17314814814814813
0 0.3222490931076179 0.32083333333333336 0.044740024183796856 0.13796296296296295
0 0.6408706166868199 0.8523148148148149 0.045949214026602174 0.1824074074074074
0 0.7146311970979444 0.850925925925926 0.045949214026602174 0.16666666666666666
0 0.6970979443772672 0.8037037037037037 0.041112454655380895 0.1574074074074074
0 0.9803506650544136 0.9212962962962963 0.03688029020556227 0.1537037037037037
0 0.9356106408706167 0.7046296296296296 0.05259975816203144 0.15925925925925927
0 0.8875453446191052 0.6597222222222222 0.056831922611850064 0.14907407407407408
0 0.9607013301088271 0.6527777777777778 0.045949214026602174 0.1648148148148148
0 0.8706166868198307 0.825462962962963 0.05562273276904474 0.16574074074074074
0 0.912031438935913 0.8342592592592593 0.046553808948004836 0.17222222222222222
0 0.8325272067714631 0.8439814814814814 0.05562273276904474 0.16944444444444445
0 0.7847642079806529 0.7921296296296296 0.05078597339782346 0.175
0 0.8264812575574365 0.45416666666666666 0.036275695284159616 0.15092592592592594
0 0.8678960096735188 0.47175925925925927 0.046553808948004836 0.15092592592592594
0 0.8712212817412334 0.41898148148148145 0.030229746070133012 0.10462962962962963
0 0.8929866989117291 0.425 0.032648125755743655 0.1111111111111111
0 0.5788996372430472 0.9324074074074075 0.05380894800483676 0.13703703703703704
0 0.7705562273276905 0.9342592592592592 0.06348246674727932 0.13148148148148148
0 0.7424425634824667 0.9666666666666667 0.05078597339782346 0.06481481481481481
0 0.16444981862152358 0.09212962962962963 0.03506650544135429 0.12685185185185185
0 0.13422007255139057 0.19907407407407407 0.04232164449818621 0.1574074074074074
0 0.23760580411124546 0.1259259259259259 0.03990326481257558 0.12407407407407407
0 0.56590084643289 0.06296296296296296 0.032648125755743655 0.12037037037037036
0 0.39691656590084645 0.10138888888888889 0.03204353083434099 0.10648148148148148
0 0.40538089480048367 0.1675925925925926 0.034461910519951636 0.13703703703703704
0 0.4749093107617896 0.12824074074074074 0.034461910519951636 0.13240740740740742
0 0.5232769044740024 0.07916666666666666 0.034461910519951636 0.13796296296296295
0 0.5030229746070133 0.10324074074074074 0.03143893591293833 0.125
0 0.5396009673518742 0.13148148148148148 0.039298669891172915 0.1259259259259259
0 0.5894800483675937 0.08611111111111111 0.036275695284159616 0.12037037037037036
0 0.6299879081015719 0.08333333333333333 0.04232164449818621 0.12407407407407407
0 0.6704957678355502 0.10740740740740741 0.03990326481257558 0.12407407407407407
0 0.7007255139056832 0.08333333333333333 0.030229746070133012 0.11296296296296296
0 0.7194679564691656 0.08518518518518518 0.03385731559854897 0.12962962962962962
0 0.7566505441354293 0.18888888888888888 0.04050785973397823 0.13148148148148148
0 0.8279927448609432 0.21666666666666667 0.03204353083434099 0.11296296296296296
0 0.8539903264812576 0.20601851851851852 0.034461910519951636 0.13240740740740742
0 0.9655380894800484 0.1425925925925926 0.032648125755743655 0.12407407407407407
0 0.9077992744860943 0.17916666666666667 0.034461910519951636 0.12685185185185185
0 0.966142684401451 0.19074074074074074 0.03990326481257558 0.14074074074074075
0 0.9464933494558646 0.2652777777777778 0.04171704957678356 0.14351851851851852
0 0.907496977025393 0.26851851851851855 0.04232164449818621 0.1574074074074074
0 0.7947400241837969 0.24444444444444444 0.02962515114873035 0.0962962962962963
0 0.8216444981862152 0.2361111111111111 0.036275695284159616 0.12407407407407407
0 0.8431076178960096 0.25555555555555554 0.02962515114873035 0.1037037037037037
0 0.9870012091898428 0.17916666666666667 0.024788391777509067 0.14351851851851852
0 0.905683192261185 0.34675925925925927 0.05199516324062878 0.13796296296296295
0 0.9449818621523579 0.3611111111111111 0.04232164449818621 0.1574074074074074
0 0.9809552599758162 0.32916666666666666 0.03688029020556227 0.15462962962962962
0 0.977932285368803 0.36018518518518516 0.04171704957678356 0.14629629629629629
0 0.9848851269649335 0.3962962962962963 0.02902055622732769 0.13518518518518519
0 0.9334945586457074 0.4078703703703704 0.045949214026602174 0.14351851851851852
0 0.9280532043530835 0.4689814814814815 0.044740024183796856 0.14907407407407408
0 0.6088270858524788 0.22962962962962963 0.03990326481257558 0.12962962962962962
0 0.6351269649334945 0.23796296296296296 0.039298669891172915 0.15185185185185185
0 0.6955864570737605 0.23472222222222222 0.02720677146311971 0.11574074074074074
0 0.6780532043530835 0.23703703703703705 0.034461910519951636 0.12407407407407407
0 0.629081015719468 0.3087962962962963 0.039298669891172915 0.14351851851851852
0 0.5994558645707376 0.3050925925925926 0.03688029020556227 0.14351851851851852
0 0.6423821039903265 0.28935185185185186 0.02962515114873035 0.10833333333333334
0 0.6668681983071342 0.30648148148148147 0.030229746070133012 0.10740740740740741
0 0.7001209189842805 0.30787037037037035 0.04353083434099154 0.13796296296296295
0 0.8137847642079806 0.34953703703703703 0.03990326481257558 0.13240740740740742
0 0.8494558645707376 0.3537037037037037 0.03385731559854897 0.12407407407407407
0 0.7826481257557436 0.4847222222222222 0.04897218863361548 0.15092592592592594
0 0.20918984280532044 0.2708333333333333 0.037484885126964934 0.13796296296296295
0 0.25181378476420796 0.26157407407407407 0.039298669891172915 0.125
0 0.26874244256348245 0.30972222222222223 0.03688029020556227 0.14907407407407408
0 0.23035066505441354 0.31527777777777777 0.04232164449818621 0.13240740740740742
0 0.13724304715840388 0.38564814814814813 0.03990326481257558 0.15648148148148147
0 0.15598548972188633 0.4013888888888889 0.03869407496977025 0.14907407407407408
0 0.17714631197097944 0.42685185185185187 0.03143893591293833 0.0962962962962963
0 0.4870012091898428 0.6023148148148149 0.044135429262394194 0.16574074074074074
0 0.15719467956469166 0.19074074074074074 0.03385731559854897 0.12407407407407407
0 0.08252720677146312 0.18703703703703703 0.042926239419588876 0.11481481481481481
0 0.016324062877871828 0.39305555555555555 0.03143893591293833 0.14722222222222223
0 0.12908101571946795 0.4837962962962963 0.04534461910519952 0.15648148148148147
0 0.20828295042321646 0.6671296296296296 0.04171704957678356 0.16203703703703703
0 0.21251511487303507 0.6310185185185185 0.039298669891172915 0.16574074074074074
0 0.2678355501813785 0.6467592592592593 0.0471584038694075 0.14351851851851852
0 0.4198911729141475 0.8486111111111111 0.04534461910519952 0.14907407407407408
0 0.41777509068923824 0.8208333333333333 0.05441354292623942 0.16018518518518518
0 0.43893591293833134 0.8 0.04232164449818621 0.13518518518518519
0 0.5985489721886336 0.2037037037037037 0.037484885126964934 0.11851851851851852
0 0.20133010882708585 0.8273148148148148 0.06166868198307134 0.1675925925925926
0 0.7642079806529625 0.1648148148148148 0.03506650544135429 0.12962962962962962
0 0.41807738814993956 0.10416666666666667 0.03688029020556227 0.12129629629629629
0 0.3802902055622733 0.17407407407407408 0.037484885126964934 0.1259259259259259
0 0.5825272067714631 0.1712962962962963 0.039298669891172915 0.1574074074074074
0 0.24062877871825877 0.5972222222222222 0.044740024183796856 0.1537037037037037
0 0.24334945586457074 0.5666666666666667 0.03688029020556227 0.14629629629629629
0 0.13603385731559856 0.700462962962963 0.044740024183796856 0.15648148148148147
0 0.2007255139056832 0.5953703703703703 0.04232164449818621 0.14629629629629629
0 0.21311970979443773 0.5412037037037037 0.039298669891172915 0.14907407407407408
0 0.17926239419588874 0.5564814814814815 0.04534461910519952 0.1537037037037037
0 0.5193470374848851 0.5671296296296297 0.03990326481257558 0.16018518518518518
0 0.3954050785973398 0.24305555555555555 0.032648125755743655 0.1287037037037037
0 0.4147521160822249 0.24953703703703703 0.03143893591293833 0.1287037037037037
0 0.5665054413542926 0.5518518518518518 0.036275695284159616 0.1425925925925926
0 0.7091898428053204 0.8949074074074074 0.041112454655380895 0.14351851851851852
0 0.9044740024183797 0.7458333333333333 0.04836759371221282 0.16018518518518518
0 0.6771463119709794 0.874537037037037 0.03990326481257558 0.14537037037037037
0 0.7237001209189843 0.38472222222222224 0.03990326481257558 0.11574074074074074
0 0.7672309552599759 0.38796296296296295 0.04232164449818621 0.13518518518518519
0 0.28174123337363965 0.3837962962962963 0.044740024183796856 0.13796296296296295
0 0.25755743651753327 0.39861111111111114 0.03506650544135429 0.13796296296296295
0 0.4718863361547763 0.9796296296296296 0.039298669891172915 0.04259259259259259
0 0.5272067714631197 0.825925925925926 0.044740024183796856 0.17962962962962964
0 0.4446795646916566 0.8777777777777778 0.047762998790810154 0.15925925925925927
0 0.5371825876662636 0.5930555555555556 0.044135429262394194 0.15833333333333333
0 0.562273276904474 0.8643518518518518 0.05562273276904474 0.17314814814814813
0 0.3270858524788392 0.7759259259259259 0.0471584038694075 0.1648148148148148
0 0.5532043530834341 0.5226851851851851 0.03990326481257558 0.13240740740740742
0 0.5501813784764208 0.6226851851851852 0.041112454655380895 0.15092592592592594
0 0.5003022974607013 0.8685185185185185 0.046553808948004836 0.19074074074074074
0 0.36185006045949214 0.487962962962963 0.03688029020556227 0.12962962962962962
0 0.31499395405078595 0.40879629629629627 0.036275695284159616 0.14907407407407408
0 0.33796856106408707 0.4356481481481482 0.044740024183796856 0.15092592592592594
0 0.3996372430471584 0.774537037037037 0.053204353083434096 0.16574074074074074
0 0.41203143893591293 0.749537037037037 0.044135429262394194 0.1712962962962963
0 0.3642684401451028 0.7407407407407407 0.039298669891172915 0.17407407407407408
0 0.05894800483675937 0.36527777777777776 0.039298669891172915 0.15648148148148147
0 0.0063482466747279325 0.9078703703703703 0.011487303506650543 0.18425925925925926
0 0.004232164449818622 0.22546296296296298 0.007255139056831923 0.12685185185185185
0 0.032345828295042324 0.3638888888888889 0.046553808948004836 0.1425925925925926
0 0.4797460701330109 0.7412037037037037 0.047762998790810154 0.14722222222222223
0 0.02085852478839178 0.9407407407407408 0.04050785973397823 0.12037037037037036
0 0.08192261185006046 0.9361111111111111 0.046553808948004836 0.12777777777777777
0 0.68409915356711 0.7041666666666667 0.05380894800483676 0.14907407407407408
0 0.4718863361547763 0.549074074074074 0.0380894800483676 0.13703703703703704
0 0.46130592503022977 0.524074074074074 0.049576783555018135 0.13518518518518519
0 0.2932285368802902 0.49444444444444446 0.03506650544135429 0.15185185185185185
0 0.26844014510278114 0.736574074074074 0.0471584038694075 0.15462962962962962
0 0.4740024183796856 0.42268518518518516 0.032648125755743655 0.14907407407407408
0 0.4915356711003628 0.3972222222222222 0.03506650544135429 0.14074074074074075
0 0.5063482466747279 0.6370370370370371 0.04050785973397823 0.1574074074074074
0 0.0063482466747279325 0.36157407407407405 0.011487303506650543 0.13240740740740742
0 0.4452841596130592 0.45231481481481484 0.02962515114873035 0.11574074074074074
0 0.4969770253929867 0.46944444444444444 0.032648125755743655 0.11851851851851852
0 0.3092503022974607 0.5064814814814815 0.046553808948004836 0.19814814814814816
0 0.9903264812575574 0.044444444444444446 0.018137847642079808 0.08703703703703704
0 0.9528415961305925 0.047685185185185185 0.036275695284159616 0.09351851851851851
0 0.9788391777509069 0.05185185185185185 0.036275695284159616 0.10185185185185185
0 0.9265417170495768 0.050462962962962966 0.039298669891172915 0.09907407407407408
0 0.9087061668681983 0.05462962962962963 0.03990326481257558 0.10740740740740741
0 0.9842805320435308 0.2898148148148148 0.030229746070133012 0.12407407407407407
0 0.9053808948004837 0.3050925925925926 0.044135429262394194 0.13425925925925927
0 0.6995163240628779 0.04675925925925926 0.03385731559854897 0.09166666666666666
0 0.7781136638452237 0.023148148148148147 0.030229746070133012 0.044444444444444446
0 0.5471584038694075 0.0787037037037037 0.041112454655380895 0.12407407407407407
0 0.6795646916565901 0.08101851851851852 0.02902055622732769 0.12129629629629629
0 0.5761789600967352 0.015277777777777777 0.03143893591293833 0.028703703703703703
0 0.1354292623941959 0.03148148148148148 0.03506650544135429 0.06111111111111111
0 0.10399032648125756 0.03657407407407407 0.037484885126964934 0.0712962962962963
0 0.6819830713422007 0.03796296296296296 0.032648125755743655 0.07407407407407407
0 0.653869407496977 0.03518518518518519 0.03204353083434099 0.06851851851851852
0 0.5114873035066505 0.04212962962962963 0.03506650544135429 0.0824074074074074
0 0.3385731559854897 0.02962962962962963 0.030229746070133012 0.05740740740740741
0 0.3019951632406288 0.016666666666666666 0.02720677146311971 0.03148148148148148
