0 0.09713541666666667 0.39861111111111114 0.0390625 0.19537037037037036
0 0.6049479166666667 0.21203703703703702 0.0296875 0.11851851851851852
0 0.17942708333333332 0.5467592592592593 0.0484375 0.24722222222222223
0 0.2565104166666667 0.562037037037037 0.0703125 0.24444444444444444
0 0.2375 0.48703703703703705 0.046875 0.2351851851851852
0 0.3450520833333333 0.5009259259259259 0.0609375 0.25925925925925924
0 0.41692708333333334 0.36435185185185187 0.04114583333333333 0.18981481481481483
0 0.31536458333333334 0.37592592592592594 0.044270833333333336 0.2074074074074074
0 0.45416666666666666 0.39444444444444443 0.03958333333333333 0.2
0 0.38125 0.425462962962963 0.06041666666666667 0.2324074074074074
0 0.42864583333333334 0.4412037037037037 0.04583333333333333 0.2175925925925926
0 0.8895833333333333 0.41898148148148145 0.05520833333333333 0.18981481481481483
0 0.48854166666666665 0.4046296296296296 0.05 0.20185185185185187
0 0.48020833333333335 0.36666666666666664 0.057291666666666664 0.2037037037037037
0 0.42630208333333336 0.32222222222222224 0.0453125 0.17962962962962964
0 0.7947916666666667 0.3490740740740741 0.04479166666666667 0.18703703703703703
0 0.7575520833333333 0.40185185185185185 0.0578125 0.20185185185185187
0 0.85 0.3592592592592593 0.058333333333333334 0.21666666666666667
0 0.73359375 0.3050925925925926 0.043229166666666666 0.18981481481481483
0 0.6463541666666667 0.350462962962963 0.046875 0.18796296296296297
0 0.7763020833333333 0.4203703703703704 0.06614583333333333 0.22777777777777777
0 0.26145833333333335 0.28194444444444444 0.040625 0.1675925925925926
0 0.48385416666666664 0.24768518518518517 0.034375 0.14907407407407408
0 0.503125 0.25925925925925924 0.03229166666666667 0.12962962962962962
0 0.47552083333333334 0.2490740740740741 0.028125 0.09259259259259259
0 0.5098958333333333 0.2175925925925926 0.03333333333333333 0.1425925925925926
0 0.353125 0.2564814814814815 0.041666666666666664 0.1685185185185185
0 0.4078125 0.2175925925925926 0.030208333333333334 0.14074074074074075
0 0.5494791666666666 0.09305555555555556 0.022916666666666665 0.10462962962962963
0 0.43697916666666664 0.12314814814814815 0.029166666666666667 0.11851851851851852
0 0.4119791666666667 0.12962962962962962 0.025 0.12962962962962962
0 0.3875 0.3212962962962963 0.041666666666666664 0.18703703703703703
0 0.37005208333333334 0.15185185185185185 0.0328125 0.17777777777777778
0 0.4786458333333333 0.15648148148148147 0.030208333333333334 0.13333333333333333
0 0.4239583333333333 0.1648148148148148 0.026041666666666668 0.11296296296296296
0 0.3984375 0.1625 0.036458333333333336 0.13240740740740742
0 0.32864583333333336 0.10555555555555556 0.026041666666666668 0.11296296296296296
0 0.33932291666666664 0.1037037037037037 0.021354166666666667 0.08703703703703704
0 0.39739583333333334 0.10324074074074074 0.026041666666666668 0.1287037037037037
