0 0.21041666666666667 0.8717592592592592 0.071875 0.25277777777777777
0 0.26588541666666665 0.8736111111111111 0.058854166666666666 0.25092592592592594
0 0.2947916666666667 0.8435185185185186 0.051041666666666666 0.22407407407407406
0 0.37109375 0.8319444444444445 0.059895833333333336 0.22685185185185186
0 0.41067708333333336 0.8342592592592593 0.05260416666666667 0.20555555555555555
0 0.7622395833333333 0.7351851851851852 0.050520833333333334 0.2037037037037037
0 0.7723958333333333 0.7282407407407407 0.042708333333333334 0.19907407407407407
0 0.8059895833333334 0.5685185185185185 0.027604166666666666 0.09259259259259259
0 0.82578125 0.7125 0.0421875 0.1824074074074074
0 0.7067708333333333 0.7407407407407407 0.04375 0.19444444444444445
0 0.6315104166666666 0.736574074074074 0.0390625 0.19166666666666668
0 0.7986979166666667 0.6856481481481481 0.04010416666666667 0.16574074074074074
0 0.4401041666666667 0.5449074074074074 0.023958333333333335 0.10092592592592593
0 0.46588541666666666 0.5268518518518519 0.0265625 0.11296296296296296
0 0.4317708333333333 0.5703703703703704 0.026041666666666668 0.12407407407407407
0 0.46380208333333334 0.5587962962962963 0.03177083333333333 0.12314814814814815
0 0.4856770833333333 0.5342592592592592 0.025520833333333333 0.11296296296296296
0 0.5244791666666667 0.5421296296296296 0.029166666666666667 0.12314814814814815
0 0.49296875 0.5587962962962963 0.0296875 0.1287037037037037
0 0.4625 0.6416666666666667 0.0375 0.1685185185185185
0 0.4828125 0.6402777777777777 0.03229166666666667 0.1638888888888889
0 0.51875 0.6421296296296296 0.03229166666666667 0.14722222222222223
0 0.5432291666666667 0.6185185185185185 0.03125 0.13703703703703704
0 0.5747395833333333 0.6138888888888889 0.033854166666666664 0.13518518518518519
0 0.5229166666666667 0.6689814814814815 0.041666666666666664 0.16018518518518518
0 0.5505208333333333 0.6842592592592592 0.027083333333333334 0.12962962962962962
0 0.5755208333333334 0.6949074074074074 0.0375 0.18796296296296297
0 0.5979166666666667 0.7398148148148148 0.040625 0.19814814814814816
0 0.5973958333333333 0.6111111111111112 0.030208333333333334 0.14074074074074075
0 0.6421875 0.6537037037037037 0.03333333333333333 0.1685185185185185
0 0.8325520833333333 0.8685185185185185 0.06302083333333333 0.2037037037037037
0 0.9690104166666667 0.8379629629629629 0.05260416666666667 0.2074074074074074
0 0.6802083333333333 0.4935185185185185 0.026041666666666668 0.09074074074074075
