0 0.7152357920193471 0.9018518518518519 0.06771463119709795 0.17037037037037037
0 0.7636033857315598 0.9467592592592593 0.04353083434099154 0.10833333333333334
0 0.3887545344619105 0.5523148148148148 0.037484885126964934 0.14907407407407408
0 0.2590689238210399 0.3314814814814815 0.042926239419588876 0.14629629629629629
0 0.07920193470374849 0.48333333333333334 0.041112454655380895 0.15
0 0.0782950423216445 0.725462962962963 0.0501813784764208 0.16203703703703703
0 0.12303506650544135 0.3925925925925926 0.039298669891172915 0.14444444444444443
0 0.10278113663845223 0.45925925925925926 0.041112454655380895 0.14629629629629629
0 0.8545949214026602 0.3699074074074074 0.044135429262394194 0.13240740740740742
0 0.8603385731559855 0.3541666666666667 0.041112454655380895 0.1287037037037037
0 0.2796251511487304 0.663425925925926 0.044135429262394194 0.16574074074074074
0 0.31650544135429265 0.6388888888888888 0.04171704957678356 0.1648148148148148
0 0.3824062877871826 0.6407407407407407 0.034461910519951636 0.13518518518518519
0 0.725211608222491 0.9574074074074074 0.039298669891172915 0.08703703703703704
0 0.5825272067714631 0.9421296296296297 0.046553808948004836 0.11574074074074074
0 0.2327690447400242 0.5791666666666667 0.03385731559854897 0.14537037037037037
0 0.2430471584038694 0.55 0.036275695284159616 0.13148148148148148
0 0.19528415961305925 0.5578703703703703 0.036275695284159616 0.14166666666666666
0 0.20707376058041113 0.5208333333333334 0.044135429262394194 0.14722222222222223
0 0.1677750906892382 0.5351851851851852 0.04171704957678356 0.15185185185185185
0 0.38391777509068925 0.2263888888888889 0.032648125755743655 0.1287037037037037
0 0.40598548972188636 0.23148148148148148 0.03204353083434099 0.13148148148148148
0 0.7149334945586457 0.37592592592592594 0.04534461910519952 0.12037037037037036
0 0.7512091898428053 0.3875 0.04050785973397823 0.13425925925925927
0 0.2717654171704958 0.3731481481481482 0.047762998790810154 0.14074074074074075
0 0.24637243047158403 0.3861111111111111 0.03325272067714631 0.15185185185185185
0 0.9866989117291415 0.7648148148148148 0.02539298669891173 0.13148148148148148
0 0.3688029020556227 0.9666666666666667 0.04353083434099154 0.06851851851851852
0 0.5030229746070133 0.46111111111111114 0.03990326481257558 0.14074074074074075
0 0.3186215235792019 0.7726851851851851 0.049576783555018135 0.1675925925925926
0 0.9610036275695284 0.7837962962962963 0.044135429262394194 0.1527777777777778
0 0.4727932285368803 0.3976851851851852 0.03990326481257558 0.1398148148148148
0 0.3533857315598549 0.47129629629629627 0.035671100362756954 0.12962962962962962
0 0.3518742442563482 0.6657407407407407 0.04836759371221282 0.1648148148148148
0 0.49939540507859737 0.5773148148148148 0.032648125755743655 0.14351851851851852
0 0.3636638452237001 0.6972222222222222 0.03204353083434099 0.1574074074074074
0 0.3811970979443773 0.7273148148148149 0.044135429262394194 0.1712962962962963
0 0.5931076178960096 0.612037037037037 0.04232164449818621 0.1574074074074074
0 0.6302902055622733 0.6370370370370371 0.044135429262394194 0.1648148148148148
0 0.44135429262394194 0.7310185185185185 0.04353083434099154 0.14537037037037037
0 0.6801692865779927 0.7148148148148148 0.05199516324062878 0.14074074074074075
0 0.4658403869407497 0.42685185185185187 0.034461910519951636 0.1425925925925926
0 0.4667472793228537 0.5259259259259259 0.037484885126964934 0.13333333333333333
0 0.4567714631197098 0.4925925925925926 0.04897218863361548 0.10740740740740741
0 0.5051390568319226 0.5412037037037037 0.042926239419588876 0.15648148148148147
0 0.535671100362757 0.5708333333333333 0.04353083434099154 0.15648148148148147
0 0.5151148730350665 0.6175925925925926 0.04232164449818621 0.11666666666666667
0 0.4398428053204353 0.05462962962962963 0.02720677146311971 0.09259259259259259
0 0.407496977025393 0.053703703703703705 0.037484885126964934 0.10555555555555556
0 0.43409915356711004 0.8625 0.053204353083434096 0.175
0 0.7611850060459492 0.6532407407407408 0.05199516324062878 0.15833333333333333
0 0.4528415961305925 0.9152777777777777 0.05078597339782346 0.14351851851851852
0 0.9183796856106409 0.5398148148148149 0.041112454655380895 0.14629629629629629
0 0.7164449818621523 0.6828703703703703 0.04353083434099154 0.16574074074074074
0 0.7542321644498187 0.6921296296296297 0.044135429262394194 0.15462962962962962
0 0.8866384522370012 0.5370370370370371 0.051390568319226115 0.1574074074074074
0 0.8987303506650545 0.725 0.039298669891172915 0.1685185185185185
0 0.7672309552599759 0.7527777777777778 0.04232164449818621 0.17407407407407408
0 0.9655380894800484 0.15555555555555556 0.03385731559854897 0.11666666666666667
0 0.8567110036275696 0.7574074074074074 0.05078597339782346 0.15925925925925927
0 0.9171704957678356 0.7851851851851852 0.045949214026602174 0.1574074074074074
0 0.874546553808948 0.9583333333333334 0.05380894800483676 0.08518518518518518
0 0.8328295042321644 0.9726851851851852 0.047762998790810154 0.05648148148148148
0 0.9262394195888755 0.987037037037037 0.02902055622732769 0.027777777777777776
0 0.6048972188633616 0.7625 0.04050785973397823 0.16018518518518518
0 0.5761789600967352 0.7875 0.03990326481257558 0.1398148148148148
0 0.6517533252720678 0.5444444444444444 0.045949214026602174 0.1537037037037037
0 0.6357315598548973 0.5634259259259259 0.034461910519951636 0.14351851851851852
0 0.4322853688029021 0.5875 0.03506650544135429 0.15092592592592594
0 0.46795646916565903 0.5819444444444445 0.036275695284159616 0.14907407407407408
0 0.2617896009673519 0.6972222222222222 0.0471584038694075 0.17037037037037037
0 0.1405683192261185 0.4888888888888889 0.044135429262394194 0.14444444444444443
0 0.1435912938331318 0.6898148148148148 0.046553808948004836 0.1648148148148148
0 0.5380894800483675 0.6736111111111112 0.04232164449818621 0.16574074074074074
0 0.5671100362756953 0.6865740740740741 0.049576783555018135 0.16018518518518518
0 0.1444981862152358 0.4666666666666667 0.03990326481257558 0.14074074074074075
0 0.22823458282950423 0.21481481481481482 0.034461910519951636 0.12037037037037036
0 0.26058041112454655 0.2023148148148148 0.041112454655380895 0.13796296296296295
0 0.9767230955259976 0.1375 0.03325272067714631 0.12314814814814815
0 0.9422611850060459 0.15138888888888888 0.035671100362756954 0.13240740740740742
0 0.9446795646916566 0.12685185185185185 0.03688029020556227 0.12222222222222222
0 0.9628174123337364 0.5435185185185185 0.047762998790810154 0.14629629629629629
0 0.963422007255139 0.5722222222222222 0.046553808948004836 0.15
0 0.018440145102781136 0.8481481481481481 0.035671100362756954 0.17407407407407408
0 0.598851269649335 0.9685185185185186 0.047762998790810154 0.06111111111111111
0 0.8282950423216445 0.40185185185185185 0.044740024183796856 0.14814814814814814
0 0.8098548972188634 0.399537037037037 0.03688029020556227 0.13796296296296295
0 0.8035066505441354 0.6444444444444445 0.049576783555018135 0.17407407407407408
0 0.24879081015719468 0.6259259259259259 0.044135429262394194 0.13148148148148148
0 0.2714631197097944 0.5912037037037037 0.05441354292623942 0.16018518518518518
0 0.29081015719467956 0.6175925925925926 0.045949214026602174 0.15925925925925927
0 0.1568923821039903 0.425 0.04171704957678356 0.12962962962962962
0 0.02176541717049577 0.4027777777777778 0.04232164449818621 0.14629629629629629
0 0.015417170495767836 0.37962962962962965 0.02962515114873035 0.12777777777777777
0 0.17321644498186214 0.39814814814814814 0.044135429262394194 0.1388888888888889
0 0.2926239419588875 0.287962962962963 0.049576783555018135 0.13333333333333333
0 0.3013905683192261 0.26435185185185184 0.046553808948004836 0.1398148148148148
0 0.13029020556227328 0.5226851851851851 0.03688029020556227 0.14351851851851852
0 0.8833131801692866 0.7972222222222223 0.04836759371221282 0.1537037037037037
0 0.7932285368802902 0.7652777777777777 0.04836759371221282 0.1527777777777778
0 0.8700120918984281 0.6592592592592592 0.044740024183796856 0.1574074074074074
0 0.1124546553808948 0.4888888888888889 0.037484885126964934 0.1648148148148148
0 0.8267835550181378 0.6625 0.04897218863361548 0.15833333333333333
0 0.8473397823458283 0.5254629629629629 0.06590084643288996 0.17685185185185184
0 0.5743651753325272 0.18333333333333332 0.03990326481257558 0.13703703703703704
0 0.5405078597339782 0.19537037037037036 0.03506650544135429 0.14444444444444443
0 0.5142079806529625 0.19675925925925927 0.034461910519951636 0.13796296296296295
0 0.7995767835550182 0.45231481481481484 0.04171704957678356 0.15462962962962962
0 0.7439540507859734 0.45601851851851855 0.05380894800483676 0.14351851851851852
0 0.6665659008464329 0.35833333333333334 0.046553808948004836 0.13703703703703704
0 0.6302902055622733 0.3537037037037037 0.04534461910519952 0.15555555555555556
0 0.6372430471584039 0.4166666666666667 0.04836759371221282 0.14814814814814814
0 0.4743047158403869 0.06851851851851852 0.03325272067714631 0.12037037037037036
0 0.21765417170495768 0.27870370370370373 0.041112454655380895 0.13703703703703704
0 0.3639661426844015 0.19074074074074074 0.03990326481257558 0.14444444444444443
0 0.094316807738815 0.25 0.041112454655380895 0.13518518518518519
0 0.06348246674727932 0.24444444444444444 0.041112454655380895 0.14629629629629629
0 0.02176541717049577 0.49166666666666664 0.04232164449818621 0.1574074074074074
0 0.012696493349455865 0.3194444444444444 0.02418379685610641 0.15
0 0.03536880290205562 0.337037037037037 0.042926239419588876 0.15
0 0.532043530834341 0.2222222222222222 0.0471584038694075 0.14444444444444443
0 0.5646916565900847 0.14351851851851852 0.036275695284159616 0.13148148148148148
0 0.04322853688029021 0.4726851851851852 0.046553808948004836 0.16574074074074074
0 0.24274486094316808 0.1638888888888889 0.03204353083434099 0.11666666666666667
0 0.2551390568319226 0.10324074074074074 0.030229746070133012 0.11574074074074074
0 0.46856106408706166 0.23842592592592593 0.04232164449818621 0.13425925925925927
0 0.06831922611850061 0.43657407407407406 0.036275695284159616 0.14351851851851852
0 0.06408706166868199 0.41203703703703703 0.045949214026602174 0.1574074074074074
0 0.6033857315598549 0.42824074074074076 0.03506650544135429 0.11574074074074074
0 0.5522974607013301 0.3537037037037037 0.03204353083434099 0.11851851851851852
0 0.526602176541717 0.3449074074074074 0.03990326481257558 0.14351851851851852
0 0.28597339782345826 0.12129629629629629 0.02902055622732769 0.1259259259259259
0 0.4779322853688029 0.3398148148148148 0.04171704957678356 0.13148148148148148
0 0.5241837968561064 0.3175925925925926 0.041112454655380895 0.14074074074074075
0 0.2028415961305925 0.3425925925925926 0.044135429262394194 0.15
0 0.18137847642079807 0.3685185185185185 0.03506650544135429 0.13518518518518519
0 0.14177750906892383 0.37962962962962965 0.03325272067714631 0.1259259259259259
0 0.4528415961305925 0.3439814814814815 0.030229746070133012 0.10092592592592593
0 0.48639661426844016 0.2361111111111111 0.035671100362756954 0.13518518518518519
0 0.1275695284159613 0.7717592592592593 0.05441354292623942 0.1824074074074074
0 0.014207980652962516 0.675 0.02720677146311971 0.15185185185185185
0 0.12636033857315598 0.9462962962962963 0.04353083434099154 0.10925925925925926
0 0.2974607013301088 0.8074074074074075 0.0761789600967352 0.1685185185185185
0 0.21946795646916567 0.8143518518518519 0.060459492140266025 0.1675925925925926
0 0.43893591293833134 0.7898148148148149 0.05562273276904474 0.17037037037037037
0 0.4576783555018138 0.7620370370370371 0.06287787182587666 0.1537037037037037
0 0.9749093107617895 0.5037037037037037 0.044135429262394194 0.15925925925925927
0 0.9138452237001209 0.14074074074074075 0.047762998790810154 0.12962962962962962
0 0.5432285368802902 0.08981481481481482 0.03325272067714631 0.1388888888888889
0 0.5662031438935913 0.09259259259259259 0.0380894800483676 0.13148148148148148
0 0.5619709794437727 0.02546296296296296 0.03325272067714631 0.049074074074074076
0 0.6067110036275696 0.020370370370370372 0.03325272067714631 0.03888888888888889
0 0.16898428053204353 0.18518518518518517 0.034461910519951636 0.1259259259259259
0 0.37061668681983073 0.05324074074074074 0.045949214026602174 0.10462962962962963
0 0.3403869407496977 0.055092592592592596 0.036275695284159616 0.10277777777777777
0 0.18319226118500603 0.09444444444444444 0.03990326481257558 0.1388888888888889
0 0.21614268440145104 0.075 0.04171704957678356 0.13518518518518519
0 0.24848851269649336 0.06759259259259259 0.036275695284159616 0.12777777777777777
0 0.2880894800483676 0.022222222222222223 0.0380894800483676 0.04259259259259259
0 0.14026602176541716 0.18981481481481483 0.03143893591293833 0.12777777777777777
0 0.9860943168077388 0.23055555555555557 0.026602176541717048 0.14814814814814814
0 0.30985489721886333 0.175 0.03688029020556227 0.14444444444444443
0 0.05955259975816203 0.19166666666666668 0.0380894800483676 0.1388888888888889
0 0.0752720677146312 0.20092592592592592 0.03325272067714631 0.13333333333333333
0 0.09552599758162031 0.21435185185185185 0.041112454655380895 0.13796296296296295
0 0.1185006045949214 0.18888888888888888 0.03506650544135429 0.1388888888888889
0 0.030229746070133012 0.1648148148148148 0.036275695284159616 0.12777777777777777
0 0.1587061668681983 0.03333333333333333 0.039298669891172915 0.06481481481481481
0 0.03839177750906892 0.08009259259259259 0.0380894800483676 0.13425925925925927
0 0.11577992744860943 0.03611111111111111 0.03325272067714631 0.07037037037037037
0 0.07285368802902055 0.03981481481481482 0.04050785973397823 0.07777777777777778
0 0.21553808948004838 0.015277777777777777 0.039298669891172915 0.028703703703703703
0 0.8811970979443773 0.13703703703703704 0.042926239419588876 0.12962962962962962
0 0.9770253929866989 0.08055555555555556 0.036275695284159616 0.11666666666666667
0 0.9032648125755743 0.04212962962962963 0.03869407496977025 0.0824074074074074
0 0.9900241837968561 0.1925925925925926 0.018742442563482467 0.12037037037037036
0 0.012998790810157194 0.1675925925925926 0.024788391777509067 0.13518518518518519
0 0.9534461910519951 0.037037037037037035 0.03506650544135429 0.07222222222222222
0 0.014207980652962516 0.14675925925925926 0.02720677146311971 0.1398148148148148
0 0.04050785973397823 0.13518518518518519 0.030229746070133012 0.11481481481481481
0 0.18984280532043532 0.03796296296296296 0.03990326481257558 0.07407407407407407
0 0.944074969770254 0.056018518518518516 0.034461910519951636 0.10462962962962963
0 0.9857920193470375 0.053703703703703705 0.02599758162031439 0.10185185185185185
0 0.9117291414752116 0.09583333333333334 0.03869407496977025 0.12685185185185185
0 0.16928657799274485 0.06851851851851852 0.03143893591293833 0.12037037037037036
0 0.2351874244256348 0.25 0.041112454655380895 0.1425925925925926
0 0.3032043530834341 0.20972222222222223 0.0380894800483676 0.1398148148148148
