0 0.08489583333333334 0.4740740740740741 0.040625 0.19074074074074074
0 0.7591145833333334 0.38287037037037036 0.04010416666666667 0.16944444444444445
0 0.07864583333333333 0.7888888888888889 0.058333333333333334 0.29259259259259257
0 0.16510416666666666 0.8171296296296297 0.09166666666666666 0.2953703703703704
0 0.1703125 0.6986111111111111 0.05520833333333333 0.27314814814814814
0 0.27291666666666664 0.7587962962962963 0.071875 0.3212962962962963
0 0.64375 0.4962962962962963 0.05520833333333333 0.20555555555555555
0 0.2838541666666667 0.5467592592592593 0.053125 0.21574074074074073
0 0.41692708333333334 0.5893518518518519 0.043229166666666666 0.23796296296296296
0 0.2872395833333333 0.6236111111111111 0.06614583333333333 0.2675925925925926
0 0.3341145833333333 0.6402777777777777 0.04739583333333333 0.2490740740740741
0 0.7739583333333333 0.525 0.058333333333333334 0.2074074074074074
0 0.7106770833333333 0.475 0.05677083333333333 0.2037037037037037
0 0.37552083333333336 0.4981481481481482 0.053125 0.2222222222222222
0 0.8872395833333333 0.44212962962962965 0.0546875 0.20462962962962963
0 0.25885416666666666 0.4199074074074074 0.04479166666666667 0.1935185185185185
0 0.5489583333333333 0.387037037037037 0.03854166666666667 0.17222222222222222
0 0.571875 0.3962962962962963 0.030208333333333334 0.1425925925925926
0 0.5036458333333333 0.3763888888888889 0.035416666666666666 0.10833333333333334
0 0.5346354166666667 0.34629629629629627 0.04010416666666667 0.15
0 0.35885416666666664 0.3597222222222222 0.042708333333333334 0.1712962962962963
0 0.47994791666666664 0.36435185185185187 0.0359375 0.1712962962962963
0 0.5638020833333334 0.1597222222222222 0.0234375 0.10462962962962963
0 0.4869791666666667 0.23564814814814813 0.029166666666666667 0.11944444444444445
0 0.4479166666666667 0.23981481481481481 0.028125 0.12962962962962962
0 0.3260416666666667 0.49166666666666664 0.051041666666666666 0.22777777777777777
0 0.39088541666666665 0.2796296296296296 0.04010416666666667 0.1962962962962963
0 0.5127604166666667 0.27870370370370373 0.03177083333333333 0.15
0 0.42135416666666664 0.28379629629629627 0.026041666666666668 0.1175925925925926
0 0.3697916666666667 0.28935185185185186 0.021875 0.09351851851851851
0 0.29192708333333334 0.26157407407407407 0.0328125 0.13796296296296295
0 0.415625 0.21064814814814814 0.029166666666666667 0.11388888888888889
0 0.37057291666666664 0.1814814814814815 0.034895833333333334 0.12407407407407407
0 0.5044270833333333 0.2 0.027604166666666666 0.12407407407407407
