0 0.28203125 0.7 0.0546875 0.2074074074074074
0 0.3421875 0.6976851851851852 0.051041666666666666 0.2175925925925926
0 0.40703125 0.687962962962963 0.0359375 0.18888888888888888
0 0.23072916666666668 0.9287037037037037 0.07395833333333333 0.14444444444444443
0 0.31640625 0.9342592592592592 0.0546875 0.13333333333333333
0 0.5442708333333334 0.6291666666666667 0.041666666666666664 0.18425925925925926
0 0.5653645833333333 0.6291666666666667 0.033854166666666664 0.18425925925925926
0 0.7916666666666666 0.5236111111111111 0.026041666666666668 0.09351851851851851
0 0.62421875 0.6504629629629629 0.03802083333333333 0.18055555555555555
0 0.7348958333333333 0.837037037037037 0.04583333333333333 0.24074074074074073
0 0.6846354166666667 0.8347222222222223 0.05572916666666667 0.24351851851851852
0 0.45651041666666664 0.5592592592592592 0.0234375 0.11296296296296296
0 0.48411458333333335 0.5444444444444444 0.030729166666666665 0.14444444444444443
0 0.4440104166666667 0.5898148148148148 0.0296875 0.1388888888888889
0 0.5294270833333333 0.5736111111111111 0.0296875 0.14351851851851852
0 0.5083333333333333 0.549074074074074 0.026041666666666668 0.13518518518518519
0 0.5338541666666666 0.5481481481481482 0.029166666666666667 0.14074074074074075
0 0.55625 0.5680555555555555 0.03333333333333333 0.13055555555555556
0 0.6278645833333333 0.6990740740740741 0.050520833333333334 0.2037037037037037
0 0.5705729166666667 0.662962962962963 0.033854166666666664 0.17592592592592593
0 0.7580729166666667 0.711574074074074 0.0609375 0.18425925925925926
0 0.7752604166666667 0.7240740740740741 0.033854166666666664 0.14074074074074075
0 0.8669270833333333 0.7143518518518519 0.0609375 0.19907407407407407
0 0.62265625 0.8379629629629629 0.0515625 0.25555555555555554
0 0.7859375 0.6421296296296296 0.040625 0.1712962962962963
0 0.8515625 0.6898148148148148 0.04583333333333333 0.1925925925925926
0 0.9411458333333333 0.7245370370370371 0.058333333333333334 0.17685185185185184
0 0.05677083333333333 0.899074074074074 0.057291666666666664 0.2
0 0.10390625 0.9148148148148149 0.0546875 0.17222222222222222
0 0.04739583333333333 0.9671296296296297 0.05416666666666667 0.06574074074074074
0 0.28515625 0.8180555555555555 0.05677083333333333 0.20462962962962963
0 0.44427083333333334 0.8273148148148148 0.06770833333333333 0.22314814814814815
0 0.7544270833333333 0.763425925925926 0.0578125 0.2101851851851852
0 0.94765625 0.7564814814814815 0.05677083333333333 0.20185185185185187
0 0.8440104166666667 0.7523148148148148 0.05677083333333333 0.2064814814814815
0 0.878125 0.7453703703703703 0.04375 0.17592592592592593
0 0.9731770833333333 0.7875 0.0359375 0.14166666666666666
0 0.5078125 0.5032407407407408 0.03125 0.10648148148148148
0 0.4796875 0.4949074074074074 0.03229166666666667 0.12314814814814815
0 0.4083333333333333 0.4912037037037037 0.03125 0.125
0 0.8322916666666667 0.5592592592592592 0.03125 0.14074074074074075
0 0.42604166666666665 0.48703703703703705 0.026041666666666668 0.09074074074074075
0 0.75234375 0.44166666666666665 0.027604166666666666 0.08703703703703704
