0 0.13810741687979539 0.29715909090909093 0.03580562659846547 0.11477272727272728
0 0.09462915601023018 0.29659090909090907 0.03580562659846547 0.12045454545454545
0 0.011082693947144074 0.9323863636363636 0.020460358056265986 0.13522727272727272
0 0.571611253196931 0.3431818181818182 0.04688832054560955 0.125
0 0.5063938618925832 0.1 0.028985507246376812 0.09318181818181819
0 0.8154305200341005 0.2852272727272727 0.03836317135549872 0.1159090909090909
0 0.7199488491048593 0.2681818181818182 0.03324808184143223 0.10681818181818181
0 0.7225063938618926 0.28806818181818183 0.03324808184143223 0.11477272727272728
0 0.7566069906223359 0.275 0.03665814151747655 0.1159090909090909
0 0.7757885763000852 0.28125 0.03751065643648764 0.11022727272727273
0 0.7527706734867861 0.3085227272727273 0.03751065643648764 0.1125
0 0.7263427109974424 0.45625 0.04603580562659847 0.11931818181818182
0 0.855072463768116 0.4681818181818182 0.04603580562659847 0.1159090909090909
0 0.5537084398976982 0.5943181818181819 0.03495311167945439 0.12727272727272726
0 0.20375106564364875 0.0125 0.023870417732310314 0.022727272727272728
0 0.27365728900255754 0.013636363636363636 0.02557544757033248 0.025
0 0.4884910485933504 0.033522727272727273 0.03751065643648764 0.06477272727272727
0 0.40238704177323104 0.025 0.028985507246376812 0.04772727272727273
0 0.37595907928388744 0.023295454545454546 0.02557544757033248 0.04431818181818182
0 0.4373401534526854 0.03068181818181818 0.03239556692242114 0.05909090909090909
0 0.4556692242114237 0.03125 0.0247229326513214 0.05113636363636364
0 0.5822676896845694 0.4011363636363636 0.042625745950554135 0.12045454545454545
0 0.5775788576300085 0.6789772727272727 0.041773231031543054 0.13295454545454546
0 0.2391304347826087 0.19886363636363635 0.03495311167945439 0.10454545454545454
0 0.4215686274509804 0.1318181818181818 0.03324808184143223 0.10681818181818181
0 0.25404944586530265 0.43977272727272726 0.03751065643648764 0.1340909090909091
0 0.76768968456948 0.36818181818181817 0.03324808184143223 0.10681818181818181
0 0.9765558397271952 0.9346590909090909 0.041773231031543054 0.13295454545454546
0 0.2237851662404092 0.9715909090909091 0.05200341005967604 0.056818181818181816
0 0.12958226768968456 0.9403409090909091 0.0494458653026428 0.1215909090909091
0 0.16709292412617222 0.9414772727272728 0.0443307757885763 0.11704545454545455
0 0.43691389599317987 0.3079545454545455 0.03324808184143223 0.09318181818181819
0 0.42327365728900257 0.3085227272727273 0.040068201193520885 0.10113636363636364
0 0.31628303495311166 0.23977272727272728 0.03580562659846547 0.10909090909090909
0 0.0733162830349531 0.36079545454545453 0.042625745950554135 0.12840909090909092
0 0.8687127024722933 0.9551136363636363 0.04774083546462063 0.08977272727272727
0 0.8137254901960784 0.5079545454545454 0.041773231031543054 0.12954545454545455
0 0.907928388746803 0.6284090909090909 0.056265984654731455 0.12954545454545455
0 0.8444160272804774 0.6545454545454545 0.04688832054560955 0.1431818181818182
0 0.809462915601023 0.36875 0.03836317135549872 0.11477272727272728
0 0.8793691389599319 0.9329545454545455 0.043478260869565216 0.1318181818181818
0 0.6534526854219949 0.8880681818181818 0.05200341005967604 0.14886363636363636
0 0.6986359761295823 0.8784090909090909 0.05200341005967604 0.175
0 0.953537936913896 0.8727272727272727 0.04688832054560955 0.18181818181818182
0 0.9164535379369139 0.9329545454545455 0.04092071611253197 0.125
0 0.5234441602728048 0.5022727272727273 0.03239556692242114 0.12045454545454545
0 0.34612105711849955 0.33693181818181817 0.0392156862745098 0.10795454545454546
0 0.39300937766410915 0.3068181818181818 0.028985507246376812 0.10227272727272728
0 0.8444160272804774 0.8267045454545454 0.04859335038363171 0.13977272727272727
0 0.8000852514919011 0.8829545454545454 0.060528559249786874 0.17045454545454544
0 0.9825234441602728 0.83125 0.03665814151747655 0.1625
0 0.5127877237851662 0.9670454545454545 0.045183290707587385 0.0659090909090909
0 0.912617220801364 0.8579545454545454 0.05541346973572037 0.1431818181818182
0 0.5549872122762148 0.5289772727272727 0.042625745950554135 0.13295454545454546
0 0.02557544757033248 0.060227272727272727 0.030690537084398978 0.09318181818181819
0 0.11977834612105712 0.04715909090909091 0.03154305200341006 0.08068181818181819
0 0.19437340153452684 0.09318181818181819 0.028985507246376812 0.08181818181818182
0 0.06820119352088662 0.9443181818181818 0.05456095481670929 0.11136363636363636
0 0.5788576300085252 0.9568181818181818 0.05115089514066496 0.08863636363636364
0 0.7715260017050298 0.94375 0.0443307757885763 0.1125
0 0.6312872975277067 0.959659090909091 0.04688832054560955 0.08295454545454546
0 0.7791986359761296 0.5045454545454545 0.042625745950554135 0.1340909090909091
0 0.15814151747655583 0.3795454545454545 0.03665814151747655 0.10909090909090909
0 0.19138959931798807 0.3784090909090909 0.03665814151747655 0.1159090909090909
0 0.514919011082694 0.42102272727272727 0.03751065643648764 0.12386363636363637
0 0.5439045183290707 0.42613636363636365 0.0392156862745098 0.10909090909090909
0 0.08482523444160273 0.22670454545454546 0.029838022165387893 0.09886363636363636
0 0.17263427109974425 0.18863636363636363 0.029838022165387893 0.08863636363636364
0 0.20076726342711 0.18409090909090908 0.03154305200341006 0.1
0 0.3653026427962489 0.18409090909090908 0.040068201193520885 0.10454545454545454
0 0.40153452685422 0.13068181818181818 0.023870417732310314 0.09090909090909091
0 0.32310315430520037 0.11477272727272728 0.023870417732310314 0.075
0 0.216538789428815 0.09090909090909091 0.03239556692242114 0.09772727272727273
0 0.24509803921568626 0.09602272727272727 0.026427962489343565 0.08295454545454546
0 0.47271952259164535 0.125 0.029838022165387893 0.09318181818181819
0 0.5025575447570333 0.13068181818181818 0.028132992327365727 0.08863636363636364
0 0.8836317135549873 0.14375 0.03495311167945439 0.10340909090909091
0 0.22037510656436488 0.02727272727272727 0.03324808184143223 0.05227272727272727
0 0.23955669224211423 0.01534090909090909 0.030690537084398978 0.028409090909090908
0 0.29923273657289 0.09829545454545455 0.028985507246376812 0.0875
0 0.3069053708439898 0.11477272727272728 0.023870417732310314 0.06136363636363636
0 0.7527706734867861 0.5522727272727272 0.04774083546462063 0.13863636363636364
0 0.8201193520886616 0.575 0.042625745950554135 0.1340909090909091
0 0.7097186700767263 0.665340909090909 0.041773231031543054 0.13977272727272727
0 0.7404092071611253 0.6590909090909091 0.04688832054560955 0.15227272727272728
0 0.45652173913043476 0.725 0.04688832054560955 0.14772727272727273
0 0.7225063938618926 0.6034090909090909 0.03836317135549872 0.125
0 0.6832907075873828 0.6596590909090909 0.041773231031543054 0.12840909090909092
0 0.789002557544757 0.5909090909090909 0.03665814151747655 0.1340909090909091
0 0.3755328218243819 0.2875 0.03495311167945439 0.10227272727272728
0 0.3512361466325661 0.2761363636363636 0.03580562659846547 0.12045454545454545
0 0.8337595907928389 0.04431818181818182 0.03239556692242114 0.08636363636363636
0 0.7421142369991475 0.38238636363636364 0.03324808184143223 0.07613636363636364
0 0.7561807331628303 0.6170454545454546 0.042625745950554135 0.14772727272727273
0 0.21994884910485935 0.05909090909090909 0.028985507246376812 0.08409090909090909
0 0.051577152600170505 0.6732954545454546 0.041773231031543054 0.14204545454545456
0 0.592924126172208 0.8909090909090909 0.05541346973572037 0.16136363636363638
0 0.46504688832054564 0.9397727272727273 0.04688832054560955 0.12045454545454545
0 0.10315430520034101 0.7335227272727273 0.05115089514066496 0.1534090909090909
0 0.46462063086104005 0.46704545454545454 0.0392156862745098 0.1318181818181818
0 0.45439045183290705 0.6488636363636363 0.0443307757885763 0.13863636363636364
0 0.4863597612958227 0.6528409090909091 0.040068201193520885 0.12840909090909092
0 0.28175618073316283 0.44886363636363635 0.043478260869565216 0.11136363636363636
0 0.46334185848252346 0.5948863636363636 0.03665814151747655 0.13068181818181818
0 0.8542199488491049 0.8625 0.04603580562659847 0.15
0 0.37681159420289856 0.33693181818181817 0.03410059676044331 0.11704545454545455
0 0.4505541346973572 0.3477272727272727 0.03836317135549872 0.10681818181818181
0 0.44288150042625746 0.9664772727272727 0.05200341005967604 0.06931818181818182
0 0.27791986359761295 0.8261363636363637 0.05115089514066496 0.15227272727272728
0 0.4019607843137255 0.6346590909090909 0.045183290707587385 0.13522727272727272
0 0.6734867860187553 0.9835227272727273 0.03580562659846547 0.035227272727272725
0 0.32864450127877237 0.8340909090909091 0.041773231031543054 0.16590909090909092
0 0.42668371696504687 0.75625 0.043478260869565216 0.12386363636363637
0 0.09505541346973571 0.8517045454545454 0.05200341005967604 0.15568181818181817
0 0.31202046035805625 0.665340909090909 0.0392156862745098 0.13068181818181818
0 0.3610400682011935 0.6710227272727273 0.05029838022165388 0.15113636363636362
0 0.3938618925831202 0.8153409090909091 0.05115089514066496 0.15795454545454546
0 0.3900255754475703 0.7596590909090909 0.04688832054560955 0.13977272727272727
0 0.3670076726342711 0.6204545454545455 0.05029838022165388 0.1340909090909091
0 0.39258312020460356 0.6857954545454545 0.045183290707587385 0.14659090909090908
0 0.014492753623188406 0.8369318181818182 0.027280477408354646 0.15113636363636362
0 0.5080988917306053 0.6 0.04603580562659847 0.12954545454545455
0 0.8380221653878943 0.696590909090909 0.03751065643648764 0.12954545454545455
0 0.8111679454390451 0.6886363636363636 0.04859335038363171 0.14545454545454545
0 0.9735720375106565 0.9693181818181819 0.05285592497868713 0.06363636363636363
0 0.7280477408354646 0.9823863636363637 0.03580562659846547 0.035227272727272725
0 0.3998294970161978 0.4954545454545455 0.042625745950554135 0.1159090909090909
