0 0.05839727195225917 0.75 0.045183290707587385 0.15227272727272728
0 0.05754475703324808 0.8085227272727272 0.05200341005967604 0.15568181818181817
0 0.14151747655583974 0.7676136363636363 0.03751065643648764 0.14204545454545456
0 0.618073316283035 0.9647727272727272 0.05115089514066496 0.07272727272727272
0 0.6734867860187553 0.8664772727272727 0.0443307757885763 0.15113636363636362
0 0.44671781756180734 0.8511363636363637 0.04603580562659847 0.15
0 0.48508098891730606 0.8443181818181819 0.04603580562659847 0.15227272727272728
0 0.34185848252344414 0.7210227272727273 0.042625745950554135 0.14204545454545456
0 0.30477408354646207 0.6897727272727273 0.04859335038363171 0.13863636363636364
0 0.2753623188405797 0.7227272727272728 0.05115089514066496 0.1318181818181818
0 0.014919011082693947 0.7352272727272727 0.028132992327365727 0.13863636363636364
0 0.4676044330775789 0.7153409090909091 0.03836317135549872 0.15113636363636362
0 0.5038363171355499 0.7215909090909091 0.04603580562659847 0.15227272727272728
0 0.4057971014492754 0.8931818181818182 0.0443307757885763 0.14772727272727273
0 0.38107416879795397 0.5659090909090909 0.0392156862745098 0.1340909090909091
0 0.13853367433930094 0.55 0.03665814151747655 0.12954545454545455
0 0.1679454390451833 0.5630681818181819 0.04603580562659847 0.12840909090909092
0 0.7472293265132139 0.5948863636363636 0.045183290707587385 0.15113636363636362
0 0.7152600170502984 0.8784090909090909 0.0443307757885763 0.14545454545454545
0 0.3435635123614663 0.50625 0.03751065643648764 0.12840909090909092
0 0.30008525149190113 0.5022727272727273 0.042625745950554135 0.12727272727272726
0 0.08098891730605286 0.48579545454545453 0.03751065643648764 0.1375
0 0.8793691389599319 0.05227272727272727 0.0247229326513214 0.08409090909090909
0 0.8448422847399829 0.8079545454545455 0.05285592497868713 0.1409090909090909
0 0.514919011082694 0.5056818181818182 0.042625745950554135 0.11363636363636363
0 0.4373401534526854 0.5721590909090909 0.0392156862745098 0.13522727272727272
0 0.47698209718670076 0.5801136363636363 0.040068201193520885 0.13522727272727272
0 0.5383631713554987 0.6994318181818182 0.045183290707587385 0.12840909090909092
0 0.31287297527706737 0.06477272727272727 0.030690537084398978 0.1
0 0.8022165387894288 0.38181818181818183 0.042625745950554135 0.10454545454545454
0 0.10528559249786872 0.9892045454545455 0.03495311167945439 0.02159090909090909
0 0.2813299232736573 0.9715909090909091 0.04603580562659847 0.05909090909090909
0 0.20460358056265984 0.9784090909090909 0.0443307757885763 0.045454545454545456
0 0.23572037510656438 0.959659090909091 0.04859335038363171 0.08295454545454546
0 0.14791133844842286 0.9255681818181818 0.041773231031543054 0.14886363636363636
0 0.18329070758738278 0.9301136363636363 0.042625745950554135 0.14204545454545456
0 0.4300937766410912 0.019318181818181818 0.0247229326513214 0.03636363636363636
0 0.4143222506393862 0.02215909090909091 0.028985507246376812 0.042045454545454546
0 0.34995737425404944 0.007954545454545454 0.028132992327365727 0.013636363636363636
0 0.2391304347826087 0.044886363636363634 0.028132992327365727 0.07386363636363637
0 0.80306905370844 0.20397727272727273 0.0392156862745098 0.11477272727272728
0 0.8567774936061381 0.20454545454545456 0.03580562659846547 0.11818181818181818
0 0.8167092924126172 0.21079545454545454 0.03239556692242114 0.11477272727272728
0 0.8273657289002557 0.04659090909090909 0.03495311167945439 0.08863636363636364
0 0.7148337595907929 0.3704545454545455 0.03836317135549872 0.12045454545454545
0 0.5021312872975278 0.27386363636363636 0.03239556692242114 0.11136363636363636
0 0.5447570332480819 0.2676136363636364 0.03751065643648764 0.11477272727272728
0 0.7962489343563512 0.3443181818181818 0.0392156862745098 0.10454545454545454
0 0.7642796248934356 0.3755681818181818 0.03836317135549872 0.11931818181818182
0 0.7672634271099744 0.5329545454545455 0.03751065643648764 0.1318181818181818
0 0.8098891730605285 0.48068181818181815 0.030690537084398978 0.11818181818181818
0 0.7911338448422848 0.5761363636363637 0.03410059676044331 0.10454545454545454
0 0.8435635123614663 0.5721590909090909 0.03836317135549872 0.13068181818181818
0 0.7953964194373402 0.5022727272727273 0.0392156862745098 0.11818181818181818
0 0.5635123614663257 0.38295454545454544 0.04603580562659847 0.12045454545454545
0 0.5336743393009378 0.3926136363636364 0.04092071611253197 0.1215909090909091
0 0.33844842284739984 0.24488636363636362 0.03580562659846547 0.11477272727272728
0 0.49701619778346123 0.09431818181818181 0.027280477408354646 0.08636363636363636
0 0.2855924978687127 0.01534090909090909 0.023870417732310314 0.028409090909090908
0 0.3614663256606991 0.02784090909090909 0.02557544757033248 0.053409090909090906
0 0.8201193520886616 0.2903409090909091 0.0392156862745098 0.10340909090909091
0 0.8303495311167945 0.6193181818181818 0.02557544757033248 0.10454545454545454
0 0.25404944586530265 0.036931818181818184 0.027280477408354646 0.0715909090909091
0 0.7156862745098039 0.2767045454545455 0.04859335038363171 0.11477272727272728
0 0.8209718670076727 0.3431818181818182 0.042625745950554135 0.125
0 0.556692242114237 0.3380681818181818 0.03410059676044331 0.10795454545454546
0 0.8069053708439897 0.29772727272727273 0.040068201193520885 0.10227272727272728
0 0.7715260017050298 0.47897727272727275 0.04092071611253197 0.11477272727272728
0 0.5225916453537937 0.09772727272727273 0.03239556692242114 0.09318181818181819
0 0.5601023017902813 0.5034090909090909 0.03751065643648764 0.1318181818181818
0 0.5805626598465473 0.33125 0.0392156862745098 0.11931818181818182
0 0.5677749360613811 0.03636363636363636 0.028985507246376812 0.07045454545454545
0 0.5822676896845694 0.04772727272727273 0.023870417732310314 0.09318181818181819
0 0.05413469735720375 0.9829545454545454 0.026427962489343565 0.03636363636363636
0 0.7791986359761296 0.96875 0.0392156862745098 0.0625
0 0.8277919863597613 0.9517045454545454 0.05115089514066496 0.09886363636363636
0 0.8687127024722933 0.9346590909090909 0.04092071611253197 0.13295454545454546
0 0.6095481670929241 0.8079545454545455 0.0443307757885763 0.15454545454545454
0 0.6526001705029838 0.8017045454545455 0.045183290707587385 0.15795454545454546
0 0.7843137254901961 0.7130681818181818 0.0494458653026428 0.15568181818181817
0 0.8069053708439897 0.6153409090909091 0.045183290707587385 0.15568181818181817
0 0.8610400682011935 0.6278409090909091 0.03751065643648764 0.12840909090909092
0 0.7416879795396419 0.5034090909090909 0.042625745950554135 0.1159090909090909
0 0.25404944586530265 0.15397727272727274 0.030690537084398978 0.10113636363636364
0 0.48508098891730606 0.3465909090909091 0.042625745950554135 0.11818181818181818
0 0.24978687127024723 0.3875 0.03239556692242114 0.10454545454545454
0 0.27450980392156865 0.38125 0.03410059676044331 0.11477272727272728
0 0.2971014492753623 0.4 0.03495311167945439 0.09090909090909091
0 0.3030690537084399 0.24488636363636362 0.03495311167945439 0.11477272727272728
0 0.44075021312872975 0.3215909090909091 0.03580562659846547 0.11136363636363636
0 0.3188405797101449 0.13295454545454546 0.03410059676044331 0.10454545454545454
0 0.19352088661551578 0.053409090909090906 0.027280477408354646 0.08863636363636364
0 0.2911338448422847 0.21647727272727274 0.029838022165387893 0.0875
0 0.546462063086104 0.031818181818181815 0.03239556692242114 0.06136363636363636
0 0.44671781756180734 0.09147727272727273 0.030690537084398978 0.09431818181818181
0 0.4744245524296675 0.1 0.03154305200341006 0.08636363636363636
0 0.21568627450980393 0.03977272727272727 0.028985507246376812 0.07727272727272727
0 0.3333333333333333 0.07897727272727273 0.030690537084398978 0.0875
0 0.49914748508098894 0.11988636363636364 0.03154305200341006 0.10113636363636364
0 0.7723785166240409 0.2857954545454545 0.042625745950554135 0.1215909090909091
0 0.3878942881500426 0.029545454545454545 0.027280477408354646 0.056818181818181816
0 0.46845694799658993 0.030113636363636363 0.028132992327365727 0.05795454545454545
0 0.5225916453537937 0.3397727272727273 0.03751065643648764 0.10454545454545454
0 0.26854219948849106 0.017613636363636363 0.023870417732310314 0.03295454545454545
0 0.08567774936061381 0.9034090909090909 0.045183290707587385 0.1431818181818182
0 0.5191815856777494 0.9329545454545455 0.04092071611253197 0.1318181818181818
0 0.5618073316283035 0.9443181818181818 0.0392156862745098 0.10909090909090909
0 0.7728047740835464 0.8818181818181818 0.05200341005967604 0.1590909090909091
0 0.24467178175618073 0.6596590909090909 0.04092071611253197 0.1375
0 0.8047740835464621 0.8147727272727273 0.04092071611253197 0.16818181818181818
0 0.90153452685422 0.83125 0.041773231031543054 0.1625
0 0.9309462915601023 0.8085227272727272 0.042625745950554135 0.16477272727272727
0 0.9173060528559249 0.7613636363636364 0.04774083546462063 0.15454545454545454
0 0.8678601875532822 0.5193181818181818 0.0392156862745098 0.12272727272727273
0 0.5609548167092924 0.21818181818181817 0.03239556692242114 0.09772727272727273
0 0.13853367433930094 0.024431818181818183 0.03154305200341006 0.04659090909090909
0 0.014492753623188406 0.5744318181818182 0.027280477408354646 0.12386363636363637
0 0.03111679454390452 0.5107954545454545 0.041773231031543054 0.11477272727272728
0 0.5703324808184144 0.6818181818181818 0.04092071611253197 0.1409090909090909
0 0.07757885763000852 0.31988636363636364 0.03751065643648764 0.12613636363636363
0 0.226768968456948 0.5386363636363637 0.0392156862745098 0.1431818181818182
0 0.5110826939471441 0.5357954545454545 0.03324808184143223 0.12386363636363637
0 0.44501278772378516 0.41761363636363635 0.03580562659846547 0.11477272727272728
0 0.3333333333333333 0.3119318181818182 0.03410059676044331 0.11477272727272728
0 0.06479113384484228 0.4022727272727273 0.0443307757885763 0.12272727272727273
0 0.010230179028132993 0.5170454545454546 0.01875532821824382 0.125
0 0.09633418584825235 0.34488636363636366 0.042625745950554135 0.11704545454545455
0 0.2770673486786019 0.571590909090909 0.042625745950554135 0.13863636363636364
0 0.13213981244671782 0.3380681818181818 0.0392156862745098 0.11704545454545455
0 0.4578005115089514 0.18011363636363636 0.030690537084398978 0.09431818181818181
0 0.4560954816709292 0.5028409090909091 0.03580562659846547 0.1215909090909091
0 0.41815856777493604 0.4119318181818182 0.03836317135549872 0.12840909090909092
0 0.2246376811594203 0.044886363636363634 0.0247229326513214 0.07386363636363637
0 0.46035805626598464 0.38920454545454547 0.03580562659846547 0.1215909090909091
0 0.5404944586530265 0.4471590909090909 0.04092071611253197 0.13522727272727272
0 0.3631713554987212 0.31136363636363634 0.03239556692242114 0.12045454545454545
0 0.16879795396419436 0.2034090909090909 0.04092071611253197 0.09772727272727273
0 0.4215686274509804 0.2625 0.03324808184143223 0.09772727272727273
0 0.18499573742540495 0.31875 0.03751065643648764 0.11477272727272728
0 0.34271099744245526 0.26420454545454547 0.03580562659846547 0.1215909090909091
0 0.3597612958226769 0.18579545454545454 0.03239556692242114 0.10340909090909091
0 0.38704177323103156 0.18522727272727274 0.03239556692242114 0.11136363636363636
0 0.46845694799658993 0.23977272727272728 0.03836317135549872 0.11818181818181818
0 0.40068201193520886 0.25681818181818183 0.03410059676044331 0.10681818181818181
0 0.4356351236146633 0.1715909090909091 0.030690537084398978 0.1
0 0.4113384484228474 0.18920454545454546 0.03154305200341006 0.10340909090909091
0 0.32011935208866155 0.16988636363636364 0.03495311167945439 0.11477272727272728
0 0.5277067348678602 0.12556818181818183 0.03239556692242114 0.10113636363636364
0 0.7604433077578857 0.3176136363636364 0.03580562659846547 0.11022727272727273
0 0.8815004262574595 0.21647727272727274 0.030690537084398978 0.10795454545454546
0 0.8516624040920716 0.4068181818181818 0.042625745950554135 0.11818181818181818
0 0.8567774936061381 0.21420454545454545 0.03580562659846547 0.10795454545454546
0 0.8448422847399829 0.39147727272727273 0.042625745950554135 0.12386363636363637
0 0.8124467178175618 0.40397727272727274 0.0392156862745098 0.1215909090909091
0 0.7604433077578857 0.8255681818181818 0.05285592497868713 0.15568181818181817
0 0.09548167092924126 0.4278409090909091 0.04603580562659847 0.12840909090909092
0 0.4859335038363171 0.39488636363636365 0.03239556692242114 0.1215909090909091
0 0.37851662404092073 0.4954545454545455 0.0443307757885763 0.12045454545454545
0 0.6734867860187553 0.9659090909090909 0.05115089514066496 0.07045454545454545
0 0.4978687127024723 0.3840909090909091 0.030690537084398978 0.10454545454545454
0 0.4279624893435635 0.48011363636363635 0.03751065643648764 0.12840909090909092
0 0.43648763853367434 0.1340909090909091 0.02557544757033248 0.08636363636363636
