0 0.0501813784764208 0.2050925925925926 0.036275695284159616 0.11574074074074074
0 0.07496977025392987 0.2013888888888889 0.04232164449818621 0.1361111111111111
0 0.09401451027811367 0.17083333333333334 0.03688029020556227 0.13240740740740742
0 0.13633615477629987 0.1685185185185185 0.04171704957678356 0.1259259259259259
0 0.18742442563482467 0.1476851851851852 0.041112454655380895 0.14166666666666666
0 0.08101571946795647 0.028703703703703703 0.032648125755743655 0.05555555555555555
0 0.25151148730350664 0.07083333333333333 0.03385731559854897 0.13425925925925927
0 0.20012091898428053 0.04583333333333333 0.03385731559854897 0.08981481481481482
0 0.2209794437726723 0.03611111111111111 0.034461910519951636 0.07037037037037037
0 0.16021765417170497 0.022685185185185187 0.032648125755743655 0.04351851851851852
0 0.5039298669891172 0.24351851851851852 0.03204353083434099 0.12037037037037036
0 0.3694074969770254 0.07037037037037037 0.032648125755743655 0.11851851851851852
0 0.280229746070133 0.24212962962962964 0.035671100362756954 0.13425925925925927
0 0.46644498186215233 0.2212962962962963 0.04171704957678356 0.13333333333333333
0 0.469770253929867 0.12916666666666668 0.032648125755743655 0.11574074074074074
0 0.4313784764207981 0.12037037037037036 0.0380894800483676 0.1259259259259259
0 0.46372430471584036 0.18981481481481483 0.032648125755743655 0.1259259259259259
0 0.5042321644498187 0.19675925925925927 0.03385731559854897 0.12129629629629629
0 0.5420193470374849 0.01990740740740741 0.02962515114873035 0.03796296296296296
0 0.5813180169286578 0.04583333333333333 0.02962515114873035 0.08981481481481482
0 0.6039903264812576 0.09768518518518518 0.02781136638452237 0.11574074074074074
0 0.5770858524788391 0.09537037037037037 0.034461910519951636 0.13148148148148148
0 0.5465538089480049 0.09953703703703703 0.03143893591293833 0.10462962962962963
0 0.9486094316807738 0.18287037037037038 0.03506650544135429 0.12314814814814815
0 0.9628174123337364 0.1726851851851852 0.02962515114873035 0.12314814814814815
0 0.9818621523579202 0.0763888888888889 0.03506650544135429 0.13240740740740742
0 0.9026602176541717 0.1550925925925926 0.03506650544135429 0.13425925925925927
0 0.6550785973397824 0.2023148148148148 0.035671100362756954 0.12314814814814815
0 0.6837968561064087 0.2351851851851852 0.03990326481257558 0.14814814814814814
0 0.7064691656590084 0.23703703703703705 0.02962515114873035 0.12222222222222222
0 0.6257557436517533 0.055092592592592596 0.032648125755743655 0.09537037037037037
0 0.9331922611850061 0.14351851851851852 0.04171704957678356 0.14629629629629629
0 0.9192865779927448 0.11203703703703703 0.034461910519951636 0.1259259259259259
0 0.8799879081015719 0.12314814814814815 0.034461910519951636 0.13518518518518519
0 0.8358524788391778 0.17037037037037037 0.034461910519951636 0.12962962962962962
0 0.8267835550181378 0.17222222222222222 0.03083434099153567 0.13518518518518519
0 0.805925030229746 0.16157407407407406 0.032648125755743655 0.1398148148148148
0 0.68409915356711 0.19953703703703704 0.03688029020556227 0.13425925925925927
0 0.6493349455864571 0.04953703703703704 0.032648125755743655 0.09722222222222222
0 0.9474002418379686 0.10092592592592593 0.037484885126964934 0.13518518518518519
0 0.9727932285368803 0.12222222222222222 0.036275695284159616 0.11851851851851852
0 0.9050785973397824 0.08425925925925926 0.032648125755743655 0.12407407407407407
0 0.9746070133010882 0.24074074074074073 0.03143893591293833 0.1425925925925926
0 0.9903264812575574 0.2111111111111111 0.018137847642079808 0.13518518518518519
0 0.68409915356711 0.06435185185185185 0.035671100362756954 0.10648148148148148
0 0.8555018137847642 0.15324074074074073 0.03143893591293833 0.10833333333333334
0 0.34915356711003626 0.14166666666666666 0.039298669891172915 0.12962962962962962
0 0.38361547762998793 0.13472222222222222 0.0380894800483676 0.11203703703703703
0 0.5671100362756953 0.03564814814814815 0.02781136638452237 0.06944444444444445
0 0.9189842805320435 0.03333333333333333 0.032648125755743655 0.06481481481481481
0 0.3766626360338573 0.5745370370370371 0.036275695284159616 0.15462962962962962
0 0.06378476420798065 0.48518518518518516 0.034461910519951636 0.1425925925925926
0 0.06015719467956469 0.5254629629629629 0.0380894800483676 0.14351851851851852
0 0.03295042321644498 0.500462962962963 0.03688029020556227 0.15648148148148147
0 0.09885126964933495 0.4912037037037037 0.03688029020556227 0.15092592592592594
0 0.8313180169286578 0.37824074074074077 0.037484885126964934 0.13240740740740742
0 0.8412938331318017 0.3611111111111111 0.035671100362756954 0.12037037037037036
0 0.2590689238210399 0.6875 0.044135429262394194 0.1712962962962963
0 0.23397823458282951 0.6699074074074074 0.04836759371221282 0.1675925925925926
0 0.3730350665054414 0.6643518518518519 0.03869407496977025 0.14537037037037037
0 0.23065296251511488 0.600462962962963 0.034461910519951636 0.14907407407407408
0 0.23428053204353083 0.5717592592592593 0.02962515114873035 0.1398148148148148
0 0.19165659008464328 0.5708333333333333 0.04232164449818621 0.13425925925925927
0 0.19830713422007254 0.5337962962962963 0.045949214026602174 0.15648148148148147
0 0.14691656590084642 0.5550925925925926 0.04353083434099154 0.14907407407407408
0 0.37394195888754533 0.24444444444444444 0.034461910519951636 0.12777777777777777
0 0.3948004836759371 0.2537037037037037 0.032648125755743655 0.12962962962962962
0 0.6127569528415961 0.4638888888888889 0.044135429262394194 0.12962962962962962
0 0.6813784764207981 0.48194444444444445 0.04353083434099154 0.1398148148148148
0 0.23669891172914148 0.3824074074074074 0.034461910519951636 0.1425925925925926
0 0.25332527206771466 0.3976851851851852 0.03506650544135429 0.14537037037037037
0 0.26964933494558646 0.9462962962962963 0.041112454655380895 0.10925925925925926
0 0.23851269649334947 0.4976851851851852 0.039298669891172915 0.1527777777777778
0 0.30773881499395406 0.7870370370370371 0.05199516324062878 0.1648148148148148
0 0.13270858524788393 0.475462962962963 0.039298669891172915 0.15648148148148147
0 0.3382708585247884 0.4949074074074074 0.03688029020556227 0.1398148148148148
0 0.2058645707376058 0.6791666666666667 0.03688029020556227 0.15462962962962962
0 0.524788391777509 0.6805555555555556 0.037484885126964934 0.13518518518518519
0 0.3573155985489722 0.7175925925925926 0.03990326481257558 0.1574074074074074
0 0.35761789600967353 0.7546296296296297 0.039298669891172915 0.1685185185185185
0 0.5822249093107618 0.625462962962963 0.044740024183796856 0.15833333333333333
0 0.6175937122128174 0.6523148148148148 0.044135429262394194 0.16203703703703703
0 0.6372430471584039 0.6310185185185185 0.02902055622732769 0.13425925925925927
0 0.42926239419588874 0.7560185185185185 0.0471584038694075 0.14907407407407408
0 0.6810761789600968 0.6912037037037037 0.051390568319226115 0.14907407407407408
0 0.3814993954050786 0.6898148148148148 0.044740024183796856 0.15555555555555556
0 0.4546553808948005 0.5537037037037037 0.036275695284159616 0.13703703703703704
0 0.4452841596130592 0.5157407407407407 0.044135429262394194 0.10740740740740741
0 0.49274486094316805 0.6481481481481481 0.049576783555018135 0.1537037037037037
0 0.555925030229746 0.6648148148148149 0.04171704957678356 0.1685185185185185
0 0.4105199516324063 0.030555555555555555 0.03143893591293833 0.05925925925925926
0 0.9839782345828295 0.3226851851851852 0.02962515114873035 0.10833333333333334
0 0.7560459492140266 0.8416666666666667 0.04897218863361548 0.1648148148148148
0 0.7950423216444982 0.8564814814814815 0.04232164449818621 0.15185185185185185
0 0.4265417170495768 0.6069444444444444 0.04534461910519952 0.14907407407407408
0 0.46009673518742444 0.5953703703703703 0.037484885126964934 0.13703703703703704
0 0.08343409915356712 0.7652777777777777 0.04836759371221282 0.15462962962962962
0 0.5389963724304716 0.7356481481481482 0.044135429262394194 0.1675925925925926
0 0.5734582829504232 0.7416666666666667 0.046553808948004836 0.1648148148148148
0 0.04866989117291415 0.7569444444444444 0.04171704957678356 0.1398148148148148
0 0.02176541717049577 0.36018518518518516 0.03990326481257558 0.12962962962962962
0 0.05532043530834341 0.36342592592592593 0.04171704957678356 0.14351851851851852
0 0.971584038694075 0.2828703703703704 0.032648125755743655 0.12685185185185185
0 0.9537484885126964 0.32314814814814813 0.039298669891172915 0.1425925925925926
0 0.9504232164449818 0.28564814814814815 0.036275695284159616 0.12314814814814815
0 0.6154776299879081 0.7731481481481481 0.04353083434099154 0.16666666666666666
0 0.5752720677146312 0.7773148148148148 0.04171704957678356 0.16018518518518518
0 0.2469770253929867 0.6555555555555556 0.04171704957678356 0.1685185185185185
0 0.2920193470374849 0.611574074074074 0.05199516324062878 0.16574074074074074
0 0.29171704957678357 0.6592592592592592 0.03688029020556227 0.1648148148148148
0 0.3355501813784764 0.387037037037037 0.03506650544135429 0.12407407407407407
0 0.31590084643288996 0.4300925925925926 0.04171704957678356 0.14907407407407408
0 0.343409915356711 0.4162037037037037 0.03990326481257558 0.13425925925925927
0 0.3010882708585248 0.39444444444444443 0.032648125755743655 0.1425925925925926
0 0.8730350665054414 0.28703703703703703 0.03990326481257558 0.14814814814814814
0 0.13452237001209189 0.8430555555555556 0.04050785973397823 0.16574074074074074
0 0.0973397823458283 0.8277777777777777 0.04836759371221282 0.18518518518518517
0 0.4416565900846433 0.4601851851851852 0.042926239419588876 0.14814814814814814
0 0.4204957678355502 0.4356481481481482 0.03204353083434099 0.13796296296296295
0 0.9177750906892382 0.8601851851851852 0.044740024183796856 0.17407407407407408
0 0.8821039903264812 0.8847222222222222 0.05562273276904474 0.16203703703703703
0 0.9764207980652962 0.7703703703703704 0.045949214026602174 0.1648148148148148
0 0.9298669891172914 0.7458333333333333 0.05562273276904474 0.15462962962962962
0 0.5940145102781137 0.8513888888888889 0.0562273276904474 0.1824074074074074
0 0.5278113663845224 0.3625 0.03869407496977025 0.12685185185185185
0 0.12273276904474002 0.6476851851851851 0.045949214026602174 0.18796296296296297
0 0.004534461910519952 0.7324074074074074 0.007859733978234583 0.14814814814814814
0 0.8899637243047158 0.6101851851851852 0.044740024183796856 0.17407407407407408
0 0.9235187424425635 0.6013888888888889 0.044135429262394194 0.16018518518518518
0 0.217956469165659 0.25277777777777777 0.03083434099153567 0.12037037037037036
0 0.18863361547763 0.24537037037037038 0.037484885126964934 0.13703703703703704
0 0.11789600967351874 0.20925925925925926 0.037484885126964934 0.14074074074074075
0 0.6463119709794438 0.44074074074074077 0.04353083434099154 0.14074074074074075
0 0.5532043530834341 0.8472222222222222 0.04232164449818621 0.12962962962962962
0 0.7503022974607013 0.7601851851851852 0.041112454655380895 0.13518518518518519
0 0.7152357920193471 0.7490740740740741 0.049576783555018135 0.1648148148148148
0 0.13119709794437726 0.22962962962962963 0.03506650544135429 0.12222222222222222
0 0.7167472793228536 0.6976851851851852 0.039298669891172915 0.1527777777777778
0 0.7496977025392987 0.6898148148148148 0.04353083434099154 0.1685185185185185
0 0.09008464328899637 0.6953703703703704 0.0471584038694075 0.14814814814814814
0 0.11608222490931076 0.7060185185185185 0.04353083434099154 0.16018518518518518
0 0.04534461910519952 0.7023148148148148 0.03869407496977025 0.15648148148148147
0 0.6342200725513906 0.7731481481481481 0.032648125755743655 0.12962962962962962
0 0.6692865779927448 0.44027777777777777 0.036275695284159616 0.13055555555555556
0 0.7983675937122128 0.7962962962962963 0.04897218863361548 0.18518518518518517
0 0.7049576783555018 0.9671296296296297 0.04232164449818621 0.06759259259259259
0 0.851571946795647 0.7472222222222222 0.04171704957678356 0.17592592592592593
0 0.8071342200725514 0.7462962962962963 0.044740024183796856 0.16666666666666666
0 0.842503022974607 0.774537037037037 0.04171704957678356 0.1787037037037037
0 0.8769649334945586 0.6731481481481482 0.039298669891172915 0.17407407407407408
0 0.3521765417170496 0.9666666666666667 0.05501813784764208 0.06851851851851852
0 0.8409915356711004 0.2518518518518518 0.036275695284159616 0.14074074074074075
0 0.8509673518742442 0.2222222222222222 0.03688029020556227 0.12407407407407407
0 0.8760580411124547 0.39861111111111114 0.044740024183796856 0.14907407407407408
0 0.7010278113663845 0.4305555555555556 0.039298669891172915 0.14629629629629629
0 0.7152357920193471 0.40555555555555556 0.03869407496977025 0.14629629629629629
0 0.977932285368803 0.5976851851851852 0.0380894800483676 0.15648148148148147
0 0.4183796856106409 0.29583333333333334 0.03506650544135429 0.1287037037037037
0 0.4443772672309553 0.3 0.03143893591293833 0.13518518518518519
0 0.68409915356711 0.32685185185185184 0.03688029020556227 0.14814814814814814
0 0.6188029020556227 0.22916666666666666 0.035671100362756954 0.1287037037037037
0 0.5825272067714631 0.21388888888888888 0.04534461910519952 0.1425925925925926
0 0.003022974607013301 0.5722222222222222 0.0048367593712212815 0.14074074074074075
0 0.20133010882708585 0.3365740740740741 0.04232164449818621 0.14351851851851852
0 0.18742442563482467 0.3685185185185185 0.04232164449818621 0.14629629629629629
0 0.0024183796856106408 0.4078703703703704 0.0036275695284159614 0.15648148148148147
0 0.016324062877871828 0.3925925925925926 0.03143893591293833 0.14074074074074075
0 0.12575574365175332 0.2986111111111111 0.03990326481257558 0.13055555555555556
0 0.006650544135429262 0.5041666666666667 0.012091898428053204 0.14166666666666666
0 0.1215235792019347 0.2722222222222222 0.03385731559854897 0.14074074074074075
0 0.016324062877871828 0.2861111111111111 0.03143893591293833 0.1574074074074074
0 0.06620314389359129 0.2611111111111111 0.03688029020556227 0.1425925925925926
0 0.8394800483675937 0.4009259259259259 0.039298669891172915 0.14074074074074075
0 0.9401451027811366 0.38657407407407407 0.03385731559854897 0.11574074074074074
0 0.9607013301088271 0.38472222222222224 0.037484885126964934 0.13796296296296295
0 0.8884522370012092 0.3453703703703704 0.03688029020556227 0.14074074074074075
0 0.7781136638452237 0.15601851851851853 0.030229746070133012 0.1287037037037037
0 0.9371221281741233 0.34305555555555556 0.037484885126964934 0.15092592592592594
0 0.08373639661426845 0.37824074074074077 0.034461910519951636 0.13240740740740742
0 0.1185006045949214 0.37453703703703706 0.03506650544135429 0.14351851851851852
0 0.10882708585247884 0.3574074074074074 0.032648125755743655 0.14074074074074075
0 0.9201934703748489 0.2337962962962963 0.03385731559854897 0.1287037037037037
0 0.09371221281741234 0.40694444444444444 0.03385731559854897 0.12129629629629629
0 0.3032043530834341 0.22083333333333333 0.034461910519951636 0.13796296296296295
0 0.8990326481257558 0.3314814814814815 0.03506650544135429 0.13518518518518519
0 0.9304715840386941 0.2601851851851852 0.03869407496977025 0.12407407407407407
0 0.9803506650544136 0.3736111111111111 0.034461910519951636 0.12685185185185185
0 0.9020556227327691 0.38055555555555554 0.03990326481257558 0.13703703703703704
0 0.6765417170495768 0.7638888888888888 0.044740024183796856 0.15185185185185185
0 0.013603385731559855 0.9300925925925926 0.02599758162031439 0.14166666666666666
0 0.25 0.9555555555555556 0.0380894800483676 0.09074074074074075
0 0.6541717049576784 0.34120370370370373 0.03506650544135429 0.13796296296296295
0 0.20344619105199516 0.9708333333333333 0.04171704957678356 0.06018518518518518
0 0.12515114873035066 0.9740740740740741 0.04353083434099154 0.053703703703703705
0 0.014812575574365175 0.8462962962962963 0.028415961305925032 0.18703703703703703
0 0.042926239419588876 0.8231481481481482 0.044740024183796856 0.1648148148148148
0 0.003022974607013301 0.4810185185185185 0.0048367593712212815 0.15462962962962962
