0 0.7826481257557436 0.9148148148148149 0.046553808948004836 0.15925925925925927
0 0.8243651753325272 0.9675925925925926 0.04050785973397823 0.06666666666666667
0 0.38814993954050786 0.5541666666666667 0.037484885126964934 0.14907407407407408
0 0.24486094316807738 0.33796296296296297 0.04232164449818621 0.14629629629629629
0 0.07799274486094317 0.487962962962963 0.041112454655380895 0.15
0 0.023276904474002418 0.7837962962962963 0.04534461910519952 0.17314814814814813
0 0.09854897218863362 0.41388888888888886 0.03990326481257558 0.14444444444444443
0 0.10217654171704958 0.4648148148148148 0.041112454655380895 0.14629629629629629
0 0.8561064087061668 0.37453703703703706 0.04232164449818621 0.13240740740740742
0 0.8588270858524788 0.35324074074074074 0.042926239419588876 0.1287037037037037
0 0.28143893591293834 0.6699074074074074 0.044135429262394194 0.16203703703703703
0 0.2968561064087062 0.6365740740740741 0.03990326481257558 0.15092592592592594
0 0.3814993954050786 0.6398148148148148 0.03506650544135429 0.1388888888888889
0 0.7835550181378477 0.9634259259259259 0.03990326481257558 0.075
0 0.6094316807738815 0.9574074074074074 0.053204353083434096 0.08703703703703704
0 0.2327690447400242 0.5824074074074074 0.03385731559854897 0.14629629629629629
0 0.24425634824667472 0.5532407407407407 0.03506650544135429 0.13240740740740742
0 0.20012091898428053 0.5578703703703703 0.036275695284159616 0.1361111111111111
0 0.2067714631197098 0.5194444444444445 0.04353083434099154 0.15
0 0.1686819830713422 0.5393518518518519 0.04353083434099154 0.15648148148148147
0 0.38331318016928656 0.22685185185185186 0.032648125755743655 0.12962962962962962
0 0.405683192261185 0.23148148148148148 0.03143893591293833 0.13148148148148148
0 0.7158403869407497 0.37916666666666665 0.0471584038694075 0.12129629629629629
0 0.750906892382104 0.38796296296296295 0.041112454655380895 0.13518518518518519
0 0.2699516324062878 0.375 0.047762998790810154 0.14074074074074075
0 0.2457678355501814 0.38842592592592595 0.03325272067714631 0.15462962962962962
0 0.9857920193470375 0.7703703703703704 0.02720677146311971 0.13148148148148148
0 0.37001209189842804 0.9675925925925926 0.04353083434099154 0.06666666666666667
0 0.4743047158403869 0.45555555555555555 0.0380894800483676 0.14074074074074075
0 0.3186215235792019 0.7726851851851851 0.049576783555018135 0.1675925925925926
0 0.9652357920193471 0.7953703703703704 0.044135429262394194 0.15185185185185185
0 0.4446795646916566 0.3824074074074074 0.03688029020556227 0.14074074074074075
0 0.35308343409915355 0.47314814814814815 0.037484885126964934 0.12962962962962962
0 0.3600362756952842 0.6722222222222223 0.05380894800483676 0.16111111111111112
0 0.4951632406287787 0.5884259259259259 0.03143893591293833 0.14537037037037037
0 0.3636638452237001 0.6990740740740741 0.03325272067714631 0.1574074074074074
0 0.3808948004836759 0.7291666666666666 0.04353083434099154 0.1712962962962963
0 0.5876662636033857 0.611574074074074 0.04232164449818621 0.15648148148148147
0 0.6284764207980653 0.6342592592592593 0.044135429262394194 0.1648148148148148
0 0.43923821039903266 0.7310185185185185 0.044135429262394194 0.14537037037037037
0 0.6801692865779927 0.7185185185185186 0.05199516324062878 0.13703703703703704
0 0.5039298669891172 0.4305555555555556 0.03688029020556227 0.13703703703703704
0 0.46523579201934706 0.5291666666666667 0.039298669891172915 0.13796296296296295
0 0.4579806529625151 0.49537037037037035 0.04897218863361548 0.10740740740740741
0 0.5090689238210399 0.5597222222222222 0.044740024183796856 0.15648148148148147
0 0.5374848851269649 0.5912037037037037 0.04353083434099154 0.16203703703703703
0 0.5402055622732769 0.6398148148148148 0.03688029020556227 0.10925925925925926
0 0.42926239419588874 0.03194444444444444 0.026602176541717048 0.062037037037037036
0 0.40386940749697703 0.0412037037037037 0.03385731559854897 0.08055555555555556
0 0.35308343409915355 0.9199074074074074 0.049576783555018135 0.16203703703703703
0 0.7629987908101572 0.7347222222222223 0.05199516324062878 0.16574074074074074
0 0.9558645707376058 0.586574074074074 0.04353083434099154 0.14351851851851852
0 0.7037484885126964 0.7555555555555555 0.04353083434099154 0.1574074074074074
0 0.7391172914147521 0.7773148148148148 0.044135429262394194 0.14907407407407408
0 0.9253325272067715 0.5916666666666667 0.0562273276904474 0.1574074074074074
0 0.9325876662636033 0.8009259259259259 0.047762998790810154 0.1685185185185185
0 0.7599758162031439 0.8199074074074074 0.044740024183796856 0.1787037037037037
0 0.9685610640870617 0.15555555555555556 0.030229746070133012 0.1
0 0.8860338573155986 0.8282407407407407 0.0562273276904474 0.1675925925925926
0 0.9685610640870617 0.8458333333333333 0.04353083434099154 0.16574074074074074
0 0.9062877871825876 0.9925925925925926 0.026602176541717048 0.016666666666666666
0 0.5737605804111245 0.8337962962962963 0.045949214026602174 0.1638888888888889
0 0.5253929866989118 0.8513888888888889 0.044740024183796856 0.14722222222222223
0 0.6804715840386941 0.5879629629629629 0.046553808948004836 0.15555555555555556
0 0.6692865779927448 0.6175925925925926 0.03506650544135429 0.1425925925925926
0 0.4322853688029021 0.5884259259259259 0.03506650544135429 0.15092592592592594
0 0.4667472793228537 0.5847222222222223 0.036275695284159616 0.14907407407407408
0 0.19528415961305925 0.65 0.044740024183796856 0.1648148148148148
0 0.12454655380894801 0.5055555555555555 0.049576783555018135 0.14444444444444443
0 0.14177750906892383 0.7666666666666667 0.046553808948004836 0.1685185185185185
0 0.5392986698911729 0.6865740740740741 0.04232164449818621 0.16574074074074074
0 0.5713422007255139 0.6912037037037037 0.04836759371221282 0.16018518518518518
0 0.22521160822249092 0.21481481481481482 0.03204353083434099 0.12037037037037036
0 0.2581620314389359 0.2064814814814815 0.044740024183796856 0.13518518518518519
0 0.9797460701330108 0.14305555555555555 0.03325272067714631 0.11944444444444445
0 0.944074969770254 0.1574074074074074 0.039298669891172915 0.13518518518518519
0 0.9558645707376058 0.13333333333333333 0.03506650544135429 0.11666666666666667
0 0.9870012091898428 0.5606481481481481 0.02599758162031439 0.1638888888888889
0 0.9876058041112454 0.5777777777777777 0.02357920193470375 0.15
0 0.6780532043530835 0.9708333333333333 0.046553808948004836 0.058333333333333334
0 0.8032043530834341 0.43287037037037035 0.0380894800483676 0.14907407407407408
0 0.7759975816203144 0.4324074074074074 0.03688029020556227 0.13703703703703704
0 0.7980652962515115 0.7143518518518519 0.049576783555018135 0.17314814814814813
0 0.24969770253929868 0.6273148148148148 0.04353083434099154 0.13240740740740742
0 0.2714631197097944 0.5907407407407408 0.0471584038694075 0.1574074074074074
0 0.2971584038694075 0.6189814814814815 0.046553808948004836 0.16018518518518518
0 0.19347037484885127 0.4287037037037037 0.036275695284159616 0.12962962962962962
0 0.04171704957678356 0.3990740740740741 0.03990326481257558 0.14629629629629629
0 0.06771463119709795 0.38657407407407407 0.03869407496977025 0.13055555555555556
0 0.20707376058041113 0.4 0.044135429262394194 0.1388888888888889
0 0.3636638452237001 0.2759259259259259 0.04171704957678356 0.12962962962962962
0 0.3697097944377267 0.25833333333333336 0.04050785973397823 0.13333333333333333
0 0.12273276904474002 0.5486111111111112 0.036275695284159616 0.14537037037037037
0 0.9334945586457074 0.8560185185185185 0.04353083434099154 0.15648148148148147
0 0.7926239419588875 0.8282407407407407 0.05078597339782346 0.1527777777777778
0 0.8951027811366384 0.7425925925925926 0.05380894800483676 0.17222222222222222
0 0.0973397823458283 0.5226851851851851 0.04353083434099154 0.16018518518518518
0 0.8422007255139057 0.7328703703703704 0.05078597339782346 0.16944444444444445
0 0.876360338573156 0.5703703703703704 0.06469165659008465 0.17777777777777778
0 0.567714631197098 0.21481481481481482 0.03990326481257558 0.13703703703703704
0 0.5386940749697703 0.22083333333333333 0.03506650544135429 0.14537037037037037
0 0.5217654171704957 0.22268518518518518 0.03506650544135429 0.13796296296296295
0 0.8165054413542926 0.49027777777777776 0.04171704957678356 0.15833333333333333
0 0.774788391777509 0.49583333333333335 0.05380894800483676 0.14351851851851852
0 0.7037484885126964 0.4023148148148148 0.0471584038694075 0.13240740740740742
0 0.6711003627569528 0.39814814814814814 0.049576783555018135 0.15555555555555556
0 0.6590084643288996 0.4685185185185185 0.049576783555018135 0.14814814814814814
0 0.4839782345828295 0.09537037037037037 0.03325272067714631 0.12222222222222222
0 0.16837968561064087 0.30092592592592593 0.05259975816203144 0.16296296296296298
0 0.31983071342200725 0.21944444444444444 0.044740024183796856 0.14444444444444443
0 0.049576783555018135 0.2935185185185185 0.041112454655380895 0.1388888888888889
0 0.019347037484885126 0.27824074074074073 0.037484885126964934 0.14907407407407408
0 0.008766626360338573 0.5259259259259259 0.016324062877871828 0.15925925925925927
0 0.019347037484885126 0.375 0.037484885126964934 0.15185185185185185
0 0.5888754534461911 0.23796296296296296 0.05199516324062878 0.14444444444444443
0 0.6233373639661427 0.18425925925925926 0.036275695284159616 0.13148148148148148
0 0.02720677146311971 0.5166666666666667 0.0471584038694075 0.1685185185185185
0 0.24244256348246676 0.1648148148148148 0.02781136638452237 0.11481481481481481
0 0.2548367593712213 0.10416666666666667 0.02962515114873035 0.11574074074074074
0 0.5015114873035067 0.2875 0.04171704957678356 0.13425925925925927
0 0.04897218863361548 0.47314814814814815 0.036275695284159616 0.14444444444444443
0 0.04534461910519952 0.44814814814814813 0.045949214026602174 0.1574074074074074
0 0.6269649334945586 0.475462962962963 0.03506650544135429 0.11574074074074074
0 0.5764812575574365 0.39537037037037037 0.03204353083434099 0.11851851851851852
0 0.5432285368802902 0.3912037037037037 0.039298669891172915 0.14351851851851852
0 0.28597339782345826 0.12222222222222222 0.02902055622732769 0.12777777777777777
0 0.5015114873035067 0.37592592592592594 0.04171704957678356 0.13148148148148148
0 0.5480652962515115 0.35833333333333334 0.04171704957678356 0.14074074074074075
0 0.1837968561064087 0.3875 0.044740024183796856 0.16018518518518518
0 0.16626360338573157 0.4111111111111111 0.03506650544135429 0.13518518518518519
0 0.13603385731559856 0.4263888888888889 0.03506650544135429 0.13240740740740742
0 0.4740024183796856 0.39444444444444443 0.030229746070133012 0.1111111111111111
0 0.5223700120918985 0.27685185185185185 0.032648125755743655 0.13518518518518519
0 0.21825876662636035 0.8046296296296296 0.05804111245465538 0.17592592592592593
0 0.06650544135429262 0.7328703703703704 0.044740024183796856 0.15648148148148147
0 0.21644498186215236 0.9662037037037037 0.05078597339782346 0.06944444444444445
0 0.3926844014510278 0.8060185185185185 0.05985489721886336 0.18425925925925926
0 0.31136638452237003 0.8180555555555555 0.05562273276904474 0.1675925925925926
0 0.5411124546553809 0.7805555555555556 0.05562273276904474 0.17592592592592593
0 0.016928657799274487 0.7351851851851852 0.032648125755743655 0.15925925925925927
0 0.5773881499395405 0.7560185185185185 0.049576783555018135 0.15648148148148147
0 0.03506650544135429 0.6689814814814815 0.04232164449818621 0.15648148148148147
0 0.8951027811366384 0.44814814814814813 0.04897218863361548 0.1537037037037037
0 0.9126360338573156 0.175 0.047762998790810154 0.13518518518518519
0 0.5480652962515115 0.12314814814814815 0.03325272067714631 0.1388888888888889
0 0.5680169286577993 0.12268518518518519 0.0380894800483676 0.13055555555555556
0 0.5813180169286578 0.04722222222222222 0.046553808948004836 0.09259259259259259
0 0.5178355501813785 0.03611111111111111 0.03325272067714631 0.07037037037037037
0 0.5625755743651754 0.03657407407407407 0.03204353083434099 0.0712962962962963
0 0.1484280532043531 0.22361111111111112 0.034461910519951636 0.1287037037037037
0 0.3561064087061669 0.0787037037037037 0.045949214026602174 0.11851851851851852
0 0.3282950423216445 0.08518518518518518 0.036275695284159616 0.1111111111111111
0 0.16384522370012092 0.1162037037037037 0.03990326481257558 0.1361111111111111
0 0.19558645707376057 0.11435185185185186 0.042926239419588876 0.14907407407407408
0 0.24365175332527206 0.08981481481481482 0.036275695284159616 0.14074074074074075
0 0.28143893591293834 0.03935185185185185 0.0380894800483676 0.07685185185185185
0 0.1124546553808948 0.22361111111111112 0.03143893591293833 0.12129629629629629
0 0.9806529625151149 0.27314814814814814 0.037484885126964934 0.15
0 0.29171704957678357 0.2222222222222222 0.034461910519951636 0.1425925925925926
0 0.0281136638452237 0.2222222222222222 0.0380894800483676 0.1388888888888889
0 0.05048367593712213 0.23055555555555557 0.03325272067714631 0.13333333333333333
0 0.07103990326481258 0.2462962962962963 0.04171704957678356 0.14074074074074075
0 0.09099153567110037 0.22685185185185186 0.034461910519951636 0.1388888888888889
0 0.03143893591293833 0.18472222222222223 0.036275695284159616 0.11574074074074074
0 0.13935912938331319 0.04722222222222222 0.047762998790810154 0.09259259259259259
0 0.23609431680773882 0.046296296296296294 0.0380894800483676 0.09074074074074075
0 0.02176541717049577 0.12129629629629629 0.041112454655380895 0.14444444444444443
0 0.07285368802902055 0.06018518518518518 0.0380894800483676 0.11851851851851852
0 0.05229746070133011 0.053703703703703705 0.0380894800483676 0.10555555555555556
0 0.19588875453446192 0.03425925925925926 0.03990326481257558 0.06666666666666667
0 0.9894195888754534 0.20092592592592592 0.01995163240628779 0.13333333333333333
0 0.8775695284159613 0.1712962962962963 0.046553808948004836 0.1259259259259259
0 0.9371221281741233 0.11481481481481481 0.036275695284159616 0.12777777777777777
0 0.9096130592503023 0.06157407407407407 0.039298669891172915 0.11203703703703703
0 0.013905683192261185 0.4625 0.026602176541717048 0.14537037037037037
0 0.9664449818621523 0.19953703703703704 0.04050785973397823 0.12129629629629629
0 0.010580411124546553 0.1925925925925926 0.01995163240628779 0.13518518518518519
0 0.9561668681983071 0.050462962962962966 0.034461910519951636 0.09351851851851851
0 0.0048367593712212815 0.16712962962962963 0.008464328899637243 0.13425925925925927
0 0.18833131801692865 0.05462962962962963 0.039298669891172915 0.10740740740740741
0 0.12273276904474002 0.03888888888888889 0.03143893591293833 0.07592592592592592
0 0.1003627569528416 0.019444444444444445 0.02902055622732769 0.037037037037037035
0 0.9449818621523579 0.0699074074074074 0.03506650544135429 0.10462962962962963
0 0.9773276904474002 0.09537037037037037 0.02720677146311971 0.1037037037037037
0 0.907496977025393 0.1412037037037037 0.03990326481257558 0.1287037037037037
0 0.25272067714631197 0.23055555555555557 0.03506650544135429 0.13518518518518519
