0 0.4655380894800484 0.23935185185185184 0.036275695284159616 0.13240740740740742
0 0.49334945586457074 0.22592592592592592 0.030229746070133012 0.11851851851851852
0 0.9854897218863361 0.6134259259259259 0.02781136638452237 0.15462962962962962
0 0.5749697702539298 0.6708333333333333 0.036275695284159616 0.15462962962962962
0 0.5353688029020556 0.6731481481481482 0.0562273276904474 0.1574074074074074
0 0.5344619105199516 0.30324074074074076 0.04353083434099154 0.14722222222222223
0 0.5550181378476421 0.3541666666666667 0.037484885126964934 0.13240740740740742
0 0.8570133010882709 0.7106481481481481 0.04171704957678356 0.1638888888888889
0 0.8189238210399032 0.700462962962963 0.044135429262394194 0.17314814814814813
0 0.7805320435308344 0.6925925925925925 0.03990326481257558 0.14074074074074075
0 0.9851874244256348 0.3435185185185185 0.02962515114873035 0.14814814814814814
0 0.8987303506650545 0.30694444444444446 0.039298669891172915 0.14722222222222223
0 0.5888754534461911 0.32546296296296295 0.030229746070133012 0.125
0 0.9250302297460702 0.40370370370370373 0.03990326481257558 0.16296296296296298
0 0.9740024183796856 0.3675925925925926 0.03990326481257558 0.14629629629629629
0 0.9434703748488513 0.3638888888888889 0.03688029020556227 0.1425925925925926
0 0.535671100362757 0.21851851851851853 0.036275695284159616 0.13703703703703704
0 0.4788391777509069 0.17453703703703705 0.030229746070133012 0.13796296296296295
0 0.5955259975816203 0.36018518518518516 0.032648125755743655 0.13518518518518519
0 0.624546553808948 0.3680555555555556 0.03506650544135429 0.14907407407407408
0 0.6048972188633616 0.3851851851851852 0.0380894800483676 0.1388888888888889
0 0.6617291414752116 0.30462962962962964 0.03688029020556227 0.13703703703703704
0 0.7642079806529625 0.5995370370370371 0.05804111245465538 0.15833333333333333
0 0.75453446191052 0.45925925925925926 0.044740024183796856 0.1574074074074074
0 0.6922611850060459 0.4777777777777778 0.045949214026602174 0.17962962962962964
0 0.6441958887545345 0.34444444444444444 0.03204353083434099 0.11481481481481481
0 0.7016324062877872 0.6458333333333334 0.034461910519951636 0.1361111111111111
0 0.562273276904474 0.4111111111111111 0.044740024183796856 0.15555555555555556
0 0.6801692865779927 0.3976851851851852 0.041112454655380895 0.14351851851851852
0 0.5126964933494559 0.18611111111111112 0.04353083434099154 0.14814814814814814
0 0.6756348246674728 0.2611111111111111 0.0380894800483676 0.13518518518518519
0 0.7218863361547763 0.35138888888888886 0.03869407496977025 0.14537037037037037
0 0.9365175332527207 0.6652777777777777 0.04353083434099154 0.16574074074074074
0 0.9008464328899637 0.6208333333333333 0.03385731559854897 0.1398148148148148
0 0.873639661426844 0.6208333333333333 0.04232164449818621 0.15092592592592594
0 0.7708585247883918 0.4166666666666667 0.03506650544135429 0.14074074074074075
0 0.7445586457073761 0.35509259259259257 0.03204353083434099 0.11574074074074074
0 0.6441958887545345 0.40324074074074073 0.03688029020556227 0.14351851851851852
0 0.9464933494558646 0.3787037037037037 0.039298669891172915 0.12962962962962962
0 0.8990326481257558 0.4361111111111111 0.036275695284159616 0.14444444444444443
0 0.9081015719467956 0.37453703703703706 0.037484885126964934 0.1175925925925926
0 0.7403264812575574 0.44675925925925924 0.0380894800483676 0.14537037037037037
0 0.7908101571946796 0.37407407407407406 0.03506650544135429 0.12962962962962962
0 0.8074365175332527 0.41712962962962963 0.042926239419588876 0.15092592592592594
0 0.6599153567110037 0.3333333333333333 0.039298669891172915 0.13518518518518519
0 0.9126360338573156 0.5828703703703704 0.03688029020556227 0.13240740740740742
0 0.5205562273276905 0.29953703703703705 0.02418379685610641 0.09537037037037037
0 0.5652962515114873 0.2513888888888889 0.03143893591293833 0.12685185185185185
0 0.9498186215235792 0.44212962962962965 0.037484885126964934 0.10648148148148148
0 0.871825876662636 0.7666666666666667 0.056831922611850064 0.17037037037037037
0 0.9081015719467956 0.7569444444444444 0.0471584038694075 0.15648148148148147
0 0.27055622732769047 0.20787037037037037 0.03688029020556227 0.10462962962962963
0 0.596130592503023 0.4041666666666667 0.03990326481257558 0.15648148148148147
0 0.5392986698911729 0.3402777777777778 0.030229746070133012 0.1175925925925926
0 0.6454050785973398 0.29074074074074074 0.03204353083434099 0.12037037037037036
0 0.2288391777509069 0.975 0.03688029020556227 0.05185185185185185
0 0.02448609431680774 0.32314814814814813 0.044135429262394194 0.1537037037037037
0 0.013905683192261185 0.21666666666666667 0.026602176541717048 0.14074074074074075
0 0.02539298669891173 0.18194444444444444 0.041112454655380895 0.13425925925925927
0 0.031136638452237003 0.06851851851851852 0.04171704957678356 0.13518518518518519
0 0.06831922611850061 0.26944444444444443 0.03990326481257558 0.13518518518518519
0 0.09794437726723096 0.26296296296296295 0.04232164449818621 0.1425925925925926
0 0.07013301088270858 0.058333333333333334 0.03506650544135429 0.11481481481481481
0 0.09250302297460701 0.0699074074074074 0.03385731559854897 0.1287037037037037
0 0.022370012091898428 0.25462962962962965 0.03143893591293833 0.12962962962962962
0 0.06771463119709795 0.22083333333333333 0.036275695284159616 0.13425925925925927
0 0.1656590084643289 0.13240740740740742 0.03506650544135429 0.12407407407407407
0 0.15719467956469166 0.09074074074074075 0.036275695284159616 0.12037037037037036
0 0.23760580411124546 0.040740740740740744 0.032648125755743655 0.07962962962962963
0 0.20102781136638453 0.13564814814814816 0.034461910519951636 0.1287037037037037
0 0.2097944377267231 0.03981481481481482 0.026602176541717048 0.06481481481481481
0 0.15296251511487305 0.3638888888888889 0.04836759371221282 0.15185185185185185
0 0.309552599758162 0.052314814814814814 0.04232164449818621 0.10277777777777777
0 0.35278113663845223 0.07777777777777778 0.03688029020556227 0.12962962962962962
0 0.3403869407496977 0.05555555555555555 0.02902055622732769 0.10925925925925926
0 0.40931076178960096 0.13055555555555556 0.032648125755743655 0.13518518518518519
0 0.4507255139056832 0.016203703703703703 0.024788391777509067 0.030555555555555555
0 0.3984280532043531 0.09444444444444444 0.03506650544135429 0.12037037037037036
0 0.4286577992744861 0.06388888888888888 0.032648125755743655 0.1259259259259259
0 0.48458282950423215 0.07731481481481481 0.034461910519951636 0.1527777777777778
0 0.564993954050786 0.03888888888888889 0.03204353083434099 0.07592592592592592
0 0.5846432889963724 0.03935185185185185 0.032648125755743655 0.07685185185185185
0 0.4740024183796856 0.1162037037037037 0.032648125755743655 0.12685185185185185
0 0.6094316807738815 0.025 0.03143893591293833 0.04814814814814815
0 0.49727932285368803 0.12407407407407407 0.034461910519951636 0.13148148148148148
0 0.5069528415961306 0.14675925925925926 0.03688029020556227 0.1287037037037037
0 0.5507859733978234 0.15694444444444444 0.03506650544135429 0.13425925925925927
0 0.5671100362756953 0.13333333333333333 0.03990326481257558 0.12962962962962962
0 0.5985489721886336 0.13564814814814816 0.03143893591293833 0.12685185185185185
0 0.6321039903264812 0.09583333333333334 0.03204353083434099 0.13240740740740742
0 0.6541717049576784 0.12129629629629629 0.030229746070133012 0.11481481481481481
0 0.6711003627569528 0.12962962962962962 0.030229746070133012 0.11851851851851852
0 0.7230955259975816 0.09675925925925925 0.036275695284159616 0.1398148148148148
0 0.6777509068923822 0.22916666666666666 0.032648125755743655 0.11574074074074074
0 0.7119105199516325 0.2962962962962963 0.03204353083434099 0.1259259259259259
0 0.7333736396614269 0.2898148148148148 0.032648125755743655 0.13518518518518519
0 0.7285368802902056 0.22777777777777777 0.04232164449818621 0.12037037037037036
0 0.7732769044740024 0.26990740740740743 0.03506650544135429 0.1398148148148148
0 0.8038089480048367 0.2175925925925926 0.03083434099153567 0.12407407407407407
0 0.9909310761789601 0.055092592592592596 0.016928657799274487 0.10833333333333334
0 0.9567714631197098 0.06296296296296296 0.0380894800483676 0.11666666666666667
0 0.9280532043530835 0.05324074074074074 0.030229746070133012 0.09351851851851851
0 0.9356106408706167 0.07731481481481481 0.03204353083434099 0.12129629629629629
0 0.8694074969770254 0.31712962962962965 0.030229746070133012 0.11944444444444445
0 0.9746070133010882 0.3060185185185185 0.03385731559854897 0.1398148148148148
0 0.9788391777509069 0.22175925925925927 0.036275695284159616 0.13240740740740742
0 0.9582829504232164 0.25 0.037484885126964934 0.13148148148148148
0 0.8582224909310762 0.15092592592592594 0.03204353083434099 0.12962962962962962
0 0.8863361547762999 0.14814814814814814 0.036275695284159616 0.12777777777777777
0 0.9495163240628779 0.21388888888888888 0.034461910519951636 0.13148148148148148
0 0.9528415961305925 0.1726851851851852 0.03143893591293833 0.1287037037037037
0 0.9280532043530835 0.16620370370370371 0.03506650544135429 0.12129629629629629
0 0.876360338573156 0.1162037037037037 0.03204353083434099 0.12685185185185185
0 0.8941958887545345 0.12453703703703704 0.03143893591293833 0.12129629629629629
0 0.8908706166868199 0.43425925925925923 0.02962515114873035 0.0962962962962963
0 0.1786577992744861 0.024537037037037038 0.03204353083434099 0.04722222222222222
0 0.8512696493349455 0.13935185185185187 0.030229746070133012 0.09351851851851851
0 0.8978234582829504 0.13935185185185187 0.032648125755743655 0.10648148148148148
0 0.9180773881499396 0.11388888888888889 0.02962515114873035 0.10740740740740741
0 0.7424425634824667 0.2523148148148148 0.03506650544135429 0.11203703703703703
0 0.013905683192261185 0.06898148148148148 0.026602176541717048 0.1175925925925926
0 0.908403869407497 0.2611111111111111 0.06469165659008465 0.1685185185185185
0 0.8455259975816203 0.012037037037037037 0.034461910519951636 0.022222222222222223
0 0.36577992744860943 0.538425925925926 0.036275695284159616 0.14907407407407408
0 0.07496977025392987 0.475462962962963 0.041112454655380895 0.15092592592592594
0 0.040810157194679564 0.5347222222222222 0.039298669891172915 0.14722222222222223
0 0.023276904474002418 0.49583333333333335 0.0380894800483676 0.16203703703703703
0 0.08796856106408706 0.5324074074074074 0.04897218863361548 0.15925925925925927
0 0.8189238210399032 0.3458333333333333 0.02962515114873035 0.1287037037037037
0 0.8343409915356711 0.3388888888888889 0.032648125755743655 0.1259259259259259
0 0.25181378476420796 0.649537037037037 0.044135429262394194 0.16574074074074074
0 0.21856106408706166 0.6365740740740741 0.0380894800483676 0.16203703703703703
0 0.3533857315598549 0.6310185185185185 0.03688029020556227 0.14351851851851852
0 0.21765417170495768 0.5615740740740741 0.03385731559854897 0.13425925925925927
0 0.22309552599758162 0.5439814814814815 0.03385731559854897 0.14351851851851852
0 0.18440145102781136 0.537962962962963 0.03990326481257558 0.14444444444444443
0 0.19044740024183796 0.5087962962962963 0.044740024183796856 0.15462962962962962
0 0.1484280532043531 0.5231481481481481 0.0380894800483676 0.1425925925925926
0 0.36275695284159615 0.21203703703703702 0.03143893591293833 0.12962962962962962
0 0.38391777509068925 0.2101851851851852 0.03143893591293833 0.1259259259259259
0 0.2708585247883918 0.4310185185185185 0.04232164449818621 0.13425925925925927
0 0.26844014510278114 0.4537037037037037 0.036275695284159616 0.14074074074074075
0 0.2539298669891173 0.9388888888888889 0.04232164449818621 0.12222222222222222
0 0.30683192261185005 0.7643518518518518 0.04050785973397823 0.15462962962962962
0 0.32285368802902054 0.5638888888888889 0.036275695284159616 0.14814814814814814
0 0.34280532043530837 0.6888888888888889 0.03869407496977025 0.1537037037037037
0 0.35006045949214026 0.7231481481481481 0.04353083434099154 0.1648148148148148
0 0.6444981862152358 0.8435185185185186 0.05199516324062878 0.18703703703703703
0 0.7001209189842805 0.874537037037037 0.0471584038694075 0.15833333333333333
0 0.7037484885126964 0.8402777777777778 0.037484885126964934 0.14537037037037037
0 0.4198911729141475 0.725462962962963 0.04897218863361548 0.14537037037037037
0 0.6423821039903265 0.6722222222222223 0.051390568319226115 0.14814814814814814
0 0.4440749697702539 0.5092592592592593 0.03325272067714631 0.13148148148148148
0 0.4268440145102781 0.4930555555555556 0.03385731559854897 0.13425925925925927
0 0.3010882708585248 0.19953703703703704 0.037484885126964934 0.1361111111111111
0 0.4195888754534462 0.5768518518518518 0.03506650544135429 0.14814814814814814
0 0.4277509068923821 0.5439814814814815 0.03688029020556227 0.15092592592592594
0 0.23548972188633616 0.6087962962962963 0.034461910519951636 0.14351851851851852
0 0.28657799274486095 0.5828703703703704 0.049576783555018135 0.15833333333333333
0 0.2883917775090689 0.6342592592592593 0.037484885126964934 0.17037037037037037
0 0.3053204353083434 0.39814814814814814 0.041112454655380895 0.15
0 0.3313180169286578 0.38055555555555554 0.037484885126964934 0.13148148148148148
0 0.3004836759371221 0.36944444444444446 0.037484885126964934 0.14814814814814814
0 0.972490931076179 0.7958333333333333 0.05259975816203144 0.16574074074074074
0 0.4035671100362757 0.44675925925925924 0.0380894800483676 0.14351851851851852
0 0.9776299879081015 0.7185185185185186 0.04232164449818621 0.1574074074074074
0 0.7569528415961306 0.8842592592592593 0.04353083434099154 0.13703703703703704
0 0.8422007255139057 0.20879629629629629 0.02902055622732769 0.1287037037037037
0 0.7409310761789601 0.15787037037037038 0.035671100362756954 0.1287037037037037
0 0.7031438935912938 0.9449074074074074 0.06287787182587666 0.11203703703703703
0 0.4821644498186215 0.5546296296296296 0.0380894800483676 0.14814814814814814
0 0.8642684401451027 0.9023148148148148 0.047762998790810154 0.18055555555555555
0 0.8095525997581621 0.8759259259259259 0.06650544135429262 0.1814814814814815
0 0.060459492140266025 0.9689814814814814 0.053204353083434096 0.06388888888888888
0 0.6460096735187424 0.9412037037037037 0.06590084643288996 0.11574074074074074
0 0.6659613059250302 0.7476851851851852 0.046553808948004836 0.1675925925925926
0 0.8391777509068924 0.6143518518518518 0.037484885126964934 0.14166666666666666
0 0.7950423216444982 0.961574074074074 0.0471584038694075 0.0787037037037037
0 0.24334945586457074 0.3611111111111111 0.0380894800483676 0.14074074074074075
0 0.48911729141475213 0.4787037037037037 0.044740024183796856 0.16296296296296298
0 0.5145102781136639 0.4449074074074074 0.03506650544135429 0.15462962962962962
0 0.24939540507859734 0.38842592592592595 0.03325272067714631 0.12314814814814815
0 0.9561668681983071 0.6199074074074075 0.044135429262394194 0.16574074074074074
0 0.7091898428053204 0.7393518518518518 0.044740024183796856 0.14537037037037037
0 0.8494558645707376 0.9541666666666667 0.03869407496977025 0.09166666666666666
0 0.7560459492140266 0.9365740740740741 0.058645707376058044 0.125
0 0.8240628778718259 0.9819444444444444 0.022974607013301087 0.03425925925925926
