0 0.7708333333333334 0.6564814814814814 0.06770833333333333 0.22777777777777777
0 0.29296875 0.5587962962962963 0.0484375 0.19722222222222222
0 0.7942708333333334 0.5120370370370371 0.04583333333333333 0.2
0 0.6153645833333333 0.4935185185185185 0.0484375 0.2037037037037037
0 0.546875 0.5041666666666667 0.042708333333333334 0.20092592592592592
0 0.2625 0.5023148148148148 0.040625 0.1935185185185185
0 0.68671875 0.5976851851851852 0.0515625 0.2361111111111111
0 0.55 0.3648148148148148 0.030208333333333334 0.14074074074074075
0 0.5630208333333333 0.37546296296296294 0.027083333333333334 0.13796296296296295
0 0.49973958333333335 0.36666666666666664 0.0296875 0.14074074074074075
0 0.80234375 0.3597222222222222 0.0296875 0.15462962962962962
0 0.48125 0.40370370370370373 0.03333333333333333 0.15555555555555556
0 0.14427083333333332 0.6180555555555556 0.053125 0.23425925925925925
0 0.40546875 0.3314814814814815 0.03177083333333333 0.12962962962962962
0 0.3729166666666667 0.32037037037037036 0.034375 0.14074074074074075
0 0.30807291666666664 0.35138888888888886 0.03802083333333333 0.14537037037037037
0 0.4122395833333333 0.3074074074074074 0.03177083333333333 0.12777777777777777
0 0.4080729166666667 0.2726851851851852 0.027604166666666666 0.11018518518518519
0 0.38307291666666665 0.27175925925925926 0.027604166666666666 0.11574074074074074
0 0.3453125 0.2763888888888889 0.028125 0.13425925925925927
0 0.6526041666666667 0.7148148148148148 0.052083333333333336 0.3055555555555556
0 0.5640625 0.7106481481481481 0.06145833333333333 0.2824074074074074
0 0.590625 0.8513888888888889 0.08541666666666667 0.287962962962963
0 0.52265625 0.8384259259259259 0.07552083333333333 0.3101851851851852
0 0.096875 0.5638888888888889 0.04479166666666667 0.1962962962962963
0 0.3528645833333333 0.4074074074074074 0.03177083333333333 0.15925925925925927
0 0.7736979166666667 0.39351851851851855 0.033854166666666664 0.17962962962962964
0 0.540625 0.5324074074074074 0.053125 0.21296296296296297
0 0.7364583333333333 0.4361111111111111 0.03229166666666667 0.1962962962962963
0 0.5489583333333333 0.4425925925925926 0.036458333333333336 0.17962962962962964
0 0.7625 0.43703703703703706 0.0375 0.18888888888888888
0 0.2125 0.7111111111111111 0.06145833333333333 0.3037037037037037
0 0.32708333333333334 0.47453703703703703 0.04375 0.17685185185185184
0 0.3572916666666667 0.7712962962962963 0.06041666666666667 0.26851851851851855
