0 0.751813784764208 0.9069444444444444 0.0501813784764208 0.1675925925925926
0 0.7938331318016929 0.9578703703703704 0.045949214026602174 0.08611111111111111
0 0.3875453446191052 0.5532407407407407 0.037484885126964934 0.14907407407407408
0 0.2503022974607013 0.337037037037037 0.04232164449818621 0.14629629629629629
0 0.07859733978234583 0.48518518518518516 0.041112454655380895 0.15
0 0.049576783555018135 0.7527777777777778 0.06166868198307134 0.16666666666666666
0 0.1094316807738815 0.4027777777777778 0.03990326481257558 0.14444444444444443
0 0.10217654171704958 0.462037037037037 0.041112454655380895 0.14629629629629629
0 0.8576178960096735 0.3699074074074074 0.044135429262394194 0.13240740740740742
0 0.8582224909310762 0.35324074074074074 0.04171704957678356 0.1287037037037037
0 0.2796251511487304 0.6662037037037037 0.044135429262394194 0.1638888888888889
0 0.30652962515114873 0.6365740740740741 0.03990326481257558 0.15092592592592594
0 0.3814993954050786 0.6402777777777777 0.03506650544135429 0.1361111111111111
0 0.7524183796856106 0.9597222222222223 0.039298669891172915 0.0824074074074074
0 0.5967351874244257 0.9490740740740741 0.04836759371221282 0.1
0 0.2327690447400242 0.5800925925925926 0.03385731559854897 0.14537037037037037
0 0.24365175332527206 0.5527777777777778 0.036275695284159616 0.13148148148148148
0 0.19830713422007254 0.5578703703703703 0.036275695284159616 0.1398148148148148
0 0.20707376058041113 0.5199074074074074 0.044135429262394194 0.14907407407407408
0 0.16898428053204353 0.537962962962963 0.042926239419588876 0.15555555555555556
0 0.38331318016928656 0.2263888888888889 0.032648125755743655 0.1287037037037037
0 0.405683192261185 0.2324074074074074 0.03143893591293833 0.13148148148148148
0 0.7152357920193471 0.37777777777777777 0.045949214026602174 0.12037037037037036
0 0.750906892382104 0.3875 0.041112454655380895 0.13425925925925927
0 0.27055622732769047 0.37407407407407406 0.047762998790810154 0.14074074074074075
0 0.24637243047158403 0.3875 0.03325272067714631 0.1527777777777778
0 0.9891172914147521 0.7768518518518519 0.020556227327690448 0.13148148148148148
0 0.3672914147521161 0.9680555555555556 0.044135429262394194 0.06574074074074074
0 0.48851269649334944 0.4583333333333333 0.03869407496977025 0.14074074074074075
0 0.3186215235792019 0.7726851851851851 0.049576783555018135 0.1675925925925926
0 0.9628174123337364 0.7888888888888889 0.044135429262394194 0.15185185185185185
0 0.46009673518742444 0.3902777777777778 0.041112454655380895 0.1398148148148148
0 0.35399032648125756 0.47314814814814815 0.03688029020556227 0.12962962962962962
0 0.3555018137847642 0.6699074074074074 0.05078597339782346 0.1638888888888889
0 0.501813784764208 0.5810185185185185 0.03143893591293833 0.14351851851851852
0 0.3633615477629988 0.6981481481481482 0.032648125755743655 0.1574074074074074
0 0.3808948004836759 0.7273148148148149 0.04353083434099154 0.1712962962962963
0 0.5900846432889963 0.612037037037037 0.04232164449818621 0.1574074074074074
0 0.629081015719468 0.6351851851851852 0.044135429262394194 0.1648148148148148
0 0.440447400241838 0.7310185185185185 0.044135429262394194 0.14537037037037037
0 0.6801692865779927 0.7166666666666667 0.05199516324062878 0.1388888888888889
0 0.4857920193470375 0.42962962962962964 0.03688029020556227 0.14074074074074075
0 0.466142684401451 0.5277777777777778 0.03869407496977025 0.13518518518518519
0 0.4573760580411125 0.4935185185185185 0.04897218863361548 0.10740740740740741
0 0.507255139056832 0.5550925925925926 0.044740024183796856 0.15648148148148147
0 0.532950423216445 0.5787037037037037 0.04171704957678356 0.15925925925925927
0 0.526602176541717 0.6337962962962963 0.04353083434099154 0.11018518518518519
0 0.4371221281741233 0.03935185185185185 0.026602176541717048 0.07685185185185185
0 0.40598548972188636 0.04722222222222222 0.03688029020556227 0.09259259259259259
0 0.3914752116082225 0.899537037037037 0.05380894800483676 0.1787037037037037
0 0.7648125755743652 0.6976851851851852 0.05199516324062878 0.16574074074074074
0 0.4035671100362757 0.9384259259259259 0.042926239419588876 0.125
0 0.9365175332527207 0.5634259259259259 0.04232164449818621 0.1398148148148148
0 0.7158403869407497 0.7203703703703703 0.04353083434099154 0.16296296296296298
0 0.7496977025392987 0.7375 0.04353083434099154 0.15462962962962962
0 0.905683192261185 0.5648148148148148 0.05441354292623942 0.1574074074074074
0 0.9114268440145102 0.7657407407407407 0.042926239419588876 0.17037037037037037
0 0.7663240628778718 0.7912037037037037 0.042926239419588876 0.1787037037037037
0 0.967049576783555 0.15555555555555556 0.03204353083434099 0.10740740740740741
0 0.8706166868198307 0.7953703703703704 0.05562273276904474 0.17407407407407408
0 0.9383313180169287 0.8175925925925925 0.0471584038694075 0.16296296296296298
0 0.8884522370012092 0.9782407407407407 0.04534461910519952 0.04537037037037037
0 0.8437122128174124 0.9856481481481482 0.04050785973397823 0.030555555555555555
0 0.596130592503023 0.8 0.044740024183796856 0.16111111111111112
0 0.5525997581620314 0.8236111111111111 0.04353083434099154 0.14351851851851852
0 0.6683796856106409 0.5657407407407408 0.046553808948004836 0.15185185185185185
0 0.654776299879081 0.5912037037037037 0.03506650544135429 0.14351851851851852
0 0.4322853688029021 0.5884259259259259 0.03506650544135429 0.15092592592592594
0 0.46735187424425634 0.5828703703703704 0.036275695284159616 0.14907407407407408
0 0.2270253929866989 0.6694444444444444 0.044135429262394194 0.16666666666666666
0 0.1375453446191052 0.49907407407407406 0.044135429262394194 0.14444444444444443
0 0.13814993954050786 0.7277777777777777 0.046553808948004836 0.1685185185185185
0 0.5380894800483675 0.6828703703703703 0.04232164449818621 0.16574074074074074
0 0.5674123337363967 0.6902777777777778 0.047762998790810154 0.16018518518518518
0 0.14026602176541716 0.47685185185185186 0.03990326481257558 0.14074074074074075
0 0.2270253929866989 0.21481481481481482 0.03325272067714631 0.12037037037037036
0 0.2590689238210399 0.20462962962962963 0.042926239419588876 0.13703703703703704
0 0.9773276904474002 0.14074074074074075 0.03325272067714631 0.12222222222222222
0 0.9431680773881499 0.15462962962962962 0.037484885126964934 0.13333333333333333
0 0.9516324062877872 0.12777777777777777 0.03506650544135429 0.11666666666666667
0 0.9761185006045949 0.5537037037037037 0.046553808948004836 0.14814814814814814
0 0.9767230955259976 0.5740740740740741 0.034461910519951636 0.15
0 0.009975816203143894 0.8787037037037037 0.018742442563482467 0.1685185185185185
0 0.6426844014510278 0.9694444444444444 0.045949214026602174 0.06296296296296296
0 0.8162031438935913 0.4162037037037037 0.04353083434099154 0.15092592592592594
0 0.7905078597339782 0.41203703703703703 0.03688029020556227 0.13703703703703704
0 0.8010882708585247 0.6791666666666667 0.049576783555018135 0.17314814814814813
0 0.24909310761789602 0.6268518518518519 0.04353083434099154 0.13148148148148148
0 0.2720677146311971 0.5925925925925926 0.05199516324062878 0.16111111111111112
0 0.29474002418379686 0.6189814814814815 0.046553808948004836 0.16018518518518518
0 0.17533252720677148 0.42685185185185187 0.03869407496977025 0.12962962962962962
0 0.02750906892382104 0.4009259259259259 0.042926239419588876 0.14629629629629629
0 0.0402055622732769 0.38333333333333336 0.03688029020556227 0.12962962962962962
0 0.19014510278113664 0.3990740740740741 0.044135429262394194 0.1388888888888889
0 0.32436517533252723 0.2824074074074074 0.047762998790810154 0.13333333333333333
0 0.32678355501813783 0.26481481481481484 0.051390568319226115 0.1425925925925926
0 0.12394195888754535 0.5375 0.036275695284159616 0.14351851851851852
0 0.9044740024183797 0.8314814814814815 0.045949214026602174 0.14444444444444443
0 0.7962515114873036 0.7972222222222223 0.05078597339782346 0.15185185185185185
0 0.8824062877871826 0.7046296296296296 0.0501813784764208 0.1648148148148148
0 0.10429262394195889 0.5060185185185185 0.04050785973397823 0.16203703703703703
0 0.8340386940749698 0.6935185185185185 0.04897218863361548 0.16666666666666666
0 0.8639661426844014 0.5458333333333333 0.06529625151148731 0.17685185185185184
0 0.5701330108827086 0.19907407407407407 0.03990326481257558 0.13703703703703704
0 0.5380894800483675 0.20787037037037037 0.03506650544135429 0.14537037037037037
0 0.5175332527206772 0.20972222222222223 0.03506650544135429 0.13796296296296295
0 0.8041112454655381 0.47453703703703703 0.041112454655380895 0.15462962962962962
0 0.7599758162031439 0.4736111111111111 0.05441354292623942 0.14351851851851852
0 0.6853083434099153 0.3814814814814815 0.046553808948004836 0.13518518518518519
0 0.6478234582829504 0.3787037037037037 0.04897218863361548 0.15555555555555556
0 0.6487303506650545 0.44027777777777777 0.04836759371221282 0.15462962962962962
0 0.48035066505441354 0.08333333333333333 0.03325272067714631 0.12222222222222222
0 0.1949818621523579 0.28888888888888886 0.0501813784764208 0.1574074074074074
0 0.342503022974607 0.20462962962962963 0.042926239419588876 0.14444444444444443
0 0.07315598548972188 0.2712962962962963 0.041112454655380895 0.13703703703703704
0 0.04353083434099154 0.25925925925925924 0.041112454655380895 0.14629629629629629
0 0.015114873035066506 0.5106481481481482 0.02902055622732769 0.15462962962962962
0 0.007255139056831923 0.33796296296296297 0.013301088270858524 0.15
0 0.02750906892382104 0.35648148148148145 0.044135429262394194 0.15185185185185185
0 0.5568319226118501 0.23333333333333334 0.03990326481257558 0.14444444444444443
0 0.5955259975816203 0.16296296296296298 0.037484885126964934 0.13518518518518519
0 0.034461910519951636 0.4935185185185185 0.0471584038694075 0.1648148148148148
0 0.24365175332527206 0.16296296296296298 0.02781136638452237 0.11481481481481481
0 0.2548367593712213 0.1050925925925926 0.02962515114873035 0.11574074074074074
0 0.48518742442563484 0.26342592592592595 0.04171704957678356 0.13425925925925927
0 0.053204353083434096 0.4564814814814815 0.036275695284159616 0.14629629629629629
0 0.05501813784764208 0.4305555555555556 0.045949214026602174 0.1574074074074074
0 0.6148730350665055 0.45416666666666666 0.03506650544135429 0.11574074074074074
0 0.5634824667472793 0.37777777777777777 0.032648125755743655 0.11851851851851852
0 0.530229746070133 0.3680555555555556 0.03990326481257558 0.14351851851851852
0 0.28597339782345826 0.12175925925925926 0.02902055622732769 0.12685185185185185
0 0.4876058041112455 0.3587962962962963 0.04171704957678356 0.13240740740740742
0 0.5359733978234583 0.3398148148148148 0.04171704957678356 0.14074074074074075
0 0.19316807738814995 0.3648148148148148 0.044135429262394194 0.15555555555555556
0 0.17049576783555018 0.3907407407407407 0.03506650544135429 0.13518518518518519
0 0.13694074969770254 0.4046296296296296 0.03325272067714631 0.12962962962962962
0 0.5060459492140266 0.2574074074074074 0.032648125755743655 0.13518518518518519
0 0.17049576783555018 0.7944444444444444 0.056831922611850064 0.17592592592592593
0 0.035671100362756954 0.7074074074074074 0.04353083434099154 0.1537037037037037
0 0.17230955259975816 0.9564814814814815 0.04836759371221282 0.08888888888888889
0 0.344316807738815 0.8074074074074075 0.06348246674727932 0.17592592592592593
0 0.2620918984280532 0.8199074074074074 0.06348246674727932 0.1675925925925926
0 0.48972188633615477 0.7824074074074074 0.05804111245465538 0.17592592592592593
0 0.0063482466747279325 0.7055555555555556 0.011487303506650543 0.1537037037037037
0 0.5129987908101572 0.7611111111111111 0.058645707376058044 0.1574074074074074
0 0.007859733978234583 0.6412037037037037 0.014510278113663845 0.15648148148148147
0 0.9328899637243047 0.4787037037037037 0.05199516324062878 0.16111111111111112
0 0.9126360338573156 0.1587962962962963 0.047762998790810154 0.13240740740740742
0 0.5450423216444982 0.10740740740740741 0.03325272067714631 0.1388888888888889
0 0.5662031438935913 0.10740740740740741 0.0380894800483676 0.13148148148148148
0 0.5764812575574365 0.03935185185185185 0.046553808948004836 0.07685185185185185
0 0.5389963724304716 0.026851851851851852 0.03325272067714631 0.05185185185185185
0 0.15779927448609432 0.20185185185185187 0.03506650544135429 0.1259259259259259
0 0.36215235792019346 0.0587962962962963 0.045949214026602174 0.11574074074074074
0 0.33252720677146314 0.06481481481481481 0.036275695284159616 0.1111111111111111
0 0.17230955259975816 0.10462962962962963 0.03990326481257558 0.1388888888888889
0 0.20344619105199516 0.09212962962962963 0.042926239419588876 0.14351851851851852
0 0.24969770253929868 0.0787037037037037 0.036275695284159616 0.14074074074074075
0 0.28627569528415964 0.03009259259259259 0.0380894800483676 0.058333333333333334
0 0.12877871825876663 0.20972222222222223 0.03143893591293833 0.12129629629629629
0 0.9830713422007256 0.25092592592592594 0.032648125755743655 0.15
0 0.30259975816203144 0.20185185185185187 0.034461910519951636 0.14444444444444443
0 0.044437726723095525 0.20925925925925926 0.0380894800483676 0.1388888888888889
0 0.06257557436517533 0.21574074074074073 0.03325272067714631 0.13333333333333333
0 0.08010882708585249 0.23148148148148148 0.04171704957678356 0.14074074074074075
0 0.10610640870616687 0.2064814814814815 0.034461910519951636 0.1388888888888889
0 0.03143893591293833 0.17453703703703705 0.036275695284159616 0.12129629629629629
0 0.1523579201934704 0.04259259259259259 0.041112454655380895 0.08333333333333333
0 0.24274486094316808 0.03611111111111111 0.0380894800483676 0.07037037037037037
0 0.03053204353083434 0.1037037037037037 0.0380894800483676 0.1425925925925926
0 0.09522370012091898 0.04953703703703704 0.03688029020556227 0.09722222222222222
0 0.06499395405078598 0.05 0.04171704957678356 0.09814814814814815
0 0.2079806529625151 0.024537037037037038 0.03990326481257558 0.04722222222222222
0 0.8793833131801693 0.15462962962962962 0.044135429262394194 0.12777777777777777
0 0.9600967351874244 0.1037037037037037 0.036275695284159616 0.1259259259259259
0 0.9050785973397824 0.05185185185185185 0.03990326481257558 0.09814814814814815
0 0.9785368802902056 0.19814814814814816 0.03688029020556227 0.12037037037037036
0 0.011789600967351875 0.18055555555555555 0.022370012091898428 0.13518518518518519
0 0.9594921402660218 0.044444444444444446 0.03506650544135429 0.08703703703703704
0 0.009371221281741234 0.15648148148148147 0.017533252720677146 0.13703703703703704
0 0.18712212817412333 0.04814814814814815 0.039298669891172915 0.09444444444444444
0 0.13845223700120918 0.03009259259259259 0.02902055622732769 0.058333333333333334
0 0.9256348246674728 0.043055555555555555 0.032648125755743655 0.08425925925925926
0 0.9458887545344619 0.06157407407407407 0.034461910519951636 0.10462962962962963
0 0.9860943168077388 0.0699074074074074 0.02539298669891173 0.10462962962962963
0 0.905683192261185 0.11990740740740741 0.03869407496977025 0.12685185185185185
0 0.20495767835550183 0.2657407407407407 0.041112454655380895 0.14444444444444443
0 0.2756952841596131 0.22407407407407406 0.041112454655380895 0.13518518518518519
