0 0.27365728900255754 0.7272727272727273 0.056265984654731455 0.15454545454545454
0 0.6300085251491901 0.7426136363636363 0.0494458653026428 0.14886363636363636
0 0.5809889173060528 0.6772727272727272 0.043478260869565216 0.1431818181818182
0 0.9198635976129582 0.977840909090909 0.0392156862745098 0.04659090909090909
0 0.9556692242114238 0.9818181818181818 0.03410059676044331 0.03636363636363636
0 0.8388746803069054 0.44488636363636364 0.0443307757885763 0.13068181818181818
0 0.8052003410059676 0.4329545454545455 0.045183290707587385 0.125
0 0.3388746803069054 0.7198863636363636 0.05029838022165388 0.15568181818181817
0 0.31585677749360613 0.7477272727272727 0.0639386189258312 0.14545454545454545
0 0.2915601023017903 0.6528409090909091 0.04092071611253197 0.13977272727272727
0 0.3188405797101449 0.6698863636363637 0.04092071611253197 0.12386363636363637
0 0.37894288150042627 0.6613636363636364 0.040068201193520885 0.12727272727272726
0 0.4113384484228474 0.6579545454545455 0.045183290707587385 0.1340909090909091
0 0.4884910485933504 0.9147727272727273 0.05285592497868713 0.16363636363636364
0 0.3874680306905371 0.6392045454545454 0.03495311167945439 0.1215909090909091
0 0.4117647058823529 0.7238636363636364 0.0392156862745098 0.1409090909090909
0 0.4940323955669224 0.7465909090909091 0.045183290707587385 0.14772727272727273
0 0.2280477408354646 0.602840909090909 0.041773231031543054 0.14431818181818182
0 0.16155157715260018 0.5971590909090909 0.045183290707587385 0.14431818181818182
0 0.022591645353793693 0.425 0.043478260869565216 0.12954545454545455
0 0.10059676044330776 0.475 0.04774083546462063 0.12045454545454545
0 0.556692242114237 0.5829545454545455 0.0443307757885763 0.13863636363636364
0 0.2668371696504689 0.5096590909090909 0.042625745950554135 0.13977272727272727
0 0.30988917306052854 0.5045454545454545 0.045183290707587385 0.1340909090909091
0 0.17476555839727195 0.5102272727272728 0.03580562659846547 0.12727272727272726
0 0.33972719522591643 0.3835227272727273 0.03665814151747655 0.09659090909090909
0 0.37681159420289856 0.3721590909090909 0.03580562659846547 0.11022727272727273
0 0.3610400682011935 0.38636363636363635 0.026427962489343565 0.08636363636363636
0 0.22932651321398123 0.38295454545454544 0.042625745950554135 0.125
0 0.6990622335890878 0.9147727272727273 0.056265984654731455 0.16363636363636364
0 0.8976982097186701 0.18352272727272728 0.03580562659846547 0.10340909090909091
0 0.5345268542199488 0.9005681818181818 0.05456095481670929 0.15113636363636362
0 0.07161125319693094 0.48522727272727273 0.03751065643648764 0.1
0 0.24978687127024723 0.6664772727272728 0.0392156862745098 0.12840909090909092
0 0.870843989769821 0.7471590909090909 0.04859335038363171 0.15113636363636362
0 0.8320545609548167 0.7420454545454546 0.04092071611253197 0.1409090909090909
0 0.855924978687127 0.6926136363636364 0.05115089514066496 0.14431818181818182
0 0.8120204603580563 0.6806818181818182 0.05200341005967604 0.15227272727272728
0 0.7007672634271099 0.2534090909090909 0.03239556692242114 0.10227272727272728
0 0.6257459505541347 0.6778409090909091 0.042625745950554135 0.15795454545454546
0 0.12617220801364024 0.17329545454545456 0.03751065643648764 0.10113636363636364
0 0.24040920716112532 0.21022727272727273 0.03410059676044331 0.10681818181818181
0 0.32011935208866155 0.46193181818181817 0.041773231031543054 0.1375
0 0.28175618073316283 0.2159090909090909 0.03154305200341006 0.10454545454545454
0 0.25831202046035806 0.29659090909090907 0.04092071611253197 0.12272727272727273
0 0.20758738277919864 0.5085227272727273 0.045183290707587385 0.1375
0 0.48934356351236147 0.35170454545454544 0.04092071611253197 0.11704545454545455
0 0.5183290707587382 0.35113636363636364 0.042625745950554135 0.12045454545454545
0 0.36018755328218244 0.21761363636363637 0.03665814151747655 0.11022727272727273
0 0.39514066496163686 0.22329545454545455 0.040068201193520885 0.10340909090909091
0 0.3205456095481671 0.15681818181818183 0.03751065643648764 0.10681818181818181
0 0.5051150895140665 0.1380681818181818 0.03154305200341006 0.10340909090909091
0 0.41687979539641945 0.36875 0.042625745950554135 0.12386363636363637
0 0.36061381074168797 0.1494318181818182 0.030690537084398978 0.09659090909090909
0 0.47655583972719523 0.13465909090909092 0.03410059676044331 0.10795454545454546
0 0.9667519181585678 0.8846590909090909 0.056265984654731455 0.1693181818181818
0 0.6619778346121057 0.6482954545454546 0.045183290707587385 0.15568181818181817
0 0.4880647911338448 0.602840909090909 0.04859335038363171 0.14204545454545456
0 0.5890878090366581 0.39375 0.03410059676044331 0.10568181818181818
0 0.0196078431372549 0.33181818181818185 0.03751065643648764 0.10454545454545454
0 0.24509803921568626 0.13011363636363638 0.03665814151747655 0.11022727272727273
0 0.16709292412617222 0.04715909090909091 0.03239556692242114 0.09204545454545454
0 0.283461210571185 0.09090909090909091 0.03495311167945439 0.1
0 0.29923273657289 0.06420454545454546 0.03410059676044331 0.09431818181818181
0 0.20460358056265984 0.02159090909090909 0.03410059676044331 0.04090909090909091
0 0.8508098891730606 0.08068181818181819 0.03580562659846547 0.1
0 0.8073316283034954 0.07102272727272728 0.02557544757033248 0.09659090909090909
0 0.8512361466325661 0.02215909090909091 0.0247229326513214 0.042045454545454546
0 0.8520886615515771 0.0125 0.03154305200341006 0.022727272727272728
0 0.45737425404944587 0.026704545454545453 0.029838022165387893 0.05113636363636364
0 0.3115942028985507 0.0125 0.03324808184143223 0.022727272727272728
0 0.34441602728047743 0.014772727272727272 0.028985507246376812 0.02727272727272727
0 0.3589087809036658 0.017045454545454544 0.030690537084398978 0.031818181818181815
0 0.4978687127024723 0.029545454545454545 0.023870417732310314 0.056818181818181816
0 0.43307757885763 0.016477272727272726 0.03239556692242114 0.03068181818181818
0 0.5417732310315431 0.6170454545454546 0.045183290707587385 0.13863636363636364
0 0.5882352941176471 0.7329545454545454 0.042625745950554135 0.1318181818181818
0 0.5490196078431373 0.7232954545454545 0.0443307757885763 0.14431818181818182
0 0.3653026427962489 0.45738636363636365 0.043478260869565216 0.1375
0 0.4838022165387894 0.03125 0.023017902813299233 0.05568181818181818
