0 0.5272067714631197 0.4351851851851852 0.03990326481257558 0.14074074074074075
0 0.5513905683192262 0.4300925925925926 0.03506650544135429 0.13240740740740742
0 0.5955259975816203 0.6060185185185185 0.05199516324062878 0.16574074074074074
0 0.5776904474002419 0.6337962962962963 0.044135429262394194 0.13796296296296295
0 0.9619105199516325 0.7689814814814815 0.05199516324062878 0.18425925925925926
0 0.5858524788391778 0.42685185185185187 0.04232164449818621 0.15925925925925927
0 0.4492140266021765 0.2986111111111111 0.041112454655380895 0.16018518518518518
0 0.6305925030229746 0.6231481481481481 0.03990326481257558 0.16296296296296298
0 0.6239419588875453 0.6666666666666666 0.04353083434099154 0.15185185185185185
0 0.6009673518742442 0.5435185185185185 0.044740024183796856 0.15185185185185185
0 0.6003627569528416 0.7240740740740741 0.049576783555018135 0.17962962962962964
0 0.47309552599758165 0.7824074074074074 0.05501813784764208 0.18888888888888888
0 0.6608222490931076 0.6069444444444444 0.037484885126964934 0.15092592592592594
0 0.4951632406287787 0.7013888888888888 0.0471584038694075 0.16018518518518518
0 0.7040507859733979 0.6851851851851852 0.04897218863361548 0.17407407407407408
0 0.4818621523579202 0.3074074074074074 0.044740024183796856 0.1574074074074074
0 0.6995163240628779 0.5148148148148148 0.05562273276904474 0.17592592592592593
0 0.7769044740024184 0.8291666666666667 0.05804111245465538 0.18796296296296297
0 0.9050785973397824 0.924074074074074 0.04353083434099154 0.14814814814814814
0 0.8171100362756953 0.8476851851851852 0.051390568319226115 0.16574074074074074
0 0.6683796856106409 0.6939814814814815 0.039298669891172915 0.16018518518518518
0 0.5737605804111245 0.6782407407407407 0.05199516324062878 0.15648148148148147
0 0.8603385731559855 0.7425925925925926 0.045949214026602174 0.15925925925925927
0 0.9401451027811366 0.9171296296296296 0.053204353083434096 0.1638888888888889
0 0.6937726723095526 0.5962962962962963 0.044135429262394194 0.1574074074074074
0 0.619105199516324 0.49027777777777776 0.03869407496977025 0.15462962962962962
0 0.529322853688029 0.6990740740740741 0.046553808948004836 0.17962962962962964
0 0.5894800483675937 0.5291666666666667 0.037484885126964934 0.15092592592592594
0 0.8295042321644498 0.7398148148148148 0.04353083434099154 0.12962962962962962
0 0.9162636033857315 0.8587962962962963 0.04171704957678356 0.17314814814814813
0 0.8237605804111245 0.8958333333333334 0.058645707376058044 0.16203703703703703
0 0.021463119709794438 0.6990740740740741 0.04171704957678356 0.16296296296296298
0 0.048065296251511486 0.6856481481481481 0.051390568319226115 0.1712962962962963
0 0.4915356711003628 0.25 0.032648125755743655 0.12962962962962962
0 0.5513905683192262 0.22546296296296298 0.03506650544135429 0.12129629629629629
0 0.06076178960096735 0.28888888888888886 0.044135429262394194 0.14629629629629629
0 0.009371221281741234 0.20462962962962963 0.017533252720677146 0.13703703703703704
0 0.09310761789600967 0.22685185185185186 0.04232164449818621 0.15185185185185185
0 0.09250302297460701 0.39444444444444443 0.04232164449818621 0.1574074074074074
0 0.14177750906892383 0.24722222222222223 0.039298669891172915 0.13518518518518519
0 0.6278718258766627 0.34953703703703703 0.0380894800483676 0.14351851851851852
0 0.5411124546553809 0.19490740740740742 0.044740024183796856 0.13796296296296295
0 0.40810157194679564 0.30185185185185187 0.04353083434099154 0.14074074074074075
0 0.5918984280532044 0.33425925925925926 0.03990326481257558 0.1574074074074074
0 0.6272672309552599 0.3037037037037037 0.034461910519951636 0.15555555555555556
0 0.5695284159613059 0.30462962962962964 0.037484885126964934 0.15185185185185185
0 0.4746070133010883 0.2490740740740741 0.032648125755743655 0.12407407407407407
0 0.7167472793228536 0.33425925925925926 0.04171704957678356 0.1648148148148148
0 0.7418379685610641 0.3333333333333333 0.03990326481257558 0.1537037037037037
0 0.4969770253929867 0.2652777777777778 0.03990326481257558 0.13425925925925927
0 0.5039298669891172 0.2962962962962963 0.04171704957678356 0.16296296296296298
0 0.5386940749697703 0.29305555555555557 0.036275695284159616 0.13796296296296295
0 0.5160217654171705 0.33796296296296297 0.04171704957678356 0.14074074074074075
0 0.5426239419588875 0.3523148148148148 0.039298669891172915 0.13240740740740742
0 0.6339177750906893 0.3888888888888889 0.044135429262394194 0.15925925925925927
0 0.662031438935913 0.4074074074074074 0.03990326481257558 0.13148148148148148
0 0.6980048367593712 0.4199074074074074 0.03688029020556227 0.14351851851851852
0 0.8908706166868199 0.43703703703703706 0.042926239419588876 0.15555555555555556
0 0.7230955259975816 0.43657407407407406 0.044740024183796856 0.14351851851851852
0 0.6970979443772672 0.7680555555555556 0.04353083434099154 0.16203703703703703
0 0.727932285368803 0.763425925925926 0.049576783555018135 0.18611111111111112
0 0.7726723095525998 0.5254629629629629 0.037484885126964934 0.15648148148148147
0 0.8343409915356711 0.5796296296296296 0.044740024183796856 0.1685185185185185
0 0.7363966142684402 0.5481481481481482 0.04353083434099154 0.15555555555555556
0 0.9824667472793228 0.3337962962962963 0.03385731559854897 0.15462962962962962
0 0.9600967351874244 0.3453703703703704 0.037484885126964934 0.12037037037037036
0 0.9177750906892382 0.7782407407407408 0.04353083434099154 0.15462962962962962
0 0.8724304715840387 0.3282407407407407 0.03990326481257558 0.13425925925925927
0 0.907496977025393 0.33101851851851855 0.037484885126964934 0.12314814814814815
0 0.9035671100362757 0.5912037037037037 0.046553808948004836 0.15462962962962962
0 0.8724304715840387 0.6041666666666666 0.05441354292623942 0.17685185185185184
0 0.8972188633615478 0.29444444444444445 0.03990326481257558 0.14629629629629629
0 0.8917775090689238 0.19768518518518519 0.041112454655380895 0.1287037037037037
0 0.5392986698911729 0.15833333333333333 0.04353083434099154 0.15185185185185185
0 0.5136033857315598 0.16527777777777777 0.034461910519951636 0.11574074074074074
0 0.9268440145102781 0.32222222222222224 0.037484885126964934 0.12037037037037036
0 0.9404474002418379 0.3 0.03204353083434099 0.12407407407407407
0 0.8071342200725514 0.5615740740740741 0.041112454655380895 0.15092592592592594
0 0.7524183796856106 0.575925925925926 0.04171704957678356 0.1574074074074074
0 0.9625151148730351 0.6736111111111112 0.07376058041112454 0.21574074074074073
0 0.23216444981862153 0.8824074074074074 0.05562273276904474 0.17592592592592593
0 0.34915356711003626 0.8907407407407407 0.06348246674727932 0.15185185185185185
0 0.218863361547763 0.24814814814814815 0.04232164449818621 0.1574074074074074
0 0.6768440145102781 0.2865740740740741 0.051390568319226115 0.16018518518518518
0 0.7227932285368803 0.2199074074074074 0.034461910519951636 0.12129629629629629
0 0.8633615477629988 0.17731481481481481 0.037484885126964934 0.1287037037037037
0 0.9259371221281741 0.1685185185185185 0.039298669891172915 0.12962962962962962
0 0.9767230955259976 0.1685185185185185 0.044135429262394194 0.1425925925925926
0 0.9915356711003628 0.10324074074074074 0.016928657799274487 0.13240740740740742
0 0.9528415961305925 0.13564814814814816 0.03869407496977025 0.1398148148148148
0 0.9316807738814994 0.10555555555555556 0.037484885126964934 0.11851851851851852
0 0.9501209189842805 0.08796296296296297 0.034461910519951636 0.1259259259259259
0 0.8954050785973398 0.10462962962962963 0.037484885126964934 0.11851851851851852
0 0.8724304715840387 0.06388888888888888 0.037484885126964934 0.12037037037037036
0 0.8963119709794438 0.06944444444444445 0.03204353083434099 0.10740740740740741
0 0.9195888754534461 0.06666666666666667 0.03506650544135429 0.10740740740740741
0 0.9513301088270859 0.03287037037037037 0.034461910519951636 0.06388888888888888
0 0.9250302297460702 0.04351851851851852 0.032648125755743655 0.08518518518518518
0 0.05441354292623942 0.1412037037037037 0.037484885126964934 0.12314814814814815
0 0.1596130592503023 0.15092592592592594 0.041112454655380895 0.12962962962962962
0 0.13210399032648126 0.13657407407407407 0.0380894800483676 0.13055555555555556
0 0.1647521160822249 0.06574074074074074 0.03204353083434099 0.12037037037037036
0 0.09250302297460701 0.15231481481481482 0.03506650544135429 0.13425925925925927
0 0.06136638452237001 0.059722222222222225 0.03204353083434099 0.1175925925925926
0 0.0281136638452237 0.06157407407407407 0.03688029020556227 0.11944444444444445
0 0.06711003627569528 0.09027777777777778 0.03869407496977025 0.1287037037037037
0 0.10761789600967352 0.09814814814814815 0.041112454655380895 0.13518518518518519
0 0.12333736396614269 0.0587962962962963 0.036275695284159616 0.11574074074074074
0 0.2920193470374849 0.11805555555555555 0.037484885126964934 0.125
0 0.3219467956469166 0.09398148148148149 0.03688029020556227 0.12314814814814815
0 0.27660217654171704 0.062037037037037036 0.02962515114873035 0.10740740740740741
0 0.3935912938331318 0.06759259259259259 0.036275695284159616 0.13333333333333333
0 0.30290205562273276 0.06620370370370371 0.037484885126964934 0.12314814814814815
0 0.48155985489721886 0.2013888888888889 0.03688029020556227 0.14351851851851852
0 0.6689842805320435 0.21712962962962962 0.044135429262394194 0.1398148148148148
0 0.6720072551390568 0.19675925925925927 0.03325272067714631 0.13796296296296295
0 0.47218863361547764 0.15648148148148147 0.03869407496977025 0.1259259259259259
0 0.5909915356711004 0.10046296296296296 0.039298669891172915 0.12129629629629629
0 0.6472188633615478 0.11342592592592593 0.039298669891172915 0.13240740740740742
0 0.8092503022974608 0.13333333333333333 0.03688029020556227 0.1259259259259259
0 0.7073760580411125 0.10324074074074074 0.03506650544135429 0.1361111111111111
0 0.7122128174123338 0.12685185185185185 0.03506650544135429 0.12407407407407407
0 0.6632406287787183 0.13055555555555556 0.03385731559854897 0.12037037037037036
0 0.6692865779927448 0.047685185185185185 0.032648125755743655 0.09351851851851851
0 0.6414752116082225 0.07314814814814814 0.04232164449818621 0.12777777777777777
0 0.6360338573155986 0.04814814814814815 0.03990326481257558 0.09444444444444444
0 0.601571946795647 0.04675925925925926 0.032648125755743655 0.09166666666666666
0 0.5722490931076178 0.04537037037037037 0.034461910519951636 0.08888888888888889
0 0.5259975816203144 0.1162037037037037 0.037484885126964934 0.13240740740740742
0 0.4371221281741233 0.08564814814814815 0.037484885126964934 0.1287037037037037
0 0.347037484885127 0.04814814814814815 0.032648125755743655 0.09444444444444444
0 0.48851269649334944 0.05324074074074074 0.037484885126964934 0.10462962962962963
0 0.4758162031438936 0.07083333333333333 0.03506650544135429 0.11574074074074074
0 0.5133010882708585 0.062037037037037036 0.032648125755743655 0.11296296296296296
0 0.4247279322853688 0.044444444444444446 0.034461910519951636 0.08703703703703704
0 0.9703748488512697 0.10972222222222222 0.03869407496977025 0.13425925925925927
0 0.29897218863361547 0.015277777777777777 0.024788391777509067 0.028703703703703703
0 0.6487303506650545 0.19490740740740742 0.02902055622732769 0.09351851851851851
0 0.3639661426844015 0.5152777777777777 0.03990326481257558 0.14907407407407408
0 0.20435308343409916 0.32314814814814813 0.04232164449818621 0.14074074074074075
0 0.14631197097944376 0.7782407407407408 0.05078597339782346 0.16018518518518518
0 0.11003627569528417 0.7300925925925926 0.05562273276904474 0.1675925925925926
0 0.14631197097944376 0.7393518518518518 0.05078597339782346 0.1675925925925926
0 0.8098548972188634 0.32037037037037036 0.04171704957678356 0.13518518518518519
0 0.8385731559854898 0.31157407407407406 0.03143893591293833 0.12129629629629629
0 0.25332527206771466 0.6259259259259259 0.0471584038694075 0.1685185185185185
0 0.22309552599758162 0.6055555555555555 0.04232164449818621 0.1685185185185185
0 0.3615477629987908 0.6101851851851852 0.03506650544135429 0.15185185185185185
0 0.21704957678355502 0.5365740740740741 0.044740024183796856 0.14907407407407408
0 0.18561064087061668 0.5143518518518518 0.04232164449818621 0.1398148148148148
0 0.19014510278113664 0.4773148148148148 0.04171704957678356 0.14351851851851852
0 0.14117291414752117 0.5018518518518519 0.044135429262394194 0.14629629629629629
0 0.3645707376058041 0.18611111111111112 0.032648125755743655 0.12962962962962962
0 0.38694074969770254 0.18518518518518517 0.02781136638452237 0.12962962962962962
0 0.27871825876662637 0.41574074074074074 0.044740024183796856 0.1425925925925926
0 0.2714631197097944 0.4300925925925926 0.037484885126964934 0.1398148148148148
0 0.19347037484885127 0.9310185185185185 0.05441354292623942 0.13796296296296295
0 0.30864570737605806 0.7393518518518518 0.04171704957678356 0.15462962962962962
0 0.39691656590084645 0.5842592592592593 0.04171704957678356 0.14074074074074075
0 0.34461910519951633 0.6620370370370371 0.03990326481257558 0.15925925925925927
0 0.34673518742442566 0.700925925925926 0.04171704957678356 0.1685185185185185
0 0.42019347037484883 0.6976851851851852 0.049576783555018135 0.14907407407407408
0 0.6363361547762999 0.7453703703703703 0.047762998790810154 0.15925925925925927
0 0.44014510278113667 0.5027777777777778 0.03506650544135429 0.14074074074074075
0 0.4265417170495768 0.4699074074074074 0.034461910519951636 0.13240740740740742
0 0.4186819830713422 0.5504629629629629 0.039298669891172915 0.14907407407407408
0 0.4289600967351874 0.525 0.03204353083434099 0.14629629629629629
0 0.23851269649334947 0.5824074074074074 0.03688029020556227 0.14074074074074075
0 0.28204353083434097 0.5643518518518519 0.044135429262394194 0.16203703703703703
0 0.28657799274486095 0.6078703703703704 0.03869407496977025 0.1675925925925926
0 0.5133010882708585 0.4824074074074074 0.03990326481257558 0.15185185185185185
0 0.26964933494558646 0.3768518518518518 0.04232164449818621 0.1425925925925926
0 0.45435308343409914 0.38981481481481484 0.04171704957678356 0.1425925925925926
0 0.28143893591293834 0.35462962962962963 0.04171704957678356 0.15185185185185185
0 0.40417170495767835 0.41712962962962963 0.04171704957678356 0.14351851851851852
0 0.5380894800483675 0.05277777777777778 0.03143893591293833 0.1037037037037037
0 0.46916565900846435 0.4587962962962963 0.03506650544135429 0.14351851851851852
0 0.47672309552599756 0.5333333333333333 0.034461910519951636 0.15185185185185185
0 0.27267230955259975 0.32546296296296295 0.037484885126964934 0.14351851851851852
0 0.6354292623941958 0.8467592592592592 0.056831922611850064 0.17314814814814813
0 0.6079201934703748 0.8453703703703703 0.046553808948004836 0.17592592592592593
