0 0.5536458333333333 0.6407407407407407 0.034375 0.18703703703703703
0 0.5830729166666667 0.638425925925926 0.033854166666666664 0.17685185185185184
0 0.61640625 0.6412037037037037 0.03177083333333333 0.1787037037037037
0 0.68515625 0.975925925925926 0.0390625 0.05
0 0.6104166666666667 0.9722222222222222 0.059375 0.05740740740740741
0 0.4674479166666667 0.6365740740740741 0.027604166666666666 0.13796296296296295
0 0.5005208333333333 0.6189814814814815 0.036458333333333336 0.1638888888888889
0 0.5541666666666667 0.6648148148148149 0.03854166666666667 0.16296296296296298
0 0.6572916666666667 0.6231481481481481 0.029166666666666667 0.14814814814814814
0 0.9591145833333333 0.750462962962963 0.0578125 0.20462962962962963
0 0.9484375 0.7384259259259259 0.051041666666666666 0.18981481481481483
0 0.5130208333333334 0.9643518518518519 0.06145833333333333 0.07314814814814814
0 0.22057291666666667 0.7967592592592593 0.0484375 0.2361111111111111
0 0.2671875 0.8050925925925926 0.04895833333333333 0.22314814814814815
0 0.24375 0.8652777777777778 0.05625 0.23055555555555557
0 0.11171875 0.8074074074074075 0.0390625 0.20925925925925926
0 0.12760416666666666 0.8694444444444445 0.051041666666666666 0.24259259259259258
0 0.478125 0.6648148148148149 0.034375 0.17592592592592593
0 0.7734375 0.6754629629629629 0.03958333333333333 0.1787037037037037
0 0.609375 0.7194444444444444 0.03958333333333333 0.2037037037037037
0 0.64140625 0.7268518518518519 0.033854166666666664 0.17962962962962964
0 0.5359375 0.6828703703703703 0.040625 0.15648148148148147
0 0.7958333333333333 0.7175925925925926 0.034375 0.11851851851851852
0 0.7473958333333334 0.7208333333333333 0.040625 0.15462962962962962
0 0.8705729166666667 0.7546296296296297 0.05572916666666667 0.21851851851851853
0 0.8966145833333333 0.750462962962963 0.05260416666666667 0.2101851851851852
0 0.7796875 0.7087962962962963 0.040625 0.18425925925925926
0 0.5973958333333333 0.5689814814814815 0.029166666666666667 0.13240740740740742
0 0.5682291666666667 0.5569444444444445 0.034375 0.1398148148148148
0 0.45703125 0.5592592592592592 0.033854166666666664 0.14444444444444443
0 0.5721354166666667 0.5888888888888889 0.044270833333333336 0.1574074074074074
0 0.5377604166666666 0.5259259259259259 0.022395833333333334 0.1037037037037037
0 0.5166666666666667 0.5199074074074074 0.030208333333333334 0.11018518518518519
0 0.48802083333333335 0.5125 0.03229166666666667 0.12129629629629629
0 0.44036458333333334 0.513425925925926 0.030729166666666665 0.11203703703703703
0 0.4125 0.513425925925926 0.025 0.11574074074074074
0 0.51015625 0.4930555555555556 0.025520833333333333 0.11018518518518519
0 0.4828125 0.49074074074074076 0.023958333333333335 0.11296296296296296
0 0.4640625 0.487962962962963 0.026041666666666668 0.12407407407407407
0 0.44609375 0.4930555555555556 0.024479166666666666 0.11574074074074074
0 0.409375 0.48055555555555557 0.026041666666666668 0.10925925925925926
0 0.4234375 0.4726851851851852 0.023958333333333335 0.12314814814814815
0 0.7578125 0.4398148148148148 0.019791666666666666 0.07407407407407407
